0.015243976780753288
0.012866243349482498
0.01441472804289351
0.011823473299087284
0.012927102897670878
0.01131477013086818
0.013727514824821624
0.013497597801256922
0.014425563517757506
0.017667114494310014
0.011466241729629234
0.013605811388234579
0.01683682061817049
0.0171759926474086
0.015497314584067556
0.022473203181468338
0.011137492137750116
0.013315013482068094
0.014290226833543918
0.009948967148879384
0.012086399206904005
0.013203787592368454
0.01026856103025292
0.013024147115266366
0.012807596778879382
0.01367817718322173
0.010807231070078638
0.014966269741500504
0.016459952525240795
0.01183938571811008
