3.922270118070226E-9 1.0014758224289224 
0.9999934003452017 5.152486935264442E-4 
0.17829372799991158 0.578926354961732 
0.1127200169010715 0.6680650467263541 
0.1355431359828259 0.6338164572142141 
0.7675158597525568 0.12472283573568523 
0.015613514472527349 0.8763999630304767 
0.6653362766596063 0.1852522201807136 
0.745513158910251 0.1376063126121329 
0.7917405331321018 0.11175648056352078 
0.1608888101690504 0.6001906317853389 
0.49990911598711857 0.29647297059685207 
0.7175794836850528 0.15377942346273063 
0.5232233767448861 0.28195961722931523 
0.00854194976299777 0.9092147601733875 
0.3140630774922721 0.44097636483228486 
0.6188056249915648 0.21960306366685292 
0.6972584317559731 0.16617882402590126 
7.862629437288843E-4 0.9733781239199117 
0.5516050508685955 0.2585716411667668 
0.02457873801801385 0.8448874929919942 
0.484199158819611 0.3051909541410582 
0.20670437363583705 0.5465035488675232 
0.4578118146669364 0.32425272759833296 
0.9623010369016562 0.019659375480341766 
0.20670437363583705 0.5465035488675232 
0.7310612751576469 0.14597952531964653 
0.2219964700733058 0.5299638880717631 
0.6315129238499453 0.20763969111528863 
0.5644708052011777 0.24970204123647097 
0.0967843447749599 0.6899703703636465 
0.020887369833998193 0.8564232098884683 
0.3512906361601541 0.40808118281632105 
0.04034978742422668 0.8007499043419175 
0.08143736915809695 0.717189937349634 
0.36411390563381085 0.39810676385226124 
0.8549424682543638 0.07659205471335 
0.26086733656056993 0.4905048307394413 
0.06506707908458381 0.7462828352904736 
0.6448700375045026 0.19825114205103017 
0.2971428685871668 0.45614835051853636 
0.5766450927112654 0.2417161277906054 
0.5350552636575211 0.269498852993021 
0.4048045796768294 0.36462595535579184 
0.1528122277622145 0.6098633581949424 
0.03309810327773993 0.8196543319541725 
0.8130451564221164 0.09890598358362794 
0.8037579963419761 0.10420801390676904 
0.8677266158295598 0.06999116080664475 
0.8258440305951493 0.09196990223473087 
0.06145966855902675 0.7625017663496686 
0.6877206011488086 0.176488821755548 
0.5861956019803221 0.23559516046995774 
0.5992842076929109 0.22670332682562225 
0.28382321743789385 0.4681825011089534 
0.048948286428094526 0.7801213381540614 
0.8966273687002942 0.053694488064138846 
0.43224275363377795 0.3434759871296631 
0.8824978260233091 0.06150067060740829 
0.9032254441324019 0.05053198582901791 
0.8422717481731269 0.08343281654927816 
0.951169643290033 0.02557856813354517 
0.002719738007857478 0.9544700200546877 
0.05442573715632798 0.7686811629334065 
0.4021432625902078 0.3716728410152013 
0.335388038171214 0.4217547241499669 
0.0740335074968207 0.7294099664303572 
0.4195685804793102 0.3535755937687089 
0.37898516247810254 0.3874276155943351 
0.9814256432130908 0.009888812578711409 
0.03325190659496016 0.8192101770043604 
0.14802065718734136 0.6227994135942629 
0.2784936118402816 0.47327532999001976 
0.0713317951459578 0.7343928450616833 
0.3729170288578454 0.39039982290061787 
0.29510573585070965 0.45804105744845713 
0.9814256432130908 0.009888812578711409 
0.8347384623372598 0.08715248929891904 
0.9174395497114419 0.04359915852242698 
0.5324488240920512 0.27516411380460876 
0.9200636726255229 0.04255472099447747 
0.1433870995587822 0.6264946810781867 
0.8769519555156721 0.06511697581760187 
0.08894113366493683 0.7028197978305147 
0.6422216487748893 0.19990082689235417 
0.004406842392651766 0.9350803943497097 
0.3243990490453986 0.43163105705525945 
0.5962689694229482 0.22898663657946697 
0.08815358597440599 0.7041404969651777 
0.10504918859870094 0.6771718329838357 
0.42922751536381515 0.3461387598977094 
0.23810294556739087 0.5129692881673112 
0.0038517900340896555 0.9460006671847762 
0.4880579291595582 0.30295914933004386 
0.3893928831541061 0.3774776460359947 
0.32585947546591976 0.4303817128129171 
0.25099675945222155 0.5005838720651861 
0.04757166513772243 0.7935830185897649 
0.4470190115877406 0.3325727419379152 
0.38930582876126 0.3797279667089639 
