1.3478427370662875E-7 1.0013790533602505 
0.9991003366275315 0.0010894054494259122 
0.22819857386362064 0.5255685549051984 
0.45245084558020526 0.3289825237874485 
0.27957762243558515 0.4740753893612404 
0.881957227349744 0.0616994905594306 
0.246416517593104 0.5052518380401522 
0.12970741261259083 0.6423213609933004 
0.2968993223016843 0.4564176099633432 
0.08426330677655855 0.7146582278978955 
0.8163408034954771 0.09738928352609733 
0.5716915648637972 0.24521327580499536 
0.072683366663284 0.7324753211519076 
0.1378464578204843 0.6298772643909918 
0.37958619077763567 0.38476161313824986 
0.7068730685861803 0.1642027925098698 
0.4714579181987578 0.31554026760376686 
0.9092636207473433 0.051259518795541574 
0.36529267907212676 0.3970672473364298 
0.4119856029634829 0.3588555901910607 
0.48016228786436344 0.30826434608373054 
0.3345466321663259 0.42257653870706097 
0.21074500405105312 0.5418342093535935 
0.09284306804377908 0.696967718694367 
0.5092532406596848 0.2875488073881076 
0.17929196195664954 0.5829868498615214 
0.7649865202975197 0.12613424304714518 
0.30793548403285786 0.44631014471391955 
0.2631580289152126 0.4880740372430732 
0.16992548343523894 0.5891465927408528 
0.060106182504040415 0.7560336691875269 
0.005035471988196177 0.930722797919655 
0.15092922077452342 0.6129309773729414 
0.030370045680884014 0.8273320277360808 
4.502800538236096E-4 0.9806478005895181 
0.6843725761716134 0.1744092056700707 
0.8656837019697621 0.07023266033192661 
0.04069031546262915 0.7997241114659884 
0.11403457873483401 0.663637553021858 
0.9366836110076475 0.03301646527413242 
0.4292523983218816 0.3457363022904252 
0.0029703888819787028 0.9475242438581688 
0.06517797524073096 0.7467117634508958 
0.9546465842392425 0.023890699621221173 
0.637679446690724 0.2024883358836076 
0.00149917144464079 0.9639501923624357 
0.6455924722756572 0.19776391620947287 
0.5519986759627212 0.2579849162890441 
0.49863570173515215 0.2958277405473946 
0.5834168267395545 0.23725475716100458 
0.3490060499792272 0.41075668699249274 
0.05213716515096238 0.7736157807390951 
0.6194389229873201 0.21476569722720656 
0.25808710362467985 0.49338925811486845 
0.783019002541624 0.11614416898395308 
0.015494361101568425 0.89623037585054 
0.10089887171965478 0.68514724308749 
0.39383950366542364 0.3752192774635281 
0.1587554988967645 0.6028466693104799 
0.7143574514925339 0.15572268941515877 
0.5926159522727389 0.23104338984631423 
0.6234083871457253 0.2115474678199308 
0.3270811840930541 0.4352993728727609 
0.3187583958157164 0.43720686968478906 
0.35371755669694654 0.40673114791229215 
0.5261020081233292 0.2764205389119924 
0.008005306709834625 0.9126756703276911 
0.04071177707533741 0.799556157856839 
0.18897815339929508 0.5670358314833008 
0.6745306910676868 0.18008483584661336 
0.7824532089855729 0.11652694541112191 
0.6027112405576424 0.22481559206250126 
0.6622604834920058 0.19154604242141698 
0.9751171903611999 0.013547454069322416 
0.022262680000383714 0.852065631462832 
0.4028262863146933 0.36681118086655545 
0.5502520606768857 0.25927228330048285 
0.9833590196757267 0.009152378865160094 
0.8569907282926672 0.07507705626765668 
0.20477135576374347 0.5485327916385092 
0.009191136181329398 0.9062578975741781 
0.9918962567544444 0.0059314465333093185 
0.04914093483662507 0.7796435950974128 
0.4332166359890311 0.3428299999431272 
0.5377118836745246 0.2681449191963431 
0.018758895845781207 0.8648731819763753 
0.9655793729959294 0.018209231760662185 
0.7368235458556447 0.14293997556783708 
0.015515822699047555 0.8789912067093182 
0.19671504165048165 0.5577352003479061 
0.8276255923336232 0.09115712514109943 
0.9244086262898906 0.039063263624973935 
0.7559122412228731 0.13185336432026712 
0.526456861934955 0.27559837327022735 
0.783019002541624 0.11614416898395308 
0.7439832974546297 0.13860335701863882 
0.10561482659292312 0.6762683778342983 
0.5011752391530866 0.29385264303054187 
0.025008904525868125 0.8446180260957412 
0.6628054459129843 0.18676785568727042 
