6.602692163848456E-8 1.001011077878747 
0.999899923898073 5.358054328394386E-4 
0.4240743508541376 0.3631580597070095 
0.8168116010757629 0.09707558620458516 
0.681035717356494 0.1752854752046533 
0.07511986968751783 0.734639082024492 
0.373633155914445 0.3897926558348831 
0.27032477741029126 0.48081844248014793 
0.4358437045873899 0.3407737360112607 
0.3587087707843903 0.40200778074981697 
0.06013877194080343 0.7607161276470997 
0.11083449905857615 0.6770518250088543 
0.6975321169356461 0.165703507557374 
0.3998672903379086 0.36857987182453034 
0.5234614458473278 0.2773471232801108 
0.03097626256341779 0.825106283408863 
0.5735723956954273 0.2436678091917283 
0.6627101248895718 0.18760548216411604 
0.11896422528830299 0.6629576225943151 
0.498514243466191 0.29485966414145376 
0.45779219346516375 0.3243989679939441 
0.08619338813640123 0.7072571885081135 
0.3462734286673312 0.4126989358143436 
0.010008517810454212 0.9016536002090217 
0.5144318305549366 0.2888423667907177 
0.6302499866704214 0.20690819369412297 
0.9290574908201741 0.037013399054730965 
0.796777101075081 0.10903634609857761 
0.04886329368780547 0.7802039391939808 
0.7117399616299377 0.15691590985830106 
0.12523372967538654 0.6471705951615517 
0.5586359006365363 0.25339141325900644 
0.5860778820507053 0.23511446646508508 
0.8340207340990713 0.08742071102977267 
0.4453752223758271 0.3338556389807128 
0.285252137037432 0.467725660436909 
0.1812431635070384 0.5755578444886053 
0.4859302373265415 0.30427117727375497 
0.6494737756419843 0.1953331554813813 
0.013505521522048425 0.8851694614269723 
0.004052688514542657 0.937330853924009 
0.01681703789161132 0.8719826899155239 
0.8962877936362879 0.05663203386364089 
0.9835703747548431 0.009028309851570597 
0.001968252434868978 0.9569334723884618 
0.9600289382441887 0.021183427400884164 
6.686009189147968E-4 0.9754690281259409 
0.3185217384813761 0.44773113550588556 
0.02542350324889947 0.8421967832662811 
0.47021509189105865 0.3156052627331482 
0.15033427663268928 0.6136068532609628 
0.7400730397150879 0.14045208987069885 
0.09642517034421877 0.690335585534132 
0.04309886781860289 0.7936430328956006 
0.6149521283179513 0.21687924931774713 
0.2579777198098204 0.49344451936228234 
0.9123281737076679 0.045619454744136735 
0.5499580507285377 0.2597349709415862 
0.16906558378902306 0.589994718753945 
0.05560534995308519 0.7650972252046019 
0.03805939081673099 0.8090546166003801 
0.9452083405836109 0.028524327303812273 
0.13278327171801646 0.6368276212561995 
0.24623370817703366 0.5051821935488429 
0.3882940056142232 0.3777970460046794 
0.3006114385793256 0.4528882634467435 
0.6035712252842144 0.2240492405706614 
0.32559996302391797 0.432219137460966 
0.14090942233192244 0.6257119970124345 
0.7622377378791831 0.12766736242138846 
0.5970548948300409 0.2281825906078466 
0.885130564717693 0.06004139654699598 
0.021012980324759928 0.8568976660707938 
0.5390110286050472 0.26731043184634395 
0.876324076718803 0.06516516801713831 
0.006517987867304953 0.9208538699277916 
0.8685086319426704 0.07091706755086721 
0.7243776942170306 0.14949950640846135 
0.09479272146374865 0.69345780007763 
0.7570245895438884 0.13113717707768685 
0.1589526357824832 0.60241270010014 
0.9082547472133771 0.047713631410772867 
0.4809765250688062 0.3149743458825289 
0.7748558141183226 0.12036293861909227 
0.23954092140260763 0.5115745207547269 
0.7463246338515375 0.1388855335601984 
0.7932322953234701 0.11487647680685538 
0.08529136467838497 0.7270266286913282 
0.19160409240506127 0.5634082449761006 
0.6234605834147631 0.21177688344438103 
0.20170700171191286 0.5519026900002136 
0.9993012882420904 8.859764109448794E-4 
0.9398384436669132 0.03129240098092477 
0.21481689336772558 0.5375294447134632 
0.9678229204794037 0.017083714044863446 
0.2060691028650632 0.5471017206614204 
0.7795987337325483 0.11798693371415994 
0.8415650786358839 0.08328651586694623 
0.9760566382435958 0.012896127437454968 
0.254241241897946 0.4968729868844549 
