0.9995863097760589 7.307779646978332E-4 
8.106033229359714E-6 0.9980768332327375 
0.14272694434711486 0.6318614036793063 
0.8972693502177991 0.0535447473294534 
0.4824571462407302 0.3070140554820517 
0.8002705734849523 0.10635763908081723 
0.45448529604787097 0.32696804761396153 
0.4266218677727224 0.34793360671269485 
0.05383283171900935 0.7691984334662363 
0.728584567513157 0.14732765048074595 
0.2642150429871565 0.4869568234511345 
0.11724339237222967 0.6587069101739979 
0.043740666355022065 0.791944552249325 
0.4055582021097446 0.36410618768795183 
0.9226272881368998 0.040103818843418515 
0.7692101508429714 0.12367827346758999 
0.6840345089621219 0.17359501535077304 
0.0897077151970111 0.7015357573391365 
0.7017502536085611 0.16293699289069746 
0.5148698231326769 0.28621954154413276 
0.06753174059793082 0.7415731533965925 
0.5958942789772527 0.22934319358069394 
0.024761854954410634 0.8440523576594736 
0.15662913881336696 0.6055833107403832 
0.008662083422874826 0.9088125043948111 
0.6596738958286974 0.18852154229144666 
0.713692979979802 0.15586719314036512 
0.8293499177382985 0.09002214375188389 
0.28602804049441255 0.4688551531818419 
0.5614537846313779 0.25171169947019817 
0.5323173076506421 0.2713546931613957 
0.36711955200691315 0.39511472351688726 
0.4930104856206413 0.2989935728123629 
0.14912108573876193 0.6173613320170392 
0.5479978374481626 0.26050013396041255 
0.31389993633406243 0.441020171339331 
0.878418927110256 0.06330266625876566 
0.38759722761253246 0.3786923554558278 
0.6716810350737124 0.18145553458860192 
0.24222842924206017 0.5091515670184945 
0.32981341257120167 0.4270150297905331 
0.618002265806694 0.21472398551311273 
0.37595748057301975 0.3876203936515307 
0.17465780871558023 0.5855595031846856 
0.23003172819676657 0.5220621211290581 
0.20078884768322508 0.5543995896930811 
0.03534679134849911 0.8169731999397116 
0.6273739122596039 0.20878437101389366 
0.2178000623768402 0.5350139616805214 
0.08008688498531841 0.7183748731441649 
0.032393302428832094 0.8219216880437985 
0.5057520544204661 0.29001088202274017 
0.9718091264655575 0.014990126274977028 
0.28706770717283425 0.46824547890894935 
0.30257358948333946 0.4513056572507052 
0.012643472748422202 0.888826007308456 
0.052794743136953905 0.7829882633815811 
0.39796837780637173 0.36986613554575015 
0.8457462145082346 0.08112990701500171 
0.9605096416468151 0.020661722391669975 
0.35375218169882805 0.4060470602477861 
0.7621987527662326 0.12763375840390698 
0.865566498327424 0.07026342116430968 
0.5731540688477056 0.24423300220794592 
0.25708676086173665 0.4949235741567356 
0.8217128879956452 0.09884449699179619 
0.3427848475044329 0.4153994537614387 
0.1897810633862115 0.5656079608654508 
0.24912103172442898 0.5022634874934797 
0.02146132267404305 0.8548460146579538 
0.8099112764985074 0.10098835715048106 
4.512113940299614E-4 0.9799138432822183 
0.004977060375375448 0.9310269493431066 
0.7490641235022434 0.13538600908177104 
0.18419928275559222 0.5721905109194858 
0.6456485427818246 0.19820160694501907 
0.43874146841106015 0.33851277967547244 
0.5375439252102037 0.2679283141022046 
0.0812035462998788 0.7161338399433029 
0.9508771016740241 0.02579091048531424 
0.005863342293488033 0.9253189148696526 
0.11602679231157173 0.6648456004874114 
0.002591598744183906 0.9502784116525186 
0.10680121094610763 0.6749385175339747 
0.22660385465711388 0.5299319254389897 
0.7490641235022434 0.13538600908177104 
0.0011045888673094084 0.9705390957715465 
0.3339468194395184 0.4230322329300559 
0.01826729651725162 0.8665732981711756 
0.8510074392902229 0.07813235841892863 
0.9851190420778175 0.008095911218531262 
0.6403303603731696 0.2007256756925957 
0.20712706692975047 0.5459385555014092 
0.068787346534804 0.7389863887804307 
0.9993998184946266 0.0010735597243163042 
0.5910894185181825 0.2320311193694366 
0.4457641089572625 0.333111642506274 
0.1672158891696445 0.5919439116169406 
0.9292016472916435 0.03656744246070883 
0.35118270816566655 0.4105720234647731 
