3.9380624386844195E-8 1.0011991816204173 
0.9998956601996374 5.327828642161296E-4 
0.9030006034074569 0.05061250139002641 
0.9268127601192974 0.03833122716463542 
0.7953848966590544 0.10916043786424087 
0.16667070707048298 0.5932620230418936 
0.004820317804530308 0.9323022303939857 
0.762565131212103 0.12812164746154542 
0.42263130258657355 0.35148934537688237 
0.8536049917393782 0.07739166851592282 
0.6595886853463133 0.18923510184651884 
0.027269128426713862 0.8369721798202524 
0.3834318397614981 0.3817828772159653 
0.0730291896123893 0.7353558342119857 
0.7199190197432364 0.1523644740004401 
0.782148033640542 0.11641168347444353 
0.6936557681541918 0.16782749532859229 
0.14306049558189154 0.6234197185488297 
0.4940386748768582 0.2979948941448673 
0.2574871186749912 0.4939731792405616 
0.4634672599828246 0.32039371803975797 
0.03600736733349896 0.8115294792695845 
0.05452029961706062 0.7686364502627262 
0.8229475753427581 0.09364601839688082 
0.874814383522773 0.06540360649854181 
0.6086545625504438 0.2203821044305789 
0.9465779458133532 0.02908147894389532 
0.47977577145794326 0.31428977521969387 
0.6228223851648769 0.2116576756645242 
0.5171892900529518 0.2829157832752029 
0.04828305602610853 0.7815186926919729 
0.637817713767037 0.2024834156966452 
0.2421328394856674 0.5087934850826639 
0.28491006752237846 0.4673491801753874 
0.13328189000247354 0.636561243847143 
0.4029105747404569 0.3661620499879884 
0.22335363433527325 0.5299316751657407 
2.472395678291203E-4 0.9857227458138542 
0.18251090729209743 0.5741072154441824 
0.27139947033204703 0.48018092610828367 
0.12103335007853623 0.6540077164394016 
0.7469614364195934 0.13700989045283618 
0.21679298505956862 0.5354560536333751 
0.4497880633964949 0.33012618593427917 
0.09874936942514834 0.687613391257246 
0.0012768700170847774 0.9655732544882527 
0.3542048592487809 0.417042051717592 
0.5790636517820363 0.23976576034600436 
0.9550199060848976 0.02383714908714293 
0.10687274505264152 0.674310173521848 
0.8747395972053077 0.06560278117903123 
0.9863299754472215 0.007608901685867057 
0.6712936943121455 0.18165120053064926 
0.5486244546059358 0.26044138492846447 
0.23496017469416594 0.5164376417997943 
0.0477401304960601 0.8023175492403914 
0.08238099536132726 0.7146787204058374 
0.48822042507120605 0.3025529720425791 
0.30891897105954047 0.44522059244126266 
0.5318688866095352 0.27178759240328104 
0.09282918135115585 0.6967087537553712 
0.12939827926145345 0.6471613041078219 
0.32300479799379844 0.43243836855793627 
0.9679662119823955 0.016836916222450832 
0.5954045795875829 0.23013448789699548 
0.5413577985766892 0.2660564333006523 
0.6796128590805889 0.17669004726088233 
0.2663356712240818 0.4849773090795905 
0.9752683597156986 0.01472560538674024 
0.15424846812954465 0.6080944168771917 
0.015504623243191781 0.8769135233125824 
0.00796121787958631 0.91278997023999 
0.08238099536132726 0.7146787204058374 
0.154647124385854 0.607471211662884 
0.43721219496759034 0.34370701056562913 
0.06387329139806815 0.7485303313409286 
0.01696943074998869 0.8719140496386064 
0.5601503291248257 0.25262616302017366 
0.021351001801677302 0.8562357373084565 
0.19365900322962298 0.5609520799890443 
0.062447373914860674 0.7514345919528859 
0.022738037524150767 0.8514423962536058 
0.8393053057926533 0.0844799726784752 
0.7398310401714785 0.14070641405835643 
0.3363583941192029 0.4210174780557928 
0.35729263255391663 0.403636263990453 
0.8372202889642844 0.0858293624264208 
0.20594719462736977 0.5476166488614898 
0.373858776259019 0.3897328869822979 
0.18324025577072917 0.5735438747590573 
0.6350373138023991 0.20437722887485302 
0.011490796892023258 0.8939338281774217 
0.0012768700170847774 0.9655732544882527 
0.2918240788738254 0.4625591671086715 
0.5969662185338148 0.22872922159177556 
0.6935129787622094 0.1758283622196987 
0.19517755204108644 0.5597386488752955 
0.11216430648951506 0.6660486892005448 
0.325277225110437 0.4304702921803158 
0.8236719116455866 0.09331034772824161 
