0.9999205821489737 5.036490308354577E-4 
3.912735387426314E-9 1.0170244103063102 
0.9999205821489737 5.036490308354577E-4 
0.20914500109116882 0.5536769910145294 
0.25274836968678055 0.49869691608168876 
0.18422844531532812 0.5719785817687627 
0.8107616737362942 0.10030538227267617 
0.23190402868038032 0.5196329197772104 
0.8735511973115491 0.06633319638060581 
0.9010689956846966 0.05121668361430645 
0.07899058703835099 0.7195812940538296 
0.7186146051088792 0.15289720246842528 
0.2641022073873614 0.4872085762044629 
0.834598064223914 0.08744465727419028 
0.3142762789497441 0.44041487668610535 
0.46748181362429037 0.3170351185699942 
0.27975263482380514 0.47222568764422834 
0.6986983670441034 0.16481402712420876 
0.0016958991731165062 0.960610189229244 
0.8450005753617797 0.08140154946701258 
0.4931200382307572 0.2989621610691666 
0.06029415725591683 0.7556641688598084 
0.8665249712604541 0.07353245279489685 
0.425123888338811 0.34895411114185254 
0.38345400530960233 0.3815340507151307 
0.37142459994448923 0.3913905962800925 
0.7667189476910975 0.12509606851556374 
0.023742372275032828 0.8519380334801991 
1.5334572484342892E-4 0.9928923565183702 
0.21490068415823366 0.5375666036230408 
0.14823966184582388 0.615882644810092 
0.7502131047217662 0.13447395836972229 
0.36024043326159727 0.40078919543310587 
0.5072877509161298 0.29204429155222716 
0.0039996310943125335 0.9374660784718667 
0.007625581556168798 0.915077733986329 
0.12411079103170064 0.6490368880374113 
0.011992060899374157 0.8913823733024129 
0.5604492549082648 0.2520066679058323 
0.015501947265838645 0.8774229188506791 
0.34247606129007735 0.4157453272852277 
0.5446130249189052 0.26736488417384835 
0.14142325964734076 0.6247485582838231 
0.3287930504907157 0.42742683695872075 
0.06926873115163465 0.7408192556107682 
0.9107881076464519 0.04772742589063194 
0.4082269893578934 0.36196738607142687 
0.35039877259898755 0.40905437579179815 
0.9238480762167064 0.04075269863652718 
0.15951150363944228 0.6018255342858756 
0.9310631243169434 0.035627552253357016 
0.9817764878573191 0.009555002944455793 
0.4438529111033752 0.33638407151024774 
0.04022217497320951 0.800915272351484 
0.08813583757872634 0.703836743380229 
0.036470593679963415 0.8191845357198004 
0.9610264487198187 0.020270310771031128 
0.16260936831479822 0.597853938697207 
0.09810275182304246 0.6877468068721744 
0.5860059176886798 0.23543111976336653 
0.5964160715127125 0.22882121521301257 
0.604320116131575 0.22322349729766805 
0.5431830830113223 0.2685807145489322 
0.5216200534299343 0.27879315027572144 
0.45371634253184756 0.32751031894711835 
0.5242503493526004 0.2770712957984027 
0.7873843019524374 0.11869894141786626 
0.11832941540114764 0.6572258179350773 
0.009105932573887032 0.9060756617546827 
0.17325812648575 0.5846593801252916 
0.7773420916456535 0.11942315953043817 
0.7415899314648114 0.1399052349092254 
0.6542004456993895 0.19216297632823373 
0.04791016152334368 0.7824406461951421 
0.6233203233504563 0.21648786125931857 
0.3011325912314863 0.452220480060759 
0.09088965889720979 0.6998879824647729 
0.6149473015908515 0.21684926722642306 
0.29021564662557253 0.46248010389538674 
0.9448795813416526 0.028834241639876856 
0.3344947060276389 0.4272294623064648 
0.003963145895112985 0.9488831365721633 
0.686945166655984 0.17171566390697335 
4.218399437053155E-9 1.0009122206494403 
0.664089487998995 0.19001643270243404 
0.6336687405999181 0.20888010617986622 
0.06747842162658962 0.7415038291931171 
0.1760660803361827 0.5839950697835453 
0.1328909193178259 0.6361161316516558 
0.7958948381982323 0.10878473126597173 
0.05293105104495895 0.7709865199818984 
0.7330189109751826 0.14448361628881165 
0.6834184768069876 0.17424527099466297 
0.3950937239558616 0.37215845095799827 
0.6732623737480051 0.18037625949219757 
0.10266724178830511 0.6808373180778352 
0.11556002304190277 0.6686401159909957 
0.9447033458972801 0.029384708192062996 
0.5776934117917413 0.24066497747825064 
0.13379458265935926 0.6351256842710523 
