8.355921380862052E-7 1.0000697278169917 
0.9999692568164396 4.875857476075638E-4 
0.2734618463441821 0.4778871357611057 
0.2048239134102376 0.5601880388777501 
0.012305164600912577 0.8900328019492695 
0.221289187884063 0.5329997064096069 
0.2298365425612544 0.5216988650576261 
0.8289960018802882 0.09019750240601997 
0.34920255159519564 0.40981705075589864 
0.9134189774262803 0.04490541071977548 
0.5256383777531644 0.2760880680854817 
0.06696999714776836 0.7425034835154326 
0.0038288377852233324 0.9557321843176859 
0.17330184507827157 0.5855043238326889 
0.4892064535574885 0.30123566418067305 
0.07563453945840537 0.7258155024901293 
0.7783511238552592 0.11829688825396963 
0.043316641504523634 0.7931862542138725 
0.9670291095420642 0.017224972116821995 
0.6691999355092049 0.18271430628348026 
0.28642693065902736 0.4657034142649367 
0.8847581395534759 0.06018093497536388 
0.469312733626484 0.3156713780627852 
0.018471008672938605 0.8653598377447461 
0.25153765233201264 0.499423279578012 
0.08992047228088482 0.7015277045199819 
0.10081262880855446 0.6835212497202543 
0.2510709605199508 0.5000591434374422 
0.8693239657381859 0.06822323422181815 
0.708109624762256 0.15906794085435597 
0.6089671739169628 0.22037074629431663 
0.9567548701312582 0.022354218362478404 
0.547245050710567 0.2613994145684279 
0.005563235166584385 0.9265472774214668 
0.7520900722048042 0.13324239724268827 
0.7644797034541633 0.1260998490063652 
0.7385583848641497 0.14145070462697368 
0.3054125514955622 0.448494870651675 
0.15917924427166896 0.6018431253542835 
0.9884158249723276 0.006720336316045622 
0.08557085480125103 0.7128234025490028 
0.9356235752637416 0.03311756494366571 
0.5754433435626255 0.2427635927034122 
0.05814031543834042 0.7606623344960166 
0.6197303608099094 0.21379297017594376 
0.8527030121308798 0.0772887991969659 
0.049588006684899294 0.7787598925434551 
0.5935059885059231 0.2302953588981319 
0.2978189925792469 0.455389336784116 
0.3936198658224581 0.3735147050663162 
0.14109431867136044 0.6255138226078237 
0.42794622086073697 0.3466315988065571 
0.4975253958675955 0.29554124576657465 
0.18156324848637567 0.5750522888829235 
0.44756634350131325 0.3317996681391966 
0.4381377119888535 0.33905700461915406 
0.1228758166814207 0.6563241746990545 
0.6572485505155226 0.19081859992731331 
0.13213166303697577 0.640830340450166 
0.6864577138877316 0.17296045647005917 
0.034854584366508956 0.8144394993693826 
0.332484417226192 0.4242654156255333 
7.919645932454936E-4 0.9731656213416299 
0.027131012268615307 0.8365268456808479 
0.938663556261982 0.03157297602234792 
0.6518811257309325 0.1994502638684589 
0.15006347636691808 0.6137099298716657 
0.5872063630529414 0.23496662624748085 
0.5114490101274325 0.28793187054067604 
0.03566320028549766 0.8121524478649823 
0.8132773168073417 0.09891321011795476 
0.3626966152209744 0.3985016681941623 
0.6957412495651616 0.1665864362835159 
0.7950832506342775 0.10898518043651513 
0.0070228117972070125 0.9174989257012437 
0.6358862561851386 0.20968132583372207 
0.37859727206312543 0.3856214613823912 
0.7228039772024213 0.15053984145749708 
0.31906922739467114 0.43587891986260113 
0.7971089477211433 0.10804960579028661 
2.730930335167111E-4 0.984357001180201 
0.4581973179414079 0.3238595599408343 
0.021632369347228897 0.8545489366894945 
0.054839097729197706 0.76823096153462 
0.4031140195108748 0.36667059823631454 
0.5162320486955814 0.28438669745816686 
0.8563572912475956 0.0751486206634209 
0.11657932676170779 0.6596533017380637 
0.7262166006775655 0.14847350636091766 
0.1345534832856457 0.634133029435305 
0.5648243180832255 0.25075862581069086 
0.32012367894440263 0.43479174810905835 
0.41793492537788474 0.3547438136722993 
0.18979421970369492 0.5666630854111229 
0.550331223090932 0.25916064998314037 
0.5637757580566811 0.25498691534125717 
0.3318789627552358 0.424822773502666 
0.8994755398461568 0.05225002093928122 
0.38262214779291304 0.3823281345539448 
0.6372326351852202 0.20239097242540846 
