1.9801593107505763E-7 1.0005518495021186 
0.9998553896714851 6.419136086832651E-4 
0.16025056719109293 0.6009466239024391 
0.21943476955157082 0.533009586756866 
0.6223486326886739 0.2152154496844936 
0.5971288208405053 0.22821566440946534 
0.08399607315148425 0.7112293696986222 
0.1986754771600613 0.555166097522879 
0.2365297611846837 0.515026809157685 
0.002885190011784139 0.9478451304285279 
0.8174596177064801 0.09639633502061429 
0.7624292469021634 0.1278859061976849 
0.5226757168778398 0.2779070572634614 
0.9009445374584222 0.05150915202862782 
0.9515178447154865 0.025334239800583084 
0.13088415071322762 0.6395423374499529 
0.7816773316175364 0.11645189039187376 
0.10138524297809 0.6927964159553031 
0.8652166418900211 0.08323599391443605 
7.477138984765541E-4 0.9742318282063872 
0.1015738147421261 0.6824626301600535 
0.9287348959004635 0.037072176731236556 
0.2732127544665506 0.4780447998806302 
0.6819789997031354 0.1752909755102048 
0.13088415071322762 0.6395423374499529 
0.023542927442381355 0.847801665994879 
0.6433185374709072 0.20113421801756232 
0.07210582119279929 0.7343546527239856 
0.250079456716734 0.5063119661494639 
0.061708394752706563 0.7532140072909532 
0.18137111861453048 0.5752374014367353 
0.006095513939731128 0.9259969278312824 
0.749885799228129 0.13493854213861622 
0.19102861242252173 0.5639684574011093 
0.3451258982745676 0.4143101220885154 
0.31644677832482876 0.4513381854902785 
0.8360314226484018 0.0864028953265724 
0.0754122787730519 0.7267967513035405 
0.31939733089828515 0.43810528941708227 
0.173730188882539 0.5858908517458773 
0.42678378428261066 0.3474427255512623 
0.2669835816392601 0.4939590130514185 
0.8027315533648165 0.10751328581724998 
0.8814387588646746 0.061883765138473115 
0.9131729025917656 0.04486807366805737 
0.05899211634746376 0.7605233601856357 
0.007871328476624473 0.9152480629135848 
0.04322450043283815 0.793159178065366 
0.4143019942287407 0.3595422755918544 
0.9666880948432655 0.018890893971376607 
0.29898117570372984 0.4544880497232653 
0.5072119613628296 0.2886253186794773 
0.2560143038911204 0.49477293165773334 
0.5521298467317132 0.2577961423711064 
0.8342232120941098 0.08726946857263769 
0.1657790102863245 0.5940655660344849 
0.3341534246340505 0.42333569035218505 
0.39733959472499736 0.3705248604647979 
0.5708080144572204 0.24544513480581917 
0.6965860678262792 0.16627086165762697 
0.49003814853790595 0.30088193717578127 
0.03440603954357613 0.8167259567910392 
0.5375347289691388 0.2685010493199891 
0.449302108766913 0.33093348617194146 
0.5076224012905806 0.2884783757849148 
0.05120261529126431 0.775034975042986 
0.05077622639456772 0.7784748306396637 
0.46299860016874206 0.3207974515249872 
0.01856609408512419 0.8654450767297714 
0.49003814853790595 0.30088193717578127 
0.010462300731809038 0.898617465255705 
0.02841857932245713 0.83307093274823 
0.47692502778455037 0.3101976463680008 
0.9819246774896845 0.011482702895081557 
0.28425321487835387 0.4681674563428301 
0.3845943650007566 0.38075419740795785 
0.28425321487835387 0.4681674563428301 
0.6552345071054246 0.19119846834159224 
0.4756573788196217 0.3114427975469937 
0.7219498020906704 0.15151564327971023 
0.5839717124053407 0.2368555309793434 
0.460658735602688 0.3223265366993368 
0.03679864705368863 0.8096359607770169 
0.9245157229865866 0.04212815540081485 
0.5485085356103147 0.26037713393601913 
0.439763321988407 0.33771943969703516 
0.041041081509034905 0.7999697161023172 
0.011497265130950528 0.8938555228741268 
0.4328441242139173 0.34383932227680153 
0.7386257107491965 0.14157665511040124 
0.029751615047420535 0.8290267641640405 
0.7918565929147751 0.11077482504984996 
0.3536165230195861 0.4061759467348776 
0.6700890718891915 0.18252165672838136 
0.41288780654982465 0.3645587894474912 
0.7269956786856066 0.14789582824747605 
0.3650659409064002 0.3966140792811634 
0.11487552346831095 0.6621806250358078 
0.5824015243318754 0.23777704741937036 
0.9603220812760951 0.020524070180852328 
