6.193355437088031E-9 1.0129843344351237 
6.193355437088031E-9 1.0129843344351237 
0.9986333306561227 0.00113216054476526 
0.011286846093827262 0.9061537144748132 
0.5026768015482848 0.2924856920778938 
0.4287160358239781 0.3459563327739276 
0.5345832026448364 0.27580744637680654 
0.682761788164306 0.17420045534555262 
0.3434137625753103 0.41480022848169795 
0.4382510636318842 0.33869736997188515 
0.8576650648464029 0.07507126030007859 
0.46108295571951324 0.3219685726972411 
0.5519342440529146 0.2581775830302085 
0.8784009134358653 0.06382184315419936 
0.8126451077283641 0.09947228046188722 
0.5839737621126961 0.23637436026137068 
0.0031412773703560787 0.9452828490997083 
0.09181414458028943 0.6983285249642793 
0.40449283697524907 0.36519260464790454 
0.3617433910500251 0.3993512086637404 
0.3304773590671562 0.42612331185919705 
0.06622752967648288 0.7438363538207614 
0.22966726812407046 0.5217621390491349 
0.975979214084878 0.01265725493488635 
0.8993715590884666 0.05231724542221985 
0.2929615376516095 0.4597777155731887 
0.08460402553272675 0.7103025515398275 
0.16761984307120864 0.6027843343642068 
0.7048379893781967 0.1634017400279746 
0.6631733172662123 0.18653633749827697 
0.38080865608748354 0.38466592621879236 
0.7459668430096091 0.13693533709942685 
0.027068711748880012 0.8367220298027691 
0.10206450330071676 0.6820458975901629 
0.1453406025781112 0.6317479059425956 
0.49176135310064406 0.2998361911480216 
0.830399559316456 0.08928896447929728 
0.6581193064112584 0.19006947155121126 
0.24751675082753433 0.5035275217069548 
0.3197104000266997 0.43590155935131014 
0.013879034945792623 0.8832462590014467 
0.13159401144107385 0.6386656748081516 
0.23999350301805517 0.5113358395916745 
0.6164704353982418 0.21579749261991654 
0.040974969820442034 0.7990201159532625 
0.536885226576366 0.26797952704924716 
0.997399536766937 0.0023966354176599087 
0.1549610053788284 0.6077069595729959 
0.3679180401097056 0.3942415769030669 
0.1477929551555593 0.6167393793984537 
0.060720715442268064 0.754640139559019 
0.7317928869031074 0.14529530960791434 
0.46864347089026515 0.31641376035426666 
0.8661103669605866 0.07021629258001469 
0.7994524235294508 0.10657583756604029 
0.830399559316456 0.08928896447929728 
0.3913051205505339 0.37744279007972087 
0.7597356682020957 0.13330908694624044 
0.5680722827012972 0.24734669516337834 
0.21870533720687607 0.5334160998624721 
0.19271681354467546 0.5621744988252699 
0.18441283963182076 0.5719466246174985 
0.5999078994978924 0.22671423326982146 
0.64072905195391 0.20141639433572142 
0.7920855183774554 0.1108945459333368 
0.07586042864152545 0.7256476573083511 
0.02317023062650611 0.8500831134525513 
0.032585528365124114 0.8208839125206852 
0.17344786931775347 0.5852398639451915 
0.3125003108292223 0.4448803460533995 
0.20187568843206882 0.5520926672890101 
1.4160646019037437E-4 0.9896120470449536 
0.25835341751604524 0.49263121630728873 
0.6027824678155281 0.22483170739852537 
0.9215505401841249 0.041218157282695754 
0.21448552571450155 0.5378387876489755 
0.5705664740741033 0.24525709274195265 
0.7662341689218323 0.12555250992428876 
0.20593553639075668 0.5477002193581468 
0.12495026179627391 0.6477813023123724 
0.2819564245916964 0.4699923052034464 
0.6299951917646252 0.2069996351637587 
0.10658198588448725 0.674751523066387 
0.7251083953398527 0.14941532865646895 
0.055263920031938585 0.7664847734266346 
0.0022939704434116193 0.9649077954754672 
0.07660665517874597 0.7245137612236974 
0.12441202164730908 0.6571140367555806 
0.9137047127737774 0.044761396161849744 
0.27173581704441285 0.4795769881445022 
0.39913261960433694 0.37115594662576973 
0.780487761708251 0.11741279468469616 
0.11504164234141934 0.6618161662856663 
0.9352592576564132 0.03345103128280736 
0.03692684422031822 0.8162957553809208 
0.020138804059284587 0.8594168453581297 
0.6243127216609554 0.21085259003322881 
0.3037426515789811 0.44982232808810235 
0.9057287551045752 0.04901255590339935 
0.04519548303467941 0.7889555363815144 
