0.9999992904672919 6.572821845751736E-4 
1.0113236228931686E-10 1.0012542336496468 
0.6472144122162439 0.1963981483908257 
0.09162333686274571 0.6986632957247898 
0.6165973636723291 0.2183844449715135 
0.10775018095533145 0.6727118695111053 
0.8501530328762393 0.07889278401307959 
0.9287743539391718 0.037268447883222665 
0.9576403493216903 0.02217544835685803 
0.9166741360299095 0.04345340852326003 
0.7686751591845936 0.12440625805151591 
0.46005790382315614 0.3246482586816893 
0.8939914603550395 0.05887097171113427 
0.043880650524383585 0.7923701659145495 
0.19003447978113783 0.5654898367710277 
0.23749816900573503 0.5138006094518343 
0.2541101934113241 0.5005078268170379 
0.47814004543516253 0.3098886482341546 
0.866827647223925 0.06979484137214892 
0.05171050213922235 0.7746031003012245 
0.40395413801945257 0.36558257610925116 
0.7522712573677318 0.13393526779475712 
0.827668261396154 0.09419827668457417 
0.32019363448006216 0.4351674800952189 
0.036804722837359055 0.8105742833385507 
0.2861847924819875 0.46604967208156084 
0.0827442010001779 0.7137320093957443 
0.17438326118187525 0.5874459255023212 
0.7396442278284467 0.1405756219618558 
0.6995511726370878 0.17184106753314457 
0.15440482194201627 0.6084361485739692 
0.5743834892765831 0.24424600861979937 
0.6792097257670187 0.1768360971121408 
0.3397768125636115 0.41804553583642895 
0.7295976851811486 0.15175309411178597 
0.05795565358545973 0.760577657493633 
0.804946783257428 0.10422784813286216 
0.21792280421291577 0.5343840944620323 
0.16178943035821772 0.5993045931214043 
0.6613492820511927 0.18803408905564012 
0.33613423137058396 0.430076677853222 
0.3738606256427844 0.3901097393438226 
0.5623741015972483 0.25118851309520757 
0.27451417876519707 0.47742205978138347 
0.5488991541150511 0.2602049061664299 
0.3862431943220601 0.38013600595083835 
0.4209482163341973 0.35674569125791217 
0.0143721602728768 0.882091735529537 
0.5865445629140055 0.23534319060159373 
0.5310463839991555 0.2731003181930353 
0.14396165363530194 0.6215217672823615 
0.3931783788184357 0.37420038031347885 
0.01975542543008285 0.860533064851276 
0.010860170622274734 0.8973420640925532 
0.7873078242188963 0.11474494917744614 
0.26356241356576565 0.49115183932033746 
0.5127858650445191 0.28565841648119367 
0.024477137362133222 0.8449500821794215 
0.005413078400501314 0.9285245488000604 
0.0649762817752894 0.7491814753081738 
0.11810569231837365 0.6599332197428088 
0.9693705280858353 0.017984102080966707 
0.6704117197837551 0.18228955813850015 
0.12879337383215672 0.6431587090014376 
0.7877962575644957 0.11324923176444472 
1.7309362282845464E-4 0.9879485035874263 
0.44778315696966287 0.33209717686399265 
0.8125441077714717 0.09989567002689292 
0.018992497042798206 0.8715269216859403 
0.49864270783916664 0.2948633834454557 
0.7043591441900162 0.16173563626835044 
0.3529472241836461 0.40766378586161295 
0.2955632907098058 0.45719086392775915 
0.2996624655931994 0.4536048882600065 
0.22841597401737418 0.524459417125222 
0.2675199198619851 0.4838298636337611 
0.07150053598402456 0.7347965612966812 
0.6073822573876813 0.2220239299743905 
0.9908597345678847 0.005259031435741536 
0.9773364545051754 0.012701097337617071 
0.3543680103245321 0.4063722375385565 
0.8806405150787826 0.06255449775787446 
0.4276446506634738 0.3471662117502286 
0.007499292702661642 0.915181722360643 
0.5063671209818343 0.289481748453659 
0.5936792190748823 0.23058425820531317 
0.7152211755388679 0.15533160493575562 
0.5519044509403576 0.2584244560507408 
0.6007063464703712 0.22675263592374245 
0.19626442086770657 0.5586768692384121 
0.49046225394134674 0.3074874317568091 
0.36593921172148036 0.39684862081051414 
0.17122264038988758 0.5876866295598516 
0.008650485997101776 0.9083335555280591 
0.5240516374500174 0.27710324573671336 
0.12039442744172552 0.6549581486693389 
0.9839273041784118 0.00864976244003261 
0.06806155001898084 0.7408736231971892 
0.8253710685053157 0.09709324482725427 
0.4905782152440207 0.30049583342724984 
