0.9998612236865342 5.160282529314645E-4 
6.422676276235384E-8 1.0006253336656286 
0.5567771361156657 0.256228667814769 
0.6398870580320087 0.20057225431026454 
0.941688958018178 0.03020293768539606 
0.882756148242245 0.06414556819697911 
0.6724906531037066 0.18084276701247887 
0.6580449983264357 0.18934048601455006 
0.1449622167764306 0.6199831416589153 
0.5119965069755166 0.28519371718764136 
0.7919394172133014 0.11047854109031308 
0.16421591660437485 0.613190588492035 
0.37337580772455303 0.3895609729603457 
0.35369907372598675 0.4059725051101373 
0.11879585470650215 0.6561798933344717 
0.0011681831210483828 0.9679306935881882 
0.8977063621424778 0.052963834467667684 
0.43134991252983185 0.3439088380816937 
0.6015930723456407 0.22486266538291141 
0.9233067273848693 0.039520363433042965 
0.40260116264393253 0.3661653763105949 
0.9599930259668026 0.020643970068201543 
0.16769011517611548 0.5927841038215418 
0.47813562118777264 0.30924530471223727 
0.018900762603457827 0.8636773406934662 
0.19304388338674588 0.5613821135175658 
0.44665620118034716 0.3323511145761605 
0.39119303822016877 0.3750929435363661 
0.9900783732913203 0.005391119156063186 
0.18326991103244628 0.5728165852734209 
0.3463646273569595 0.41202791716839077 
0.06453129785333411 0.7544017730803569 
0.05542571888517017 0.7665416882437884 
0.2074887317272774 0.5452286010375177 
0.7585450473746607 0.12975487884749073 
0.7486447264711371 0.14135398459615062 
0.7255189620069434 0.14877319170216374 
0.26742795546900494 0.484841658420041 
0.4907748084089457 0.30003423320530825 
0.13041747982196178 0.6397022144244118 
0.04158487552310752 0.7973552232420714 
0.06940982110879118 0.7423655472033339 
0.4993449302668693 0.294153393162676 
0.03496401115185471 0.8193394715329932 
0.6914876066395883 0.1692861394295961 
0.08875280548889464 0.7028225340579827 
0.8622840697594478 0.07215026845904066 
0.6205871946079986 0.21263843399578214 
0.01232851810304128 0.8900700726805696 
0.1338594123842668 0.6350694208088495 
0.810747610684011 0.1004528754709613 
0.0989684975336485 0.6861050338934976 
0.3152197826052914 0.43944103414583724 
0.3323042748418582 0.42426978103559565 
0.07430902117761842 0.7280870045174399 
0.015396669630152224 0.8771125304240027 
0.414533260105291 0.356853015023229 
0.9741837934642091 0.013506094245926706 
0.3810782029448171 0.38360445119695286 
0.6188003889716066 0.21391291322132336 
0.8600475216801725 0.07594470210670308 
0.20220778816937565 0.5523762944714823 
0.7786889279571412 0.11834186223733573 
0.5328175572766367 0.2772954955976528 
0.4210370942479466 0.35183059550952933 
0.07954405471661818 0.719345448225636 
0.8272499536327796 0.09128690014146787 
0.5721821037630002 0.24414242982949827 
0.027307473473198424 0.8365287093124811 
0.009218543485329467 0.905332649562426 
0.7151995636261804 0.15487630295609342 
0.0027962296942998233 0.9479565730689286 
0.2548009650973522 0.4964182490417654 
0.2791023515869896 0.4723553347673925 
0.036450460182439304 0.8103628117969595 
0.046946614014014953 0.7847090773048703 
0.467270180232881 0.31689344049897955 
0.22625679748858063 0.5249925619214607 
0.005092504931365538 0.9295321680575088 
0.5913586557009688 0.2315199852304766 
0.842054674515941 0.08271719115407479 
0.5858658287550269 0.23691283816988834 
0.05002823201692572 0.7775645653722686 
0.7032712964628671 0.1618765752827266 
0.45358392461165425 0.32717161817567864 
0.3330791526147257 0.4236639302795518 
0.8142709159160963 0.09867167464986643 
0.2919033490245022 0.46113278969668575 
0.024059250932593132 0.8461412506211136 
0.26124579272827614 0.4909310749429016 
0.4617682658024075 0.3209508169707653 
0.3022227473169002 0.4516189033012076 
0.2468344529750096 0.5053596459701322 
0.9104694496910143 0.046333882966581766 
0.11201847455296557 0.6685547243005909 
0.5381660210313146 0.27342114078575214 
0.5381660210313146 0.27342114078575214 
0.0020935032808477236 0.9554880553169646 
0.749339572131621 0.1355342927524198 
0.9685808005193972 0.016326488503111948 
