2.4632019093295213E-9 1.001214933088725 
0.9999450962165715 5.389013710172382E-4 
2.4632019093295213E-9 1.001214933088725 
0.5517453918772508 0.2580969353197515 
0.5917871506820299 0.2316787987479334 
0.6134701202867526 0.21795428227507233 
0.08216799442160291 0.7146367305980793 
0.008187476452507891 0.9111675441063258 
0.003270900794622278 0.9441535479978554 
0.6329040317279285 0.20523455453803846 
0.09601302725194719 0.6914962321890992 
0.10926357158959435 0.6713479098865178 
0.2962652481487231 0.45660276275025485 
0.22207263987267586 0.5325200422983606 
0.1253727511360572 0.646943958234288 
0.24714607669753963 0.5048144092149951 
0.4123003593429949 0.3590229785344473 
0.15662502933815547 0.6054447732381217 
0.42786105348242937 0.3472425963473013 
0.7656528417218134 0.12586949539358352 
0.03483797050944376 0.8194907197930081 
0.26862333568995295 0.49056933029899646 
0.6456248946574032 0.19766758680618304 
0.49394396284821945 0.29791495664360884 
0.2330430466561654 0.5193872571784479 
0.8160520348961642 0.09744132225849246 
0.166899988191057 0.5928057700412493 
0.9726193333923839 0.014243076779824724 
0.7265071131592604 0.14832331180995298 
0.9337412302409904 0.0346437201371172 
0.025329971511049543 0.8420475533970933 
0.9872117058118919 0.007099023392750295 
0.013516843018256397 0.8961379462953547 
0.1203920590872138 0.6543261874861922 
0.528207302333832 0.27420851869060986 
0.05276223771941174 0.7733523378223338 
0.7451370371665941 0.13978259139264146 
0.3166856798271927 0.4397838126207806 
0.9475672457080214 0.027198204606826246 
0.04384157666046462 0.7924328548340267 
0.14032693980937183 0.6278540860451681 
0.9616870654321115 0.023684217962949113 
0.8007515020212765 0.10783967223119842 
0.018362382381956453 0.8656232370832785 
0.03680274699071959 0.809388061491315 
0.39219466548832527 0.3750113193644743 
0.01530465808302249 0.8776600921349723 
0.19922823819091157 0.5547212459969444 
0.8808941329069273 0.06200176636585777 
0.7518836053032356 0.13398778492127947 
0.15100929747144803 0.6221209842367489 
0.6597870401833863 0.18896187676363213 
3.6313794694066426E-4 0.9825947111355895 
0.5715161989321399 0.2448560575614843 
0.10278806021152542 0.6854338572754496 
0.5715161989321399 0.2448560575614843 
0.4574803114753615 0.3246739107001823 
0.17569849241194527 0.5817827017963448 
0.9001368348502947 0.05229775585870337 
0.32336705456684933 0.4328444058491918 
0.8334124076789385 0.08917514751907703 
0.1839447666674971 0.5773398723217438 
0.6906174006002297 0.17093307447834355 
0.6755674435451813 0.1803162655934702 
0.7817573723317117 0.11647694780302152 
0.023051468005231945 0.8492444260908522 
0.29063627430843003 0.4622960287312535 
0.0609257305152822 0.7543808048625098 
0.3522920328124892 0.4097078592401132 
0.06759879054798673 0.7412309840985665 
0.4502334598708485 0.32997570894225237 
0.37885917335126323 0.38532331386746427 
0.7008563035299807 0.16349977444531563 
0.24186449267906274 0.5094376142984116 
0.209614527547277 0.5432153320511963 
0.5079491390109618 0.288288141123578 
0.0498186027344204 0.7836691966293529 
0.2804572854795263 0.4713043883421631 
0.4688975701257667 0.3160064191144583 
0.36341470907996365 0.3982275963147349 
0.915709122254172 0.04381029609049409 
0.9202098863565329 0.0414345013601778 
0.3474503497283536 0.41155218272935806 
0.002298283487739347 0.9589022134753886 
0.8049219419166036 0.10345125307881656 
0.0010935035330166274 0.9685754304443611 
0.779880848985587 0.11769217251782185 
0.3342692408254212 0.42277851591836324 
0.3366411735423246 0.42090229091320247 
0.902434836469098 0.051045145574592624 
0.40193054912624404 0.36686779060621494 
0.4733540370578012 0.3128646194522262 
0.37601141669909377 0.3878849957640836 
0.2759630652634769 0.4756071305745328 
0.5108015885791257 0.28626976034188173 
0.3661507141260091 0.3960727157869089 
0.07168838177861904 0.7334829634394151 
0.836388098175474 0.08607303543398034 
0.2688517778787964 0.4829353019210182 
0.52145367285795 0.2787313420101496 
