0.9999837703650886 3.608784977903081E-4 
4.95308262032099E-9 1.00087907553799 
0.03326053598909044 0.8191008257279291 
0.6726814624615032 0.18051286444992384 
0.05068875298452458 0.7767059131446513 
0.6288353119441761 0.20761705325912008 
0.9358848252706556 0.039452466177344554 
0.8916728507578591 0.05653630175452879 
0.44436544000547407 0.3341025518612073 
0.3638223446080803 0.39747509221786953 
0.2467083168025438 0.5041132989122037 
0.15528080169150887 0.6070230940913535 
0.312528269465982 0.44219894215927047 
0.9622295666091005 0.02231537555121223 
0.22846198051577088 0.5226114551084374 
0.8717459660296926 0.0671265624643846 
0.06528723280826093 0.7465145825308377 
0.14106950507049926 0.6292481656299957 
0.5867218742467688 0.23472807461733078 
0.0033435374496120773 0.9440905934117474 
0.96713558422352 0.01792468372245418 
0.48595549855109077 0.3039984344580241 
0.013208727800027518 0.8881253680986976 
0.7169834754081572 0.15403149783728923 
0.5035630193885618 0.2912505493345425 
0.4646040420135672 0.3191990468891873 
0.7545695292036892 0.13200299976535956 
0.001060078769425321 0.9717985778386313 
0.6955053594645192 0.1665911580630524 
0.34279507293669226 0.41515824683562064 
0.9966614351390688 0.013666558705161161 
0.8577962593093699 0.07433568673328768 
0.6808547940701779 0.17552854219936273 
0.1793494146620437 0.5783400670410486 
0.7391068896131929 0.14082285488581087 
0.8159727191653905 0.10427347792176758 
0.01691912716433916 0.8708702750542116 
0.7319089987437503 0.14539238828927917 
0.33399832025071546 0.4227945624968064 
0.02693404990567344 0.8449419873000277 
0.7056051935778311 0.16079093683076684 
0.911874236959358 0.04726784548167562 
0.008603513636120774 0.9178293521901238 
0.8301506913153378 0.08938777671311245 
0.07579067063948741 0.7260795896665387 
0.550257919705491 0.2606537719385207 
0.20161541651758252 0.5521083295477837 
0.08541195788552472 0.7090932026580359 
0.6123125163466828 0.22160945953530567 
0.22126407833377676 0.530690970165651 
0.005070527192789416 0.9301742246828439 
0.02166813229133699 0.8537489624785042 
0.25673429211523935 0.4941832337598793 
0.5186525808070644 0.28045317933798436 
0.46957587660948097 0.3157918329196462 
0.7650652426383892 0.12579820258646365 
0.4981617861778789 0.30165927281207505 
3.852027825523036E-4 0.9815278034771763 
0.7738032053393816 0.12086061645817277 
0.18876197989228 0.5664121887034036 
0.39674225284713294 0.37076671114484566 
0.6193242048258969 0.213723825382065 
0.8204409025344023 0.09497797963764001 
0.411129961523932 0.3594736160805698 
0.37517207536766983 0.38987810338834805 
0.4339907952723846 0.34797608803222113 
0.9182465614848361 0.04328861552271794 
0.7862950357322857 0.11730817138472847 
0.3833698113246974 0.38143619221576747 
0.136612977604066 0.636185616785539 
0.2906698396864197 0.46375323084478065 
0.16432607140804703 0.5958515211099278 
0.19254992508645913 0.5619944592021298 
0.2699647984434205 0.48124649888283116 
0.5371850069208364 0.2681310078377476 
0.05915591453888687 0.7587553976139516 
0.056246059810197924 0.7639150394029748 
0.8417344738976762 0.08316684241793838 
0.1723376946356916 0.5863894234340566 
0.09182268122446474 0.6979418473590789 
0.5706999806750331 0.24516664862484053 
0.4302028500645062 0.35093881370895436 
0.8485965844203133 0.08170780835011633 
0.12356532753176308 0.6601465316834265 
0.5706999806750331 0.24516664862484053 
0.3947480931517535 0.37230265883379743 
0.32384235719748583 0.4316785197205103 
0.5569317184277942 0.2545947072867726 
0.20835314022314305 0.5448556107585921 
0.29362413722872455 0.45952651412581874 
0.4143249385036687 0.3572171335810481 
0.2800579471394913 0.4732763846362783 
0.7996084321420921 0.1100245831445623 
0.07974370229673997 0.7187283761476723 
0.10439858582100714 0.680508021333821 
0.1280461558444399 0.6436341846066502 
0.3213091852926776 0.4338240093684097 
0.5214132632910466 0.2786320457093242 
0.12518641494854799 0.647171339673218 
0.016213615341174048 0.8837108393372453 
