1.1486031988023442E-8 1.0018611300835805 
0.9998336841982712 8.168119320086033E-4 
0.5591104621590794 0.25411852767440873 
0.0565019464924065 0.7643026831384137 
0.07212757000307674 0.733068539184116 
0.7904862826898328 0.11193120965822691 
0.5374756805365037 0.2682701918199877 
0.7728435833944649 0.12240525875786068 
0.8510287317745613 0.07857427209918592 
0.9444388701965077 0.029102083036411003 
0.0013750585828593911 0.9651107766415589 
0.6561061097207164 0.19138511023489432 
0.47990721068678815 0.31335749483038033 
0.2916761252327086 0.4616158044467839 
0.018902179586795465 0.8720451328624977 
0.5769151810701109 0.2418652661538692 
0.46570381819036444 0.31938467327840325 
0.6972578908314804 0.166282289679445 
0.4936891289143618 0.2986969062022959 
0.4107122114948157 0.3609310683736228 
0.16983223434291764 0.5895046484983586 
0.32797248678250585 0.44186792867233365 
0.275866857566221 0.4762254723024556 
0.10233287544235836 0.6817480425992842 
0.9652496503283664 0.018913370967531613 
0.6327941355823123 0.20580596511772908 
0.3343063913368186 0.4235922345648901 
0.04087037193945264 0.7999666552937945 
0.004026738932743773 0.9383619996189589 
0.013788243348464957 0.8849436950311347 
0.37954990327397087 0.3922628418526554 
0.8074269616786622 0.10242914714102536 
0.008661611581507717 0.9092047035342371 
0.02397985231768185 0.8473210600042459 
0.9315600344778152 0.035766867192699815 
0.6099261071083051 0.22014514940142377 
0.11072960473971583 0.6688505637259614 
0.8715679464035341 0.0686024078702736 
0.3991258720829512 0.37019118324517336 
0.22770356963023314 0.5243818333613108 
0.09396619049921437 0.6953404796552898 
0.5273688895337114 0.275466693951056 
0.35795855954101463 0.4031270476129624 
0.24066508780119578 0.5121440207927025 
4.505573427880383E-4 0.9929054265503068 
0.22493525475644985 0.5354659842055 
0.15433118952965588 0.608751410036544 
0.04948736673023198 0.7792314802519072 
0.31088216113829303 0.4440787129767547 
0.18894721864571112 0.5677662869520135 
0.5992004674794482 0.22721854871249705 
0.5874941379466326 0.23483796098385126 
0.30099410887124384 0.4527033820583507 
0.25057084077803526 0.5090576779545439 
0.8164897444761013 0.09777213446365406 
0.20939019112532037 0.544114235104418 
0.38898684310132586 0.37828566660385327 
0.13363632903145264 0.6359085671886148 
0.13117036015343142 0.651014173694361 
0.1986813358125645 0.5561904862695479 
0.08747075254061559 0.7057491489961785 
0.6231600953682233 0.21185216198508183 
0.8766163954617063 0.06497017039019232 
0.7141605356595241 0.15630960420313586 
0.18393369260169173 0.5791672854504916 
0.4502027751213248 0.3309042648805034 
0.8995849693777507 0.05265372080955036 
0.6679048999188131 0.18415664258706002 
0.9183605770641294 0.04248349941236699 
0.7453445112550351 0.13812815177437412 
0.0031959458211946457 0.9453523473640936 
0.009693779065416047 0.9040314964456831 
0.7276667147076055 0.1487493960973448 
0.9121029205843431 0.045935743122403075 
0.7360798642294479 0.1431761893984043 
0.757481730678804 0.13074311007575307 
0.026847912229499282 0.8403288951540816 
0.6834420794152778 0.17527704381694606 
0.26910757775764516 0.4824461375469679 
0.8379205907491595 0.08557670164833014 
0.1476022563470215 0.6175772487251393 
0.3436546160813109 0.415488887208705 
0.07547467847809647 0.7272117635052222 
0.8306683499311112 0.08955160068521612 
0.43298577941245686 0.3435134836764225 
0.4429287425789318 0.335549300910713 
0.25841442678280657 0.49328158190488824 
0.17419939121975905 0.5842840216298434 
0.5149718708973599 0.284249480620552 
0.030777401954898254 0.8261567295127399 
0.3801088835203099 0.3847621663822579 
0.5069162381325534 0.29381348959522086 
0.6854645352208397 0.17421918851395454 
0.20462599984037252 0.5502562733907245 
0.03727897060801503 0.8090361570028362 
0.11788656671851545 0.6580412021169919 
0.05232289362164538 0.7734432019138119 
0.9754963670169714 0.013210130286438772 
0.8929704409723763 0.057408358089665525 
0.7177483026668219 0.15418324109648335 
