0.9998454458736447 5.572487797392629E-4 
5.502420128268657E-8 1.0006296300021635 
0.9491935610572673 0.02627113323132986 
0.02307055669977498 0.8492558081060053 
0.5282125761244296 0.2738965061354577 
0.09222659124069019 0.6976796330583609 
0.06390484479111838 0.7481928290899506 
0.03225314877575308 0.8216996689459183 
0.6981769490003569 0.16509872416365454 
0.6356997103481775 0.206436648898976 
0.39875401379978803 0.36947619872003723 
0.3827628555256884 0.38249523359093535 
0.2635997197749976 0.48746219579517946 
0.5064960202373533 0.2891366503821602 
0.9073602194340729 0.04835410450618597 
0.046081651231567156 0.7868337912274761 
0.0011763003635633096 0.9670073191497932 
0.002898082570049504 0.9484468008282112 
0.11473640188617962 0.6622942968279784 
0.2744426300029595 0.47742474032109516 
0.7896684005395594 0.11240814026156652 
0.8055674281204248 0.10551024402123305 
0.8898487526546155 0.05746565329846878 
0.2369004504364997 0.5190716190270653 
0.13067105863334338 0.6393962310368476 
0.1613630231752848 0.5993940610606291 
0.8180848354884168 0.09648001335701392 
0.1400056498251142 0.6270436560985924 
0.932253972764846 0.035089328690947955 
0.8315761749050492 0.08889433095043295 
0.07683675325017553 0.7243423289989777 
0.6826893008764321 0.17438710558693596 
0.0556422334439155 0.7650629437922518 
0.08261444266773521 0.7137341257026946 
0.12154508527370139 0.6520987208114161 
0.9745492030640219 0.013270508160296991 
0.9242867964059492 0.04320520870882198 
0.9856581499650406 0.007781818804755366 
0.3366973838518443 0.4209417282918086 
0.10682301353882867 0.6839050601152652 
0.8450349868799167 0.08163310132058178 
0.3290050223366754 0.42743618237578057 
0.013630919248776907 0.8979663099474575 
0.5808838769399396 0.23860008966748567 
6.533122555085562E-5 0.9929087117777908 
0.04102732555273125 0.7982945054996006 
0.728463296141277 0.15004078058738937 
0.018098294025008246 0.8749901895677982 
0.19823940118665306 0.5558802820520453 
0.7393682478110866 0.14106212332697615 
0.17632594478670804 0.5822254238149867 
0.7187231771119148 0.16038911902856157 
0.03609785612778715 0.811215797065202 
0.1705331362525094 0.5918349653605586 
0.5397531693130149 0.2664722189876725 
0.6735461054403923 0.1802244433298152 
0.011222413438649492 0.9034229432581109 
0.4395553542605125 0.33773705247293834 
0.01919495288260883 0.8709025969122964 
0.6164377553721293 0.21575945139618297 
0.24926630419212858 0.5018629943569703 
0.0058523266116212724 0.9247425415808871 
0.602916488911634 0.22789112308438417 
0.48292920231208014 0.30573140623896167 
0.42941514094690547 0.3454298486783693 
0.5472732499255775 0.26100326678054264 
0.18396414373170633 0.5727522435402811 
0.46331537130041245 0.3202919438457322 
0.5615563191758535 0.25135039081067106 
0.31421346463504196 0.4404581205140308 
0.7659460520568289 0.125509698757423 
0.22260628981652042 0.5291153623091218 
0.2891882430800863 0.4674625507673139 
0.2494667221784368 0.5013879852227862 
0.1494732286981964 0.614050665942355 
0.4934636074473051 0.29838464397993447 
0.31750898132689886 0.4374523220718575 
0.30714741906540843 0.4563380633981624 
0.006380087795225253 0.9217775185771735 
0.37289195207140724 0.3925582586433893 
0.7754048597829386 0.12009164266100389 
0.21363625397481578 0.5389578130745944 
0.61552822344738 0.21656175877776365 
0.21363625397481578 0.5389578130745944 
0.3490827044173689 0.40998166912244915 
0.05843388951270549 0.759442967914475 
0.304833322267102 0.45847442828055524 
0.2892648076250041 0.46317224861897555 
0.6568843732628998 0.19009681491321215 
0.22770485159924955 0.523835276666867 
0.854674570941423 0.0759808996844061 
0.36948220788713815 0.39522533812053745 
0.557388527237139 0.25442640320753723 
0.5748662852229617 0.2426325970550253 
0.6468235663605544 0.19648084981188751 
0.8792676752980806 0.06397268833299333 
0.14857494055092402 0.6152596199090504 
0.49969778459180025 0.294164028673514 
0.47098011212785884 0.3143898040672372 
0.8676794592001992 0.07174319721051786 
