0.6599001482652644
0.6602576332587108
0.660340585121556
0.660533368325521
0.6604612054958623
0.6604212651601782
0.6601751187308481
0.6603073389644019
0.6601859708784146
0.6596694851285332
0.6602687925876114
0.6599850287532836
0.6597982192436687
0.6597739189794307
0.6601956663765276
0.6595767587392857
0.6608968437545985
0.6602065509931139
0.660698165757917
0.6603154260178058
0.6603002935577095
0.6603175193060321
0.6607991606063535
0.6605929000480698
0.6604101773486819
0.6603775127119673
0.6602665612162751
0.6603525433416255
0.6605302973635206
0.6606797736613436
