1.0509498322548297E-4
9.299795375195367E-5
9.69791382921232E-5
9.275621199963457E-5
9.685329362674622E-5
9.24604223659415E-5
9.668363179126982E-5
9.807378747892763E-5
1.0063703615233048E-4
1.0974989413162243E-4
9.954647325958819E-5
1.0960116078183985E-4
1.0745621519268813E-4
1.0421231292635563E-4
1.0031670950661644E-4
1.1723473884089619E-4
9.10040540771922E-5
9.626765412478558E-5
9.364527698741967E-5
9.738112326615811E-5
9.408392839513638E-5
9.571166034580982E-5
9.955418349102866E-5
9.340839720670966E-5
9.197291106512782E-5
1.0176474475752586E-4
9.270850551105868E-5
9.780913893863861E-5
9.272245570483536E-5
9.140589121723682E-5
