0.4267562731938397
0.31307025391811494
0.3661975138383067
0.33444720020879
0.3873671364404841
0.3300573492609577
0.3470671698807838
0.4058460361419021
0.3857761370072401
0.405373281469873
0.39667678416231217
0.3880123221707691
0.4009887394001518
0.4146094426762801
0.38969384229770365
0.4291158206526934
0.33337981148928725
0.3719340190537784
0.3499578711960499
0.39172011346101054
0.3753424477579904
0.3715835963925295
0.3417968632248866
0.3546930528597985
0.2910668141473209
0.3909971643256962
0.3231627712070624
0.3878971735909189
0.32244591442786663
0.3201634846731014
