0.8516678203053467 -0.7729848271897395 
1.2362620043643302E-6 1.002169057067109 
0.8233662040513381 -0.45850459093195073 
0.45405678529668686 -0.12357482316265522 
0.6524594643574575 -0.45780382454706614 
0.6185929270877271 -0.12439157939936539 
0.4093279831279718 0.24249696345896835 
0.2583428722425233 0.2428281040612944 
0.08320305653740262 0.670280571396486 
0.18250308057358972 0.6690278026999495 
0.235862316527617 0.3023037478103995 
0.21829964543593766 0.4165597189747606 
0.4264689256813071 0.03232553261890154 
0.632785549297359 -0.33750227051378545 
0.23010402864700405 0.3345211716039834 
0.22275087563225088 0.3826202832909363 
0.8368991734919494 -0.6812405358066633 
0.832198202712044 -0.6170236200402892 
0.6305768341573388 -0.30680873676190934 
0.19487659572249963 0.5905686068772031 
0.4136999812519514 0.18481064384396495 
0.6357032550099297 -0.3645444745631198 
0.64424133591784 -0.4336596354041621 
0.411984373161541 0.2117198644933757 
0.8435025392275181 -0.7437429409029731 
0.0034176941362906443 0.9440871795770205 
0.18808520751300795 0.6359466549695709 
0.4306120789176475 -0.005139099797812056 
0.21493250724442828 0.4400931123742766 
0.6374281964529543 -0.38595278077799827 
0.20794355929361166 0.49338309773813355 
0.415963103052429 0.1609450200903168 
0.20706607963178875 0.5000165113726124 
0.8284792682602738 -0.5557615669769945 
0.04714489972202851 0.736751190906968 
0.8307078446935752 -0.5812280919020234 
0.6287206344861153 -0.2855903378274401 
0.026690309724065386 0.8187608688999161 
0.8276253382293784 -0.5282337829990051 
0.20376062079671337 0.5340557322613123 
0.2123005587479304 0.46014545980510274 
0.8262714437066206 -0.512360701365141 
0.6272808892350427 -0.265336163377005 
0.010169226834236489 0.8970121502946745 
0.24550726522324767 0.26223771794568546 
0.8463679472330938 -0.7605008956289235 
0.25384219331743507 0.24513666285946437 
0.8395087670465379 -0.7097770489289371 
0.22892757189619548 0.3525292346855012 
0.1842730464488727 0.6591055055703717 
0.6240222747920173 -0.21677103845181497 
0.4358428027202757 -0.05092615514671837 
0.2250635698964372 0.36880397786940383 
0.04184488641852724 0.7560333434841311 
0.6216002293057271 -0.17742796963202512 
0.840444882077509 -0.719060971677831 
0.0016460948760639443 0.9604084118102503 
0.015065317066233042 0.8843770467565348 
0.4170410367560611 0.14210377011122402 
0.8248170802819033 -0.4870995817270836 
0.05935072292908325 0.7156451803694819 
0.44699502949360204 -0.11275461486187155 
0.43981745266523997 -0.08013544714503527 
0.8335965297305613 -0.6358227586372943 
0.006958441253941183 0.9178144188000663 
0.19796319498865225 0.5700208171529649 
0.1911690139047113 0.6157440978379601 
0.41046741251239566 0.23211211636631604 
0.8350452884556216 -0.6577599306721997 
0.6401330376099422 -0.40888476822187136 
0.42314594459863175 0.06904413801307548 
0.6201208494622734 -0.15332098814821998 
0.03435046218981941 0.7856179212517862 
0.030666496852744363 0.8008964621640163 
0.4208564475510073 0.09551123879659093 
0.4193680269260814 0.12620431881251332 
0.44454881292447956 -0.10026137063494961 
0.4194192058697409 0.11292864526951127 
0.2405061709821089 0.28057968183840803 
0.03771900874420975 0.771783796288418 
0.6186798477968042 -0.12861883793404164 
0.625662977355083 -0.2419151434244912 
0.8242534674344875 -0.47523889652482537 
0.20025580230669973 0.5577977094352703 
0.4218736247681586 0.08356977997369004 
0.02340467757239481 0.8340870930286988 
0.20217022944318958 0.5373515013840899 
0.07259830111768946 0.6767172530944967 
0.8294935432990354 -0.5735587287076257 
0.01639846314201654 0.8680123697998061 
0.4308044560772094 -0.010259811399522088 
0.020148145223309488 0.8472986257293252 
0.6473786307246601 -0.4490123968563676 
0.639985539319089 -0.40671037144652994 
0.07385387699950825 0.6753349595672365 
0.01747700396746915 0.8598501966263931 
0.43981745266523997 -0.08013544714503527 
0.05363702127301484 0.7246047201432182 
0.007279208732297149 0.9147172520122819 
0.6231674345581188 -0.20305536950775135 
