1.0445771569662747E-8 1.0012316233240357 
0.8519636077552211 -0.7726659714063202 
0.8234210667997669 -0.45920267727509145 
0.6528306623558356 -0.45759202827328155 
0.6184583392761587 -0.12457817636633964 
0.4546934560002879 -0.12289061973836295 
0.40943164277406124 0.2417062160988655 
0.2584989310097222 0.24316517651723976 
0.08151780893747704 0.6706390445025306 
0.18258641788238628 0.6692909757552769 
0.02091328880669069 0.8439067358061685 
0.6363278534478477 -0.3750138975821052 
0.43334189128616074 -0.03248223530138351 
0.20892679205482073 0.48656986433740385 
0.6235172575034503 -0.20863050656988494 
0.4303577756453729 -0.003971221394783187 
0.028529821293015803 0.8104619739048378 
0.040604753469145216 0.7618448076248363 
0.0685063015441254 0.6823736322669327 
0.6433730092914961 -0.43025239101928964 
0.6304877735221934 -0.30869604451463073 
0.41831565354888794 0.12662009523794815 
0.22256637215862907 0.3846982934401591 
0.0018528478170383722 0.9587291907466079 
0.013269000376592274 0.8810723052636602 
0.21446499097602106 0.447581118313448 
0.23441075138613743 0.31035584372409825 
0.634175750131084 -0.353100173594059 
0.009898960921114586 0.9001855028461805 
0.6322419700359587 -0.330657213772161 
0.6217409112037686 -0.1801537836683636 
0.045967176318237046 0.7411964656180482 
0.21727114097670674 0.4231686394357068 
0.8246330117561642 -0.4835434253538618 
0.8257818870496274 -0.505920160345506 
0.05559433345696729 0.7109633975927149 
0.20129880740510056 0.5446481458933004 
0.21170082240048432 0.46594757622043687 
0.4120047674265433 0.2081424632291982 
0.04976435571333415 0.7289775666892699 
0.4401286481618931 -0.0807542895844789 
0.22607850963299803 0.36093475193413055 
0.024530232939088348 0.8279859089396758 
0.20522347040603045 0.5157407347049644 
0.41362545478875734 0.18651524238564932 
0.842251824599318 -0.7340018912193464 
0.6486216118415447 -0.45238900129857396 
0.41548459089393985 0.1622121503271924 
0.833738753420999 -0.6370606766619781 
0.6407023311948449 -0.40531989250741307 
0.03388883155183681 0.7877306119847989 
3.548169858165473E-4 0.9951710445774444 
0.8386355968274666 -0.6791774745860751 
0.8451254300951309 -0.7530144697478293 
0.6261777888112378 -0.24872192370632648 
0.4210717206250125 0.09338213461147883 
0.19202526386721075 0.6107478829695571 
0.6198872368684146 -0.14811497098982976 
0.1847759007792238 0.6597995201664002 
0.8286376144589025 -0.5577268434346352 
0.6285111175027145 -0.282594424207581 
0.2302851147671006 0.33378965119578896 
0.19564631586692738 0.5858343087478982 
0.8394936311587257 -0.7014327363531457 
0.03592116300755427 0.7792579886799942 
0.2374784639605882 0.29446761813766054 
0.24389649499473226 0.26927687442645404 
0.41935508060725424 0.11452116484503172 
0.4103038588451998 0.23007418409916292 
0.6278685349153398 -0.27273712670773675 
0.2407126847121666 0.2836696743702206 
0.8402183854383372 -0.7159964589574994 
0.2039068961390276 0.5248257080033192 
0.8355282421769086 -0.6639239877301728 
0.0031468545307297008 0.9458756646386219 
0.18776588211642517 0.6381075283657738 
0.18890179199864188 0.6321349725957874 
0.8303526179755824 -0.5874204117234646 
0.6207807297079161 -0.16226448778295813 
0.8317500851922721 -0.610010404187014 
0.42804509994496964 0.01654663323638578 
0.8271056666542553 -0.5298362369230158 
0.0062286556689931105 0.9210379949481601 
0.4231331041093468 0.0702824066217399 
0.4426747874174958 -0.09511326710975387 
0.4366424440742554 -0.05822845980099505 
0.829605122360416 -0.5741125559117892 
0.4272286895763601 0.024808518007626502 
0.4362482621676119 -0.05531538743598229 
0.19489973105811886 0.6019149676419561 
0.42496918090372393 0.04950410269592304 
0.8350697798868808 -0.649699239643226 
0.6407331562649339 -0.4124417614545949 
0.4254915683086695 0.043893208848509724 
0.1985196758206103 0.5646807064475926 
0.0635846303679029 0.6916376202673095 
0.41511502410667495 0.166938213915673 
0.6251974830796219 -0.23463606914524504 
0.4224328234452405 0.07783583877758683 
0.8479484955413226 -0.7662054091793438 
