0.8521179647068441 -0.7727524234300818 
7.096974818932011E-8 1.0010262983139957 
0.8234444984391616 -0.4599158403079791 
0.6528660092569597 -0.45713076903885635 
0.6184807687227422 -0.12458464094826037 
0.45481720869322095 -0.12339634591187465 
0.2567258163817382 0.24301301534809072 
0.40960807265397003 0.2390541285411943 
0.18241415247761653 0.6698714416399616 
0.08253618778164903 0.6708914456909096 
0.4408490130498625 -0.08548708917510976 
0.6270722352499626 -0.2623584401967416 
0.19155661930903867 0.619633188321002 
7.089984315470921E-4 0.9764403647350238 
0.6248388506500611 -0.2291543951102701 
0.6302196749393958 -0.3052361030831375 
0.43633497773813457 -0.05640090428133512 
0.845376070279332 -0.7551223157921967 
0.20685118463509194 0.5019447943688645 
0.41155893282932204 0.21335431419822057 
0.24341553046081948 0.26958519084551014 
0.041372006352384416 0.7581528789361045 
0.049456503109322925 0.7291443251597213 
0.45106898106227655 -0.12122716882401877 
0.027489745917683828 0.8146057233335833 
0.22124108251630514 0.394175518831007 
0.23686938336117208 0.29738606864470946 
0.4199327771810072 0.11459458277624916 
0.43347653724735674 -0.03405798544309853 
0.6230007586765378 -0.20003305363832277 
0.4246168675472745 0.0525614705841612 
0.8357040527575377 -0.6662249722291277 
0.42707803018480356 0.026567688571231055 
0.41412809981251303 0.17976217465384323 
0.4310313206257968 -0.012156375923574879 
0.21105873412956017 0.47053502391494234 
0.20233766573861758 0.536802051318136 
0.21745483755767617 0.42647089004568955 
0.8262967307386124 -0.5158975333081861 
0.03759326395753118 0.7869856978575708 
0.03033245306982253 0.8020575270033291 
0.6348577057462228 -0.35995506745648687 
0.4215359106796426 0.08782510575210538 
0.003981943963487222 0.9378485107401199 
0.2136202605494802 0.45010565767134664 
0.2249544780130261 0.36793119067295527 
0.8413717510681111 -0.7260520163606888 
0.8253365144083816 -0.4969041313002815 
0.8279446983852939 -0.5463629012123782 
0.6329418899514488 -0.33902437483194003 
0.6196067220255812 -0.14423869808869758 
0.2043741007105993 0.5220521248587587 
0.014182050315602213 0.8762709525740274 
0.06423251488583537 0.6901962268426792 
0.6453664729758029 -0.4404214684521446 
0.05305503942876921 0.7196518581732777 
0.4176126982934394 0.1353850249313793 
0.4240478764552413 0.07532924658387923 
0.8315520030835087 -0.6067561242829672 
0.23422599511799758 0.3226269078275216 
0.8241606309185786 -0.4745207899012269 
0.621350562659615 -0.17336675066698778 
0.25142532310843985 0.2639268647508482 
0.21881461742304026 0.41122376651450077 
0.8378538772857302 -0.691965566313511 
0.6315216266453199 -0.3217672630363462 
0.19911902800376308 0.5608633455032135 
0.8342273184246729 -0.6464131000880968 
0.6378968488609316 -0.38985220109819463 
0.03841101430032511 0.7693493887437961 
0.6367533383067817 -0.3795966516640257 
0.018973729051750446 0.8529401493771318 
0.8300289794312505 -0.5820824603075604 
0.05909697984457364 0.705990967247483 
0.1942378684559802 0.5958717453759745 
0.8277005913015801 -0.5415683020763064 
0.01213870635349612 0.9084754048691155 
0.02184142738875764 0.8438089363670899 
0.8385679700274777 -0.7001221624370902 
0.22641585715459595 0.35818385701494965 
0.22986404676725675 0.33980719904472273 
0.2521170781067132 0.24724169353299238 
0.6403949376918385 -0.41064154489040794 
0.8407491736326407 -0.7186774686099299 
0.8507757742340336 -0.7721327475385317 
0.6507654727184837 -0.45604125514984983 
0.006563163140175965 0.9190052461684042 
0.8332445281210547 -0.632569120943069 
0.6217799471273402 -0.1802467555512366 
0.40996512360689413 0.2349350838864362 
0.07159332841201399 0.6784322546525455 
0.1922113641578601 0.6098080418358006 
0.8323838738668663 -0.6192552568817437 
0.6430503613682997 -0.4284598098120234 
0.8300749150674829 -0.5825916671605754 
0.07540328941572993 0.6738567633148034 
0.06027768026750929 0.6989033428656275 
0.4149071287836428 0.169611324803911 
0.2136156289883151 0.465456353449371 
0.012608117813464513 0.8892097389976944 
