8.45677642035878E-7 1.0017560538637298 
0.8521985638273897 -0.7719409134925368 
0.8235154078951415 -0.46102675669105536 
0.653044638649363 -0.45696822889253874 
0.6184592470328043 -0.12419621115143525 
0.45455424005360345 -0.12246838036980275 
0.2586340788940528 0.24370180320878984 
0.40945127871535847 0.24170157809920226 
0.08582915240501704 0.6716174998304807 
0.18249682133403078 0.6697850631072768 
0.8374480273441928 -0.6869588198802539 
0.8271442492085663 -0.5304965275347568 
0.8296832446542437 -0.5755738170293865 
0.02803249129936855 0.8223456675879018 
0.20342154617917171 0.5289479546558303 
0.6259514559942756 -0.24531024890008624 
0.19724021980410206 0.5746876980307708 
0.20173613862525103 0.5508652702481046 
0.8349865960275271 -0.6560743642708586 
0.015841149552050127 0.8695540726507431 
0.22542722343871846 0.3653922791068971 
0.8408530070358314 -0.7221621216942966 
0.4430755006641698 -0.09667087325980686 
0.6275180804882501 -0.26790814106532784 
0.011703553379871917 0.890623143323551 
0.18669049979084032 0.6504521125566136 
0.6240437396463945 -0.2111499389772082 
0.6314704420312384 -0.3205029256526866 
0.23294561935028307 0.3189474431791773 
0.6334164312879533 -0.3431779675585065 
0.03268223717140131 0.7940171529942192 
0.8247943166364632 -0.4861780946471348 
0.24201791839578846 0.2757219207716781 
0.20761801181005377 0.4968495803152898 
0.042892136327929375 0.754114371750137 
0.1944180129527735 0.5949315618080576 
0.4324961480444953 -0.021780708751609236 
0.825946582763217 -0.5079929846132268 
0.24893203511735643 0.2598219438381946 
0.8469796001028274 -0.7617115699688883 
0.1896186390564036 0.6279280545576587 
0.22818990307377196 0.34796916889232304 
0.03851537080637425 0.7742406369539572 
0.4180745660059923 0.1311911579845643 
0.02171710532040283 0.841690805419444 
0.42569310283464806 0.04165838243035306 
0.006926156887316848 0.9252648664159114 
0.619459257054437 -0.14047224999510782 
0.008328628768840857 0.9088558933932407 
0.07274374225104831 0.6778887169927306 
0.1917355359792194 0.6135915964218666 
0.4328646473471143 -0.027851944983524186 
0.4475489593044946 -0.11321895899033502 
0.058793079466011144 0.7133966777374483 
0.23816704022497687 0.29181324990831 
0.41326069324823445 0.192293822833974 
0.05283995186296773 0.7201300253661668 
0.41450629651660736 0.1789283648167096 
0.42849616365447285 0.01276953169347896 
0.8336595191574149 -0.6377552393894906 
0.6397412831260014 -0.40480290880653436 
0.0197289346821923 0.8503372494963989 
0.6231713756498924 -0.19678616398989907 
0.061684304386095706 0.6973841053399986 
0.42490680204726544 0.050313034634115315 
0.23103026790140824 0.3297775305302203 
0.21077246605016375 0.4739787061988158 
0.8325092787412525 -0.6209871755126588 
0.4364695363495497 -0.05638123979595064 
0.8437945424078797 -0.7401639028147529 
0.42849616365447285 0.01276953169347896 
0.4227358615620696 0.07446033666032069 
3.895507921571201E-4 0.9822864147260214 
0.2540895127142206 0.2521050989578135 
0.2155979034736597 0.43641690256729426 
0.6454875178506227 -0.4409014830322261 
0.2186713893499091 0.41361892649713744 
0.22170117646667814 0.39136621092053187 
0.41595620115490894 0.157124636124909 
0.0011642696268546714 0.9678424429080041 
0.6215556672246122 -0.17636797462799989 
0.6294352855339712 -0.29394007755967827 
0.42256761360975836 0.0818160189297333 
0.048497944475197174 0.7328306962881491 
0.04664347596471938 0.7403122927731527 
0.4198384153193808 0.10850770174429529 
0.42030702853103047 0.10306499895133013 
0.8311000888185281 -0.5957862393029563 
0.065820146062183 0.6880786118703223 
0.0350725593849604 0.7848127777730697 
0.43908875988471696 -0.07478962435173658 
0.62969483788947 -0.2970468536144187 
0.4165909888070348 0.1484823681614835 
0.6208279543555905 -0.16399039390110107 
0.4118990595094765 0.21455349775401644 
0.20863939207228252 0.48892986074078293 
0.21815980345268868 0.4252216526861322 
0.003502644440645658 0.9437326617258833 
0.6431218711596363 -0.4247635003029389 
0.2140757070411745 0.4527022327855219 
