0.8521184698769737 -0.7725040125642576 
2.9007414525938913E-11 1.0017030128567777 
0.8236023293649786 -0.46296971240017104 
0.6518992985886641 -0.45724261198713617 
0.618444732759436 -0.12366767154858328 
0.45394820806572705 -0.12327540850569922 
0.25873299779911696 0.24335808580793178 
0.4094309696682004 0.24172928841500835 
0.08211193319415663 0.6709493849525018 
0.18247052597946084 0.6696485687750805 
0.2421935987072365 0.2745860061580735 
0.22627059150630857 0.3608248927014489 
0.028800359254560752 0.809407994743433 
0.03444703795155207 0.7853630282429502 
0.19854603929873688 0.5649392199949999 
0.203015854206956 0.5318378081123266 
0.23531271436183943 0.30542376184666387 
0.20550857774491804 0.5126273206297766 
0.011849241207457534 0.8885892654211229 
0.4410155782454565 -0.08654786538764893 
0.22204701475871536 0.3886090493199683 
0.21359001452402587 0.4506997051910191 
0.41670635087319147 0.14692488996995348 
0.23131935317759245 0.3344386103850113 
0.6223212822210409 -0.18962926762028884 
0.4250827822861101 0.048093403495844414 
0.8302685118798661 -0.5858138040010757 
0.04042607084260261 0.7618300521199303 
0.44482897156937623 -0.10448762158082844 
0.41237061261309316 0.2035134321358393 
0.8396782709473187 -0.7112677547989276 
0.8345079680335045 -0.6499195580611833 
0.41857684441173615 0.1238748182951019 
0.0025669481890962242 0.9508584410513543 
0.21996901214736064 0.40475591096723595 
0.6441344459984132 -0.4328300977332561 
0.8268542084162188 -0.5260637764432804 
0.4334058339064864 -0.03297806645913442 
0.007231999333065786 0.9147635657752701 
0.04879403354658768 0.732057136433859 
0.2093934063804912 0.483720000249116 
0.8319816297650352 -0.6088873161412374 
0.832879534216337 -0.6268634886214042 
0.62676026309578 -0.2574308038049003 
0.8374869797916934 -0.6875853845802578 
0.4242493712113753 0.07991120615599853 
0.8434604809076941 -0.7433027903829318 
0.01903038304650212 0.8535111479273182 
0.40967553912041954 0.23808194907889446 
0.8476507388339011 -0.7648895126125977 
0.4280656793075535 0.017251535082161703 
0.6287053110884372 -0.28519692411311076 
3.399924483000437E-4 0.9830294770871403 
0.41483041068021714 0.1714285796607053 
0.023340511564981833 0.8348094795344899 
0.25022031115649584 0.25084173258453063 
0.2103847111684072 0.4760167252088534 
0.18733631630972647 0.6419748337586549 
0.6485535623938363 -0.4513547694445233 
0.6375275291900646 -0.38665207779756344 
0.8418837127778661 -0.7313005448867798 
0.8285496756213879 -0.5567624639470489 
0.07261801059127604 0.6771830402911211 
0.8261128810601173 -0.5116302688216815 
0.18974431174366507 0.6261708619487214 
0.18474063110851877 0.6570007607704974 
0.45335088309647176 -0.11404690645505274 
0.23274770535381187 0.31948234444822243 
0.6305878180194473 -0.30973717338546586 
0.6399978932116782 -0.4075878080422706 
0.4202776596810791 0.10301133219337516 
0.42664190239565847 0.03126497368163783 
0.6250123576182482 -0.2318223779559624 
0.002171159256996333 0.9552507308204292 
0.6246132252372505 -0.224892733867972 
0.007584286727152945 0.9128315405902366 
0.4352804093389221 -0.04754613962179606 
0.21666124520396784 0.4278600476380311 
0.05546606503122825 0.7112438380699884 
0.05413007462672377 0.7187497624703518 
0.43065815849380396 -0.008610962020621355 
0.4372543414323866 -0.062238135728474815 
0.6411556298040187 -0.41632546621401484 
0.8288608086633347 -0.5617919653596143 
0.6215621502476324 -0.17693875227850436 
0.6278016567423823 -0.2720637271284154 
0.824692658733911 -0.4845713622640337 
0.4304747232767353 -0.004530172355898209 
0.6205841235006382 -0.1608154620831649 
0.634201564005967 -0.352935082665415 
0.06182223892698248 0.6998609995619517 
0.8250714874120596 -0.49149144478955203 
0.0455326727357527 0.7484409779039842 
0.21613237511024713 0.4319749296371116 
0.6198866990129259 -0.1491253709542556 
0.1957158396962276 0.5853566412049043 
0.19408005000658873 0.596808274900906 
0.022426930670334133 0.8388940867202457 
0.06886345372711322 0.6827947031557761 
0.015411087226941678 0.8703382215996391 
