0.8517164339792583 -0.7722554578002184 
3.3704738504900314E-7 1.0011020346911712 
0.6521941587317082 -0.45725794848244694 
0.45397201116446984 -0.1228854414852023 
0.6183997110841976 -0.12310229571901465 
0.8237673544968742 -0.4574058741258798 
0.4098699805431776 0.2358779204232645 
0.2573950798519049 0.24355423855642833 
0.18249923578295568 0.6697072058866844 
0.08326582914992453 0.6714100077264614 
0.43016674359546236 -0.0033761758636794174 
0.016650580326691755 0.8648158028266497 
0.04253851024348525 0.7540408437517969 
0.0014296278835747526 0.9664495170632518 
0.034543424859226735 0.7860296801197983 
0.4347204910944595 -0.04172708772929608 
0.8297865558005393 -0.5775746071316319 
0.230168408855088 0.33527339094612113 
0.4264309258668784 0.03381724082007513 
0.01294721847979019 0.8831468442419814 
0.8321079797912799 -0.615043854768238 
0.24363061980650674 0.26954614699628565 
0.6210312116006931 -0.1676022705027419 
0.6233969181023078 -0.20636660937951484 
0.19939261047402057 0.5597816487498098 
0.4195169692556061 0.11205340698507509 
0.022975248186883165 0.8354121553461371 
0.25503883103575004 0.24805373075568957 
0.6330817390197401 -0.3398513472968532 
0.6434328750724583 -0.4306497841215747 
0.19622825368398739 0.5830931411194598 
0.18888065032860396 0.6321463514460645 
0.8409124420389735 -0.7228512060591621 
0.23311388575972075 0.31809777807562156 
0.6275970847027158 -0.26889796998480964 
0.4223696096382725 0.0784600961855191 
0.030095001416452 0.806151846293496 
0.6291668429549679 -0.29079705460200084 
0.05554463623764788 0.7117596116556321 
0.05957424688611382 0.7076578445060606 
0.025317190360055558 0.8270084042009108 
0.6396439336618618 -0.40463619245476595 
0.22261293125747214 0.3842758825091798 
0.005643787599709571 0.929675945198191 
0.6362295591566012 -0.3741225224932889 
0.21544512377078387 0.4374285408147473 
0.41126267792707966 0.2174113150638731 
0.06592323959774882 0.6880426565233893 
0.22586103157557644 0.3638399212721588 
0.008469477831980377 0.9075499053035877 
0.43593058851228783 -0.05273665011993986 
0.8262891438987373 -0.5142128099065348 
0.19100182897446927 0.6183437306243222 
0.049388133345337426 0.731970084854939 
0.2200432113155599 0.4029759835647572 
0.4391236682716505 -0.07162658577534475 
0.6362295591566012 -0.3741225224932889 
0.8337292633786425 -0.63733207586273 
0.44725526101492774 -0.1127184892456388 
0.6261777515419246 -0.2489748339809433 
0.21372978317572341 0.4500774109473719 
0.8238410392376713 -0.46410403777800174 
0.8275315142258332 -0.5381010256693313 
0.07041674426654732 0.6808351077629232 
0.640305613836281 -0.4095262649024866 
0.208498775433882 0.5096752249160968 
0.8355489697516224 -0.6602351527440516 
0.2086361441738177 0.4890833705570177 
0.23675138203131432 0.2987515512263519 
0.8439778174844242 -0.7460813793845521 
0.4126341737262586 0.20067297213246454 
0.6254809675828857 -0.23876708574612884 
0.6305623539835041 -0.3095956876071771 
0.04591482815289405 0.7419151774899168 
0.41501170136830395 0.1722723852160521 
0.2184006410502258 0.4186839274795502 
0.8464948088206874 -0.7603593625494729 
0.8358056353888489 -0.6664314472813028 
0.2047018683343959 0.5201733489734874 
0.03362056803301411 0.7970171834091392 
0.8373345870710975 -0.6861640390821008 
0.8390923408607104 -0.7052455462461327 
0.24145462650031818 0.27787894189566476 
0.6475001262778618 -0.4488071565413619 
0.8253462804345613 -0.4883477045676406 
0.007824436401315527 0.9117983730478361 
0.8254016344923161 -0.489421282873603 
0.4176542305113413 0.13513930835508067 
0.4184075707077437 0.12625920461587614 
0.4449347226749503 -0.10532752963761376 
0.4263956869908876 0.048889013601384826 
0.20206240389563104 0.5388707127003833 
0.6321517693826462 -0.328129888092613 
0.6198096777357447 -0.14202253623535646 
0.4232557723435293 0.07221279718797093 
0.003243134459014932 0.9453651036955569 
0.41591158901859526 0.15733907593556903 
0.4165984308723646 0.14949342718385192 
0.8335151977290092 -0.6279419196481356 
0.23888930023443056 0.2886165811552865 
