0.8516241095734238 -0.7726083142807062 
1.1149042931408873E-9 1.001773215553051 
0.8233808892443061 -0.45811483756637683 
0.6528018968263476 -0.457506982574805 
0.45347780808088756 -0.12328820947949228 
0.6184630198457964 -0.1242940366442186 
0.40938683391864 0.24311903228761217 
0.25807392638661886 0.24349481307929674 
0.08153309295203878 0.6713366397068544 
0.18241169458059783 0.6699244391910502 
0.4127833926010776 0.1971585285607435 
0.1877651717464346 0.6387979678163024 
0.1958365808273075 0.5893103108911082 
0.19282065033099263 0.608566001077635 
0.4161957554032897 0.1536227361133314 
0.21226187671498659 0.4634088255451199 
0.2386831984534602 0.2922629422325493 
0.206170046998847 0.5089276984123067 
0.6210059319592621 -0.16764686485482758 
0.8247899649685025 -0.4863133074124244 
0.6248109297001122 -0.22870516281553172 
0.4260211806252719 0.03801903602958726 
0.6352341383731324 -0.36350804297310607 
0.8401244619162855 -0.7153321592492713 
0.003982543441480607 0.9386235235460835 
0.017729528083116425 0.8631027199452941 
0.22179888125394837 0.39018326697360856 
0.001851491882668338 0.9627062670376838 
0.03394417379567616 0.7895116160204615 
0.021919102173456773 0.8400082221447772 
0.2155757502867543 0.4358409193933094 
0.02916718688937059 0.8074621053468295 
0.421268905900844 0.09132583180273757 
0.23311051612077885 0.3174776030061017 
0.4504158315897835 -0.12018401911250869 
0.8370044946252756 -0.6819021321930867 
0.24804333353633165 0.25579158545784 
0.03793245690927677 0.7715975901334239 
0.4379534934556438 -0.06687066465067475 
0.6199157814902861 -0.1283696397212323 
0.054695160310878066 0.7136083216824458 
0.44257789895282207 -0.09401359239135583 
0.02543865357220393 0.8252791739366665 
0.014375840083315172 0.8796148832517632 
0.8475709655783346 -0.7533177576993936 
0.1998561097082864 0.5549539892600729 
0.6380142530917992 -0.39059485926211546 
0.6482347671587518 -0.45088950714155135 
0.05110705994752299 0.7245610730647342 
0.22661137050941446 0.3600894966266763 
0.4241174783166338 0.058843071159747844 
0.41844899944989866 0.12501069829251008 
0.21816970413575787 0.4162820366072952 
0.4328784830285895 -0.028658954540639884 
0.42968005006303395 0.0031705477839846733 
0.04219479176976658 0.7557855091987263 
0.8262624418941763 -0.5148964132338301 
0.18665115135752824 0.6640532397563128 
0.6394639219288992 -0.39988677742022705 
0.4358640454262584 -0.051696970048517664 
0.82936568680342 -0.5703848211061064 
0.8320006281201564 -0.6134074411288005 
0.42022161719525836 0.1040611317687088 
0.6343986126338155 -0.3382258582754146 
0.8362286462592007 -0.6722823421396363 
0.6228503534396728 -0.19792990763115625 
0.429767706258737 0.0017235567423335154 
0.06107594930322183 0.6969904672863665 
0.6285272235059767 -0.2818602708130845 
0.07290878223803021 0.6898640068817383 
0.6305314456396838 -0.3088528618888719 
0.8343788867587267 -0.6484964968285757 
0.4417514846988699 -0.09008367242920325 
0.07301958565386854 0.6763996285422632 
0.6422046479136587 -0.42307260001090646 
0.2314735401978405 0.3298438839251343 
0.8310010144691126 -0.5858591472376191 
0.4107688121865295 0.22378757226189216 
0.8418862234885132 -0.7315446240236894 
0.21262398402949506 0.4582942569259622 
0.6436814245152058 -0.4320706909600219 
0.2203615873210891 0.4023653803927971 
0.4171690431994002 0.1413254831978453 
0.8279930228233243 -0.5465696270470084 
0.6266304232894908 -0.2558646617696385 
0.25493820908232295 0.24477046823858234 
0.006831056445484393 0.9174659106059674 
0.046285240289155816 0.7404116581738462 
0.06284518394833305 0.6927396904317322 
0.6290033089868478 -0.28857335786916577 
0.6264616338380342 -0.2529307178433928 
0.41157334632410064 0.21299217499524825 
0.8325852924753622 -0.622593471210931 
0.24255016093442572 0.27342613945646127 
0.8338071863577041 -0.6400399660176372 
0.24295322823293625 0.27096184991999434 
0.8267960479126262 -0.5245701048661005 
0.8478084291823801 -0.7657279599489661 
2.443397743381315E-4 0.986026436469898 
0.007559101803204571 0.9139104436149247 
