1.6912211380296083E-7 1.0006766030764462 
0.8521460236921241 -0.7726204319283655 
0.6529655759603172 -0.45770664096956515 
0.6185007290597916 -0.12544520700761905 
0.45399050330991153 -0.12349924952751341 
0.8233685024291032 -0.45823733466046196 
0.4094555491564012 0.24094087067874528 
0.25903115069495797 0.2430050767015144 
0.18234046522092884 0.6698474941115782 
0.08281893520097294 0.6704752764837206 
0.06325539773263743 0.6916532689092161 
0.1905612808559389 0.6203325131943591 
0.006785332085467971 0.9187333471101841 
0.05245161292906861 0.7199055667442407 
0.18577497159019954 0.6502917234481729 
0.41454383487095225 0.17529991063049638 
0.43115353564548276 -0.013414014427608024 
0.6420257475118201 -0.42229133219338294 
0.6265342733980906 -0.2545458399490604 
0.8365645426305359 -0.672746112508068 
0.43476511695920983 -0.04311824098539012 
0.004334294014900949 0.9347281580393487 
0.6475193790458986 -0.449584830703898 
0.6379676559411014 -0.390767048584791 
0.012976961671126469 0.8819228624373244 
0.24988188529409028 0.2513204041548916 
0.1941074370279363 0.5958133775189297 
0.22487270805202894 0.3684430431568818 
0.20735178519759986 0.4980093858339241 
0.621358524631177 -0.17050918190111908 
0.6198989325568471 -0.14945694272362278 
0.41689337875230376 0.14424773374162406 
0.4288491807634163 0.008640890674228043 
0.4205718251048126 0.09939693436524863 
0.8462017581367562 -0.7594575843060251 
0.6299527519739316 -0.30206459537307595 
0.8303342683508295 -0.5859524720368501 
0.20390721387425906 0.5243835425933165 
0.8258777009760533 -0.5076476050777283 
0.023402339514024262 0.8326429100083328 
0.8392277434626448 -0.7069772017192736 
0.8348690711990481 -0.6553940383194751 
0.23516330513315273 0.3059878430034145 
0.44496832783254925 -0.10561189527819735 
0.041947352269219085 0.7555667742049591 
0.4413902513381608 -0.08724378189223118 
0.6246682353071924 -0.2237550258326081 
0.2277515990634661 0.34919593782253194 
0.0012901942321559418 0.9659352465173067 
0.4125288252231641 0.2006251618198541 
0.6226254494618341 -0.1948410547742711 
0.6315040438395019 -0.3217378017823004 
0.026614315067850725 0.8184417553605366 
0.8316259428390224 -0.6078509430652576 
0.2151598462935445 0.4399770382459454 
0.048828143838741844 0.7314476746328584 
0.19648589775063918 0.579170037863408 
0.23215666539363855 0.32265651693928143 
0.2442445187975325 0.26645738310471984 
0.43689341794426817 -0.0602995914420102 
0.045627986523042896 0.7461804066109798 
0.22213150823607786 0.3894613705813112 
0.20359919348073957 0.5379851981324743 
0.07473953182649393 0.6742885407085119 
0.1999318881952834 0.5540630031854684 
0.01680382152107454 0.8633747713078959 
0.21091412086096195 0.4705496231945502 
0.634483146118402 -0.35592378538543146 
0.8333111676365503 -0.6334498895561024 
0.2300748676460841 0.33548815162474094 
0.031126433721395057 0.8030322209539912 
0.2094371217269661 0.4848177403650014 
0.8247078308839584 -0.48512402733157167 
0.23855085478870672 0.2901112107748774 
0.03244221272019421 0.7950278715702415 
0.8435183271250383 -0.7414215714573316 
0.4263932864976715 0.033615790469715835 
0.42450373302339894 0.05517206705149431 
0.8408501091405668 -0.7109683933431585 
0.1988999836213306 0.5655039113738253 
0.8288194862445629 -0.5557156940347875 
0.037373742772602934 0.7732397889206826 
0.42300911860138873 0.07051121252894352 
0.41159426557773116 0.2127887263060556 
0.42695705586412597 0.027490997026119287 
0.2176284010066132 0.41980774818156946 
0.8234207069827474 -0.45916340493278957 
0.8326398473391877 -0.6234631518153914 
0.01680382152107454 0.8633747713078959 
0.827209827707224 -0.5331462908587038 
0.03586272334234478 0.7796504524570056 
0.22035373729531124 0.39992936218624286 
0.6330345199395728 -0.3388721938237753 
0.4182843976822732 0.13322235511514835 
0.6286134235177739 -0.27899671704560086 
0.8290049496207207 -0.5647199406312702 
0.01376204343806739 0.8783985351038045 
0.8421376534523107 -0.7333399941246851 
0.8272442968381039 -0.5334564449163328 
0.21716310441957948 0.42335797725260793 
