2.0445818049288694E-6 0.9999777111276326 
0.8521103160869825 -0.77262214518467 
0.8234057172680469 -0.45908273256197035 
0.4540761073475593 -0.12329377415419547 
0.6524062392068987 -0.4572879302124093 
0.6184751752891117 -0.12472154900536034 
0.2585942976452669 0.24339706711579748 
0.4094780632073213 0.24078556592550754 
0.1825491731883943 0.6691156991663866 
0.08428253258463621 0.6710737196447382 
0.6373784542713141 -0.385284084025825 
0.6409181747636312 -0.414681681928729 
0.02134256581549257 0.8426844553051346 
0.631164765334667 -0.3056615043917429 
0.4144943380091478 0.17481427496642135 
0.03150093808695048 0.797730509537547 
0.8414110916220876 -0.7271666384928195 
0.417265066469383 0.13955675599467132 
0.6462244969757875 -0.4424716267272735 
0.8276649212800559 -0.5410899929909612 
0.4246896862213101 0.051659558989645575 
0.8298342948674715 -0.5745209178435688 
0.06320435690313805 0.6920989273436622 
0.22120534606456593 0.3944164114150005 
0.8395699058500489 -0.6896540268357214 
0.057672358894461206 0.7051262153698222 
0.8257609109393552 -0.49308463458788626 
0.43811695635071674 -0.06868972157829122 
0.04463478292901314 0.7457746798614767 
0.8324065237560918 -0.6199853814881204 
0.07283712890713337 0.6766795316015897 
0.035863779181191185 0.7801956690097519 
0.010170265593216127 0.8979190793798281 
0.8369761767580031 -0.6806717510137903 
0.0019933982240480375 0.9571541935810493 
0.6335257649124325 -0.34569298771567275 
0.23902633906772333 0.28762184584020767 
0.2465759714068819 0.25945025054694276 
0.8343948701710548 -0.6488339479590209 
0.6335090937930875 -0.3439940202104592 
0.008943713961608035 0.9047849420380356 
0.20687424417695144 0.501929870379651 
0.01595678450837218 0.8676924448978318 
0.19703748082118416 0.5811340740561388 
0.41896352053130503 0.11910450317783237 
0.4213685106339403 0.10692311374724896 
8.516609694136368E-4 0.972590942296321 
0.22811991331814713 0.34718350122234326 
0.18631609189026888 0.6471302378247179 
0.40985360155014794 0.23947061363142905 
0.2149372625387306 0.4403002693979022 
0.23156243714323843 0.33795163180337146 
0.8290371722035736 -0.5652113558521228 
0.19034839284147032 0.6216960294856141 
0.4331754117091755 -0.01074749340810572 
0.42196765537990594 0.08271098570688766 
0.04000220153581191 0.7634434871581413 
0.4120416491309706 0.20759777558795522 
0.41315647862535293 0.19781367187971757 
0.2106895140316194 0.4743423922213925 
0.2499711935491524 0.25122528504471486 
0.05152720427615115 0.722708281159958 
0.6201660267289097 -0.15370760079872145 
0.2343919347897803 0.3108007897447384 
0.21838475189908288 0.4148933151980624 
0.20984933444218556 0.48336560445344917 
0.4331946308903054 -0.0312841845489028 
0.20500110322752263 0.5165864925615232 
0.19435456514964988 0.5966806116396192 
0.004902370157800873 0.9308267015246044 
0.19951538871188876 0.564882225768132 
0.18827780098352925 0.6355674508561693 
0.8258777524555814 -0.5077128949485046 
0.20339217563841372 0.5300465649324376 
0.42682111250233545 0.02906697590333516 
0.19262650609162507 0.6068865455681335 
0.020552271213110308 0.846093275286515 
0.4421381486711512 -0.09281438687056154 
0.43581716003505244 -0.05250335118728396 
0.23846723260480335 0.29162094168030683 
0.217371280717924 0.42201835092164114 
0.004902370157800873 0.9308267015246044 
0.05152720427615115 0.722708281159958 
0.623837217137116 -0.2001660471377112 
0.8337336133785282 -0.6394220780581663 
0.22486117827950788 0.3683582832487643 
0.22439772642890726 0.3715546891110914 
0.2016440790945476 0.5432125833438408 
0.42896045126777876 0.0076136168658586904 
0.07904153512161416 0.6728365951354887 
7.694289573358798E-5 0.9926542198168993 
0.6213689263958333 -0.17382955732649097 
0.8438665729486036 -0.7461312484798002 
0.6246690697255625 -0.2264632666159854 
0.6200347494941546 -0.1407898070465107 
0.4464914347433098 -0.09822481935885781 
0.2131371010950216 0.4540305436862049 
0.6515225902488148 -0.4568070041202905 
0.042143803721807094 0.7558403604438215 
0.42993653207340293 -4.122376346907627E-4 
