0.851433851882487 -0.7724229197655738 
2.0901414713966112E-8 1.0018123877027294 
0.6516461934202075 -0.4569782981973746 
0.8234378283314499 -0.45909025296290557 
0.45460035393589004 -0.12316362267517741 
0.6185078785518788 -0.12497177344127079 
0.25677083671793743 0.24318323242791573 
0.40946346851697946 0.24150409008011145 
0.18279115047806474 0.6679656125565047 
0.08351967352366078 0.6713615194955939 
0.21014572656779792 0.4772113087356418 
0.21464449564209315 0.4432939773523156 
0.8270955906252488 -0.5195856296176243 
0.41943287088153286 0.11312156682891268 
0.42314044684517793 0.0717483485483152 
0.8296421519356978 -0.5757620511055469 
0.002465560698526048 0.9515489949566535 
0.028237480008449754 0.8125699804196327 
0.827947082099225 -0.5413032909863013 
0.022506976340902166 0.8373464742892915 
0.18656001997170246 0.6465652296292103 
0.824410269856255 -0.4783928434426161 
6.953360574925896E-4 0.9766307600601137 
0.005734125802679735 0.9251319564459819 
0.4435653707353091 -0.09897189677914582 
0.2175375102709884 0.42149013670373303 
0.056155820839686954 0.7114141853729357 
0.6430507813324271 -0.4277306459697939 
0.03968852920433047 0.7647006812058253 
0.6214892915248293 -0.1752844642571737 
0.01905813174931456 0.8530920370521484 
0.19956849034837576 0.5664487742584248 
0.008413559440201446 0.9086403999887623 
0.20646802060288535 0.5064037799364881 
0.6260924364720308 -0.23375934326794437 
0.4272678056956834 0.025365497167527482 
0.6228666509310112 -0.1976456649074727 
0.43216407479223506 -0.014121479221164029 
0.012108955893677387 0.8873042127334732 
0.01518742420245026 0.8739266892070263 
0.8310028555444202 -0.5975539063954786 
0.04501176308299408 0.7472665081702097 
0.6289515987548312 -0.2885677493816077 
0.2360195417359433 0.3021062781279847 
0.06579788189342228 0.6947641637505754 
0.8457542054272993 -0.7564975930468745 
0.1921860928052136 0.6118587795295306 
0.2015306668424668 0.5433758664263693 
0.4138390850311135 0.18425070828376128 
0.6242423644339656 -0.21899168390843987 
0.035909551984437904 0.7806402239585043 
0.04865614187584821 0.7347787391401935 
0.43922627200688724 -0.07344184727835477 
0.8360454800928563 -0.6699340367322607 
0.8349850685013456 -0.6490656848853882 
0.4254262912146405 0.04393699697241068 
0.4113357762969706 0.23462242641476433 
0.8399525827619911 -0.7137264286091838 
0.05256880755798398 0.7207605130924515 
0.6398732231656954 -0.4063628495056993 
0.4365044614580579 -0.0528823747764101 
0.6318490826799473 -0.324778758865348 
0.8323721103288637 -0.6187650213870133 
0.19511898974236241 0.5896981889700869 
0.07197038511571857 0.6783268739666098 
0.838349697202548 -0.6968118270000131 
0.41714699689539747 0.15958774318155644 
0.6271406139085903 -0.26321836331791715 
0.24105044553304905 0.2926143578238789 
0.6369179102693818 -0.3711719447792071 
0.4240783383694609 0.05890050518649031 
0.1960988289339629 0.5833085195237763 
0.2277787352796331 0.3553554627641309 
0.8377367194941895 -0.6842898004850965 
0.41752583793738274 0.13633522338026643 
0.24345914336112198 0.2698170055738408 
0.41529804711723106 0.16553810905996016 
0.6369811640013797 -0.38127680644788137 
0.6398099694336975 -0.3963772119788656 
0.6467007935389294 -0.44494296654458954 
0.2249444857763635 0.3684561407778329 
0.2226472846135916 0.38733639049419505 
0.03290661577634622 0.7970881949011113 
0.22956490108170466 0.3389076971463148 
0.06658270981613906 0.6857473944826922 
0.6190070249966344 -0.13161948160741455 
0.6273131612505741 -0.26491481427267344 
0.4121007141618728 0.20733221467228508 
0.43399420976559033 -0.03749837894239879 
0.6343266427451018 -0.35419301891441535 
0.20500905851719567 0.5173996647825121 
0.24111498222191574 0.27921538614218894 
0.24673854642595694 0.2593624427492169 
0.23231650610950622 0.321978495266947 
0.8434011370817001 -0.7422695733535599 
0.42947976240019936 0.002898023928466976 
0.22034455641736844 0.40094836150765967 
0.6200741887194756 -0.15133829326035794 
0.8417288683126694 -0.72943154654262 
0.4182202426762734 0.13015593719206447 
