8.37537363768126E-8 1.0015610248938152 
0.8518108914595476 -0.7724533293529401 
0.8234603489608328 -0.45974763563277365 
0.6526235180711175 -0.45724729259617086 
0.6184121145717705 -0.12358614017714258 
0.4543395015584075 -0.12309975587269448 
0.40953696969032477 0.24032861687328005 
0.25814278627336074 0.24336966909453236 
0.08271503760122462 0.6708384518927054 
0.18355437201294564 0.6635228853457001 
0.19556319349351076 0.5865315952013123 
0.8332525080448432 -0.6319744514739916 
0.2019357729692164 0.539765258048314 
0.4235385929265875 0.06537746086483069 
0.8363868692348401 -0.6746696501484182 
0.42024596152917926 0.10337013074074355 
0.6259801186413783 -0.24591396351763356 
0.06654194696856744 0.6868254108996721 
0.21663731201360914 0.4280212292549251 
0.2305480557713265 0.33331418766917437 
0.6297131893042986 -0.2983002000820267 
0.6327936165644559 -0.3365587530063346 
0.6244025569590581 -0.22037132903545503 
0.24252170968681258 0.27302693644496173 
0.23869500783588526 0.2891809253962211 
0.225514964242317 0.36451615743786386 
0.23339924357588682 0.3164353332107064 
0.6284549375697767 -0.2811591516807434 
0.41452995290224387 0.1748989612471495 
0.6202870031372165 -0.15525220051269412 
0.25045269054895447 0.2508077550763963 
0.41635298494199047 0.151503944993265 
0.03283648265884198 0.7950299000677526 
0.825201013677447 -0.49453949762243365 
0.04121289588587464 0.7618436808411642 
0.41845710163513383 0.12566530038838497 
0.8295359715268975 -0.5733276455135903 
0.42749303252840765 0.022799125923148183 
0.2121436579887686 0.46180837805227815 
0.8379969496501027 -0.6935771283935291 
0.4256874714415046 0.04158390495999313 
0.03766519669016094 0.7724259284462058 
0.6223962747704347 -0.18982011972633633 
0.8273102853069375 -0.5340505219522665 
0.19293073732224472 0.604654330258377 
0.4126429664232464 0.20243193938257642 
0.6388644274177627 -0.39831663590813166 
0.04754372143322144 0.7366818877051842 
0.433209589972852 -0.02037600181235191 
0.18765190637229756 0.641005319557303 
0.4299786638395945 -0.0020575243626776074 
0.8465277578762856 -0.7604228815784094 
0.8314063041706521 -0.5964253467917366 
0.0038877137348189428 0.9390474658002698 
0.05516321903782324 0.7121317049339657 
0.8317607853254038 -0.6097079618044013 
0.20670228628711043 0.5035284601837252 
0.6214986099944496 -0.17579567482751596 
0.824628570416926 -0.4832670680385698 
0.062008611207517356 0.695550398409599 
1.4280221033095147E-4 0.9907176065318599 
0.4352996754128512 -0.0478950668820262 
0.2232065017067109 0.3800816926464066 
0.6342116989749069 -0.3532200536448597 
0.21167381051662781 0.4702297950423031 
0.19023518610353563 0.6238775628149607 
0.6463667313432648 -0.44450559223026387 
0.6407045450683536 -0.41244965736854805 
0.049698794561277904 0.7290771254339207 
0.8431713083956001 -0.7408900498527522 
0.8403755018826263 -0.7174045296481458 
0.8281302826293487 -0.5488622140176531 
0.4463013482026288 -0.1099298603185382 
0.0015244766240928576 0.9676595563317832 
0.20461225658532048 0.5255178532695965 
0.44365950689436895 -0.09927003369645654 
0.012064346982105068 0.8880682897635507 
0.22154316152271514 0.39239372517242777 
0.2086621561603319 0.4898815305767946 
0.05774650431418933 0.7057259442973227 
0.01633765625182748 0.8731403649056959 
0.21910354516661254 0.40938109453158184 
0.8407104293466584 -0.7206870029650673 
0.008972322149809586 0.9045614481631616 
0.4107446506104497 0.22523896644799438 
0.02249070328684427 0.837421381163062 
0.02858311731576313 0.8103823524477867 
0.44979648942763073 -0.1189713909265249 
0.008133243906242926 0.9091127825291148 
0.0016669273912858218 0.9607099915054814 
0.6424648509404117 -0.42500194990911716 
0.43933275864884846 -0.076363776425446 
0.4116104617991925 0.2162157509718969 
0.6355164977728556 -0.36686322608269495 
0.8440202949050775 -0.7468374785646033 
0.026238133781594383 0.8295827348093069 
0.017470730750167862 0.8603165539976946 
0.4310598493213811 -0.012152907110724821 
0.6363777968228332 -0.3754135861220234 
0.005727171855668234 0.9254124606267274 
