0.8524276852823834 -0.7722623579422351 
2.5048448037967574E-10 1.0018234088029871 
2.5048448037967574E-10 1.0018234088029871 
0.45378869922193327 -0.12312992057272536 
0.8234618059270563 -0.45927432987834893 
0.6523972325276612 -0.4574917791738195 
0.6184582209535909 -0.12415798218233906 
0.4094598848595339 0.24102011283287253 
0.2573403441838309 0.24326223478926223 
0.18348073730607406 0.6642633556011798 
0.08491292253277655 0.6710375671841247 
0.6226793947422105 -0.1946831449794309 
0.039072926987582024 0.7669126639681418 
0.8338328234572759 -0.6391404184889227 
0.05443815720343065 0.7144023775218893 
0.6281973995134887 -0.2776505464406635 
0.8315738515335298 -0.6062757633989108 
0.4109019761917172 0.22187319399972705 
0.20991212660582578 0.48000385967170556 
0.4138446665769995 0.1839869859037828 
0.43579418819426496 -0.052109956403577525 
0.013270092595762895 0.8814005783830307 
0.4409028622966354 -0.08511940650404604 
0.42912102460276313 0.006199348810790083 
0.6377945837350408 -0.3890509054674328 
0.21770229502033678 0.42023308882549243 
0.6292846522801393 -0.29279624030202334 
0.42523946835613763 0.04729382122457556 
0.6254031255253721 -0.23437279735746233 
0.6326362195416526 -0.3240083661255273 
0.018142018683372993 0.8571075513449077 
0.23859377376589277 0.28957794825511796 
0.4320602885460057 -0.01934363698821231 
0.8360041500969646 -0.6672749332514343 
0.24306511291809546 0.27096952431628646 
0.19026672568145778 0.6224625997036233 
0.03380291536828223 0.7879676624158689 
0.19917466147722723 0.5617004546053359 
0.422690677908179 0.07438653403348867 
0.19324768113247484 0.6077700570176173 
0.4473552689568992 -0.11162891474323489 
0.00625133281896556 0.9249381254209338 
0.6401706513034104 -0.4087869836884033 
0.4269806273015229 0.02775136452340908 
0.06128411611226803 0.6969167857499406 
0.8299699245832441 -0.5808727907923694 
0.04671556623190304 0.7389470563758609 
0.2054987910419062 0.5128852970787938 
0.22024554140210884 0.40125311064897795 
0.8386648982353231 -0.6823035921492344 
0.624904069553381 -0.2295008425310672 
0.6203634123221595 -0.15669532945385833 
0.42135794160137047 0.08998681446267545 
0.4174915057661226 0.13731097362277167 
0.8391834305223304 -0.7060695177184216 
0.6482915695909923 -0.45086606713735594 
0.6350814524595768 -0.3618472615874916 
0.8446331223629643 -0.749477502935697 
0.8262753188815509 -0.5143047792555527 
0.04730024433701524 0.7370953237274315 
0.44276291878733776 -0.09564685315124341 
0.8287326243606781 -0.5478667251799676 
0.21234467691990244 0.46139767184727953 
0.030746183470623356 0.8014131235583993 
0.8476199578513837 -0.7587622123935542 
0.8270049903476536 -0.5288700022406133 
0.24796932054142726 0.2564502635852073 
0.41955474869933446 0.11159405405888682 
0.23489558400575283 0.3078405152566487 
0.4156813234811494 0.15991266616747762 
0.0012279178310257988 0.968511967832624 
0.215214011520784 0.4469928927961422 
0.8417121868478463 -0.7293623972217625 
1.7495827790657212E-4 0.9947946950299346 
0.8290787476222861 -0.564355760866174 
0.1869231888351911 0.6471190997146733 
0.20227359611700796 0.5389481376259647 
0.07912606093366387 0.6719208569669154 
0.07122053001264303 0.6786393550356828 
0.00977161241682517 0.9008215420126722 
0.6202479487059988 -0.15492200893991592 
0.6330735638414622 -0.33971136729255746 
0.003273139932073399 0.9639780093619079 
0.6438188171108901 -0.4329942714423848 
0.027663231102631747 0.8142072747873893 
0.618560347698809 -0.12622347548915164 
0.02116680857362914 0.8430685461762683 
0.6429664773423567 -0.42821872379824577 
0.2512486634433463 0.2495890958118956 
0.22904767261866538 0.3435280440637119 
0.8241422752671779 -0.46564847381396807 
0.8250488151440243 -0.49129316748306345 
0.19594971262486466 0.583799558386229 
0.23143594871650508 0.3279988169655642 
0.02557007070101691 0.8242766366773366 
0.41866388519182896 0.12248742687364092 
0.22578700671202057 0.36285642839366417 
0.2014473498241008 0.5437909864628592 
0.20502659972435228 0.5163760659134532 
0.19603180341865334 0.5833752530667405 
