6.093346789814215E-10 1.0012535991383722 
0.8522040796081796 -0.7726994103586589 
0.8522040796081796 -0.7726994103586589 
0.8234239624367132 -0.45871575220500527 
0.6184161604315246 -0.12379216615492503 
0.652131282049023 -0.4570330142684898 
0.4541642127451364 -0.12328802769179595 
0.4093530698969877 0.24311927554224608 
0.2572574305339853 0.24376175788817112 
0.18224411840453053 0.6709601794360214 
0.0831987946470185 0.6709900666686587 
0.8258388857247775 -0.5069965447525611 
0.8291275920920409 -0.563334546841181 
0.8388578349032122 -0.7027952173124117 
0.41389544400379064 0.1831052196502137 
0.2277213071848187 0.35867247077373265 
0.8325380155195001 -0.6204252853658252 
0.8302783026052817 -0.5856602764992523 
0.20083726063409335 0.5478903470783809 
0.630923551608474 -0.31308376611837896 
0.4170422222760095 0.14230570027346995 
0.8339420351299932 -0.6423583154857758 
0.6216094491582044 -0.1779155812754455 
0.22122828314554888 0.39398572652575653 
0.4335187539821105 -0.03393998647008256 
0.0014241676342484494 0.9638307316461269 
0.004508736274002001 0.9459986610539287 
0.02187362884995886 0.8396147595063981 
0.824570162778459 -0.48228107473392373 
0.4119541695706158 0.20788575320408617 
0.18856033269449987 0.6338839394961213 
0.19327550321067893 0.602885737201318 
0.03184202809426606 0.7962309691532681 
0.21295175976464722 0.4556425935162078 
0.6241425534826452 -0.2179146467661473 
0.8457909427494081 -0.7571817061960653 
0.18607891683039463 0.6487770693468035 
0.23350808123197594 0.3152052598935559 
0.43697339399347884 -0.06062897000754501 
0.6357066938794458 -0.3680935182256194 
0.23705121645360605 0.2971336011051942 
0.42846219196470453 0.012350739456458298 
0.22087594543329786 0.40010595028670254 
0.011261996990538592 0.8920735845287164 
0.6264765163769999 -0.2533727980567623 
0.8425195181423796 -0.7360910532764684 
0.0065541615862734215 0.9194775129469599 
0.21615061263505164 0.43158024220851415 
0.01953534857968159 0.8627835079650293 
0.41796150513045693 0.13113248569235156 
0.6384807270822863 -0.3949879772198173 
0.20875046759472274 0.4883944918004868 
0.6464168717289847 -0.442941911099703 
0.21048462342211507 0.4743359229672347 
0.6420728120404173 -0.4223091228088622 
0.19225886317968816 0.6090867175677332 
0.41175210269684914 0.23183479733476342 
0.42010629813327793 0.10484118024092319 
0.6269125947492249 -0.2596409746354899 
0.20605375450877791 0.5083329598666012 
0.6336165132704124 -0.3413131057273446 
0.02694479362069757 0.8218880308771965 
0.44639447982422 -0.11068139703928884 
0.42514862767267714 0.05563774677977276 
0.06922877216349277 0.6816303319195642 
0.8367731573111181 -0.6714281789043515 
0.008285956878224976 0.9086824204783946 
0.19877561186590953 0.5703752128639525 
3.518184744566964E-4 0.9924089557648069 
0.24052654263725434 0.28134452081684075 
0.23052442703077608 0.33300366819126 
0.6201890026327048 -0.1530266859235188 
0.06294048699469368 0.6937609262076005 
0.43109419985376785 -0.012637826074749647 
0.44051363008718225 -0.06826274284431463 
0.6231770949597446 -0.2028322218942369 
0.4426568866482999 -0.094370189220697 
0.036640361408791344 0.7769186117910654 
0.04666898119441487 0.7416046850010038 
0.19877561186590953 0.5703752128639525 
0.05130412544510267 0.7238310926319186 
0.628933714485115 -0.288194019860459 
0.8367731573111181 -0.6714281789043515 
0.42121179752509463 0.09751508243146792 
0.6197237565179017 -0.1460943008073734 
0.638246419720301 -0.3865303177982013 
0.42592987580189723 0.03839918889071697 
0.04276588558440961 0.7538717830050906 
0.05548991188983121 0.7123396295349594 
0.22906414764713834 0.34170281210439335 
0.42702053013204566 0.02719280627531223 
0.6337081347704067 -0.3471960055385515 
0.2454054118900392 0.26340328597617596 
0.2157902072510714 0.43433326431587904 
0.014665051235525528 0.8739371841068192 
0.4224804603607055 0.07668342812112793 
0.2047580737668205 0.5200070107570646 
0.44115234776128875 -0.0870224026073567 
0.6428177820426162 -0.4270870013699225 
0.03439885906416784 0.7855937943925115 
