0.8512892858379753 -0.7723453548172318 
7.260790345735291E-7 1.0008916862171326 
0.8235688031712024 -0.4621589374174451 
0.652423539329649 -0.45708592748594706 
0.6188317303857234 -0.13059213637147626 
0.45357017039851794 -0.12285578031077271 
0.4093189548007843 0.2433233828723688 
0.2578613930108624 0.24336851278199775 
0.18238499734934824 0.6700333136525004 
0.0823031300547816 0.6715783835592799 
0.8254568744791468 -0.4994510096761559 
0.6426861699751124 -0.4252767503347693 
0.8279055854763554 -0.5424847548078393 
0.22881536942321506 0.34346637318388423 
0.22427626646474097 0.3771800992719109 
0.2176925884054816 0.4202928855540711 
0.6301465906432516 -0.30353091993857423 
0.19616503822165382 0.583704940728775 
0.41202052715666937 0.2079816935265232 
0.6389909342027407 -0.39927346918808504 
0.6261503099513648 -0.22494436475023047 
0.0023424674868648006 0.9531807784730189 
8.686760639270985E-4 0.9765108227004383 
0.8402677021734708 -0.7165931773103856 
0.4362423310380672 -0.055016604926069766 
0.649113632831506 -0.4533054689996722 
0.8430062690947688 -0.7375859739961871 
0.2510511680583619 0.25170092738761335 
0.06380211169876332 0.6914153833172936 
0.2034417152696028 0.5326004590909821 
0.20593018785509992 0.5102253985931291 
0.41452913972883587 0.1779873161561677 
0.18825105375618112 0.6412350375149448 
0.6280280084957762 -0.2740884407388184 
0.8381768923803292 -0.695187186417378 
0.6376943124185156 -0.3808120034660387 
0.6230493155807901 -0.19679440897823153 
0.42281424942850043 0.08255278055225598 
0.023846838783016494 0.8350121192212429 
0.19176441010698783 0.6135955984233791 
0.200911573436242 0.5506442131809128 
0.04729913235076029 0.7373767856096671 
0.20829460956120135 0.491981867698896 
0.845793077539156 -0.756697531417748 
0.05567536491341185 0.7116888806006673 
0.44759509944772957 -0.1123899704120361 
0.019768444051523722 0.8494545591048874 
0.4209585162809307 0.0950721713403596 
0.007213626657516667 0.9157653019492135 
0.07108261217268119 0.679689396583248 
0.24447187176589605 0.2670012721597832 
0.41699609990085174 0.15268537190244244 
0.21201266894134935 0.46370320468921655 
0.23827530131941732 0.29236240585457995 
0.8365609647165684 -0.6761424267784722 
0.6317410872356354 -0.32344574934266046 
0.22191309920210361 0.3924029826362293 
0.6225319934042663 -0.1852218800932402 
0.24227571862913372 0.27519761200822096 
0.01181482133557632 0.8892589187937042 
0.6261699666579726 -0.24462116176918308 
0.03930919048235709 0.767546395451295 
0.4246096490057558 0.05617842315565784 
0.23148629302132054 0.3270186342335498 
0.02693189473225782 0.8179548309987973 
0.05857692913720568 0.7046555665300475 
0.2106416023788052 0.4744482736722958 
0.4130608811307864 0.19456751390618718 
0.028953377969137828 0.809411306948972 
0.6349020568166132 -0.35992345434118467 
0.633132881211186 -0.33732562838302166 
0.23614840176889845 0.303126438751099 
0.21478499350444968 0.44187147074063315 
0.4308657047070929 -0.010598064172209468 
0.03257079932111334 0.794561648429633 
0.8325082246636452 -0.621361984867665 
0.016734019572594405 0.8745681487228656 
0.23332405913769075 0.31659859149730285 
0.6271064633434096 -0.2606646461672277 
0.41926921746160906 0.11849443151796085 
0.8293869300918348 -0.5655223054461287 
0.07585973529612361 0.6740918488157535 
0.016779535729090127 0.8639785015596388 
0.6220212611721758 -0.16042975322777261 
0.6194772350690881 -0.14175516597682294 
0.8306975546372206 -0.5928948927082309 
0.03691354307622195 0.7767791497714908 
0.8343530854600038 -0.6476551512213317 
0.004888057606345251 0.9314778891098974 
0.043313268148167744 0.7524250501974903 
0.44308940033824323 -0.09604391732301625 
0.43328774869222964 -0.032088691575106236 
0.8309693621147233 -0.596758525915358 
0.8323093602686734 -0.618003767693119 
0.43328774869222964 -0.032088691575106236 
0.21555023226116332 0.43691267132175865 
0.44232416158213095 -0.09304277423618187 
0.43903284231816886 -0.07445069628152665 
0.42678636132292186 0.029730913912189915 
0.03441817466513303 0.7868573015273317 
