1.840124241869745E-8 1.001185090587207 
0.8521594080263697 -0.7726153575044685 
0.6520751313744917 -0.4575428949358283 
0.6185324593294994 -0.12594018160070036 
0.8233601866094981 -0.4579069083895025 
0.4532896207454204 -0.12305143339650813 
0.40936348845955606 0.24247262706462952 
0.25683252538884804 0.2431575841186047 
0.18246323359731176 0.6696206187566521 
0.08302397208410106 0.6705910672800025 
0.8256939698234445 -0.5038360326818516 
0.41714708393810807 0.14220468442791212 
0.42094944856052013 0.09512767041037244 
0.06465408402224124 0.6890076989093135 
0.44199880622527016 -0.08995312989424772 
0.4305388001175236 -0.007513023681468408 
0.4278106557636896 0.02315563110725407 
0.19547572527008739 0.5868534700524489 
0.6337041465624402 -0.3476903333828207 
0.22363773303170137 0.376826689399619 
0.05534728072763071 0.7120277915633149 
0.21907541088669066 0.4098071409069245 
0.2004777635982926 0.550446328742892 
0.031974282064937576 0.7963557168136691 
0.6251961155351216 -0.23316504121903797 
0.21722281555662412 0.42408816771075303 
0.4119837597257537 0.20755949786958075 
0.18627376077169006 0.6475805062485803 
0.4372308693509728 -0.060925207299431294 
0.2130789432027269 0.45454437342482407 
0.04325602955526914 0.7516226212341629 
0.07321385409082809 0.6818893175854325 
0.24737396786976537 0.25719035611452123 
0.6381556459900457 -0.3900642949294856 
0.6269887462377883 -0.26070532996643153 
0.2278435561432876 0.3487521803666079 
0.6356245053736032 -0.36825431421182553 
0.0033986181709553115 0.9429735140379459 
0.8235178216758414 -0.45976645902440355 
0.03911030691765155 0.7677190726666459 
0.1921937900997828 0.6095253447310663 
0.20628916524009716 0.5064644615567938 
0.007776983453323602 0.9112255306928903 
0.830364404113409 -0.5875052892723582 
0.8278510095392149 -0.5440196451512701 
0.6209506160542246 -0.16680281988204618 
0.24371091399388467 0.27296845979473555 
0.4457029311509926 -0.1083867389342792 
0.024861212878796668 0.8265515811867202 
0.022036590254088995 0.8390581718193786 
0.6199256803711508 -0.14958241779069628 
0.8320938872135174 -0.615124970732569 
0.6224994856444928 -0.19216935053798145 
0.05014106632389109 0.7288120435164451 
0.8278510095392149 -0.5440196451512701 
0.02927643799237767 0.8070886427973507 
0.20471837188954958 0.5244504200280985 
0.6310265692014255 -0.31578007842703465 
0.8427777791802568 -0.7383895314738912 
0.23909961510474398 0.2877370151989163 
0.23213218512958517 0.32333413933425104 
9.200685989950164E-4 0.9732360055624397 
0.006133538914608383 0.9217815054930354 
0.4149131260540278 0.16967705462277083 
0.8410902362862773 -0.7213049945215894 
0.8452846423555137 -0.7545349356413965 
0.4253282654014705 0.04532464214299861 
0.4352071105401119 -0.0476956099860534 
0.012417330363713789 0.8851974239260179 
0.6405312478020686 -0.41188731567293796 
0.22587310494922241 0.3620353338567018 
0.837248956304171 -0.6850685087499803 
0.6289186598381534 -0.28755036401538364 
0.0014337364072302683 0.9631848809370609 
0.20961861027880013 0.48427167131955623 
0.20193095948065098 0.539854627465148 
0.2557280754148116 0.24404437198637982 
0.646406295485342 -0.44522540953928263 
0.8350983342327455 -0.6580453042191987 
0.6306957115244436 -0.31152119904423275 
0.8489015456166205 -0.7658738968154067 
0.416261668283202 0.15507398189739158 
0.017075126879012192 0.8683451323139876 
0.08184736677256754 0.6706015451088514 
0.8362593189186355 -0.6729255824842251 
0.8304089029859438 -0.588290858403405 
0.2120406456504122 0.4689348912181394 
0.6289062277611386 -0.2792189584849582 
0.6439850846950275 -0.4234927686826242 
0.45297969279528993 -0.11477220434616112 
0.01789087238283754 0.8583077771331827 
0.18553348480401888 0.6523786322093627 
0.8341177723272917 -0.6445815661231863 
0.6235373141056091 -0.20877914646222467 
0.4330720228792341 -0.029749982207440302 
0.19374817698549493 0.5988658439515493 
0.4223914363032728 0.0781735149293822 
0.2330496474442415 0.3180913461564247 
0.05149531489365228 0.7232179723338269 
0.41033018632323776 0.23143423475809122 
