0.852203276521225 -0.7726120014902736 
0.852203276521225 -0.7726120014902736 
2.617597821523844E-7 1.00035813313164 
0.6187039371383629 -0.12895569600836815 
0.823353984689242 -0.4580056875728925 
0.652697469654921 -0.4576580251425288 
0.4543888486799236 -0.12354421973153759 
0.40941763905836037 0.2417391143471188 
0.25798887903739864 0.24283134621584565 
0.182915475746846 0.6666402200624303 
0.08168735751147714 0.6703567303969057 
0.621945936491039 -0.18359019297385556 
0.8326030835470711 -0.6223892578786014 
0.007599602369982472 0.9120483473742366 
0.4172830131136213 0.14265735483999142 
0.06272127560897993 0.6973708655067659 
0.8355094385128355 -0.6637693066563725 
0.07167009056853055 0.6779190904740332 
0.6317867953054213 -0.32225791045460106 
0.0030411665816167527 0.9454685584245146 
0.4208161787754862 0.09650569206633919 
0.2297800934637171 0.3368903233616067 
0.8306155615523831 -0.5919048462916799 
0.1874600061952924 0.6400610699250449 
0.4165341255565115 0.16253894602976524 
0.8420180137341023 -0.7282477823136142 
0.4324757812474791 -0.024965241697710406 
0.8251802970505357 -0.4940085569395633 
0.423743382290257 0.06259843826018491 
0.03354113946395482 0.7912729089997209 
0.19195768673314823 0.6109244601843214 
0.43592487787147705 -0.05085752824104358 
0.023359047103117925 0.8330938115306868 
0.03848826956837481 0.7689165373343162 
0.1998606400944286 0.5594872488638308 
0.627422435559691 -0.2661507732227608 
0.21659254664009517 0.4341112763854585 
0.012352632348205217 0.8853870473085849 
0.4271527811208842 0.025310425307575057 
0.2135323073202966 0.4543540943674686 
0.8291840706310161 -0.5516931605045162 
0.8271591008403703 -0.531762231740343 
0.1958963610783388 0.5835703063849128 
0.24747478401166628 0.26124127881155795 
0.2433707639638823 0.2696477331839401 
0.829397149386165 -0.5716577816806531 
0.2184120482148909 0.41664362385988113 
0.44899760679049266 -0.11788202446996612 
0.8261888155119098 -0.5136809128136821 
0.6267746381553299 -0.24224329523646643 
0.4132915411589941 0.19062444192914016 
0.4401982021425519 -0.08212353265416748 
0.028877888150126596 0.8172090364550847 
0.8369501300298923 -0.6818343931754721 
0.43777871987522116 -0.06668913182186909 
0.8236666682427639 -0.46436558755816404 
0.044318284934646346 0.7468455409458619 
0.22732680784307338 0.35230663025991 
0.6407903001808244 -0.4138167397174782 
0.6364951400341898 -0.37720385900209996 
0.1898810332077611 0.6245133552865976 
0.2060097059687243 0.508391304980925 
0.644504908044833 -0.43694131841097256 
0.8453789525920615 -0.753916345965271 
8.339510887411528E-4 0.9726865963409855 
0.20217233587968542 0.5377759283027 
0.6516060295464842 -0.45674323545056317 
0.8412670097963848 -0.7014979736715461 
0.6250328979867344 -0.22940508538702503 
0.053807655918613695 0.7155328745158717 
0.6345224851391659 -0.34454337956327075 
0.6346434884467502 -0.3532301029415092 
0.23521286365398247 0.3060526116122236 
0.2111700781053547 0.4689454128130131 
0.01853767056518444 0.8650458918222108 
0.6395935367566032 -0.40432864500678556 
0.2094444565912757 0.4822021606263132 
0.04185392817792005 0.7565635953936286 
0.6374736174883018 -0.3859429087690816 
0.6292661193429057 -0.2895439689122623 
0.20770995500106865 0.4959518615000028 
0.23931056482430751 0.28745144878706663 
0.013866537948891144 0.8773798776856331 
0.44421512389336965 -0.10215491528380738 
0.41121606913343994 0.21796737544586617 
0.8446048164096878 -0.7501290586339706 
0.19680841991146156 0.5771273659498398 
0.0013386118354223875 0.9648762356792394 
0.41281165645747253 0.1964088085903514 
0.25311070454591805 0.24603649436896968 
0.6232287399699351 -0.2038631013816255 
0.6439804713777499 -0.4342199124868935 
0.43040572667311744 -0.0067790993016120515 
0.4216606788277574 0.0863274030015815 
0.22328265016847837 0.37946863473970194 
5.5777031509468555E-6 1.0001687764355351 
0.6236781894940736 -0.2111327995248352 
0.8391904300163631 -0.696560294335709 
0.44378190121493005 -0.09569305717111484 
0.019593089649371453 0.8500648478854097 
