0.5150435072073433
0.5150976303551961
0.5148600741771487
0.5147696013528169
0.5151338676233911
0.5151812370102395
0.5149642728128677
0.5147165168541525
0.5147704987491132
0.5151023947841477
0.5148760735634876
0.5148896080934557
0.5150514501736679
0.5151196029350618
0.5150803316173389
0.5148969794830189
0.5150310076806665
0.5150629548997971
0.5148088365691371
0.5149412613882637
0.5145324967479921
0.5148632533696748
0.5148765581856367
0.5151350159994399
0.5152722067221022
0.5147473834602004
0.5149335250460045
0.5148787821106721
0.5146998109708699
0.5149779122977899
