6.531200614763676E-5
6.552541604926914E-5
6.521333491215006E-5
6.654076005607733E-5
6.206132095789304E-5
6.989810804655827E-5
6.84370114722163E-5
7.047634261907433E-5
6.632926776666874E-5
6.771892263651293E-5
7.196236870435103E-5
6.340046987732713E-5
6.383810198172448E-5
6.854048468829336E-5
6.477164821651164E-5
6.868152676602174E-5
6.268215540122297E-5
6.830083837237689E-5
6.727312063028677E-5
6.866113445976124E-5
7.255007803865835E-5
6.721120834271525E-5
6.623356405692222E-5
6.734242929502152E-5
6.27411666711182E-5
7.906664785782548E-5
6.130662242389431E-5
7.357512227777247E-5
6.696731324115912E-5
6.760071034529154E-5
