0.7950023978191894
0.015727519989013672
0.01696830987930298
0.01858741044998169
0.015463948249816895
0.7951339452702086
0.01433989405632019
0.7959032028156798
0.016636312007904053
0.7958341210323852
0.015195369720458984
0.0145188570022583
0.016622483730316162
0.7954528897244018
0.01258397102355957
0.7959482043224853
0.7951525419193786
0.7960335581738036
0.015834450721740723
0.016066670417785645
0.012705087661743164
0.014737725257873535
0.79583018712583
0.027659475803375244
0.796266969962744
0.794970926566748
0.7950212328869384
0.7953687279659789
0.7958633273083251
0.7959955900150817
