6.207817932590842E-4 3.989725351333618 
6.207817932590842E-4 3.989725351333618 
2.000563859939575 7.05618120264262E-4 
1.9149413108825684 0.7835792303085327 
1.3906989097595215 0.7955994606018066 
0.8330004215240479 1.5937550067901611 
1.2913070917129517 1.5901182889938354 
0.7357951998710632 2.3885464668273926 
0.39189040660858154 2.390472412109375 
0.3042697608470917 3.171372413635254 
0.10802631825208664 3.181077241897583 
1.3206641674041748 1.20698881149292 
0.7759623527526855 1.916311502456665 
0.06983356177806854 3.487762689590454 
0.07486578077077866 3.415656089782715 
0.7645556926727295 2.0132524967193604 
1.9473531246185303 0.34109652042388916 
1.299940586090088 1.4706056118011475 
0.3172592222690582 2.9850683212280273 
1.313625693321228 1.293233036994934 
1.3060482740402222 1.3852471113204956 
1.328100323677063 1.1275537014007568 
0.3108506500720978 3.0730786323547363 
0.7477248907089233 2.2203023433685303 
1.939151644706726 0.4405944347381592 
0.06090807169675827 3.625732183456421 
0.7424635887145996 2.2958507537841797 
0.33458366990089417 2.758004903793335 
0.04711976274847984 3.8315041065216064 
0.3530701994895935 2.5665152072906494 
0.005111311096698046 3.8958606719970703 
0.05314206704497337 3.7466273307800293 
0.7794905304908752 1.8580595254898071 
0.04204786941409111 3.894279956817627 
1.9566749334335327 0.24372075498104095 
1.9510496854782104 0.30278027057647705 
0.06445839256048203 3.569763422012329 
0.3309023380279541 2.802407741546631 
1.9696582555770874 0.13621115684509277 
0.05539197102189064 3.7057418823242188 
1.2960492372512817 1.5245014429092407 
1.3096377849578857 1.339347004890442 
0.7396484017372131 2.335500717163086 
0.0013506074901670218 3.9404654502868652 
1.332632303237915 1.08515465259552 
1.3593506813049316 0.8805687427520752 
1.91987144947052 0.7053254246711731 
0.3593791425228119 2.511812210083008 
0.08113894611597061 3.339895009994507 
1.983227014541626 0.053799279034137726 
1.9250047206878662 0.6306772232055664 
1.36807382106781 0.8384374380111694 
1.9157992601394653 0.768592119216919 
1.388622760772705 0.7963042855262756 
0.7978426814079285 1.7109779119491577 
1.9638556241989136 0.17989668250083923 
1.933968424797058 0.5046554207801819 
0.34035590291023254 2.691026449203491 
1.3512332439422607 0.9286872148513794 
0.751538097858429 2.1740646362304688 
0.08777198940515518 3.2704379558563232 
0.3254621922969818 2.8700881004333496 
0.3466487526893616 2.6264545917510986 
1.990357756614685 0.024653470143675804 
0.32679805159568787 2.856062173843384 
1.960915207862854 0.20640063285827637 
0.7552530765533447 2.123441696166992 
0.3212594985961914 2.926875114440918 
0.34110477566719055 2.6836819648742676 
1.336760401725769 1.042521595954895 
0.08366202563047409 3.311446189880371 
1.3393832445144653 1.0219048261642456 
0.7588557004928589 2.0791478157043457 
0.8096604943275452 1.6465418338775635 
0.04504961520433426 3.859039068222046 
0.3474206030368805 2.6155056953430176 
1.9236925840377808 0.6877748966217041 
0.09122876822948456 3.242471933364868 
0.3067663908004761 3.1339762210845947 
0.30853137373924255 3.110121488571167 
0.8217203617095947 1.6074538230895996 
1.929722547531128 0.5633643865585327 
1.930301547050476 0.5560689568519592 
0.3204874098300934 2.937492847442627 
1.2928920984268188 1.5669877529144287 
0.7853415012359619 1.8052600622177124 
0.3754880428314209 2.4220478534698486 
0.7844311594963074 1.8135273456573486 
1.353592038154602 0.9138970971107483 
0.38964056968688965 2.3913378715515137 
0.791204571723938 1.7586249113082886 
0.8149697780609131 1.6267377138137817 
0.06310796737670898 3.5882301330566406 
1.3441575765609741 0.9813404679298401 
1.9241193532943726 0.6425612568855286 
1.3671621084213257 0.8426483869552612 
1.976120114326477 0.09130030870437622 
0.7908124327659607 1.7610507011413574 
0.7536764740943909 2.1465370655059814 
0.09713836014270782 3.20768404006958 
