2.0011982917785645 0.0013112884480506182 
0.0013083209050819278 3.972249746322632 
2.0011982917785645 0.0013112884480506182 
1.3906679153442383 0.7961846590042114 
1.9151253700256348 0.7895240187644958 
0.8346897959709167 1.5945501327514648 
1.2924987077713013 1.5934327840805054 
0.7385641932487488 2.366764545440674 
0.3916095197200775 2.391141653060913 
0.30499571561813354 3.1809535026550293 
0.10882067680358887 3.181821346282959 
0.36506789922714233 2.502429723739624 
0.051694631576538086 3.7734673023223877 
0.7867660522460938 1.798046350479126 
0.05752730369567871 3.683558225631714 
0.3535671830177307 2.5737836360931396 
1.9297114610671997 0.5718322992324829 
0.7424697279930115 2.306016445159912 
1.3157429695129395 1.285380482673645 
1.3080683946609497 1.3670819997787476 
0.00536880549043417 3.8962230682373047 
0.776947557926178 1.886016607284546 
0.768062949180603 1.9880322217941284 
0.06193013861775398 3.625535011291504 
1.9621878862380981 0.20025259256362915 
1.9350391626358032 0.49686887860298157 
1.3735893964767456 0.8220838904380798 
0.7629430294036865 2.048816680908203 
1.9490878582000732 0.32937660813331604 
1.9760310649871826 0.09606603533029556 
0.3193683922290802 2.9752023220062256 
0.047081492841243744 3.839028835296631 
1.9252419471740723 0.6346529722213745 
0.3766053020954132 2.424438953399658 
0.33166590332984924 2.8000848293304443 
1.9208287000656128 0.7117360234260559 
1.3297367095947266 1.1178086996078491 
0.32353830337524414 2.9157233238220215 
0.08573675900697708 3.331078290939331 
0.7487223148345947 2.2365405559539795 
0.8001390695571899 1.7056055068969727 
0.31640809774398804 3.0156219005584717 
1.320895791053772 1.2445744276046753 
0.08814779669046402 3.282149314880371 
0.043444372713565826 3.8947489261627197 
0.33536240458488464 2.764887809753418 
0.771336555480957 1.9456292390823364 
1.3458231687545776 0.9959399700164795 
0.8072214722633362 1.6614264249801636 
1.336698293685913 1.0774143934249878 
0.32766953110694885 2.860705614089966 
0.09210110455751419 3.242112159729004 
1.940995216369629 0.4258953928947449 
1.305603265762329 1.409285306930542 
0.3389705419540405 2.713809013366699 
1.3257548809051514 1.1649054288864136 
0.09790294617414474 3.206751823425293 
1.3621958494186401 0.8856990933418274 
0.30925264954566956 3.1246962547302246 
1.2973428964614868 1.522642731666565 
1.3228415250778198 1.1977272033691406 
1.9164613485336304 0.7688300013542175 
1.3532220125198364 0.9261198043823242 
1.9707030057907104 0.1402484029531479 
0.7590132355690002 2.08693790435791 
1.3392590284347534 1.0396294593811035 
0.0017114738002419472 3.9454190731048584 
0.3480696678161621 2.627892017364502 
1.9373058080673218 0.4690847396850586 
0.07283367216587067 3.4661083221435547 
1.3004933595657349 1.4794775247573853 
1.2942579984664917 1.556639552116394 
1.3018910884857178 1.4493430852890015 
1.9564666748046875 0.2634000778198242 
1.9564666748046875 0.2634000778198242 
1.9673210382461548 0.16647332906723022 
0.3426968455314636 2.6849365234375 
0.7566559314727783 2.1230366230010986 
1.9844422340393066 0.05079014226794243 
0.7938163876533508 1.7476886510849 
0.813491940498352 1.6342065334320068 
0.7754173874855042 1.9026035070419312 
1.9895517826080322 0.034115009009838104 
0.07898681610822678 3.381444215774536 
0.07011602073907852 3.5045902729034424 
0.7536184191703796 2.1522631645202637 
0.31310245394706726 3.0646097660064697 
0.08202122151851654 3.3744664192199707 
0.32608333230018616 2.8838272094726562 
0.044516727328300476 3.8728976249694824 
0.06707126647233963 3.534315586090088 
0.749809741973877 2.2163174152374268 
1.3874131441116333 0.8186997175216675 
1.9463386535644531 0.3601044714450836 
0.07508452236652374 3.428950548171997 
0.30970823764801025 3.1007323265075684 
1.3426278829574585 1.0049090385437012 
1.3616544008255005 0.8881141543388367 
1.3538345098495483 0.9239282011985779 
0.7951537370681763 1.7395575046539307 
