2.000208854675293 2.769858401734382E-4 
1.912875595735386E-4 3.9972755908966064 
1.3902771472930908 0.7951674461364746 
1.9137879610061646 0.7947187423706055 
0.8333039879798889 1.593443751335144 
1.2906948328018188 1.5922530889511108 
0.7351998686790466 2.390169143676758 
0.39118492603302 2.3902859687805176 
0.1077430471777916 3.180698871612549 
0.30332329869270325 3.1772260665893555 
0.8032470941543579 1.6920051574707031 
0.7522390484809875 2.1584291458129883 
1.3011844158172607 1.443748950958252 
1.953776478767395 0.26935479044914246 
0.3334246575832367 2.765902519226074 
0.30873799324035645 3.0983502864837646 
1.307550072669983 1.3594495058059692 
0.7438533306121826 2.269130229949951 
0.7770978808403015 1.8758388757705688 
1.9479643106460571 0.32984215021133423 
0.7395954728126526 2.3291404247283936 
0.34110507369041443 2.6783597469329834 
1.361791729927063 0.8642194271087646 
0.34931161999702454 2.594707727432251 
0.04531896859407425 3.848637819290161 
0.06296689063310623 3.5822908878326416 
0.32817506790161133 2.831355094909668 
1.3334627151489258 1.0926434993743896 
0.7695801258087158 1.9520652294158936 
0.0011669602245092392 3.9280378818511963 
0.7864150404930115 1.7927461862564087 
1.3716139793395996 0.8243483304977417 
1.3270409107208252 1.1326546669006348 
0.339443564414978 2.697222948074341 
1.967177152633667 0.15033136308193207 
0.7813506126403809 1.8354103565216064 
0.3714068830013275 2.4376938343048096 
0.05623040348291397 3.6887168884277344 
0.06906919181346893 3.490121603012085 
1.991320013999939 0.019740357995033264 
1.9276230335235596 0.5869686007499695 
0.09743113815784454 3.2039384841918945 
0.07214221358299255 3.4464988708496094 
0.0905483216047287 3.2438271045684814 
0.31876739859580994 2.956861972808838 
0.050008002668619156 3.785393238067627 
1.961401104927063 0.1972476840019226 
1.9170275926589966 0.7441763281822205 
0.08099190145730972 3.333650827407837 
1.2923682928085327 1.567610740661621 
0.3049415647983551 3.1552274227142334 
1.9300495386123657 0.5524125695228577 
0.07528389245271683 3.4052042961120605 
0.05381554365158081 3.7268640995025635 
0.7621859312057495 2.0366508960723877 
1.3457140922546387 0.9653653502464294 
1.9332252740859985 0.5092129111289978 
0.31425562500953674 3.0200843811035156 
0.3775133490562439 2.413020610809326 
1.3187297582626343 1.223510503768921 
0.04188714548945427 3.8919365406036377 
1.935833215713501 0.4757944643497467 
0.32372769713401794 2.890275001525879 
0.07805658876895905 3.369525671005249 
1.3425676822662354 0.9885998964309692 
0.7947738766670227 1.7292630672454834 
0.7917477488517761 1.750428557395935 
0.764163613319397 2.0125114917755127 
1.2967296838760376 1.5080819129943848 
0.7578257322311401 2.088545799255371 
0.004424253012984991 3.8952341079711914 
0.35604962706565857 2.5352706909179688 
0.32020682096481323 2.9364089965820312 
1.9240360260009766 0.6380153298377991 
1.9390684366226196 0.4349694848060608 
0.31425562500953674 3.0200843811035156 
1.9809703826904297 0.0620393306016922 
1.3110448122024536 1.3158420324325562 
0.7680947780609131 1.9686654806137085 
1.9744322344195098E-4 3.997196674346924 
1.3521307706832886 0.919485867023468 
1.3365648984909058 1.040712833404541 
0.7429718971252441 2.2818636894226074 
1.2963944673538208 1.5128052234649658 
0.32570844888687134 2.862980604171753 
0.36290183663368225 2.485283374786377 
1.3824031352996826 0.7998678684234619 
1.9433581829071045 0.38235339522361755 
0.05119889974594116 3.767407178878784 
0.08492913097143173 3.292374849319458 
1.919516921043396 0.7050434350967407 
1.3376332521438599 1.0311172008514404 
1.9725297689437866 0.11170366406440735 
1.3537187576293945 0.9097402691841125 
0.7578257322311401 2.088545799255371 
0.059514474123716354 3.637345314025879 
0.36290183663368225 2.485283374786377 
0.8333039879798889 1.593443751335144 
0.3507236838340759 2.581050157546997 
1.9619265794754028 0.1929275244474411 
