0.00113332096952945 3.999600410461426 
2.0011839866638184 0.0011934649664908648 
0.00113332096952945 3.999600410461426 
1.9149267673492432 0.7902324795722961 
1.389911413192749 0.7962000370025635 
1.2916486263275146 1.5940502882003784 
0.8341478109359741 1.5944347381591797 
0.7364944815635681 2.3860559463500977 
0.3925689160823822 2.3911094665527344 
0.3051266074180603 3.167043924331665 
0.10844527930021286 3.1815054416656494 
0.0525071956217289 3.763312578201294 
0.060412559658288956 3.6407744884490967 
0.08016610145568848 3.3564846515655518 
0.32051241397857666 2.9464478492736816 
1.9211549758911133 0.6948177218437195 
0.7544140815734863 2.143383026123047 
1.9863877296447754 0.04184022545814514 
0.7430192828178406 2.294924020767212 
1.9348559379577637 0.5006181597709656 
1.3225514888763428 1.1932787895202637 
1.9392211437225342 0.4441666305065155 
1.2993431091308594 1.516397476196289 
0.005585417617112398 3.8963096141815186 
1.9278080463409424 0.6215624213218689 
0.30952703952789307 3.1040236949920654 
0.07556620240211487 3.4127449989318848 
1.9622529745101929 0.19917741417884827 
0.3234919011592865 2.9067611694335938 
0.7684502601623535 1.9754865169525146 
0.08649471402168274 3.287675619125366 
0.06998240947723389 3.4918506145477295 
1.3149343729019165 1.2798668146133423 
1.9181591272354126 0.7414092421531677 
0.34433913230895996 2.6530449390411377 
0.04286054149270058 3.891798734664917 
1.9313392639160156 0.5468661785125732 
1.3806606531143188 0.8104950189590454 
0.7642648220062256 2.0216805934906006 
0.3142749071121216 3.0333452224731445 
0.06629874557256699 3.551128625869751 
0.7407935261726379 2.3259057998657227 
0.809297502040863 1.6519924402236938 
1.3079580068588257 1.367275357246399 
1.318158507347107 1.2411913871765137 
1.3105618953704834 1.3339499235153198 
0.32782629132270813 2.8488333225250244 
1.9499999284744263 0.31763529777526855 
1.3584684133529663 0.8877094388008118 
0.7780042290687561 1.8758578300476074 
1.945868730545044 0.36445993185043335 
1.3653846979141235 0.8529160022735596 
1.942894458770752 0.39942580461502075 
1.3272266387939453 1.1417968273162842 
0.784566342830658 1.8164310455322266 
0.3359580338001251 2.7466628551483154 
0.07257242500782013 3.4548532962799072 
0.3415974974632263 2.6851651668548584 
0.7485217452049255 2.2223196029663086 
0.35020333528518677 2.5949037075042725 
1.299757957458496 1.4933000802993774 
0.7485217452049255 2.2223196029663086 
0.35911935567855835 2.5460026264190674 
0.3609764873981476 2.5064175128936768 
0.3310587704181671 2.807602882385254 
0.7899850606918335 1.7726364135742188 
0.8015230894088745 1.6932626962661743 
1.9282152652740479 0.5931965708732605 
1.3336431980133057 1.0775812864303589 
0.3139106333255768 3.038532018661499 
0.3657149076461792 2.47487211227417 
0.002352080773562193 3.92756986618042 
1.3038396835327148 1.4232430458068848 
1.3027677536010742 1.4357167482376099 
1.3296598196029663 1.1152324676513672 
0.04987458884716034 3.8029279708862305 
1.955979347229004 0.25703418254852295 
1.9786380529403687 0.08055988699197769 
0.7812132835388184 1.8467339277267456 
0.3070541322231293 3.1395182609558105 
0.0012973252451047301 3.967257499694824 
0.06404322385787964 3.584282398223877 
1.9535942077636719 0.2806338965892792 
0.3732084333896637 2.4341819286346436 
0.7606394290924072 2.0652287006378174 
0.062039799988269806 3.612433910369873 
1.9719860553741455 0.12223003059625626 
1.9662762880325317 0.16440224647521973 
1.342767357826233 0.9962206482887268 
0.09357794374227524 3.243565082550049 
0.7568247318267822 2.1115448474884033 
0.7730140686035156 1.927228331565857 
0.8172515034675598 1.6206986904144287 
0.09677787125110626 3.212604284286499 
0.08886873722076416 3.263723850250244 
0.7730140686035156 1.927228331565857 
1.3499301671981812 0.9421483278274536 
0.37073734402656555 2.446244716644287 
0.04788786917924881 3.8287863731384277 
0.7980793118476868 1.7129229307174683 
