2.000103235244751 3.153511497657746E-4 
2.459910756442696E-4 3.993077516555786 
2.000103235244751 3.153511497657746E-4 
1.3897095918655396 0.7952870726585388 
1.9143022298812866 0.7929484844207764 
1.290938138961792 1.589738368988037 
0.8337962627410889 1.5935449600219727 
0.7360382080078125 2.3878066539764404 
0.39035239815711975 2.390430450439453 
0.30407947301864624 3.1685285568237305 
0.10764072090387344 3.180718183517456 
1.9628098011016846 0.18679770827293396 
0.3116280734539032 3.0581157207489014 
0.7449297308921814 2.255499839782715 
0.06312936544418335 3.587170362472534 
1.945533037185669 0.3575611412525177 
0.3277049958705902 2.8376920223236084 
0.33391955494880676 2.7621009349823 
0.04238568991422653 3.8932487964630127 
0.7961192727088928 1.720170021057129 
0.3073715269565582 3.1200766563415527 
0.3495755195617676 2.600192070007324 
0.7805350422859192 1.8544776439666748 
0.09343154728412628 3.2306067943573 
1.3282761573791504 1.1249973773956299 
1.3810027837753296 0.802230954170227 
0.053419046103954315 3.7349603176116943 
1.953518271446228 0.2711501121520996 
1.9179792404174805 0.7297080755233765 
0.7711243033409119 1.9379942417144775 
0.3170270323753357 2.987502098083496 
0.005015716888010502 3.895775318145752 
1.9216479063034058 0.6754920482635498 
0.05799682438373566 3.66102933883667 
0.3453048765659332 2.642157793045044 
0.7516002655029297 2.1701571941375732 
0.32561659812927246 2.8872721195220947 
0.0466020442545414 3.838700771331787 
0.7747488617897034 1.9001652002334595 
1.9385249614715576 0.43999531865119934 
0.0680307149887085 3.5126125812530518 
0.7862825393676758 1.7938305139541626 
0.07274191081523895 3.450153112411499 
0.7614092826843262 2.0470147132873535 
1.3626904487609863 0.8600937724113464 
0.7401680946350098 2.329258680343628 
1.9339778423309326 0.49999499320983887 
1.9424686431884766 0.3931766152381897 
0.08392274379730225 3.3022875785827637 
0.800238847732544 1.6933131217956543 
0.36408278346061707 2.4779388904571533 
1.986263394355774 0.037672556936740875 
1.2989559173583984 1.4797464609146118 
1.2955290079116821 1.5533603429794312 
1.322095274925232 1.1870204210281372 
1.3568865060806274 0.891394853591919 
0.37251046299934387 2.432474374771118 
0.34108269214630127 2.6882076263427734 
0.3208448886871338 2.928673267364502 
1.3097208738327026 1.3330564498901367 
0.3377588391304016 2.716273069381714 
1.3052890300750732 1.4034591913223267 
1.9549939632415771 0.2564905881881714 
0.3562716245651245 2.5409796237945557 
1.31643545627594 1.2518138885498047 
0.07772602885961533 3.374267816543579 
0.0016325381584465504 3.9190127849578857 
0.07780653983354568 3.3732967376708984 
0.059699419885873795 3.642261266708374 
0.7415728569030762 2.3010873794555664 
1.3425135612487793 0.9899749755859375 
1.3355703353881836 1.0492782592773438 
0.824042558670044 1.6014634370803833 
0.7562201023101807 2.1117076873779297 
0.8126494288444519 1.6332875490188599 
1.2997220754623413 1.4691543579101562 
0.08795817941427231 3.264843225479126 
0.10622525215148926 3.181124210357666 
1.9292044639587402 0.5665152072906494 
1.9243561029434204 0.6330251693725586 
1.303794026374817 1.4093401432037354 
1.9291478395462036 0.5681856870651245 
1.320404052734375 1.2292593717575073 
1.9705479145050049 0.12812508642673492 
1.3256187438964844 1.1485594511032104 
0.3826974332332611 2.4258298873901367 
0.7855151891708374 1.7993084192276 
1.914970874786377 0.77486252784729 
1.935418725013733 0.48125243186950684 
1.3515112400054932 0.9323908686637878 
0.318852961063385 2.9627652168273926 
1.3389265537261963 1.019688606262207 
1.978967308998108 0.07270253449678421 
0.36078548431396484 2.5023562908172607 
0.7631496787071228 2.0260629653930664 
0.7556993365287781 2.117461681365967 
0.7520304322242737 2.164889097213745 
0.7660732269287109 1.992678165435791 
1.9944953918457031 0.01069752685725689 
0.04909345135092735 3.803917407989502 
