1.389691948890686 0.795429527759552 
4.828880773857236E-4 3.999187707901001 
1.291098952293396 1.590413212776184 
0.8335684537887573 1.5937540531158447 
0.39162158966064453 2.3904411792755127 
0.7355778217315674 2.3897459506988525 
0.3034543991088867 3.1797964572906494 
0.10769707709550858 3.181016206741333 
0.06498415023088455 3.556873083114624 
1.3558074235916138 0.8982211351394653 
1.366862416267395 0.8428437113761902 
0.31774216890335083 2.974114418029785 
1.3255590200424194 1.1510977745056152 
0.7438730001449585 2.2729175090789795 
0.06965617835521698 3.485416889190674 
0.777120053768158 1.8776551485061646 
0.0049257297068834305 3.895631790161133 
0.7484871745109558 2.2113730907440186 
0.04185453802347183 3.895561933517456 
6.63506390992552E-4 3.9671621322631836 
1.312429428100586 1.3021273612976074 
0.7542967796325684 2.135165214538574 
0.7393168210983276 2.3361997604370117 
0.8126528263092041 1.6335384845733643 
1.3197213411331177 1.2282739877700806 
1.33112370967865 1.0972946882247925 
1.3348294496536255 1.05841863155365 
1.2943233251571655 1.544143795967102 
0.0624421201646328 3.5954365730285645 
0.35337650775909424 2.5605461597442627 
0.34326034784317017 2.658583641052246 
1.2965749502182007 1.5119107961654663 
1.3452776670455933 0.9701078534126282 
0.0552787147462368 3.707662582397461 
0.10091634839773178 3.2061219215393066 
0.7825669646263123 1.8285950422286987 
0.08869011700153351 3.2607314586639404 
0.30858418345451355 3.1049580574035645 
0.09264965355396271 3.23120379447937 
0.0027265085373073816 3.904935598373413 
0.33281663060188293 2.776245594024658 
0.789118766784668 1.7726552486419678 
0.7730994820594788 1.919890284538269 
0.31217244267463684 3.053093194961548 
0.3145816922187805 3.0194051265716553 
0.3707403540611267 2.4417591094970703 
0.04911939054727554 3.800712823867798 
0.7976363897323608 1.7108051776885986 
1.299795150756836 1.4681851863861084 
0.32936233282089233 2.8195509910583496 
0.7929225564002991 1.7432137727737427 
1.3389760255813599 1.0214123725891113 
0.7472933530807495 2.2539865970611572 
0.7583993673324585 2.0844483375549316 
0.07895335555076599 3.3620283603668213 
0.7708930373191833 1.9412709474563599 
0.3361605703830719 2.7362334728240967 
0.08485794812440872 3.2964999675750732 
0.32183149456977844 2.917935609817505 
0.3491397798061371 2.6077311038970947 
1.3270835876464844 1.134677767753601 
0.056999992579221725 3.6820709705352783 
0.04278489202260971 3.8855698108673096 
0.3589955270290375 2.5145034790039062 
0.30858418345451355 3.1049580574035645 
0.05985566973686218 3.636031150817871 
1.3765459060668945 0.8117407560348511 
0.7813069820404053 1.8390955924987793 
0.7676435708999634 1.9763723611831665 
0.8013190627098083 1.6888231039047241 
0.32564058899879456 2.868044137954712 
0.07562140375375748 3.402400016784668 
0.766215980052948 1.9920610189437866 
0.35651183128356934 2.533782482147217 
0.32190412282943726 2.916952133178711 
0.05215413123369217 3.7566728591918945 
0.3258261978626251 2.8656065464019775 
0.34933117032051086 2.6058897972106934 
0.36580199003219604 2.468738079071045 
1.3509025573730469 0.9293348789215088 
0.08196496963500977 3.3275773525238037 
1.3162115812301636 1.2565090656280518 
0.07209952175617218 3.4733030796051025 
0.3843122124671936 2.3968312740325928 
1.3072601556777954 1.3671857118606567 
1.3733996152877808 0.8199447989463806 
1.3055238723754883 1.3901804685592651 
0.059013526886701584 3.649807929992676 
0.7633116245269775 2.025632619857788 
0.8215866088867188 1.6068276166915894 
0.805644690990448 1.664821982383728 
0.3305746614933014 2.8037350177764893 
0.046184420585632324 3.841078758239746 
0.7519963383674622 2.1657161712646484 
1.309585690498352 1.3373175859451294 
0.05076303333044052 3.7767090797424316 
0.3394346535205841 2.698728322982788 
0.7601339221000671 2.0642147064208984 
0.046184420585632324 3.841078758239746 
0.0768786370754242 3.3862197399139404 
