0.0014529041945934296 3.999267339706421 
2.0013427734375 0.0015932468231767416 
0.0014529041945934296 3.999267339706421 
1.9148916006088257 0.7936263084411621 
1.3907568454742432 0.7969678640365601 
0.8347569704055786 1.5946751832962036 
1.2920689582824707 1.5921576023101807 
0.7367663979530334 2.388732671737671 
0.39213237166404724 2.391322612762451 
0.3047202527523041 3.176365375518799 
0.1082201898097992 3.182046413421631 
1.9606287479400635 0.2187846601009369 
1.9758849143981934 0.09771013259887695 
1.3544294834136963 0.9162964224815369 
1.3705092668533325 0.8348290920257568 
0.8031504154205322 1.687352180480957 
1.9396201372146606 0.4487501382827759 
0.30947345495224 3.107130765914917 
0.04283829778432846 3.8950467109680176 
1.3428804874420166 1.003702998161316 
1.2986074686050415 1.5093387365341187 
0.050684574991464615 3.7917680740356445 
0.09046521782875061 3.258793592453003 
0.8123289346694946 1.641230583190918 
0.36075732111930847 2.510357141494751 
0.047123901546001434 3.8468949794769287 
0.3677099049091339 2.46423602104187 
1.359138011932373 0.8870124816894531 
0.3131777346134186 3.0575449466705322 
1.312913417816162 1.3087987899780273 
0.7401285171508789 2.343445062637329 
0.05714021623134613 3.6948235034942627 
1.9818096160888672 0.06658490747213364 
1.9474672079086304 0.35028159618377686 
0.05434727668762207 3.7379581928253174 
1.9360363483428955 0.5233497023582458 
0.065787173807621 3.5622825622558594 
0.35457488894462585 2.557612419128418 
0.7633826732635498 2.0375611782073975 
1.9934345483779907 0.02128829061985016 
0.3250364661216736 2.8910319805145264 
0.06104057654738426 3.638528347015381 
1.3011432886123657 1.4709933996200562 
1.9285714626312256 0.5891165733337402 
0.3211706280708313 2.9433963298797607 
1.955466389656067 0.26852646470069885 
1.3269884586334229 1.157009243965149 
0.08356691896915436 3.323294162750244 
1.9515970945358276 0.30263566970825195 
1.292600393295288 1.583925485610962 
0.006259600166231394 3.897106409072876 
1.318634033203125 1.2401502132415771 
0.34483832120895386 2.6633048057556152 
0.8229082226753235 1.6067835092544556 
1.3044238090515137 1.4174045324325562 
0.09491204470396042 3.22434401512146 
0.0017391733126714826 3.9672646522521973 
1.922695279121399 0.6777762174606323 
0.7940331101417542 1.747511625289917 
0.0629827156662941 3.602726936340332 
1.33284592628479 1.093248724937439 
1.9181379079818726 0.7518360018730164 
1.9197022914886475 0.7198581695556641 
0.7597963213920593 2.1100707054138184 
0.7545471787452698 2.1466829776763916 
1.9321919679641724 0.5413902997970581 
1.3107620477676392 1.337751030921936 
0.32922831177711487 2.8353681564331055 
0.07351227104663849 3.4514360427856445 
0.316428005695343 3.007628917694092 
1.3879711627960205 0.7977845668792725 
0.3396025598049164 2.7123897075653076 
0.7722899317741394 1.9382539987564087 
0.35061368346214294 2.594790458679199 
1.3305134773254395 1.1100786924362183 
0.776603102684021 1.8933030366897583 
0.7782166004180908 1.8762013912200928 
0.7475893497467041 2.2369325160980225 
0.7523011565208435 2.176818370819092 
0.7684276700019836 1.9815590381622314 
0.10218647122383118 3.19262957572937 
0.7875608801841736 1.792311429977417 
0.07833340018987656 3.380962371826172 
0.783107578754425 1.8324806690216064 
0.08175770193338394 3.3398780822753906 
0.06925605982542038 3.5065834522247314 
0.33385100960731506 2.7864584922790527 
0.7653339505195618 2.01702618598938 
0.07722361385822296 3.399214506149292 
0.3277696371078491 2.852776527404785 
1.3386644124984741 1.0421282052993774 
0.06899887323379517 3.510040521621704 
0.3384571671485901 2.7282216548919678 
0.743658721446991 2.2896695137023926 
1.3082451820373535 1.3783161640167236 
0.3892843425273895 2.3925693035125732 
0.37574928998947144 2.4255406856536865 
0.7498680353164673 2.206651449203491 
1.9260852336883545 0.6323158740997314 
0.003198750549927354 3.9140920639038086 
