2.000511407852173 5.515062948688865E-4 
5.963342264294624E-4 3.997983932495117 
2.000511407852173 5.515062948688865E-4 
1.9142005443572998 0.7919858694076538 
1.3897719383239746 0.7955662608146667 
0.8334779739379883 1.593777060508728 
1.2917308807373047 1.5868033170700073 
0.73558509349823 2.3892948627471924 
0.3918522894382477 2.390612840652466 
0.10789363086223602 3.181142807006836 
0.3035258650779724 3.179640054702759 
0.7681400179862976 1.9731050729751587 
0.7551955580711365 2.127196788787842 
0.04229960963129997 3.8948779106140137 
1.3463047742843628 0.9656087160110474 
0.05020028352737427 3.787748098373413 
1.3578393459320068 0.8894574642181396 
0.31086215376853943 3.0737521648406982 
1.3678535223007202 0.8393994569778442 
1.9803569316864014 0.06693149358034134 
1.3389350175857544 1.0231359004974365 
0.7462299466133118 2.242841958999634 
0.8166401982307434 1.621030330657959 
1.9498826265335083 0.3126644492149353 
1.9374879598617554 0.4574905037879944 
0.07753186672925949 3.3801605701446533 
1.9558788537979126 0.25182703137397766 
1.9686959981918335 0.1404135823249817 
0.30585452914237976 3.1464061737060547 
1.334495186805725 1.063428282737732 
0.7514272332191467 2.173978328704834 
0.32912006974220276 2.825914144515991 
0.0049974857829511166 3.8958911895751953 
0.7436691522598267 2.2787089347839355 
0.07175392657518387 3.4576714038848877 
0.32413697242736816 2.888270854949951 
0.3716520667076111 2.4400737285614014 
0.3379693627357483 2.725837469100952 
0.801679790019989 1.6869181394577026 
0.7755602598190308 1.8979897499084473 
1.3297652006149292 1.1099270582199097 
1.316378116607666 1.255014419555664 
1.9420709609985352 0.4033244252204895 
0.7710352540016174 1.9398736953735352 
0.3202815651893616 2.9413516521453857 
0.7951218485832214 1.7285279035568237 
0.3633917570114136 2.488783597946167 
0.787355363368988 1.7877651453018188 
0.06684987246990204 3.541175127029419 
0.09654639661312103 3.2096714973449707 
1.9238544702529907 0.6475029587745667 
1.9344978332519531 0.5056968927383423 
0.07292855530977249 3.4405276775360107 
0.3158310651779175 3.0032238960266113 
0.33352190256118774 2.7717854976654053 
1.9463837146759033 0.3520241975784302 
0.3536463677883148 2.562471866607666 
0.7915407419204712 1.7553832530975342 
1.928107500076294 0.5880585312843323 
0.7828234434127808 1.8258390426635742 
0.05624816566705704 3.695420265197754 
0.3158310651779175 3.0032238960266113 
1.307372808456421 1.3686319589614868 
1.3813731670379639 0.8024358749389648 
1.303030252456665 1.4288060665130615 
0.0951726958155632 3.2431740760803223 
1.3144469261169434 1.3009393215179443 
0.08871649205684662 3.2622978687286377 
1.3194661140441895 1.2202105522155762 
1.295853853225708 1.5233798027038574 
1.2996985912322998 1.4706077575683594 
1.9593300819396973 0.21951913833618164 
0.7397014498710632 2.335803270339966 
0.34932392835617065 2.600220203399658 
0.7404134273529053 2.3332865238189697 
1.9177016019821167 0.7422853708267212 
0.08088364452123642 3.339277744293213 
0.35925042629241943 2.513282537460327 
0.05942554771900177 3.643185615539551 
1.295518159866333 1.5291266441345215 
0.0011527196038514376 3.939607620239258 
1.9315372705459595 0.5368787050247192 
1.9859699010849 0.041420117020606995 
0.37699609994888306 2.4173943996429443 
0.7796952128410339 1.8660637140274048 
1.3259583711624146 1.1485439538955688 
1.9439729452133179 0.3799867331981659 
1.9673564434051514 0.15224041044712067 
0.34552720189094543 2.6410417556762695 
1.2920880317687988 1.5784238576889038 
1.3221722841262817 1.1901015043258667 
0.06482446938753128 3.5735490322113037 
1.9227486848831177 0.6632867455482483 
1.92835533618927 0.5827217102050781 
0.06286769360303879 3.5913891792297363 
0.05550956353545189 3.7073190212249756 
1.962712287902832 0.1881759762763977 
1.9166679382324219 0.7562523484230042 
0.06159486621618271 3.624147415161133 
0.7531099319458008 2.151811361312866 
