2.0008633136749268 9.092745603993535E-4 
6.985906511545181E-4 3.9518561363220215 
1.914272427558899 0.7938714623451233 
1.3904540538787842 0.7956528067588806 
1.2915589809417725 1.5890412330627441 
0.8346356153488159 1.5937821865081787 
0.39190617203712463 2.3907039165496826 
0.7359349131584167 2.387436628341675 
0.3032083213329315 3.180389642715454 
0.1079469695687294 3.1808319091796875 
0.04246078431606293 3.89314866065979 
0.05532742291688919 3.712229013442993 
1.9344208240509033 0.5032367706298828 
0.059207674115896225 3.65035343170166 
1.3197829723358154 1.217664361000061 
1.9402695894241333 0.42137861251831055 
0.7702410221099854 1.9528529644012451 
1.3264224529266357 1.1467351913452148 
0.311536967754364 3.0774340629577637 
1.29722261428833 1.5107190608978271 
0.08704471588134766 3.280557155609131 
0.7622458338737488 2.03562331199646 
0.004565684590488672 3.8954832553863525 
0.3154199421405792 3.0042269229888916 
0.09193035215139389 3.234869956970215 
0.8135128617286682 1.6324628591537476 
0.7412684559822083 2.306507110595703 
0.30740246176719666 3.1238436698913574 
0.760306179523468 2.0655970573425293 
0.06331117451190948 3.5792641639709473 
0.3781501054763794 2.413895606994629 
0.33126091957092285 2.8020970821380615 
1.9307390451431274 0.5526544451713562 
0.7538502216339111 2.138245105743408 
0.049337685108184814 3.801208734512329 
1.9580754041671753 0.22745227813720703 
0.7964985966682434 1.7212002277374268 
1.9771718978881836 0.08289443701505661 
0.342794805765152 2.667219877243042 
0.33766984939575195 2.7276737689971924 
0.357738733291626 2.526416063308716 
0.353574275970459 2.5613021850585938 
0.7871920466423035 1.7935038805007935 
0.049394670873880386 3.800379514694214 
0.08045657724142075 3.3467605113983154 
1.9881290197372437 0.03331398963928223 
1.925750970840454 0.6248959898948669 
1.3411062955856323 1.0076994895935059 
1.9461822509765625 0.3512277901172638 
0.7818987369537354 1.8375450372695923 
1.9178329706192017 0.7413445711135864 
1.3518576622009277 0.9265292882919312 
0.3678511381149292 2.4584715366363525 
0.7776268720626831 1.8713401556015015 
1.3151437044143677 1.2722872495651245 
0.7359563112258911 2.387206792831421 
0.06557691842317581 3.5439114570617676 
1.3362241983413696 1.048475742340088 
0.7916308641433716 1.7558531761169434 
0.3214385509490967 2.9273722171783447 
1.2937675714492798 1.5558929443359375 
0.31832006573677063 2.9636878967285156 
0.36376070976257324 2.480355739593506 
1.9665733575820923 0.15843692421913147 
0.07330163568258286 3.4319441318511963 
0.0706840381026268 3.5026395320892334 
1.3022061586380005 1.4378795623779297 
0.7432441115379333 2.278569459915161 
0.749306857585907 2.2088804244995117 
0.3482925295829773 2.608816385269165 
1.9271806478500366 0.602371096611023 
1.9445959329605103 0.37650948762893677 
0.7473648190498352 2.234694480895996 
0.1026449054479599 3.187692880630493 
0.752582311630249 2.161433458328247 
0.07606052607297897 3.394989252090454 
1.3108159303665161 1.3253352642059326 
1.3594930171966553 0.8790432214736938 
1.3308504819869995 1.0993186235427856 
0.07109197229146957 3.470370054244995 
1.3695982694625854 0.8335372805595398 
1.9210495948791504 0.6892684698104858 
0.32452693581581116 2.885669708251953 
0.3291436433792114 2.825429916381836 
0.33861541748046875 2.715545177459717 
0.3262350857257843 2.8631303310394287 
1.9519532918930054 0.29428157210350037 
0.3459121286869049 2.6284983158111572 
1.382440447807312 0.8012711405754089 
0.8292968273162842 1.5970276594161987 
1.3043004274368286 1.4097357988357544 
0.8041342496871948 1.6767066717147827 
9.137757588177919E-4 3.9413037300109863 
1.9720464944839478 0.11534257978200912 
0.8046455383300781 1.6714773178100586 
1.3579260110855103 0.8879203200340271 
1.3133857250213623 1.296903371810913 
1.3328920602798462 1.0823951959609985 
1.307363748550415 1.3634107112884521 
1.9557304382324219 0.2509162425994873 
