5.846255226060748E-4 3.9930949211120605 
1.3899973630905151 0.7956457138061523 
5.846255226060748E-4 3.9930949211120605 
1.2913113832473755 1.5922513008117676 
0.8343536853790283 1.5939608812332153 
0.7358010411262512 2.3892862796783447 
0.3927367925643921 2.390542507171631 
0.10811490565538406 3.180858612060547 
0.3035902976989746 3.179290533065796 
0.8008018136024475 1.693216323852539 
0.8260982632637024 1.5991007089614868 
0.332349956035614 2.784682035446167 
0.042466819286346436 3.8895437717437744 
1.3237290382385254 1.1723452806472778 
0.3263111114501953 2.86026930809021 
1.333540439605713 1.0726258754730225 
0.30815988779067993 3.1153600215911865 
0.7798969745635986 1.852597951889038 
1.3055534362792969 1.3916995525360107 
0.742588460445404 2.292573928833008 
0.08145224303007126 3.334115743637085 
0.7677756547927856 1.9765986204147339 
0.0778600350022316 3.37685489654541 
0.001117447973228991 3.9448471069335938 
0.7712076902389526 1.940227746963501 
0.08795495331287384 3.2684805393218994 
0.005082101095467806 3.8958065509796143 
1.377152442932129 0.8115725517272949 
0.7452091574668884 2.257420063018799 
1.31025230884552 1.3312280178070068 
0.33791160583496094 2.717883825302124 
0.07480175048112869 3.41487979888916 
0.0720578134059906 3.4540932178497314 
0.7901023626327515 1.7656707763671875 
0.7515081763267517 2.173924207687378 
0.31089890003204346 3.0710175037384033 
0.04817676916718483 3.8173165321350098 
0.3649679124355316 2.4751408100128174 
0.045829515904188156 3.8494911193847656 
1.3584164381027222 0.8842872381210327 
0.3523370027542114 2.570159673690796 
1.3138409852981567 1.2871922254562378 
1.3474550247192383 0.9549654722213745 
1.3420286178588867 1.0022990703582764 
1.3012290000915527 1.4499903917312622 
0.08505366742610931 3.296769142150879 
1.329084038734436 1.1161808967590332 
0.3363017737865448 2.735944986343384 
0.06157991290092468 3.6116559505462646 
1.3201873302459717 1.2124875783920288 
0.35718080401420593 2.530362367630005 
0.3700692057609558 2.446972608566284 
0.7839248776435852 1.8166792392730713 
0.7554852366447449 2.1221938133239746 
0.3046952486038208 3.163126230239868 
0.058137740939855576 3.665560245513916 
0.3430570960044861 2.6606364250183105 
1.355408787727356 0.9022307991981506 
0.3598765432834625 2.508990526199341 
1.3091272115707397 1.3672443628311157 
0.32091036438941956 2.9405269622802734 
1.3499014377593994 0.9378872513771057 
0.05443858355283737 3.7232470512390137 
0.7391486167907715 2.3407111167907715 
0.7593690752983093 2.074941873550415 
1.36686372756958 0.8432639241218567 
0.7640851736068726 2.0200576782226562 
1.293333888053894 1.562426209449768 
0.10072790086269379 3.1928670406341553 
0.09420730173587799 3.223902463912964 
0.32260841131210327 2.917329788208008 
0.32515984773635864 2.883906126022339 
0.7868350148200989 1.7923334836959839 
0.3471744656562805 2.6204094886779785 
0.3756561279296875 2.4219653606414795 
0.7959353923797607 1.7232933044433594 
0.7542564272880554 2.1385066509246826 
0.05166245251893997 3.767786979675293 
1.33949875831604 1.0189030170440674 
1.3160210847854614 1.2603896856307983 
0.051007866859436035 3.7749223709106445 
0.7752000689506531 1.898447036743164 
1.3178869485855103 1.2375006675720215 
0.003069784725084901 3.9031553268432617 
0.7383377552032471 2.3527884483337402 
1.3682886362075806 0.8376827836036682 
0.06268136203289032 3.5964443683624268 
0.3176686763763428 2.9771552085876465 
0.055616047233343124 3.705934762954712 
0.06741497665643692 3.523750066757202 
0.7629096508026123 2.0341482162475586 
0.3140646815299988 3.0279386043548584 
0.7751303911209106 1.899153470993042 
0.3801589906215668 2.4067444801330566 
0.31331759691238403 3.038632869720459 
0.3433971703052521 2.656695604324341 
0.7484714388847351 2.2151668071746826 
0.7603062987327576 2.0635712146759033 
0.31663310527801514 2.9943010807037354 
0.7484714388847351 2.2151668071746826 
