1.388728141784668 0.7952793836593628 
2.7031503850594163E-4 3.997349500656128 
1.388728141784668 0.7952793836593628 
1.291265606880188 1.5856415033340454 
0.833167314529419 1.5935378074645996 
0.736191987991333 2.3762905597686768 
0.3916471302509308 2.3901960849761963 
0.30323460698127747 3.1800432205200195 
0.10793820768594742 3.180802345275879 
1.336876392364502 1.0392851829528809 
1.3447383642196655 0.9722573757171631 
0.32381439208984375 2.8885791301727295 
0.3189272880554199 2.955432415008545 
1.3096954822540283 1.344482421875 
1.3574485778808594 0.8877126574516296 
1.30547297000885 1.4211987257003784 
1.3312757015228271 1.0901979207992554 
8.590793004259467E-4 3.94598650932312 
0.743649423122406 2.2727344036102295 
0.37766221165657043 2.412987232208252 
1.317857265472412 1.2338545322418213 
0.09712372720241547 3.24194073677063 
0.36812517046928406 2.453967332839966 
0.770175576210022 1.9550817012786865 
0.04167581722140312 3.894808292388916 
0.7922399044036865 1.7461057901382446 
1.3160380125045776 1.2679219245910645 
1.2979689836502075 1.4934051036834717 
0.34908199310302734 2.595987558364868 
0.7987312078475952 1.7027417421340942 
1.3111156225204468 1.3166048526763916 
1.3762928247451782 0.811687171459198 
0.054500922560691833 3.716667890548706 
1.3015201091766357 1.441910982131958 
0.004602620378136635 3.8954074382781982 
0.7408220171928406 2.3118720054626465 
0.34472939372062683 2.6394312381744385 
0.33249205350875854 2.7768800258636475 
0.3526628911495209 2.5639078617095947 
0.10098842531442642 3.1904563903808594 
0.08382664620876312 3.312225580215454 
0.04706791415810585 3.8269591331481934 
0.7579025030136108 2.0868659019470215 
0.8264260292053223 1.5980427265167236 
1.3228061199188232 1.1779297590255737 
0.04303140938282013 3.879142999649048 
0.052064284682273865 3.7559449672698975 
0.7863519191741943 1.7926803827285767 
0.07808178663253784 3.3675663471221924 
0.3127831816673279 3.040614128112793 
0.7381936311721802 2.3489694595336914 
1.3659268617630005 0.8459146618843079 
0.33040618896484375 2.805363655090332 
0.7750874757766724 1.8957551717758179 
0.7618810534477234 2.048205614089966 
0.7475667595863342 2.219874620437622 
0.30638161301612854 3.1326732635498047 
0.3572161793708801 2.5263192653656006 
1.3508809804916382 0.9281443953514099 
1.3274204730987549 1.128722906112671 
0.8122325539588928 1.6346092224121094 
0.8133436441421509 1.6300681829452515 
0.3401559889316559 2.689289093017578 
0.08097992092370987 3.3338310718536377 
0.06687358021736145 3.5225071907043457 
0.7783112525939941 1.8651217222213745 
0.8034309148788452 1.6765785217285156 
0.7482340335845947 2.21069073677063 
0.07577773183584213 3.397157669067383 
0.781108558177948 1.8376145362854004 
0.7881156802177429 1.778167963027954 
0.3365000784397125 2.7308602333068848 
0.049961648881435394 3.7841873168945312 
0.0037613301537930965 3.8963959217071533 
0.0880109891295433 3.264721632003784 
1.3497905731201172 0.9398133754730225 
1.3679742813110352 0.8371449708938599 
0.3267696797847748 2.8490331172943115 
0.7631290555000305 2.025789976119995 
0.3164615333080292 2.9896366596221924 
0.059122484177351 3.643381357192993 
0.75514817237854 2.121278762817383 
0.06470590084791183 3.5571224689483643 
1.2951725721359253 1.5640839338302612 
0.06855284422636032 3.498258113861084 
0.7653863430023193 1.9994598627090454 
0.7517727017402649 2.16446852684021 
0.3275877833366394 2.8396496772766113 
1.2963528633117676 1.5260721445083618 
0.7517727017402649 2.16446852684021 
0.07307787239551544 3.4329755306243896 
0.3118606209754944 3.0542490482330322 
0.33681485056877136 2.727141857147217 
0.048544928431510925 3.807081937789917 
0.07081402838230133 3.4652793407440186 
0.309770792722702 3.084604501724243 
1.325690507888794 1.1470391750335693 
0.06013249233365059 3.6282572746276855 
0.3877228796482086 2.3920352458953857 
0.30752167105674744 3.118762493133545 
