1.3898056745529175 0.7952479124069214 
2.676292497199029E-4 3.998745918273926 
1.3898056745529175 0.7952479124069214 
1.2908730506896973 1.5911918878555298 
0.8331347703933716 1.5935420989990234 
0.3917517066001892 2.390246868133545 
0.735385537147522 2.3891310691833496 
0.3031805455684662 3.180027961730957 
0.10748087614774704 3.180793285369873 
0.31182193756103516 3.0549139976501465 
1.3130004405975342 1.2919604778289795 
0.0501151941716671 3.7846646308898926 
0.004499190486967564 3.8953707218170166 
1.342713475227356 0.9881381988525391 
0.05491792410612106 3.709482431411743 
0.3662952780723572 2.464477062225342 
0.041638728231191635 3.895210027694702 
1.3361570835113525 1.0445441007614136 
0.318844735622406 2.9594948291778564 
1.2938899993896484 1.5481528043746948 
0.33896732330322266 2.703641414642334 
0.3792763352394104 2.4078750610351562 
0.7731390595436096 1.916763424873352 
0.0012973028933629394 3.93204927444458 
1.3025057315826416 1.427030086517334 
1.297689437866211 1.495084285736084 
0.3557555079460144 2.540820598602295 
0.07646160572767258 3.3889193534851074 
0.08250711113214493 3.3177332878112793 
0.07320357859134674 3.431701898574829 
0.3271419405937195 2.8458383083343506 
0.7526052594184875 2.154757022857666 
1.3665729761123657 0.8429991602897644 
0.3506094813346863 2.582768440246582 
1.373233437538147 0.8197606205940247 
1.3071995973587036 1.3651211261749268 
0.36920812726020813 2.4484195709228516 
0.7900410890579224 1.7634906768798828 
0.33285948634147644 2.7739157676696777 
0.07997162640094757 3.3472330570220947 
0.32319217920303345 2.8970069885253906 
1.329724907875061 1.1063603162765503 
0.7760074138641357 1.8875694274902344 
0.7468938231468201 2.241708517074585 
0.329395055770874 2.8161845207214355 
0.3441932499408722 2.644792318344116 
1.3003021478652954 1.4581416845321655 
0.794602632522583 1.73158860206604 
0.7616972327232361 2.0425000190734863 
1.3322908878326416 1.0808556079864502 
0.30569902062416077 3.145195484161377 
0.0652507096529007 3.549415349960327 
0.7488577365875244 2.2032155990600586 
1.3482277393341064 0.9478216171264648 
1.3537801504135132 0.909420907497406 
1.3215954303741455 1.1924551725387573 
0.06767389178276062 3.5129637718200684 
1.3070673942565918 1.3668111562728882 
0.7594836950302124 2.0691635608673096 
0.09492601454257965 3.2164950370788574 
1.3255741596221924 1.1492629051208496 
0.06335092335939407 3.5784952640533447 
0.044052526354789734 3.867166519165039 
2.7185105136595666E-4 3.9950451850891113 
0.3093445301055908 3.0907113552093506 
0.08790531754493713 3.2660481929779053 
0.8273630738258362 1.5968164205551147 
0.7568448781967163 2.10282826423645 
0.05716511979699135 3.677175521850586 
1.316434621810913 1.2506811618804932 
0.10366997122764587 3.1942787170410156 
0.7673547267913818 1.977636456489563 
0.07057412713766098 3.470759868621826 
0.3076963424682617 3.114370107650757 
0.7847234010696411 1.8067210912704468 
0.7373946309089661 2.3596949577331543 
0.8161569237709045 1.621222972869873 
0.754944920539856 2.1251380443573 
1.385048508644104 0.7973364591598511 
0.0473267063498497 3.822300672531128 
0.8000921607017517 1.694213628768921 
0.7400130033493042 2.323925733566284 
0.785819947719574 1.7974517345428467 
0.8139703273773193 1.627954363822937 
0.8064509630203247 1.6597015857696533 
1.3188109397888184 1.223559021949768 
0.35538822412490845 2.5426430702209473 
1.3591684103012085 0.8786974549293518 
0.7801087498664856 1.8469072580337524 
0.046338897198438644 3.8366854190826416 
1.324384331703186 1.1645944118499756 
1.3534715175628662 0.9390888214111328 
0.7426221966743469 2.286695957183838 
0.7799175381660461 1.8486762046813965 
0.7649434208869934 2.004842758178711 
0.3323823809623718 2.778411388397217 
0.06125039979815483 3.6102960109710693 
0.8072065711021423 1.6560640335083008 
0.06936534494161606 3.487192392349243 
0.7426221966743469 2.286695957183838 
