2.000802516937256 0.0011266838992014527 
2.000802516937256 0.0011266838992014527 
7.362718461081386E-4 3.9904141426086426 
7.362718461081386E-4 3.9904141426086426 
1.914235234260559 0.794499933719635 
1.3898431062698364 0.7957699298858643 
1.291465163230896 1.5932537317276 
0.8345767855644226 1.594157338142395 
0.735825777053833 2.3904812335968018 
0.3921259641647339 2.391000747680664 
0.10876242816448212 3.1814002990722656 
0.3041197955608368 3.181239366531372 
1.312435507774353 1.3047845363616943 
0.31606805324554443 3.006002426147461 
1.9793843030929565 0.07368997484445572 
1.940045714378357 0.4285244643688202 
0.05782180279493332 3.673367500305176 
0.3213082551956177 2.9304323196411133 
0.7963793277740479 1.7215508222579956 
1.3009945154190063 1.456528663635254 
1.320168137550354 1.2140494585037231 
1.9358350038528442 0.48416128754615784 
0.8027101755142212 1.6846249103546143 
0.3497937321662903 2.5969417095184326 
0.7861465811729431 1.800604224205017 
0.045442741364240646 3.85931396484375 
0.07852169871330261 3.3712234497070312 
0.34557706117630005 2.6399073600769043 
0.7403501868247986 2.3301966190338135 
0.04279221221804619 3.893707752227783 
1.9543495178222656 0.2681048810482025 
0.09447292238473892 3.2238283157348633 
1.9980241060256958 0.0055953748524188995 
1.918628215789795 0.7315707802772522 
1.3088871240615845 1.3531819581985474 
0.3260446786880493 2.873629570007324 
1.9611393213272095 0.20647302269935608 
0.050975847989320755 3.78293776512146 
1.2957950830459595 1.5312470197677612 
1.33668851852417 1.0447684526443481 
1.9311015605926514 0.548241138458252 
1.365729570388794 0.8489173054695129 
0.7773570418357849 1.880473017692566 
0.08480982482433319 3.3029847145080566 
0.3335029184818268 2.775407314300537 
0.38498878479003906 2.4216506481170654 
0.8159241676330566 1.6232413053512573 
0.3072839379310608 3.131875514984131 
0.06452738493680954 3.571948289871216 
0.33958306908607483 2.70135498046875 
1.3316770792007446 1.0919865369796753 
0.7830276489257812 1.8275343179702759 
1.9288383722305298 0.5788190960884094 
0.7661061882972717 1.9992884397506714 
1.9510600566864014 0.30296382308006287 
1.9468973875045776 0.35243216156959534 
1.3286607265472412 1.1273748874664307 
1.920856237411499 0.6924562454223633 
1.3765960931777954 0.812540590763092 
0.3575836718082428 2.530344009399414 
0.3377768099308014 2.725165605545044 
0.7530548572540283 2.155259370803833 
0.005175480153411627 3.8960206508636475 
0.311616450548172 3.0678863525390625 
0.08421768248081207 3.3095202445983887 
0.0015066387131810188 3.9347634315490723 
0.36566847562789917 2.4710476398468018 
0.7701168656349182 1.9534599781036377 
0.06866917014122009 3.5054008960723877 
0.36969274282455444 2.4508907794952393 
0.35830235481262207 2.5247244834899902 
1.3587827682495117 0.8834075331687927 
0.06533778458833694 3.560163974761963 
1.9675203561782837 0.15369912981987 
0.7626386880874634 2.036397695541382 
0.07516075670719147 3.418285846710205 
0.31111180782318115 3.0787787437438965 
0.09673010557889938 3.2102532386779785 
0.7575144171714783 2.0983214378356934 
1.2940272092819214 1.5531600713729858 
1.3416860103607178 1.0018709897994995 
1.3243154287338257 1.1697369813919067 
1.346258282661438 0.9651561975479126 
0.7575144171714783 2.0983214378356934 
0.05241551622748375 3.761570453643799 
0.3288978636264801 2.8326730728149414 
0.3302707076072693 2.8155229091644287 
1.9645094871520996 0.17607595026493073 
1.923775553703308 0.6500031352043152 
1.9251353740692139 0.6330831050872803 
0.07160923629999161 3.4637904167175293 
0.7738019824028015 1.9153083562850952 
0.05515071377158165 3.7243618965148926 
1.30500328540802 1.4045010805130005 
1.30500328540802 1.4045010805130005 
1.9732290506362915 0.11225594580173492 
1.946992039680481 0.34830230474472046 
0.7467048764228821 2.239938259124756 
0.05593201145529747 3.707536220550537 
1.3507165908813477 0.9350114464759827 
