1.3909555673599243 0.7961071729660034 
0.0010674112709239125 4.000740051269531 
0.834357738494873 1.5944359302520752 
1.2916171550750732 1.5940845012664795 
0.736232340335846 2.390080451965332 
0.39257240295410156 2.391178846359253 
0.10865940898656845 3.1816763877868652 
0.30405449867248535 3.181438446044922 
1.3667141199111938 0.8461393117904663 
0.05318177863955498 3.751924514770508 
0.3188728988170624 2.969743251800537 
0.8152874112129211 1.627440333366394 
0.04742678999900818 3.835946798324585 
0.08271004259586334 3.3263635635375977 
0.7594805359840393 2.080920457839966 
0.00526062585413456 3.896199941635132 
0.08780452609062195 3.2767043113708496 
1.3253291845321655 1.1611753702163696 
0.7463451027870178 2.250260591506958 
1.3300142288208008 1.1143319606781006 
0.7877423167228699 1.789860486984253 
0.3072279989719391 3.1377553939819336 
1.3089025020599365 1.356717824935913 
0.07843054085969925 3.3770089149475098 
0.7946666479110718 1.7374540567398071 
1.3466832637786865 0.976610004901886 
0.09718651324510574 3.21293306350708 
0.7810482382774353 1.8489232063293457 
0.31421223282814026 3.0354971885681152 
0.767894446849823 1.982845425605774 
1.301537275314331 1.4510645866394043 
0.33610397577285767 2.7470738887786865 
1.321914553642273 1.200724720954895 
0.042442210018634796 3.8955957889556885 
0.7768790125846863 1.88999342918396 
0.09370727837085724 3.239583730697632 
0.07318592816591263 3.4463424682617188 
0.35433515906333923 2.558689832687378 
0.07590258121490479 3.410353422164917 
1.2961533069610596 1.5320594310760498 
0.37041887640953064 2.448385238647461 
0.7429041862487793 2.2958269119262695 
0.7725541591644287 1.9357714653015137 
1.3154500722885132 1.2758996486663818 
0.06750220060348511 3.530193328857422 
0.754595160484314 2.140777826309204 
0.7495965957641602 2.2061927318573 
0.7846450805664062 1.8174831867218018 
0.06335921585559845 3.593733787536621 
1.3523565530776978 0.9252095818519592 
0.7978226542472839 1.7148956060409546 
0.06460189074277878 3.5748472213745117 
0.3273034691810608 2.8562169075012207 
1.293718934059143 1.5646458864212036 
0.36347687244415283 2.488384962081909 
0.3395499885082245 2.7074053287506104 
0.31028470396995544 3.0921790599823 
0.3765636682510376 2.4209530353546143 
0.32424288988113403 2.8980979919433594 
0.07072336971759796 3.4836196899414062 
1.333754301071167 1.0771679878234863 
0.35013851523399353 2.596682071685791 
1.3052482604980469 1.4033787250518799 
0.0024584548082202673 3.9202840328216553 
0.7655962705612183 2.0086989402770996 
0.3333541750907898 2.7802324295043945 
0.3221983015537262 2.9244024753570557 
0.7381364703178406 2.3632144927978516 
0.060341671109199524 3.6392598152160645 
1.3188799619674683 1.2332803010940552 
0.33172544836997986 2.7989091873168945 
0.3458434045314789 2.6382861137390137 
0.056062955409288406 3.711738109588623 
1.3595901727676392 0.8829615712165833 
0.05645127221941948 3.700676202774048 
1.3045135736465454 1.4128369092941284 
0.365557461977005 2.4759771823883057 
0.7739272117614746 1.9184201955795288 
0.343498170375824 2.6632988452911377 
0.8072303533554077 1.661349892616272 
0.06907545030117035 3.5074329376220703 
0.7627624869346619 2.040742874145508 
0.0014543307479470968 3.9517459869384766 
1.3595901727676392 0.8829615712165833 
0.3114980459213257 3.075775623321533 
0.34831902384757996 2.614392042160034 
0.30411067605018616 3.1806156635284424 
1.3175442218780518 1.2510040998458862 
1.2985559701919556 1.4945539236068726 
1.2989839315414429 1.4881738424301147 
0.35781511664390564 2.53027606010437 
0.0014406531117856503 3.9715309143066406 
0.803100049495697 1.6834129095077515 
1.3120696544647217 1.3164546489715576 
1.3415447473526 1.0088223218917847 
1.3120696544647217 1.3164546489715576 
0.31345969438552856 3.0464084148406982 
1.3384000062942505 1.0391076803207397 
0.7413434386253357 2.317430257797241 
0.044777605682611465 3.8696813583374023 
