0.5523863223174129
0.5566628905069487
0.556297276159775
0.5570806872022913
0.5572413071168922
0.5523261094265418
0.5556036524223144
0.5519233382953002
0.5566382756385067
0.5518069851965248
0.5568319140106817
0.5572328530579641
0.5563575488337846
0.5520405008345147
0.5571256250708605
0.5516385011601512
0.5522964061895005
0.5519344047206205
0.5570192863854998
0.5566875236220729
0.5569954133023126
0.5563551149595398
0.551785634085262
0.5572278132944197
0.55152854845144
0.5524009485984082
0.5523412279856134
0.5521121718165118
0.5517689077196856
0.5517116070633341
