0.7898948995902745
0.7707079703811669
0.7812547829644411
0.7836543327187717
0.7867603692017188
0.8009543024382995
0.791392037087219
0.8194485214557204
0.7907290296881219
0.8007100906169112
0.790432551743128
0.7767654482140338
0.7892777195005872
0.8167922116292999
0.7911284446455634
0.7979804241750134
0.7917000916666419
0.7847990456606988
0.8083220030447036
0.7870236338103369
0.806897907651349
0.7902784002708491
0.7783657801876774
0.8070680797379844
0.7859700327993334
0.8071165146751855
0.7900644356777097
0.8070526891547537
0.7789801218572663
0.7920674225138113
