1.9999930618931356 3.999937506946613 2.10170940209481 2.802445900882421 3.5012412430311395 4.199526752993836 
0.002079332024432023 0.0016711562805109548 2.1010886497508787 2.8010163203313887 3.50130942911665 4.199551983765543 
1.9962290621647967 2.4292680630435437 2.1014600788967037 2.8019786823809225 3.5011871073754217 4.199295879501169 
1.9857379092156842 3.8081097089055516 2.1012110023014747 2.8023576208334933 3.501232068019764 4.198538075413463 
1.739092749626019 1.349176785520176 2.1011929650349135 2.801441838297464 3.501100809967622 4.199276602916116 
1.1446228764378272 3.86377149996372 2.1017128066362667 2.80225066041018 3.501169595072773 4.199281867570092 
0.9459109566432313 2.6205832041530837 2.101210857769649 2.8023735781857613 3.500758097291394 4.199548418348678 
1.089461758155955 1.059520172618083 2.1008994743669764 2.8019707635471933 3.5014412766268572 4.198445506923529 
0.7127106499387992 0.2525376320181705 2.101167874380867 2.801479445551915 3.5011588642326816 4.199540316378537 
0.9793425355750587 0.8819452795273368 2.1011665766741596 2.8019862769068324 3.501172975077799 4.199530130372593 
1.827114861929802 1.0702486530596274 2.10207899760672 2.827875416634391 3.5013941951533525 4.19954701323382 
0.9865352092558808 2.59490628585325 2.1012421715349703 2.801968371708548 3.5012204194998953 4.198545143210783 
1.87614988902498 2.4293045688421984 2.1014600788967037 2.8019786823809225 3.5011938112608423 4.199287859304582 
1.9716815631130007 3.938072672482206 2.1011937584595675 2.8024518503316362 3.501243291125602 4.198492523220764 
0.9491785070525688 1.0837405476426156 2.1011989591376303 2.801028070485955 3.501386967619037 4.198536429057182 
0.9793425355750587 0.9078858818217561 2.1011665766741596 2.801953489758266 3.501240838413934 4.199502646559993 
1.8767939255525605 2.4453001801474756 2.10119061733847 2.801494681027879 3.501388245286517 4.199557038427359 
1.8317079916318013 0.8773185869940855 2.101195729842402 2.802311352836066 3.501190763148117 4.199278631698258 
1.7291564898683267 1.1901440704513724 2.1021554766517583 2.8024294318504768 3.5011979989877475 4.199887906575003 
1.9580420255524955 3.950715527104532 2.101197119943567 2.800989517267097 3.5013675350343987 4.198492523220764 
0.939167203628804 2.648218434011198 2.101463645300123 2.802404591878971 3.5012066209843593 4.1985992392239675 
0.8752548527868351 1.2664865474381317 2.1011994307410453 2.8024447267244943 3.501205652909489 4.198538308487932 
1.9079287828205969 2.5293546568060377 2.1011937703646666 2.8024313894102417 3.5012432978839847 4.199328744521095 
1.089461758155955 0.8754045722561765 2.1008979141283097 2.8019744668517674 3.5014412766268572 4.1984121269972485 
0.10351445546622373 0.8767788650030074 2.101465230264963 2.8019786823809225 3.501187608196729 4.199611603825343 
0.04228209982521525 1.1947918880491173 2.1014502687801175 2.8019786215985123 3.5012199957742296 4.199343598627695 
0.8045565172395327 1.3486889302124105 2.1014484887266036 2.801983684531337 3.501166299933485 4.198616886630538 
1.9087838913673554 2.4453001801474756 2.101190404013675 2.7866508820556306 3.50125021866714 4.198474668139876 
1.8712816407380324 0.8818690336078727 2.101140554783047 2.802004770893697 3.501172975077799 4.199617911530342 
0.07887127885750476 0.0016711562805109548 2.1011394972864874 2.8010163203313887 3.5011906992184385 4.199551123936731 
1.7341885450764478 1.2097358312809927 2.1021462259735757 2.801963768225709 3.502421133498261 4.199251404903189 
1.8601863848488442 2.6512229458630223 2.1011903983988427 2.8014937602944947 3.5012064861504806 4.198545805272196 
1.9079287828205969 2.4356806977849814 2.1011957947790045 2.8024313894102417 3.501243551162502 4.199328744521095 
0.873795506454885 1.2616188226230063 2.102372471589285 2.802444769526952 3.5013930087160707 4.198482678219059 
1.9716815631130007 3.9722045359867977 2.101195782873905 2.8024518503316362 3.501243544404119 4.198492523220764 
1.892486368846248 0.8773185869940855 2.101146629485717 2.802311352836066 3.501190763148117 4.199278631698258 
1.0612588522228439 1.030030242463063 2.1023735949079865 2.801456735530601 3.5012474009699326 4.199242777717486 
0.06691138534160603 1.074197704753146 2.1011569785341715 2.8022651706676456 3.501244587899448 4.1992056190124645 
0.2210494816685249 0.8979528131072666 2.100888765313398 2.802222487798004 3.501156080033392 4.1992860907727865 
1.9976100007099826 3.9819308060414866 2.1012234117350834 2.8020030607017854 3.5013977802567116 4.198418250919989 
1.931704834854889 3.951437318538508 2.1023735949079865 2.801978743084042 3.5013716448787293 4.199242777717486 
0.03505192594807971 1.523052609168069 2.102389481488885 2.8024469353771626 3.501372130471658 4.198486228615832 
0.24586429205970745 0.8777467482624868 2.101147125643685 2.802571696284579 3.501175169940479 4.199576300071916 
0.10600912503869264 1.324505291980286 2.1011435634682387 2.801976624420738 3.501166058809877 4.1996326253731295 
1.0194866573787613 0.8748748586493729 2.101189034294467 2.8014883753737787 3.5011656208565016 4.198413253673529 
0.03856990609171679 1.0601101868116234 2.1012444099404397 2.801499845966726 3.501268623288329 4.197700803101176 
1.9595255272286047 3.9819308060414866 2.1012030138705113 2.8020045526149158 3.5013977711678024 4.198509003078039 
1.9857379092156842 3.8163265559895545 2.100847678432271 2.802361299924091 3.501232068019764 4.198538075413463 
0.050378857629652184 1.3513977797363723 2.1011350562820255 2.8014511016463928 3.501173207180283 4.198546030257648 
1.886750077298058 2.3841226763943566 2.1014601388398835 2.8019786823809225 3.5011871073754217 4.199295879501169 
0.6811806001575399 1.4855323524196602 2.101203021581553 2.802272430781234 3.5013983052373554 4.198417702992204 
1.9894319711304629 3.8422924972651913 2.101142787447355 2.8010739669436284 3.5007394825141462 4.198540641016687 
0.03505192594807971 1.3282391307825039 2.1023735949079865 2.8024469353771626 3.5013716448787293 4.198486228615832 
0.0677098969910721 1.0457009052682666 2.1011566233829275 2.8014621593045015 3.5011676639919758 4.198309517301268 
1.7387716443836967 1.1225967716451568 2.1021462259735757 2.80232474220675 3.502421133498261 4.198583295400575 
1.1512806004700398 3.999156841043814 2.1011936710618944 2.802514155738994 3.5010992193484296 4.198536128847561 
1.992962022819567 3.8433622280576674 2.101142787447355 2.801028070485955 3.501387437386825 4.198540641016687 
0.7760032366669437 1.3405350368083668 2.1014657038100113 2.801983684531337 3.501166299933485 4.198578232487543 
1.0494365371131047 1.0806978607789972 2.101223218212631 2.8014318434086283 3.5013869943805487 4.198535138402182 
1.9006157201807814 2.427848304730364 2.1011887348609797 2.801494681027879 3.5025684411895344 4.198406668587864 
0.0819441928147463 0.8773185869940855 2.101146629485717 2.802311352836066 3.5011908387064645 4.199287753853308 
1.9445775103769851 3.946634378068985 2.1017094507967955 2.8024472678346872 3.501443056728405 4.198469094922363 
0.939167203628804 1.058508210658697 2.101205966310094 2.802395449387085 3.50138754251203 4.198532759645249 
0.04133682259610538 1.3417144134979002 2.1011787822543133 2.8014312228104106 3.5012687020491113 4.197709646487631 
1.148822802522422 3.9960024716546947 2.1011938659221325 2.801043835102573 3.5010993208355563 4.199501774939699 
1.8105219279960376 1.0837405476426156 2.10206711428052 2.8010404568190426 3.500728663523483 4.198536429057182 
1.9087917075968996 0.8777467482624868 2.10119584348099 2.8024313894102417 3.5025720247827445 4.19850625528826 
1.8379416566503104 0.9309718810514647 2.100888765313398 2.802222487798004 3.5011544066644764 4.1992860907727865 
1.8854937430596725 2.398013629994038 2.102387258613442 2.802505744874578 3.501393867429507 4.1984738209222625 
1.089461758155955 2.4071639699607106 2.1008979141283097 2.8019744668517674 3.5014412766268572 4.198445506923529 
0.005693289718040326 0.3222135986908923 2.1010890026770723 2.8014974904201484 3.500733606599512 4.1995301553027735 
0.846334894831358 1.39221247968673 2.1011787822543133 2.8014296840649964 3.5013729571319856 4.198574380630989 
1.0194866573787613 0.8818486179635652 2.101140554783047 2.802004770893697 3.501172975077799 4.199610515484793 
1.9869074260138975 3.831962342312119 2.1017094507967955 2.802286601107994 3.5012211428322706 4.198546542999405 
1.9654271090594475 3.913137641907613 2.1010868438175394 2.8023625275084596 3.5012064861504806 4.198545805272196 
0.7760032366669437 1.3405350368083668 2.1014657038100113 2.801983684531337 3.501166299933485 4.198578232487543 
1.9869074260138975 3.9769160082679527 2.1017094507967955 2.8015205376782064 3.5012671002825213 4.198489407518512 
1.8332171857514572 2.541793051600342 2.1010770364829336 2.8015091990991845 3.501219861949603 4.198495733246273 
1.8725945132035522 0.8743164308889915 2.1011430748646545 2.8014929467538328 3.5011619303049164 4.198409219862467 
0.002164036511524192 0.0016711562805109548 2.101139686160094 2.8010163203313887 3.501304187225551 4.199551123936731 
1.1616062903368618 3.996001313371129 2.101183288420001 2.800980981889468 3.5025724442800197 4.198473558823483 
1.1823663294408404 3.9124474050934555 2.1017307403337258 2.8023249061745883 3.502043842211289 4.198419139446053 
0.971398640609677 2.59490628585325 2.1012278642722246 2.801968371708548 3.501220408068836 4.198546409217747 
1.8854937430596725 2.3971019036483154 2.102387258613442 2.802505744874578 3.5013927518963555 4.1984738209222625 
0.8023650411929788 1.3417144134979002 2.1011787822543133 2.8014296840649964 3.5013729571319856 4.198574380630989 
0.8929793811420141 1.3293500919858228 2.1011572498939413 2.8010829159996984 3.501214351363664 4.198510026189078 
1.982959258600467 2.43473877078608 2.1014569860356462 2.8019786823809225 3.5011883770110166 4.199295879501169 
1.9588250909777347 3.9374062920927853 2.101197119943567 2.8009834546565546 3.501243291125602 4.198492523220764 
0.03528937802672985 1.0805727725153629 2.101156580526165 2.802407560342179 3.501372259011241 4.198483950015925 
0.21454743928406145 1.058246858702355 2.100880578786233 2.802222487798004 3.501158860888542 4.1995370206530795 
1.9201437783714468 3.9540105076764394 2.101223218212631 2.8019477883515274 3.5013869943805487 4.198535138402182 
1.9969371557589186 2.286211240355244 2.101195763451356 2.8010332525249697 3.5011149397565458 4.1984407019532854 
1.9869074260138975 3.955435627690365 2.1017094507967955 2.8015210525932757 3.5012211428322706 4.1985464381342394 
1.9384300844698439 2.4464781311140413 2.1011935280002962 2.8022663834269803 3.501388271390147 4.198472760779756 
1.089461758155955 2.4071639699607106 2.1008979141283097 2.8019744668517674 3.5014412766268572 4.198445506923529 
0.08118959063664971 1.0805727725153629 2.101156580526165 2.801056946630977 3.501451928659629 4.198567830350918 
0.8929793811420141 1.3293500919858228 2.1011572498939413 2.8010829159996984 3.501214351363664 4.198510026189078 
1.739092749626019 1.349176785520176 2.1011929650349135 2.801441838297464 3.501100809967622 4.199276602916116 
0.2208869436035441 2.6191758343101594 2.101081869526272 2.8015091990991845 3.501221535318519 4.198495733246273 
1.9778118395438673 3.946634378068985 2.1017094507967955 2.8024472678346872 3.501443056728405 4.198469094922363 
