0.005466988997802791 0.01086014422149964 2.099737734983983 2.8000046089588126 3.494543219335814 4.211200604619234 
0.005466988997802791 0.01086014422149964 2.099737734983983 2.8000046089588126 3.494543219335814 4.211200604619234 
1.9999237351293777 3.999994090888174 2.1001002430762914 2.802143887123039 3.508039690436981 4.209093781976106 
1.9889367191708234 3.8035738916074844 2.103020579262654 2.802109370011658 3.508019013120533 4.209177068556426 
1.3237686268922504 3.774159954737794 2.1018552001011486 2.798337732845561 3.507836263458992 4.209192516627002 
0.4127480876374066 3.9999852665439293 2.0999984919742882 2.7996823926438053 3.5078369522134283 4.2092956142053115 
1.1892137589332172 3.77506802912467 2.101855947194274 2.798366093514076 3.5078991425189807 4.209915156859405 
0.38688182644374836 3.73911719924053 2.099989703770968 2.801896908918212 3.508125082931339 4.210832252720311 
1.317882714256156 0.6048532479720643 2.1000694668921023 2.800010372158427 3.5089396180424224 4.211199871880147 
1.2604184450993186 0.3218851024181769 2.1018567590276644 2.8023308325331584 3.5103242156020658 4.210915298954403 
0.6099102297625079 0.45735638132993073 2.0993224282134193 2.800874801789472 3.5080521434965886 4.209214127543994 
1.2601267278280184 3.7128536682551436 2.1018567590276644 2.7979710406082243 3.5077532536703213 4.209039253796085 
0.3742882977681421 3.8876729022758925 2.09926244757286 2.7976382093141856 3.50872147255366 4.1764774555996915 
0.4402883767185661 0.46142272537248274 2.1030698139891237 2.7977965542142953 3.508055691251097 4.211633563762092 
0.4354370739934706 0.520304336569966 2.101910074444211 2.8021015188333434 3.5080112306228193 4.211568519545125 
0.3769317600850747 3.8529012422576727 2.1019030194692756 2.8018988995429903 3.508181886042754 4.210654293585766 
1.9600644847629447 3.9441714743106906 2.1017332445490866 2.799663226302724 3.5083779537875177 4.209869352394293 
1.2552357657268807 3.665936010817826 2.0999716275201172 2.7983121731030574 3.510311257810795 4.210908571534506 
1.3217943905571699 0.26086716899138684 2.103203069166958 2.7984983152741965 3.508127157402713 4.209933062707518 
1.3197920586452188 3.5737548745464016 2.1032098892182383 2.8020244816842963 3.510979744779118 4.211614973268997 
1.2373359724614965 3.7189224564874364 2.101785451756695 2.799684693311208 3.5078357765528327 4.209869938716265 
1.270076832564526 3.7128536682551436 2.1030684431264253 2.800848276986085 3.5077504198721723 4.209367352227715 
1.2277360707866862 0.41955479181418487 2.0994747356113623 2.799958376188747 3.5083427127307782 4.2099331573504255 
1.9831340173085512 0.5863487400883092 2.0997703524328415 2.799960722562986 3.5080010492477682 4.209177068556426 
1.98975432950199 3.8634351918856207 2.1037400559765227 2.798547068244873 3.508109924848451 4.209866550256142 
0.3654024148865315 0.520304336569966 2.1030882344956727 2.8021015188333434 3.5080112306228193 4.211568519545125 
1.979224104915338 0.5760449659394801 2.101883977668034 2.8000749505081703 3.5080757245787715 4.211206305842427 
1.2604184450993186 0.46445889947998165 2.1018513774490377 2.8023308325331584 3.5103242156020658 4.210897191459717 
0.3210072663533611 0.45748778794247913 2.102700607401154 2.7984878609494452 3.5078402800539643 4.2099559233269925 
1.3154016167851843 0.4377795402075024 2.103198188749281 2.7997912345164173 3.5083600966700694 4.211121868546253 
0.1354133793290695 0.06571660651800687 2.102431082995066 2.7983781948614843 3.5079922939108727 4.211482795422411 
0.4707372213292793 0.2256581994777913 2.1037256572345187 2.798547068244873 3.5065981733373857 4.209866550256142 
0.39352702673549034 3.8675462660325195 2.0999983503686397 2.7981371064904335 3.5077938626032386 4.2099304315844694 
0.3740650187608548 0.2909141198203127 2.1000639988262493 2.7996644804763724 3.5080146165546213 4.2111991856733475 
1.9526843017350877 3.982778605755339 2.099622018547569 2.800032682289323 3.5080112306228193 4.211110939484948 
1.936772354410543 3.9997597853148497 2.1032983480567666 2.8008479838494638 3.5078103277056285 4.2092956142053115 
0.3654024148865315 0.5571976425067433 2.1030882344956727 2.8020156516591466 3.5080112306228193 4.2111526990476476 
1.1814229083600076 0.605703971248441 2.101763518180423 2.802059183099396 3.5080757245787715 4.211206305842427 
1.9889367191708234 3.9426669280420907 2.10258747633728 2.799931048475304 3.4980819528000278 4.209740557950042 
0.27070839311431183 0.6548825037706665 2.100332421452321 2.7999739831278787 3.508308330436961 4.20981202408049 
1.1727343646042239 3.8204581150393335 2.103294897793574 2.800835514323579 3.5080476433128207 4.209858925384608 
1.2343373609814974 3.734579137576497 2.102723196050442 2.798245900589905 3.507970276902995 4.209868325133127 
0.3608015407020422 3.8035738916074844 2.101902406227914 2.7980809917874754 3.5096609909981256 4.210658808959997 
0.05882314972891445 0.01086014422149964 2.099737734983983 2.8020241631772707 3.494543219335814 4.211200604619234 
1.1620975424442792 3.940349549272315 2.1038899438882193 2.8008190962889032 3.5098003700695686 4.209117594044852 
1.1971737447709678 3.9426669280420907 2.10258747633728 2.799931048475304 3.4980819528000278 4.209740557950042 
1.9953679156223576 3.8035738916074844 2.101855947194274 2.798366093514076 3.5078991425189807 4.209177068556426 
1.2468712386158571 0.6048532479720643 2.1000694668921023 2.800010372158427 3.5089396180424224 4.211199871880147 
0.4209831661219618 0.605703971248441 2.1031341995560147 2.801764900766705 3.5080561110328845 4.211623509016968 
1.9776915942092188 3.9998695692794914 2.1032983480567666 2.8008479838494638 3.5078261193053257 4.2092956142053115 
1.994474671039722 3.8181889456062548 2.1018462267926075 2.798507335311127 3.5076627705933094 4.211419165971008 
1.321176057421796 3.7188303483439493 2.101798720035179 2.802005262682426 3.5079479768326682 4.209746207253275 
1.9901438100597575 3.8035738916074844 2.1026830489507047 2.7983355388058553 3.5078366516582675 4.209190191829589 
1.376283575140518 3.6624905371943877 2.0970775753467903 2.798337722225921 3.507838363594145 4.209897073523681 
0.37391898592369466 3.965802129315538 2.102540034869175 2.8020049026507166 3.508024621700924 4.2097308185187226 
1.9999237351293777 3.9064273170898893 2.1001002430762914 2.8022104557148655 3.5083893907946124 4.209093781976106 
1.9953679156223576 3.839497061116588 2.101855947194274 2.798366093514076 3.5078991425189807 4.2091974540330535 
1.3290154270492085 0.3538572092553023 2.1019787760437385 2.802377903730447 3.5080138928257694 4.211309650250059 
1.270745603935988 3.774159954737794 2.0998739323956697 2.798337732845561 3.507715519834239 4.20920463428005 
1.979224104915338 0.605703971248441 2.101883977668034 2.8000749505081703 3.5080757245787715 4.211206305842427 
0.43414001316145906 0.640289355638906 2.10188316764316 2.802241651911299 3.508371848576661 4.211203145905034 
1.3347228440931167 0.2745744517540052 2.100009048316206 2.8009222940489114 3.50807656570944 4.209869822879007 
1.3220129549664026 0.39576939918500054 2.1036736345047635 2.798038784788614 3.5083395227975087 4.211148977834967 
1.9868578395798224 3.9998695692794914 2.1032983480567666 2.798343244611825 3.507839236326918 4.20919530848796 
1.2143950281533784 0.520304336569966 2.103074407022627 2.8021601046388867 3.5079130155810474 4.2099561037191835 
1.9716605609055535 3.955156324842477 2.0999716275201172 2.8021464739007373 3.4974678904517456 4.210869815607153 
0.3478556674208536 3.881288831836519 2.099997445025237 2.8008814360916454 3.5077938626032386 4.209930243192611 
1.2277360707866862 0.46874019764959995 2.0994889324589936 2.799958376188747 3.5083427127307782 4.2099331573504255 
1.2864891106701146 0.4419826954838595 2.1018333779758014 2.798038784788614 3.5083395227975087 4.211148977834967 
1.2272055690474517 3.822333819969054 2.101779747844962 2.798408083193736 3.508400659683164 4.209934889357671 
0.1392122761451748 1.1926204115500787 2.1024266098135684 2.799504270227729 3.5079966732146937 4.211480378960913 
1.2974791375984611 3.6881647830085447 2.1030935371842543 2.802075424426285 3.4968892454299083 4.211228952475345 
0.3605533742072614 3.8675462660325195 2.0993076176005743 2.8008586060171248 3.5077938626032386 4.209219419504385 
0.3823055027426874 3.9867557597787906 2.099953734751138 2.802143887123039 3.508039690436981 4.209028559626299 
0.3085640678292604 0.45748778794247913 2.102700607401154 2.7984878609494452 3.5078402800539643 4.2099559233269925 
1.3217943905571699 0.40107215115851447 2.0994747356113623 2.799959108337885 3.508343742999915 4.2099331573504255 
1.997060590187972 3.8035738916074844 2.101766501149326 2.7983355388058553 3.507838385584106 4.173994454249998 
0.4491602786481494 0.640289355638906 2.10188316764316 2.802241651911299 3.5093981877510454 4.211203145905034 
1.2372473233939094 0.38049688968267203 2.1018728177784163 2.8019343031687516 3.508222165980314 4.210869879862497 
1.2007281221783945 0.46142272537248274 2.101699132613532 2.7980908365469856 3.5080753047969835 4.211216360587552 
0.3945937431777014 3.9997597853148497 2.1032939969087687 2.8008476163636162 3.5078369522134283 4.209284138043328 
1.9969416444821468 3.8253331316109223 2.101883977668034 2.802211575718461 3.5080757245787715 4.2115050789887825 
1.9979722918750455 3.824625036989424 2.101883977668034 2.7983240007512054 3.5080757245787715 4.2115050789887825 
1.3217943905571699 0.2769763289453804 2.0994747356113623 2.7999906060159505 3.508343742999915 4.2099331573504255 
1.1912046531206602 3.775414879773889 2.10185578518752 2.7983750900871907 3.5078991425189807 4.209868016860367 
0.4469817523224859 3.77951835540743 2.1031080505483994 2.798388410492739 3.508387296929476 4.209722283593545 
1.3217943905571699 0.5253776112375095 2.099477454734527 2.7999906060159505 3.5083262747399355 4.211620005637243 
0.3740650187608548 3.9222840345246563 2.100036827071653 2.7984986502332343 3.507671433161203 4.211176278376482 
1.3197920586452188 3.682179154654401 2.1018768946560504 2.8020352885862363 3.510979744779118 4.211614973268997 
1.2583555283682963 0.7132370321522553 2.1018567590276644 2.8023308325331584 3.510449981538164 4.210915298954403 
0.3903898479603993 3.911264576347561 2.1033490652957654 2.799485407323724 3.5078440182624697 4.209180164466872 
0.4402883767185661 3.886956989137401 2.0999967667475588 2.7977965542142953 3.5077929300637716 4.209943569873586 
0.3150288261810051 0.6457167288399808 2.102700607401154 2.7983659075179728 3.5078360382083327 4.20995629063838 
1.2787888271847951 3.7387299413048165 2.0991679575170457 2.8008699021975714 3.5104608148896435 4.20875467505745 
1.9708068992529735 3.8634351918856207 2.101855833020818 2.798547068244873 3.495182071156437 4.209854432603093 
1.3197920586452188 3.7188303483439493 2.101798720035179 2.8020244816842963 3.50794543912281 4.211614973268997 
1.9909527727826046 3.955624441714968 2.1026830489507047 2.7983355388058553 3.5071130517631515 4.209190191829589 
0.37391898592369466 3.9431602798999448 2.1025403844680115 2.7999547041018724 3.508024621700924 4.2097308185187226 
1.979224104915338 0.6126732870736571 2.101883977668034 2.8000749505081703 3.5080752601764806 4.211206305842427 
0.527533381928621 0.5321558216523485 2.101910074444211 2.8021238247478735 3.5080112306228193 4.2128629363631935 
