1.4702010523523603 3.481849552527029 2.103495705580787 2.79560371469514 3.4922955197919237 4.189291176765931 
1.4702010523523603 3.481849552527029 2.103495705580787 2.79560371469514 3.4922955197919237 4.189291176765931 
1.2260972984967644E-4 3.8976040385296784E-4 2.1047376253795202 2.8103716988807985 3.51496969567272 4.191076376970463 
1.3892511631596647 2.047922897898565 2.1037866840078845 2.8106923573291938 3.515219738592919 4.190345598242201 
1.5581254346678133 3.036804373971231 2.110092941999163 2.812539855148551 3.5159223026103517 4.188846841542797 
1.4424129028618005 1.628009983656924 2.109714772421992 2.8127112511852532 3.517311812956784 4.1888357478382865 
1.5664876278427662 0.1084258403368995 2.1101020903095886 2.8133118493177736 3.5173233210665824 4.188810721892768 
1.4192728907947998 0.0010231781232952208 2.109420307980579 2.8132686327123064 3.5157214305254474 4.191151146163555 
0.6287847216171099 0.41724085385280507 2.1094131629589437 2.8125564789170308 3.5173122693120575 4.188866781163599 
0.16636338644507115 1.7328878160333822E-4 2.1101741417754205 2.8130383668587187 3.514975648820559 4.190307172136772 
0.5099051353788436 0.018425523145736533 2.1095823534612763 2.813031719533597 3.5151880045232273 4.1920537324368645 
0.5446961605312495 0.12637756390938726 2.1100998838768126 2.8120681453134755 3.5151549695631976 4.191995500662259 
0.5852808550546695 3.430401435526283 2.103344279717097 2.794266538292147 3.5173108533896205 4.1892630784395735 
1.3536684453582288 0.3437870005873782 2.1035074197089307 2.809938492981672 3.517403504428552 4.1922401463043775 
1.4754164955890587 0.031078608192581632 2.1094169719292535 2.8127112511852532 3.515443578353936 4.191892243823497 
0.544614334654897 3.453800712709028 2.110137231843709 2.812089591405615 3.5149620326076194 4.1910721345004065 
1.3427893992498068 2.0250563555118672 2.103400720065101 2.812927567518867 3.51525880795439 4.189874545482724 
0.6035285362267634 0.12831463409627267 2.0959910672155697 2.8105514863904126 3.515465215222422 4.191864341629836 
1.4454515506008603 0.0010231781232952208 2.110187456899966 2.8132686327123064 3.5157214305254474 4.1911025208805865 
1.411733513296342 0.04350402137012277 2.103797330808507 2.8035725359778048 3.515395605072202 4.190631458787946 
0.6066613367253816 0.19116167825493902 2.1094314992784393 2.812089591405615 3.5154239624758845 4.1910721335612475 
1.3592183534619493 3.471475020708408 2.109420307980579 2.8133959745710704 3.5149426457862343 4.191305542901984 
0.019604195089467757 0.0850565036998777 2.1100738889020683 2.8120188605466847 3.5152767917830845 4.239275824985847 
0.49485322913156826 0.0850565036998777 2.1100998838768126 2.8120188605466847 3.5152767917830845 4.239275824985847 
1.3517837801508095 1.823458639540977 2.101637680188129 2.810947781632624 3.5158809092518193 4.190235977559664 
1.3051632861795877 0.34780782183997183 2.109711922514302 2.8127347962474563 3.5173108533896205 4.188477430411129 
1.3439506124068559 3.4798014234595875 2.109992827385291 2.8105251965219997 3.4925082345387586 4.192162795267937 
1.403272010807037 0.04350402137012277 2.1034107927362578 2.8035725359778048 3.515395147288683 4.191080554823971 
1.389361161882091 3.4798014234595875 2.1101006868392624 2.8189821566891666 3.5151367708836436 4.192162795267937 
1.5528366665566264 3.1208477298182076 2.103507027636626 2.809938492981672 3.4918683355237587 4.192478883502916 
0.6053656707016295 0.31904421212961254 2.104387666502121 2.810853178487546 3.5152341093438495 4.1920523432184105 
1.3343065028702041 0.34128677327953205 2.1034926960693032 2.803560049492051 3.515389222368285 4.191199213700488 
1.4423591169927577 3.481849552527029 2.103506352381409 2.795728716182198 3.4931733972158514 4.189291176765931 
1.5581254346678133 3.042728876220572 2.110092941999163 2.812539855148551 3.5159223026103517 4.189108528509561 
1.4144472376410977 0.049357016490020555 2.1100749018267093 2.812454477025121 3.515238077692135 4.191073691904562 
1.3510630713904979 3.4798014234595875 2.1101006868392624 2.8105251965219997 3.5151367708836436 4.192162795267937 
1.3856427452879512 1.782975619678682 2.1065996695458833 2.810408510810294 3.514962310602075 4.191199213700488 
1.3427893992498068 1.8755491891799463 2.103400720065101 2.812927567518867 3.5157216602528956 4.189118247929264 
0.5852808550546695 3.6165741607729327 2.109636503517821 2.812669308448111 3.5173254114012176 4.188625225053105 
0.6306756847737421 0.3092209190173731 2.104387666502121 2.788780196212486 3.5152341093438495 4.192379341894868 
0.49387486387501855 0.12831463409627267 2.1093244177307504 2.8107967003883725 3.5154731256030587 4.191864341629836 
0.5446961605312495 0.04891315950170862 2.1100998838768126 2.8120636842290256 3.5151550005612076 4.19109264415339 
1.3378598907011598 3.4992106385388966 2.110016600865668 2.8108221934022564 3.5150503631875045 4.192161805277235 
1.361548894063866 0.27056740080520836 2.109563718127792 2.835420859599739 3.515157671755614 4.191376109773618 
1.4257706806430919 3.3977096800932163 2.103937488308369 2.793341795858498 3.5150114117964284 4.191136071936192 
1.434713836514686 3.5318134823383645 2.110137231843709 2.812089591405615 3.517301865571104 4.1910721345004065 
0.5559997704472002 0.3313341544105506 2.1102697702248254 2.8122370690057017 3.515244231313586 4.190369303087005 
1.4144472376410977 1.8578656742091004 2.1015230080075478 2.8109296124232874 3.5158918992146084 4.190286820408302 
0.4557367775807303 0.34463920068629794 2.109636503517821 2.812669308448111 3.51528579625126 4.192097446516579 
0.6842339330765528 1.7016715264214481 2.1096795116715814 2.812235667584145 3.517323004456777 4.1888198922405495 
0.5935977507020171 3.4525102288503255 2.103010786684724 2.810897952608289 3.5174467180407936 4.19201035681751 
1.441025326052335 1.6501787805384291 2.1094146455178766 2.8127112511852532 3.51570102066835 4.191798363570452 
1.3930996998731984 3.431416867182536 2.1034081961684956 2.7996729247181364 3.5157216602528956 4.1911025208805865 
1.3509530726680716 2.047922897898565 2.103797330808507 2.810792873594641 3.515244718677473 4.190345598242201 
0.568958746129185 3.4348239257181263 2.1104899008920754 2.8123933044734657 3.5111507940053093 4.1920156959271875 
0.5446961605312495 0.27574420122378335 2.1100998838768126 2.8120681453134755 3.5151550005612076 4.191995500662259 
1.4118004464372949 0.09954993434242576 2.102877146702261 2.813241330162195 3.5152203459755795 4.197145382364854 
1.4329695796666397 1.8011922014936124 2.109602073746257 2.812808127296982 3.5159821083921505 4.191447552813248 
1.4184675009001722 0.07087313199653067 2.1095216154229477 2.810792873594641 3.5152618414505 4.190345598242201 
1.4121345457712957 0.20220038381305558 2.1095462350773064 2.8099216427412395 3.5154056291680122 4.191197260440863 
0.648569880507422 0.008675168926711396 2.1046484790110602 2.8124419620017465 3.5172331552090155 4.191076376970463 
0.586255327188226 0.00891350800508088 2.1095888747311387 2.812552554424102 3.5173242975711556 4.189307477777421 
0.5851838579370646 3.5914461550029078 2.104387666502121 2.810853178487546 3.5172737244938075 4.188580121754937 
1.3906215257714063 3.430401435526283 2.1094837812174507 2.8139560299548845 3.5173108533896205 4.1892630784395735 
1.4144472376410977 1.7903504129486079 2.1100749018267093 2.810408510810294 3.515238077692135 4.191215310035892 
0.5237179318747718 0.12551591300766618 2.1095202665642154 2.8120681453134755 3.515259376005178 4.190310724952744 
1.374844127786701 0.42438661093028773 2.1037766073625948 2.810418735569994 3.5151594287601453 4.191071436157074 
1.4183065882163202 3.3684035531447765 2.1100910113234193 2.793341795858498 3.517283168582621 4.188674194609955 
0.5979173158281061 3.4798014234595875 2.109997085227993 2.810526177300473 3.4925771364727307 4.192162795267937 
1.3846876629127536 3.471475020708408 2.109420307980579 2.8134215261197824 3.5149426457862343 4.19326494239508 
1.6165620024553236 3.036805579097073 2.110092941999163 2.8123700284790663 3.517443025922935 4.188846993685634 
1.4434266290041713 0.32647410290535017 2.110187456899966 2.8132686327123064 3.5157214305254474 4.186274210401253 
0.544614334654897 3.6121167314724776 2.102516019016245 2.8120964645725692 3.5150017399081794 4.1910721345004065 
0.5714002151322441 3.448023263865749 2.1018486865935593 2.811930348496442 3.5111507940053093 4.191882473663664 
1.4131480911746424 0.1254295891693893 2.10940179925611 2.8100246762604746 3.5154056291680122 4.191077913320085 
1.3715334101088315 3.562972318737464 2.1099717324247367 2.81283033773129 3.5172905320771277 4.187143661895344 
1.4144472376410977 0.27618964536387486 2.1100749018267093 2.812458938109571 3.515238077692135 4.191976548413432 
0.01568663107782975 3.8976040385296784E-4 2.1046484790110602 2.812033310566339 3.51496969567272 4.191076376970463 
0.6015545436989498 1.9341283298002683 2.109636503517821 2.8127169159729775 3.5173968025429447 4.188572236600558 
1.400215158206908 0.13886078052351514 2.1035018592921397 2.803780062584304 3.515395605072202 4.1903487514853435 
0.5460201506174551 3.5629476760100904 2.109711922514302 2.8127287654122752 3.5173108533896205 4.192145350329235 
0.5532167756789164 2.0526296353999074 2.1096385761285883 2.8122484744076526 3.514985263844172 4.193067399577488 
0.6057611113171703 3.43942249470659 2.103010786684724 2.810897952608289 3.5174020266851196 4.19223686504281 
1.434713836514686 3.4240518892553276 2.1094176371641504 2.812089591405615 3.5171554264204157 4.191072133551767 
0.5532167756789164 0.17110348156085842 2.1096385761285883 2.8122484744076526 3.5149973143063753 4.193067399577488 
1.3510630713904979 3.4970884235665394 2.110100457778549 2.8132368093514244 3.5149788330578184 4.192162795267937 
0.6015545436989498 0.41506505239699465 2.0989075532078143 2.8122401067648637 3.555823572396496 4.188572236600558 
1.4267011731565675 3.500842207654892 2.1101738368949206 2.8132234042863558 3.5149739540409546 4.191126692017418 
1.4558036888570534 0.0010231781232952208 2.109420307980579 2.812645160709333 3.5157214305254474 4.191151146163555 
1.4133451625331561 0.10731585094226692 2.106868692103612 2.8132244283169237 3.517310949686484 4.188757396725021 
1.4717726998126859 3.4008564555941274 2.10262875608961 2.811024584810433 3.515157671755614 4.189354986423366 
0.6474396248292765 3.8976040385296784E-4 2.1046484790110602 2.8103946031471283 3.51496969567272 4.191076376970463 
0.5596111074522258 0.34463920068629794 2.109636503517821 2.812669308448111 3.51528579625126 4.192097446516579 
1.3669283902934724 3.555877072395828 2.1023427924741718 2.8128372108982447 3.5173448308413473 4.187143661895344 
1.5576174709384538 3.12039664802826 2.110188536277556 2.809938492981672 3.5150959385779 4.1922401463043775 
1.4116282938823779 0.20217415189161547 2.1094131247236083 2.809926041761454 3.5149739540409546 4.191077913320085 
1.3680260184461293 0.34780782183997183 2.109711922514302 2.7953676463463446 3.5173108533896205 4.188477430411129 
1.4275096700582033 3.4804603854870177 2.109331764029021 2.8103972109724276 3.5151427722220214 4.191875137969542 
1.434713836514686 3.453800712709028 2.110137231843709 2.812089591405615 3.517301865571104 4.1910721345004065 
1.4192728907947998 0.2851605899148385 2.109391643708787 2.8132686327123064 3.5157214305254474 4.197209912937959 
