1.9999982905040017 3.9999587728877914 2.1013701449187265 2.7989697787413848 3.4958254512197633 4.195144702068604 
7.956461688024552E-6 0.005207518461735949 2.100775714489572 2.8024145312642994 3.4958619334923378 4.195015974195472 
1.9999982905040017 3.9999587728877914 2.1013701449187265 2.7989697787413848 3.4958254512197633 4.195144702068604 
1.9956279171464917 3.7888053753712785 2.1018657971601202 2.8024620267983202 3.495991562994498 4.195177408568665 
1.2206933433304432 3.977873527592789 2.098709261726734 2.803029303136085 3.4958765073346374 4.19518881956113 
1.9804242441163002 0.8660066821802324 2.1012802163579747 2.801473338587694 3.4959966603139834 4.195178656831937 
1.1455146402141216 3.86311912622512 2.0972935937457735 2.7967387593190582 3.496083129713754 4.195244849359503 
1.9186690760927778 0.6753368103392823 2.1012913588184947 2.8014683934441447 3.4958348843893527 4.195123001210142 
1.2400084127682833 0.7598255248011523 2.09870852504041 2.80344686026675 3.495839544132167 4.19487932712515 
0.5137585958001676 0.6481255103524126 2.1018206297943736 2.803015759149465 3.4958159463992575 4.195162210176811 
1.1186311986870765 0.6026876241492222 2.101854244189911 2.8024286595109045 3.495876611796176 4.195154852515224 
0.41938610105544 3.7795480532743317 2.098961952734161 2.803452535198621 3.4959847873662655 4.194862343310581 
0.34993459925555964 3.8762172676164797 2.0981869060864313 2.8049009972777497 3.495734220202012 4.195156809993121 
0.16654626772529624 0.70560685019614 2.0990865832615744 2.797088458888052 3.4958422620352043 4.195144932021905 
1.2193543148147756 3.86311912622512 2.102288048068456 2.7966989764318093 3.4958766571069972 4.195118638342127 
0.1900603812827662 0.7555348286152648 2.1017682952587355 2.80348873346251 3.4956898787730806 4.195157601728923 
1.2500087536747544 3.8327290005038526 2.10111457366541 2.803874771684252 3.5035552139669455 4.194097043880348 
1.1295316885731201 0.6157585455483211 2.098877112163709 2.803047988280679 3.4958340149752205 4.195151068266708 
1.2206933433304432 3.9191479056364207 2.098709261726734 2.803029303136085 3.4958765073346374 4.19518831089204 
1.99858858823081 3.951281278342732 2.0990548703076617 2.802428301968469 3.4955840078878984 4.195147790197591 
1.214804401315067 3.853045511988991 2.102241343948074 2.801356293830518 3.4960005884919023 4.19517981555331 
0.3249522251003233 3.8972619065714245 2.0987728358780524 2.8030232535505966 3.4960680585383073 4.194654031598567 
1.9503347024342486 0.8722872209647697 2.098231383879946 2.8049981209845396 3.4955319206104165 4.1951436413546475 
1.9907017272511978 3.889489356834861 2.098924428951424 2.802622292338949 3.4958242504155335 4.195188315562783 
1.919755091834451 3.9999587728877914 2.1012894585511748 2.8015944002168998 3.495825537505883 4.195144702068604 
0.33058359411887306 0.7555348286152648 2.0988858865955793 2.8034633011805554 3.4958142569028077 4.195189503693882 
1.9646016319498454 3.9568198714419878 2.0989472965374074 2.8034454216129268 3.4959969102390605 4.195156333363606 
1.9804242441163002 3.9581219983842284 2.101368322396653 2.801473338587694 3.4959966603139834 4.19515151880393 
1.2212706213661004 0.408346110430987 2.101854244189911 2.803026379799747 3.495876611796176 4.195155233946769 
1.1586931941914405 3.9532146745498986 2.099001223240658 2.803040852294701 3.4955801964381408 4.195152654907781 
1.995367304302016 0.5734119708381351 2.098799496599656 2.8034551694044647 3.4958557941909136 4.195272368150991 
1.2271957440918195 0.5055611869812591 2.0987035568152175 2.8012740251095085 3.5033497144804566 4.1952699330494285 
0.0353954437939461 0.25970888902500955 2.09873561197256 2.803471301425941 3.495381230287536 4.193495689327229 
0.32413729794954593 3.8902848499812723 2.1013114737921996 2.8028928515971376 3.4950927587069835 4.1947400202503555 
0.30329333047821705 0.7555348286152648 2.0988858865955793 2.8034633011805554 3.4958342411783123 4.195189503693882 
1.0779432556174167 0.7817428102229553 2.101854244189911 2.8023975967547745 3.495869485674712 4.195154852515224 
1.2378231432654947 0.6752675215172361 2.10111457366541 2.803874771684252 3.5035552139669455 4.194060047858067 
1.198122767953298 0.6018310574387329 2.0994435061989245 2.803456336996771 3.494965358516273 4.219963419990667 
1.9830039305238834 0.7601109992365032 2.0989349102423036 2.8016533379015907 3.4958989920496126 4.195245890921741 
1.8856281201302743 0.8701793605813308 2.1013380629388765 2.796691694561161 3.4958766571069972 4.1951174796207535 
1.227424773813176 3.802823826286192 2.098627495354261 2.8033207507238753 3.5035366070457776 4.195149689556648 
1.1158653225040132 3.9901165312444187 2.101854244189911 2.8024286595109045 3.495876611796176 4.195155065505047 
1.992341956983992 3.8659762357490703 2.1013114737921996 2.8029919617818813 3.5033497144804566 4.195275791112101 
1.8810992586034114 0.8660066821802324 2.1012913588184947 2.80134901195987 3.4960005884919023 4.195178656831937 
1.119029581252731 0.6812078882244498 2.099075048749878 2.803157628120781 3.495876254473949 4.195098572649295 
0.3734682117034715 3.958284827662361 2.101854244189911 2.8024603387629248 3.495876611796176 4.194659163293789 
1.2394782132160935 0.634601566034179 2.096524779122025 2.8024788301793713 3.495876611796176 4.195147689767461 
0.34620359067342366 3.987758940436043 2.0986757521497603 2.8030124348681915 3.496072606151981 4.194654031598567 
0.3528271694595989 0.6014290133045662 2.0985546141657587 2.801338053385352 3.506051767860025 4.218685380439803 
0.3461796137574127 0.8912256794056499 2.1013960040380226 2.8031117913649615 3.4958254512197633 4.195102109016055 
1.939832227057368 3.924536388636684 2.1013114737921996 2.8030185560866796 3.4950927587069835 4.19471773805175 
1.99858858823081 3.8329642470498033 2.106505388614544 2.803851654829879 3.5038723113050945 4.195147790001926 
0.38618548143789566 0.6014290133045662 2.0985511571716846 2.801338053385352 3.5035979177261813 4.196669119970137 
1.198122767953298 0.5020604949708756 2.098798041279131 2.803456336996771 3.4962829775319095 4.195261048118372 
1.1564121733934911 0.6672413744524808 2.0989002300925725 2.801213409055025 3.4957616569275474 4.193477894942002 
1.9687434179438177 3.9243410260807376 2.0989823175362354 2.8030528034051674 3.495577765083093 4.19466635572994 
1.234690733674036 0.601333313980682 2.099429897951863 2.797092392965299 3.494986426357875 4.195152481974825 
1.9503347024342486 0.7927122643960696 2.098231383879946 2.8049139393736695 3.4960854861612827 4.1951436413546475 
1.9758127505640295 3.86311912622512 2.0972935937457735 2.7967387593190582 3.4960852615933153 4.195152149193314 
0.3645526542265572 3.936740960213395 2.101854244189911 2.8025125888283893 3.495876611796176 4.194659163293789 
0.2221433319871055 0.7593679801500435 2.0988952455631766 2.803463133371747 3.495814138685562 4.195190683383129 
1.198122767953298 0.5020604949708756 2.098798041279131 2.803456336996771 3.4962829775319095 4.195261048118372 
1.2022594994186346 3.792544324572108 2.0989503513715593 2.8038685107446044 3.4958753727049534 4.195230560424174 
1.249712708920862 3.8972619065714245 2.0987728358780524 2.8030232535505966 3.4960629889057975 4.194654031598567 
1.1837368638134396 3.8172691020090337 2.0989349102423036 2.7968544515998213 3.4958402008051346 4.1952385125650835 
0.39093538023571406 0.7601109992365032 2.1309542752568884 2.8050854728571717 3.4958989920496126 4.195245890921741 
1.1563334831869767 3.8992665406239477 2.0989471005062277 2.8035007359503905 3.4959969102390605 4.181350761596697 
0.3806483979276378 0.7555348286152648 2.1017037134750423 2.803447643331999 3.4958127783016315 4.19524168087472 
1.1586931941914405 3.9125687464382954 2.099001223240658 2.803040852294701 3.4955801964381408 4.195150196213823 
1.0967129085439973 3.9726668271645336 2.1018158189895466 2.7988387136297006 3.4958429141557366 4.1951445762960535 
1.1563334831869767 3.863696199004163 2.0989471005062277 2.8034454216129268 3.4959969102390605 4.195156333363606 
1.9882794026001143 3.918181153189854 2.0986418897321157 2.8032647840881197 3.4955364861230906 4.195116529689762 
1.9447543536318763 0.635613823612996 2.1007830738128446 2.805052690614265 3.495876977059917 4.19504141090305 
1.1731729239734894 0.70560685019614 2.0990865832615744 2.797088458888052 3.495875387973889 4.195098683842698 
1.9621989073350437 0.6014290133045662 2.0985546141657587 2.801338053385352 3.506051767860025 4.218685380439803 
1.9447543536318763 3.8986909541856187 2.1007830738128446 2.8051067256798645 3.49587641249667 4.19504141090305 
0.38346102484147293 0.6810130376511301 2.0989496319472325 2.8014454102599244 3.495876611796176 4.195123585830057 
1.2563131510472174 0.5851226640107903 2.101854244189911 2.8023696877649646 3.495876611796176 4.19515485928557 
0.19167940713252607 0.8558580594982044 2.1012423656313652 2.8014683934441447 3.495842354204666 4.195123001210142 
1.1223666191147212 3.920270975913277 2.099093066737837 2.803205681442174 3.4959960022870757 4.195098572649295 
0.0520769952108896 0.02593599928988133 2.1008390482735084 2.8014662118141733 3.495876487465767 4.195114000915362 
1.966913264276807 3.8902848499812723 2.1013114737921996 2.801281496412286 3.4950927587069835 4.194106463616233 
1.982856888631192 3.996575895707628 2.1015828515848813 2.803506126761146 3.4950937167340355 4.195166863894998 
1.234556008386335 0.70560685019614 2.0990494891603486 2.797092392965299 3.4958407589963976 4.195152481974825 
1.9334707878896102 0.7852641805854135 2.111196162120687 2.804783697007886 3.495513886526263 4.194845043428724 
1.1751394839080993 3.8972619065714245 2.098760683114342 2.8030260831114244 3.496072606151981 4.194654031598567 
1.9687434179438177 3.9181658142226152 2.0989823175362354 2.8030528034051674 3.495577765083093 4.195107688562952 
1.9808957396656088 3.9532698177962065 2.098643937443196 2.803267856339507 3.4955364861230906 4.194079568786261 
1.2394782132160935 0.5544402667260284 2.096524779122025 2.8024788301793713 3.495876611796176 4.195147689767461 
1.1455146402141216 3.8646466778095636 2.0987871491133827 2.803565323565803 3.4960796552152367 4.195244849359503 
1.2022594994186346 3.832666717215103 2.0989067379567174 2.8038685107446044 3.49585593405544 4.195230560424174 
0.21514098896069528 0.8556127297159954 2.101840974417316 2.7990339834392333 3.5185645535174457 4.1951422218048515 
1.9993216836974685 3.802823826286192 2.098627495354261 2.8033184267162974 3.5035366070457776 4.195270885997966 
1.9864353165974904 3.842817497876493 2.0987584900960523 2.80344246944405 3.503181141394815 4.1952315639725075 
0.20871867484175927 0.8562355408420271 2.0988952455631766 2.803463133371747 3.495814138685562 4.195139586861002 
0.17756904379298388 0.8401954383961037 2.101856724381388 2.80346494413222 3.4956960973384055 4.195155099311695 
1.9804242441163002 3.942882377744352 2.101368322396653 2.801473338587694 3.4959966603139834 4.195151398039868 
1.953440743484391 3.8790045053105904 2.1013114737921996 2.8030185560866796 3.4950927587069835 4.19471773805175 
0.24689183745159698 0.7587451690240118 2.101840974417316 2.7990339834392333 3.5185645535174457 4.195193318326979 
0.29593363735959155 3.977873527592789 2.098709261726734 2.803029303136085 3.4958815769671476 4.19518881956113 
