1.3294689503311272 3.7616155738832466 2.10198326928195 2.7987146562475234 3.5208673475092462 4.225485164058834 
1.26678293357993E-4 0.006873386827004557 2.102373224154151 2.798294882898168 3.5210305806437674 4.186461999967358 
1.26678293357993E-4 0.006873386827004557 2.102373224154151 2.798294882898168 3.5210305806437674 4.186461999967358 
1.3294689503311272 3.7616155738832466 2.10198326928195 2.7987146562475234 3.5208673475092462 4.225485164058834 
1.3689824308732788 3.4151895718714247 2.102482347740041 2.7987150065653688 3.5209876446458765 4.225697504873688 
0.7438144271816538 3.3393759489021515 2.1023313617423995 2.798346634973463 3.520971554898476 4.225716897297383 
0.11231347164569816 3.0133502290639074 2.1019044396261948 2.7986844646322955 3.5206113794478706 4.224745417250236 
0.7467222895369612 3.019185871703835 2.1018883711886134 2.7985403598136247 3.520603166085415 4.227390361331688 
1.410385833299996 0.018948735254282312 2.1040647064343756 2.7968608439710896 3.5230605778106745 4.184841841807742 
0.04827939197316389 1.578603028326266 2.1018457567892646 2.798395849825528 3.521356500330044 4.225714363652651 
0.0795508730697485 3.016641544624619 2.1039763026518146 2.7967625223551704 3.521074578959673 4.224396128372245 
0.05871431487261657 0.2166017506333786 2.102331365554512 2.7983449106219385 3.521072030925981 4.225634589330901 
0.04104250569246694 3.0220234425074644 2.102372556111141 2.798295120738437 3.520804050834715 4.223685068017963 
0.7775126412449191 0.018948735254282312 2.1040647064343756 2.7968608439710896 3.5230605778106745 4.184841841807742 
0.01740165051622928 1.3546670862454737 2.1023714568053897 2.798294962103942 3.5208945357696075 4.2230942737130155 
0.6197115096470773 0.20377880165833484 2.102470701965244 2.7984423563631005 3.5228551710423783 4.183488088973844 
1.3850347393214657 3.4064329312162083 2.10244306133712 2.798365889532227 3.520836792400711 4.224737056629448 
0.8219987921891558 3.0468157833046075 2.102328908486175 2.79834355652386 3.5264391124538084 4.227420068426039 
1.384924499907133 3.4152960727100057 2.102482347740041 2.798344459729746 3.5228625604285098 4.214310022750016 
0.041965823989886415 0.9540409559827601 2.102374369512359 2.7982994865961617 3.5212453748691246 4.185536812531744 
1.3801509196926192 3.435990681654633 2.1023960659295535 2.7983681191341736 3.5208270686180163 4.2247375782651275 
0.010166308483351538 0.03997127092309549 2.102373224154151 2.798294882898168 3.5210305806437674 4.186461999967358 
0.017687406526686766 2.8352982527162656 2.102433525937143 2.798344351204837 3.5257551320274914 4.22583031355592 
1.3944975312894474 3.416134294126648 2.102394055975696 2.7983929464238453 3.520828482537592 4.224258569059273 
2.143376010324445E-4 1.3546670862454737 2.102370923122212 2.7982930842355147 3.5208945357696075 4.2230942737130155 
0.8585647907352105 3.079450687908897 2.102423534535286 2.798385949964235 3.521311576528268 4.224528630198852 
0.10884084276059336 2.8229258831108517 2.104059782871935 2.798542079494905 3.5206125537927764 4.189851607399951 
1.3448910260775215 3.5466918470070143 2.102204110329863 2.7983569262202055 3.520680165571391 4.226285676696068 
1.3279269481263123 3.606250634660405 2.1022027683105713 2.7983705013658704 3.5229206227346612 4.185148430792693 
1.3279269481263123 3.55999181113039 2.102205763597006 2.798507248074045 3.520680165571391 4.184597888692233 
0.6625397687760408 3.345566852007281 2.1040513082143986 2.798191070504341 3.520927636485968 4.225627467505289 
0.6773668165116591 3.2807202235208135 2.10248345567384 2.798357508151572 3.5230810873538085 4.184820854576449 
1.3878419996440825 3.5781808836638604 2.1040083878565854 2.7967625223551704 3.520911844614031 4.224396128372245 
0.8219987921891558 3.0796647341090635 2.102328908486175 2.79834355652386 3.5264391124538084 4.227420068426039 
1.226798795829713 3.857283584668483 2.102198410714634 2.798285647156459 3.5213592720282376 4.227066104145416 
0.10570706451911374 2.8088441063605836 2.102374114190209 2.7983435000597607 3.554851932802314 4.18304945892773 
6.631816398221593E-5 1.3278225727935338 2.102370923122212 2.7982930842355147 3.520828153150882 4.2230942737130155 
0.9362796352525503 2.8352664319573435 2.101962994860257 2.7983869185913335 3.521333689189119 4.225831285090092 
0.03199134509662804 2.8677711682528715 2.102374114190209 2.7983435000597607 3.554851932802314 4.1830876738974805 
0.7883954106249162 1.3428053259205381 2.1040513082143986 2.798191070504341 3.5209776082337476 4.225607052479601 
0.6425445398169728 3.4675027890199575 2.1039817319540464 2.79819147381829 3.520927636485968 4.229262742519689 
0.018966532610729017 3.0220234425074644 2.1023948892367117 2.7983739955676 3.520806781442965 4.2237929549225175 
1.3969447814092728 3.575364907179896 2.102373224154151 2.798294882898168 3.522942027786984 4.2230942737130155 
0.9080826518905329 2.8352664319573435 2.1019082420426365 2.798386305109121 3.521315087359241 4.22584828385154 
1.2982592803473274 3.7341522097132698 2.102198410714634 2.7982798669460562 3.5213592720282376 4.227034892419298 
0.7473171795589448 3.019185871703835 2.1018894446160052 2.7985403598136247 3.520603166085415 4.227390361331688 
0.6320642692579529 0.03650200492329862 2.1022937106162325 2.796309052852647 3.519588547731185 4.226432951345903 
0.6197115096470773 0.01743698105257506 2.102428769606371 2.7968667792195467 3.5228556555379633 4.183488088973844 
0.8887500680560849 2.835500885941384 2.101859277283828 2.798393787448051 3.521316164805421 4.223739884144287 
0.8943910348126942 1.116935252629865 2.1023743195002624 2.798539573733195 3.520755626822618 4.224349537764174 
0.025480198813769006 1.074377932283309 2.102325813491725 2.7983945321828205 3.520242740673463 4.225839879723443 
2.141282507688077E-4 1.23239825835415 2.1023557656410965 2.7983409398562697 3.5210357328525697 4.186387415636343 
0.07203067968660465 0.9540409559827601 2.102199547598889 2.7983502232079607 3.522859794276857 4.185488864650733 
0.742305457792066 3.0444942175291825 2.1019872269307807 2.7987146562475234 3.5213123844282452 4.2254672023812905 
1.26937891741208 3.7341522097132698 2.102479842237409 2.7982798669460562 3.5213448358497237 4.225697942042032 
1.2895339146781066 3.8198847862478122 2.1040270261724987 2.796446806820904 3.52066493468006 4.229089755757126 
0.8447851400473521 2.876754999971097 2.1023394353243594 2.798190913436472 3.52084496142037 4.224320137411448 
0.6006408193020077 0.2677199682946776 2.104031753990128 2.7982920073936306 3.5212978156434525 4.184753691962024 
2.143376010324445E-4 1.495053241996823 2.102370923122212 2.7982930842355147 3.5208945357696075 4.2230942737130155 
0.7438144271816538 1.58737426859709 2.1018509303306367 2.798345726931159 3.5206082680715514 4.225718260070803 
0.001956795677159784 1.062516152686662 2.1023733786325787 2.7982850219849706 3.5231463029064924 4.225476797522124 
0.8511266399847899 2.8781242387613597 2.1023311462821583 2.7983441532017164 3.525740591539431 4.180303200342521 
6.631816398221593E-5 3.0013084490304096 2.102370923122212 2.7982930842355147 3.520825438399861 4.223767435895486 
0.778583059246879 3.1038864660132157 2.1023211913673228 2.798299276819598 3.5228533765316867 4.185536812531744 
0.8219987921891558 3.10197063237506 2.10237604437456 2.79834355652386 3.5211685796766083 4.227299388000852 
1.3240970813208526 0.20377880165833484 2.102492570786496 2.7984423563631005 3.5228551710423783 4.183488088973844 
1.3279269481263123 3.5919016247400757 2.102201330102703 2.798375635340744 3.5206784216834577 4.222641988841063 
1.2982592803473274 3.6537122645454625 2.102195978129848 2.7983396500222355 3.521722077881145 4.227034892419298 
0.7438144271816538 1.6029861780271224 2.1018511426976416 2.798346634973463 3.5213203987157886 4.225716897297383 
1.2521706717610823 3.8198847862478122 2.104026776965604 2.7965479863099607 3.5206652807105154 4.229089755757126 
1.3392407531005355 3.5484776394381115 2.1022042726494052 2.798346195973069 3.520680165571391 4.183672875762683 
0.03683864828968009 2.8226757077443865 2.1024385828455685 2.798400459069768 3.5228668076870413 4.214310022750016 
0.044526926901411024 1.578603028326266 2.1018457567892646 2.798395849825528 3.521356500330044 4.225714363652651 
0.8195187930517105 2.9027910676340913 2.1023889210037714 2.798384740677594 3.5212975486800615 4.225831285090092 
0.9077023469601532 1.1682124982028388 2.102358771718292 2.798284756758685 3.521337991862906 4.22558685747847 
0.772685549042736 2.9940774303417586 2.103952299197742 2.7968608439710896 3.521004578490275 4.184841841807742 
0.8585647907352105 2.919723748120244 2.102337166019915 2.7983892318450803 3.5526690410567365 4.224528630198852 
1.3330272829114507 3.4990076469020757 2.1020156222998643 2.7987128985558014 3.5208113106213106 4.224251658186781 
0.7793440260172264 3.0464635555277693 2.102365995968773 2.798276382395698 3.521439310234468 4.186509918463646 
0.015883699893781113 2.851028472485402 2.101928497215256 2.798280122785939 3.5205878937410455 4.183078629595511 
0.7802487581841067 3.0038279717928225 2.10188997752534 2.7985403598136247 3.5223087796745975 4.227303078404759 
0.10549618241476222 3.0133502290639074 2.1019042673067534 2.798365889532227 3.5206113794478706 4.224745417250236 
0.7943153083160268 1.4184761605827965 2.1023211913673228 2.798299276819598 3.5228533765316867 4.185536812531744 
1.3294689503311272 3.502013073450542 2.1020156222998643 2.7987146562475234 3.5208673475092462 4.225485164058834 
1.410385833299996 3.4030827497995393 2.1024446647772352 2.7968608439710896 3.522868017068171 4.184841841807742 
0.8585647907352105 2.8352664319573435 2.102331977121099 2.798385949964235 3.52131008536877 4.224528630198852 
0.017177838881968596 1.1526241205754526 2.102355710703495 2.7982919405420774 3.5211309763102268 4.185517530495024 
1.4078337411204491 3.468492921796884 2.1023735368384227 2.798294962929457 3.522942027786984 4.2230942737130155 
0.03073259488904309 1.0917903121688641 2.10238043785655 2.798302546089648 3.522822509148658 4.185551964666223 
0.7702598991271659 3.01337449763391 2.1019860848303638 2.7987146562475234 3.5205959401353892 4.185863149577273 
0.018093444821194522 1.1746572289277148 2.102433525937143 2.7983441156823203 3.492796912749614 4.2254731567187305 
0.017177838881968596 1.1292538105682621 2.102355710703495 2.7982868065672037 3.5208219784575374 4.184665008664324 
0.8495227847460245 2.900125309632311 2.1023394353243594 2.798190913436472 3.523143943512189 4.225192668517326 
2.143376010324445E-4 1.495053241996823 2.102370923122212 2.7982930842355147 3.5208945357696075 4.2230942737130155 
0.772685549042736 2.9838285047007216 2.103952299197742 2.7968608439710896 3.5230306053912046 4.184841841807742 
0.01537612571743641 2.9164748070904585 2.1024381438512596 2.79839081297524 3.523044632280113 4.225868029582382 
1.2895339146781066 3.7175129109583143 2.1040270261724987 2.796446806820904 3.520920839772856 4.229089755757126 
0.025763150776253983 2.9164748070904585 2.1023309802068972 2.798393569044766 3.523047846623963 4.225868029582382 
0.7438144271816538 3.10173618957362 2.1018511426976416 2.798346634973463 3.5213322594700194 4.225716897297383 
0.8991413422949177 1.182829189897491 2.1040647064343756 2.7968608439710896 3.5230605778106745 4.226448245933885 
