1.982260017474872 2.4551241617061335 2.102433830574749 2.7980249231652055 3.5208833024326034 4.22496546989487 
4.279983834548015E-4 0.012345498863506665 2.1024534048966728 2.798010640813337 3.5159607684654084 4.188099016246746 
1.982260017474872 2.4551241617061335 2.102433830574749 2.7980249231652055 3.5208833024326034 4.22496546989487 
4.279983834548015E-4 0.012345498863506665 2.1024534048966728 2.798010640813337 3.5159607684654084 4.188099016246746 
1.9684289754099606 0.8908322869333827 2.1023205276386925 2.797891026319143 3.4888928212832475 4.224825695784799 
1.8023923833785214 2.5480018736788237 2.10231484233763 2.798145226295552 3.5211277760527584 4.224950588229003 
0.17610279209936183 2.887919226641319 2.1024671289758063 2.797908376215481 3.5206436618280734 4.186822840637821 
1.7011368080694915 1.1103927680688346 2.1024520979277486 2.798030045368113 3.520874525017017 4.225273678599855 
0.3619223765024037 0.9505028238233821 2.1021095783420125 2.798019100736051 3.5200090887510167 4.224844848360437 
0.009045904437022578 2.8214047163643707 2.1026749332396464 2.798132804911826 3.521060032642564 4.225313216759292 
1.715763260212358 1.1526653870538686 2.1022780335053737 2.7980161281402567 3.4885057581779986 4.224921245029066 
1.822079746810378 2.655044674918054 2.102453597014794 2.798034998833732 3.5212180273627562 4.225280780734181 
1.7579625300291644 1.0282194867906287 2.1022857679430107 2.7980160313645057 3.4907610144237977 4.2263941615836425 
0.07926453680888834 2.7884828796974963 2.1024208669773174 2.7980050428619103 3.4882029448456544 4.226776832007296 
1.8533023491724951 0.8983076691534522 2.1020390590467506 2.7980063159431787 3.5209796579975055 4.225308182361435 
1.8671997863599836 2.5863424107724535 2.1022669135313334 2.79814487844831 3.521533036794897 4.226444647887412 
1.702306524960859 1.1270382368322134 2.1024524953346084 2.7980254579963093 3.5209090108037606 4.22525906947705 
0.049645224738620514 0.9407107055354946 2.1022910097716863 2.7981125637920217 3.5207534878420774 4.224903968457621 
0.017348005253666535 0.2956769960195701 2.1022290054707784 2.797847489386951 3.520752717789509 4.224902585581553 
0.0016254759724373333 1.1163421855659825 2.1022068772548734 2.798010640813337 3.5158278466570927 4.224735323271792 
1.7172438846427511 1.136760522905931 2.102148949374073 2.798016088516152 3.5199188078512944 4.224874595228988 
0.24806343347012338 0.851215979277586 2.1023205276386925 2.786476292494207 3.4888928212832475 4.224825655935626 
0.12343391171329221 0.8115219925032133 2.1023069043462215 2.797890063811789 3.488751865903971 4.224845324594549 
1.8045096133392569 2.560269370624312 2.102285628441747 2.797912760176234 3.521337168224863 4.225275065969243 
1.8810439335508322 0.7596851002438636 2.10210534817224 2.798019100736051 3.5200090887510167 4.224844848360437 
1.8322406884360332 2.599549174571081 2.102314569139007 2.7978930583590493 3.525276207222848 4.226282688765915 
0.0686572977762302 2.7356450473463942 2.102307253092462 2.798004149020085 3.521170380109986 4.225274091552115 
0.04745342145846248 1.3271245293990481 2.1024506049715037 2.7981756804410036 3.4893556959530536 4.226552264089945 
1.873094691591655 2.5987820416190086 2.113737547260949 2.7980160313645057 3.4964995335507854 4.2264205972141475 
0.24933236772188327 2.5480018736788237 2.102672757170007 2.7980137955027677 3.490988551704098 4.226292997919304 
0.24071007910751574 1.1106186716909847 2.1024520979277486 2.798044143241055 3.520874525017017 4.225273678599855 
1.830809216182411 2.5568960506207374 2.102314569139007 2.79789217971105 3.525276207222848 4.224893447771777 
0.0017670684008724777 1.2590920711831388 2.102196636027142 2.798010640813337 3.5158278466570927 4.206476458928292 
1.830809216182411 2.5480018736788237 2.102314569139007 2.798145226295552 3.5212186529523803 4.224950588229003 
1.7732516138922454 2.8339819954621817 2.102453597014794 2.7980267433459325 3.5212180273627562 4.224906381599111 
0.17610279209936183 2.618470110199471 2.102467383256679 2.797908376215481 3.5207845465504954 4.186822840637821 
1.737410819346616 2.8032357220799695 2.1021812047954507 2.7980139677159994 3.5210665689972456 4.226838006723172 
1.8008641354700403 2.560269370624312 2.1022949935143327 2.797912760176234 3.521337168224863 4.225275065969243 
0.2207804836621141 2.4803760891567785 2.102308790675521 2.7981359986370187 3.5205952522890214 4.224984822952646 
1.737410819346616 2.8098407449813467 2.1021812047954507 2.7980160765179045 3.5210665689972456 4.226838006723172 
1.804806810855327 0.9468120245109344 2.1024019023962452 2.797996360606868 3.4887848290090115 4.225556167615031 
1.7946749284168018 2.612559277107338 2.102453597014794 2.7980267433459325 3.5212180273627562 4.2251229603744775 
0.17647279962205809 2.626365428494898 2.102144652891593 2.7979517876942204 3.520402814625127 4.225272527187155 
1.7603954435401339 1.090896522178567 2.102255645003427 2.797882942361428 3.520920391103746 4.226689914605614 
0.10643468944200568 0.012345498863506665 2.1024534048966728 2.798010640813337 3.515824637758214 4.187155183332688 
1.8032176743650152 2.6273761371362276 2.1021867152258293 2.798175667560732 3.5214736817681733 4.226374745647916 
0.12589367300503962 1.0707714085674362 2.102255865905524 2.7979527917370968 3.520075509264713 4.226414861050344 
1.8023923833785214 2.622144444570155 2.1023080444446878 2.798145226295552 3.5211404181944026 4.224950588229003 
0.12075569100589491 2.9108947785639763 2.102144652891593 2.797952490631378 3.5204901911529904 4.224884967312372 
0.2207804836621141 2.4446820074749107 2.102308790675521 2.798141977859785 3.5205960929898885 4.224970722348802 
0.1267253997712604 2.7469001842575245 2.1024516180630273 2.7980298928241782 3.490851064911544 4.185891774422067 
1.765801413382206 1.2300042720295412 2.102285536189296 2.7978352428493656 3.520677207180665 4.221699193338978 
0.12076955597961894 1.2678058085226223 2.102454676029614 2.7982045138518923 3.515790612169625 4.207318103846413 
0.027825416612826614 0.012345498863506665 2.1024534048966728 2.798010640813337 3.515971165655774 4.225417038194858 
0.12343391171329221 2.825111470433116 2.1023041906990803 2.79813114828865 3.520906173995221 4.22509052248769 
1.7685480025176816 1.1174882075316508 2.102679134567516 2.798006422455471 3.522486324586365 4.225331022753875 
1.6346642033260135 2.917511456701287 2.102437866209447 2.7980160765179045 3.5210665689972456 4.22500067486729 
0.2396256086749703 2.5480018736788237 2.102672757170007 2.798146970048472 3.5211277760527584 4.224950588229003 
1.7485715300425926 1.1271840138334888 2.102314878621826 2.7981471786686116 3.5207556986551514 4.224949775825686 
1.812097355186236 2.618595863286741 2.1023198531567777 2.797914182673388 3.5172501768287043 4.222576907924863 
0.0686572977762302 1.1522400186226252 2.102258557673035 2.7980043892947593 3.521170380109986 4.225218691527578 
1.7937105923296832 2.6690196285106724 2.102453597014794 2.7979334475534356 3.5210574338443634 4.225280780734181 
0.017037482031725948 1.1036591758686274 2.1024533123546054 2.7978657126648363 3.5214426011467364 4.225031652793466 
1.7601698500380216 1.1231801940764659 2.1021761443622977 2.7981523576336604 3.5218852546295762 4.187593507242786 
1.613447683273502 1.334379251542961 2.102403306782363 2.7979935107772427 3.487541897397576 4.187593507242786 
1.8264674012503403 1.0282194867906287 2.102261347246734 2.7980160313645057 3.521231921286066 4.2263941615836425 
0.13888772166266336 2.7424788654136276 2.1021447947208207 2.7978985669845633 3.5209059582247306 4.225086204314688 
0.28341079946279923 2.525579312295389 2.1022911532589172 2.7981106318726945 3.5207547195218667 4.224950130324964 
1.830809216182411 2.586881112797268 2.1022684408444343 2.797900157124232 3.525276207222848 4.2264409843208535 
0.008642521181826512 1.3674300600187523 2.102144652891593 2.797992182458988 3.5204294150721984 4.1875932710495976 
0.17889347127033395 2.7037345959115586 2.102306273861421 2.7980291167624514 3.5205952916431613 4.225273678599855 
0.007644889793806439 2.8938266320440857 2.1024536658849313 2.7981998148160514 3.5158251365407005 4.224744929268522 
0.23902291166075249 2.622215720332727 2.102672757170007 2.7979117416242776 3.5208052358417836 4.224950588229003 
0.1475332767185561 1.0875199237460518 2.102455645841466 2.797891774585605 3.4893556959530536 4.2266885000539975 
0.0017670684008724777 1.211804296336779 2.102290669472566 2.798010640813337 3.5157323088200116 4.206500935931259 
1.9806107928560739 2.3721965750364293 2.102311177169581 2.7980142258393963 3.5210667043789545 4.224815699415716 
0.3527922557088431 2.4169372355064596 2.1022635862938763 2.7978279513550963 3.5206811945975214 4.221713704809934 
0.18172506431886348 2.531708174710424 2.102198329225357 2.798156938131514 3.4894132274476477 4.22493748134632 
0.04680290602575443 2.9108947785639763 2.102144652891593 2.797952490631378 3.487308799996504 4.224884967312372 
1.7979678296548183 2.598928667664465 2.1022896902419834 2.7980483414351354 3.521166697917808 4.2263882328981905 
0.12589367300503962 1.0519076117522468 2.1022007904514233 2.798151014534942 3.520075509264713 4.226482495731061 
1.7579625300291644 1.1521318994371768 2.102278128497235 2.7980160313645057 3.4907610144237977 4.2263941615836425 
1.8122256555660745 2.55351874215414 2.1026719058742382 2.798052503032617 3.5172092647016453 4.224378298021606 
0.20737192968329754 2.4446820074749107 2.1024543606108588 2.798141977859785 3.5205960929898885 4.224970722348802 
1.7998883731196957 2.5554569911407623 2.1026719058742382 2.798052503032617 3.5172322083090264 4.2243889694922565 
1.7575149038714215 1.1209315142658547 2.102309480574987 2.798016088516152 3.5199188078512944 4.224874595228988 
0.010059476225518615 2.8214047163643707 2.1026749332396464 2.797936668359686 3.521060032642564 4.225313216759292 
0.0518748693498396 1.0634613069475982 2.102679379271515 2.797940368374799 3.521146031107366 4.22531326150204 
0.2891952861740297 2.612537522779899 2.1022816138527918 2.7980133980898145 3.520650923818173 4.225279412389346 
0.0028981351467038258 2.849118161720462 2.1026914753744976 2.797952490631378 3.5210035369119246 4.187027740815534 
1.7760817609544421 2.8339819954621817 2.1024534241410455 2.7980267433459325 3.5212180273627562 4.224906381599111 
1.8590197744424288 1.0282194867906287 2.1022857679430107 2.7980160313645057 3.4907610144237977 4.2263941615836425 
0.2891952861740297 2.6020459112622163 2.1022816138527918 2.7980133980898145 3.52064800527748 4.226697486848416 
0.1267253997712604 2.876745194314175 2.1024516180630273 2.7980298928241782 3.490851064911544 4.185891774422067 
1.7078052667595702 2.7633263752974004 2.102150822178867 2.797897844488086 3.520874525017017 4.225273678599855 
1.7579625300291644 1.1820785822650448 2.1022857679430107 2.7980160322628094 3.519537312902771 4.2263941615836425 
1.800077922122831 1.1191849256368491 2.102285536189296 2.7980123846759772 3.520677207180665 4.221699193338978 
0.1385258634003732 2.626365428494898 2.102144652891593 2.7979517876942204 3.5204901911529904 4.224871472530401 
1.7413011508757914 1.2302460243060431 2.10228514523108 2.7980043892947593 3.521170380109986 4.22512615851259 
0.17889347127033395 1.1103927680688346 2.102306281400722 2.798030045368113 3.5205952916431613 4.225273678599855 
