0.001163135809034821 0.002043669344229504 2.0931111018996846 2.8170143930274336 3.506852875361667 4.19571885583032 
1.9999998861927788 3.999721388379493 2.1120880626564245 2.8168457139596152 3.506271619665 4.196640872715182 
0.001163135809034821 0.002043669344229504 2.0931111018996846 2.8170143930274336 3.506852875361667 4.19571885583032 
1.9775079224754886 3.8249015670858 2.0941104520440823 2.8147458144510713 3.5065557224838275 4.195867126962429 
1.2448132995016632 3.92861571708938 2.093106297629369 2.81703698305475 3.517069018606301 4.220531714174948 
1.9429276548788041 0.9422386427709422 2.1117443365052435 2.8147803418311304 3.5063992903749095 4.196469185316877 
1.0927982248593069 3.9676766399808185 2.11136871023339 2.8171152986697092 3.506339849547166 4.19600854719386 
1.943100911530316 0.6268473786178492 2.112494967315054 2.817160263487242 3.5074777087003595 4.194428291466816 
1.179613716774759 0.8788652020436809 2.1102674860754305 2.8146973148552035 3.506399947214169 4.195646722773176 
1.137301946170734 0.5667210369122819 2.0931065780353943 2.8169989632270305 3.506852875361667 4.196010427209867 
0.3804395825361075 0.9108516369635449 2.093318726810598 2.816631418863295 3.5066776194759295 4.196413439489698 
1.9866956249215053 3.9218599157857326 2.0921258354730847 2.8169639846738677 3.5077155734197563 4.195867060905244 
1.987697346209571 3.959772220214725 2.1116931164205126 2.81477209767927 3.506065255531211 4.1960176085512115 
1.243600078615585 3.8339931135367724 2.094027341410998 2.8172310713264173 3.5061671629177877 4.193313104913535 
1.2484368222904834 3.867709063359407 2.0932080280741863 2.8169982099082693 3.493756857672127 4.194164393369169 
1.944663726799991 0.837278936345333 2.111335884429363 2.816963196153638 3.5063860820069177 4.192168661190138 
1.940969671881774 3.9595588573461953 2.1120936256482072 2.817249627147165 3.493527269717981 4.194635509720641 
1.1516647648172789 0.5607615169639484 2.0931066833837435 2.8172427261798405 3.5063049647229625 4.1967936863461635 
0.1617372985961839 0.7155929940310228 2.1115862813962383 2.8146455878605314 3.506481055088593 4.196057754665201 
1.1543807650939406 3.98053814125703 2.1114045521639753 2.814803078106054 3.518777243717502 4.191869714509551 
1.0855029069135416 3.998107353989454 2.112416485853411 2.816818481416126 3.518777243717502 4.191869714509551 
0.20872152423524715 0.7155929940310228 2.108294809184834 2.8146455878605314 3.506469486370838 4.196057754665201 
0.47017415758920966 0.5814025892620825 2.09306439404386 2.814377127273157 3.500933245108257 4.194268260749084 
0.4346253737141631 3.8869402279993857 2.0919898015835052 2.81486565510063 3.50614490166271 4.196735069903679 
1.103121563936265 0.8938619558207062 2.1124044294330893 2.8147243360786773 3.5068528825546115 4.20926578920557 
0.10897515694926452 0.8688551172475076 2.093277272054219 2.81475075924822 3.5100338983062014 4.196468406042537 
1.239374608565464 0.6524749121715481 2.0932844576644563 2.816605396831837 3.506481856152563 4.208898026720653 
1.2489946105324756 3.836273777015153 2.093068952536555 2.8170269200761164 3.494413096284955 4.194170617860297 
1.112271895855588 0.6560129965341843 2.094755032021562 2.8173791052876895 3.506144922881202 4.209658899828673 
1.144792356437884 3.9204410376141423 2.0929350736618493 2.8172922957260567 3.506276634415269 4.19592173752893 
1.943100911530316 0.6373506851252362 2.1124119793696035 2.817308028066681 3.5105286091712573 4.195167802371302 
0.07255765331781547 1.0595136661900393 2.093528840093125 2.8168478592399118 3.5063418269804383 4.196488965702046 
1.9866956249215053 3.975803039941731 2.0921258354730847 2.8169639846738677 3.5077155734197563 4.195867060905244 
1.954469307174004 3.953473945196878 2.1116954726629276 2.8173789678727212 3.5060125522275056 4.196017405378972 
0.08485127841288287 1.004230287712851 2.0930672542054993 2.8170931420563363 3.5063418269804383 4.196488965702046 
1.9993919738911765 3.8284934346067523 2.0939588701108365 2.8144007675302793 3.5403453934554774 4.194231710547483 
0.21275331526328856 0.8679233370310389 2.093198863658921 2.8169951822193333 3.5100338983062014 4.194178490153258 
1.179613716774759 0.7141869421550552 2.1103035130068397 2.814697305505777 3.506480098151515 4.195646722773176 
1.989878760355465 0.6204554439286635 2.0939588701108365 2.8144007675302793 3.5061806351298297 4.194233178640924 
1.9897000396685287 3.998107353989454 2.112416485853411 2.816818481416126 3.5193880016077843 4.19217093991343 
1.1143917567649197 0.7082385768479524 2.110988244726477 2.8169395064233345 3.507738208036251 4.195809356257288 
0.37678771931782107 0.4895921210554701 2.093068912887736 2.817236404798082 3.5104955865290135 4.195933849416255 
1.157304663304901 3.8619481604589936 2.093249537396837 2.817243655866514 3.516831356319653 4.220531714174948 
1.987697346209571 3.8392499745686517 2.1116931164205126 2.81477209767927 3.506065255531211 4.1960176085512115 
1.180814163788727 0.5572697494949188 2.111405210020948 2.8148971426313887 3.509717402651203 4.196477056456234 
1.983699969294801 3.914617028165095 2.108253426314768 2.817255013276883 3.5062190572850427 4.194564801646363 
1.1784313382817584 3.8889481696299915 2.0932631529002474 2.8172791649725015 3.5064533812377414 4.221146404018468 
0.4056811408549912 0.6504868618989103 2.094823965872861 2.817255013276883 3.5062190572850427 4.194506744775134 
1.987697346209571 3.89806168577229 2.1112355834598255 2.81477209767927 3.506065255531211 4.1960176085512115 
1.120277209965339 3.914248352981797 2.1123627135345404 2.814733120117891 3.5063451046051997 4.196421870258543 
0.0068839529502010555 0.318375568451004 2.111311384177208 2.8150561504975795 3.5164844749002144 4.222823221789481 
1.153800744354845 3.9178789934014158 2.0928716470375943 2.8171423157973114 3.5062962808213003 4.19592173752893 
1.157304663304901 0.709668850759364 2.1080195865412104 2.8172427261798405 3.516993514631739 4.195953874624347 
1.9653161155611 0.8601658008378954 2.1117443365052435 2.814728444129099 3.5063992903749095 4.195541597119726 
1.1371955555265372 3.9127615861026763 2.093529399900109 2.814866335835558 3.50626638204988 4.19592173752893 
0.47017415758920966 0.6223394816768485 2.09306439404386 2.817061960894564 3.500933245108257 4.196461024855709 
0.03391817156982291 0.002043669344229504 2.0931111018996846 2.813933548138026 3.506852875361667 4.19571885583032 
1.9813872730529662 3.8363574469349992 2.112087902587196 2.8148036898112885 3.5062267893228647 4.194624191052222 
0.3843183031696034 3.9286803382290096 2.09305546184197 2.81703698305475 3.5171089261307498 4.220531714174948 
0.35694942605889207 0.5528246295230028 2.093131682603372 2.8170081056594314 3.5066892788461552 4.195821086251882 
1.21595936069822 3.8306433036463465 2.0938103847492306 2.817109515063848 3.506508719340434 4.191667756763486 
1.9735289186587002 3.839734355667583 2.1120936256482072 2.8171088969272917 3.493527269717981 4.194635509720641 
1.954469307174004 3.88306195711313 2.1116954726629276 2.8148103538740554 3.5064210603216224 4.196017405378972 
1.9993919738911765 0.5825359686644674 2.0939588701108365 2.8144007675302793 3.538855118490562 4.194231710547483 
1.9754186707908357 0.6204554439286635 2.0936457657643563 2.8144007675302793 3.5061806351298297 4.210539556926481 
1.9201678130780357 3.9831029202590504 2.1115448985261724 2.817255013276883 3.5062301547238572 4.196688178044445 
1.1316504366392715 3.9404922603632704 2.0946678716296097 2.8173791052876895 3.506144922881202 4.19692294503305 
1.1504760625369048 0.6558554788489782 2.093068952536555 2.817026900770493 3.5061450986465834 4.209110495226527 
0.37650019470663726 0.6142003031146924 2.1092970843957777 2.81692062868883 3.510263384036974 4.196468166732449 
1.1223191638290047 0.6524749121715481 2.0932841788602605 2.816631418863295 3.506481856152563 4.208944756409211 
1.2484368222904834 3.914302754340587 2.1121527140428222 2.8169982099082693 3.493756857672127 4.195524851201703 
1.0831692730302782 0.837278936345333 2.111335884429363 2.8169401729295034 3.509717402651203 4.196478294250141 
1.989565596522999 0.6498753158075785 2.093076506660952 2.814276763529902 3.506180118554197 4.196122524740333 
1.2365412221570402 0.5817752653080889 2.093270721541548 2.816605396831837 3.506445776744939 4.195097566502564 
1.1652043113710808 3.9274103754429968 2.111570034304599 2.8148051838769432 3.5068869551800543 4.196540571001069 
0.35186586686980426 3.9393842290739167 2.0930562997309528 2.8144028323332413 3.5036835189314144 4.197035436849327 
0.33517479504789066 3.9783348101348195 2.0939691671192873 2.814731821853179 3.5063451046051997 4.197035436849327 
1.9938319640640665 0.5611449744033319 2.0931157255491115 2.814338905797365 3.5059687023679027 4.196010427209867 
1.95659540718322 0.6504972089321337 2.1080085613360415 2.8172868159817113 3.5062190572850427 4.195839542110671 
1.991949507632171 0.6322311897337689 2.1074753177926953 2.814284960696246 3.5097130575311044 4.195806990889309 
0.4133949319496427 0.7941743719711856 2.094823965872861 2.817243076270207 3.5063097848732623 4.194506744775134 
0.4197045383229282 3.8392499745686517 2.1116931164205126 2.81477209767927 3.506065255531211 4.1960176085512115 
0.3812968960378049 0.6541080725553907 2.093131682603372 2.8169986926800887 3.5066929505133446 4.196167116804428 
1.9354418147580905 0.7929088249082479 2.111361220934421 2.8170852434904363 3.506852875361667 4.195997865470122 
0.08485127841288287 1.2784329400234298 2.0930672542054993 2.8170931420563363 3.5063418269804383 4.196488965702046 
0.16522639913981474 0.9994827687173583 2.0930672707934583 2.8170931420563363 3.506358752195242 4.196488965702046 
1.086529419143434 0.8020058510226653 2.093192357978651 2.816941797376409 3.518777243717502 4.191869714509551 
1.991949507632171 0.6220889853417583 2.1074753177926953 2.814393062101218 3.5097489501039894 4.196470765953501 
0.3826920359542981 0.6382353291370778 2.09306439404386 2.816933398312626 3.5101346149340333 4.196461667834994 
1.1504760625369048 0.6495552754622433 2.093068952536555 2.817026900770493 3.5062638400690336 4.196010496766707 
1.1631189943476465 3.951127301152692 2.1116617091838914 2.8174408636904285 3.5168489994192704 4.196009381159535 
0.38343610669149314 0.5607615169639484 2.0933268033582313 2.816644062344865 3.50630571765126 4.1967936863461635 
1.0800529266313392 0.837278936345333 2.111335884429363 2.816963196153638 3.5057753241166347 4.191867435786259 
1.9813676878348816 0.573389455920088 2.1120880626564245 2.8148076577794603 3.506565833469494 4.196653800580047 
1.164741285923065 3.8658724352043445 2.108202160537538 2.8172961140064103 3.517094220952453 4.220531714174948 
1.137301946170734 0.95121742097306 2.11029271449816 2.8146534700426 3.5068458321610465 4.196010427209867 
1.2917754425751025 0.5825359686644674 2.1070102185816637 2.8143979850284797 3.507651649860865 4.1942325418486615 
1.989565596522999 0.5770974956282136 2.0939588701108365 2.814276763529902 3.5061806351298297 4.194233178640924 
1.9853447187192934 3.8363574469349992 2.1120936256482072 2.8171088969272917 3.493527269717981 4.194624191052222 
0.10270565756627681 0.002043669344229504 2.093959560242382 2.8172833704074716 3.506852875361667 4.19571885583032 
