1.2590946011301136 3.9012138066883173 2.1029902177007584 2.8039818284030997 3.5042465626347163 4.205115528037527 
1.1867186734697711E-4 0.002352423667568493 2.1029756998756577 2.8039734052596255 3.5042489063325317 4.205252129252845 
1.1946319492235549 3.764144321255772 2.1029886150977837 2.8040095554369877 3.5040419437860284 4.204920342930083 
0.46300041067146275 3.9012138066883173 2.102982808080489 2.8039812997961193 3.5042918125841767 4.205118257600219 
1.2330988961719287 0.7733939172884552 2.102982057874368 2.8040095340550972 3.5040821193431233 4.204909523497296 
1.1481946483532874 2.2161876584722693 2.1029756978664773 2.804222322016269 3.505021452812453 4.205731634937603 
0.009791440333109636 2.820297022446856 2.1030770475338687 2.8039977597459167 3.504524421854096 4.20536588417971 
0.4549913715169581 0.7651454458076807 2.102981977103753 2.803974504268909 3.5043975486912204 4.204987779679536 
0.26056714153892874 0.7751322306295788 2.1029886408036704 2.803961679243173 3.5053011955578723 4.205240300836353 
1.2298646075970263 3.8687586996286427 2.1029898135728837 2.8039813924068198 3.5044380139051374 4.205109429030563 
1.2284054903987771 3.9013416186712293 2.10308815407756 2.8039440860397082 3.5044233043705253 4.204919719203045 
1.2145581924630218 0.47894516173971224 2.1029887595309575 2.8039272943675013 3.50407550068902 4.204912391377406 
1.1383370072284102 3.970177771284029 2.1030912750953994 2.803974504268909 3.5044229612481246 4.204987779679536 
0.3867591965031066 3.766375466854686 2.103081451828616 2.803711550221902 3.504540923073441 4.20537678991529 
0.44355243007172807 0.4562484065544097 2.1030019282274686 2.803975070891412 3.5044217541894525 4.205237125432629 
0.5856593304564381 3.4765997149337595 2.1029901724531785 2.8039815996666517 3.5042832959932353 4.20512370460158 
0.02198162138863984 0.295666198067857 2.1029828812084066 2.8039753532728917 3.50428531006616 4.205229331180605 
0.3985141962257911 3.757801494629935 2.1029766908951544 2.8042171988833853 3.5050334775503194 4.205110873407304 
0.42878283900335556 0.1800059868713786 2.10309757449654 2.8039263427024306 3.5042658293120668 4.204967530598919 
9.009181009811684E-4 0.06604268639165944 2.1029755776427326 2.8039740810897515 3.504463786570803 4.205255097943841 
1.2190139444651007 3.773253143519473 2.1033157201518566 2.8043921864607193 3.5042469460244683 4.20493039816042 
1.2036617623472359 2.166645244114634 2.102973596747232 2.804008578959422 3.504463268683698 4.204933588676833 
0.3990132535723208 3.726926076552757 2.1032622108561068 2.8039434944618065 3.5043206839357284 4.205188024852287 
0.3882703541795751 3.9847696542036166 2.102967108784056 2.8040164518160076 3.504247184993161 4.205157245100526 
1.2884717437663318 3.651320900890466 2.102989420164946 2.804222322016269 3.490365027689399 4.205763882359862 
1.2045153316819694 3.85209175670634 2.102982057874368 2.8040095329390073 3.495547274199402 4.204909523497296 
1.2145581924630218 3.8428836033033726 2.1029887821946756 2.803925211928059 3.504064892295031 4.204917100880652 
1.1617886395895805 3.838538522146372 2.102990180979177 2.803948066134754 3.504464698508192 4.204888415098965 
0.4513586178234702 0.3681882082767135 2.1028994853607634 2.8040084258778526 3.5045028999314596 4.205353187723307 
0.3449636592948726 2.381556718077438 2.1017873075481703 2.804163332270847 3.504529555490822 4.205416410340539 
1.1188032295116608 0.7879051489313694 2.102967545672447 2.803980862608964 3.5061260110841586 4.205352956852681 
1.1205553574911356 3.927172141100897 2.1029902177007584 2.8039818284030997 3.5042920642563242 4.204907283374351 
1.313510604977668 3.673077864910393 2.1029757060538787 2.8042062222191606 3.504286320607824 4.2049511907945165 
0.38306984567423674 0.4288133302309167 2.102978988395138 2.803981717515849 3.504294830261829 4.204944263528705 
0.5884345607605728 0.4182692887676984 2.127357819434332 2.803981602099886 3.5045252295783973 4.205121289089039 
0.34775013903617846 3.9693705364146963 2.1030805681977514 2.8032576177402397 3.5061187291801037 4.205237804273138 
0.3740520323518318 0.7701583360757186 2.1029913022727826 2.803974789893952 3.504289552496423 4.205120617682973 
0.022094748702044198 2.820297022446856 2.1030747842206394 2.8040077215626344 3.5044423189831084 4.20519172127019 
0.3998085211619271 0.7525739861137279 2.1029825688538537 2.803961679243173 3.5043026973600306 4.205231476222592 
0.02198162138863984 0.19739568623811188 2.102967108784056 2.8040159413188537 3.504247184993161 4.205157245100526 
1.2929234707510324 0.3924120488526326 2.1029801488640714 2.803974840317672 3.5044655484987963 4.205360689048241 
0.40161230308390444 3.882919358492554 2.102922997500969 2.8039758452660606 3.5054787641558773 4.2053450754757735 
0.34775013903617846 3.9389097275884324 2.1030805681977514 2.8032880269231946 3.50615525173632 4.205411215862815 
1.2222478718773853 0.4371297344826557 2.102989920831798 2.8040045302758565 3.5044346809725484 4.205345088798471 
1.0947014694180424 0.7034519725121047 2.1029842185610144 2.8043786791244876 3.5044013100167333 4.204907306097574 
1.2038266193507214 0.7413032213201383 2.10299022386827 2.8039933083033235 3.5042065561900473 4.204909264339451 
0.18850106794912713 0.7481519272671182 2.1030945024835557 2.8036877082927854 3.5043989060074905 4.205376503508301 
0.46300041067146275 3.7876254120252666 2.102982977848668 2.8039818284030997 3.5042917080571017 4.205182793637899 
1.1246112658545848 3.9276034459917546 2.102976990818561 2.7973888169290846 3.504292973744575 4.205111590435093 
1.234909964594171 0.49236551958985464 2.1029885191895823 2.8040059385638063 3.504591593051255 4.204913671038863 
0.46229371407820646 3.773958898967966 2.10307295905466 2.804007481358281 3.5042923802808357 4.204968427159932 
1.2330988961719287 3.81694920774581 2.102982057874368 2.8040095340550972 3.5040821193431233 4.205183108436762 
1.1714159757693643 2.202064579234152 2.1176812218713708 2.8040101982511816 3.50502143403197 4.205729180874712 
1.1855235474731627 2.2161876584722693 2.10297184216125 2.803922380580806 3.505021452812453 4.205680456377235 
0.310156776052025 0.8099346930231339 2.102921267339857 2.8036876467036205 3.5060308390478854 4.205365134173933 
1.2665005414252617 2.0947761490134766 2.102973596747232 2.804008457605184 3.504463268683698 4.204933588676833 
1.2976327433433967 0.39838105966408477 2.1029801488640714 2.803947819630777 3.5044655484987963 4.205360689048241 
0.34800051298635576 0.7879051489313694 2.102968895783575 2.803980862608964 3.505485787422632 4.205345088798471 
1.2145581924630218 0.4981531663087255 2.1029887595309575 2.8040095640825538 3.50407550068902 4.204913563383639 
0.3138098941670605 2.421044941376425 2.101814594159347 2.812789005033866 3.504495981220709 4.2052424670786435 
1.2145581924630218 3.8219513158347285 2.1029887600276562 2.8039255611511527 3.504064892295031 4.204917100880652 
0.26056714153892874 0.6917016370143572 2.1029825688538537 2.803961679243173 3.505373252786425 4.205231476222592 
0.3028267142080929 0.4426223159690923 2.103693743874053 2.8042042914993006 3.5044374529646674 4.205364389941874 
1.1617886395895805 0.7733939172884552 2.1029887595309575 2.803948066134754 3.5042388805843716 4.204888415098965 
0.022094748702044198 2.820297022446856 2.1030747842206394 2.8040077215626344 3.5044423189831084 4.20519172127019 
0.1255129574072009 0.9929666993141348 2.1029705975143385 2.8040066974876128 3.5040899346550174 4.205250568688171 
1.2860908606580985 3.8117877514590734 2.103573597668521 2.8040045617126843 3.5044319857843997 4.2049942363176385 
0.4646716717785323 3.7317605860003153 2.1035745945442033 2.8039795844496496 3.504465598661167 4.205240239194109 
0.4297538185719107 3.757801494629935 2.1029766908951544 2.8039440860397082 3.5044233560517895 4.205110873407304 
1.2359465350433978 2.2531673801268943 2.103081849014518 2.803980870044662 3.5054131953214274 4.205344731952184 
0.2811368320881814 2.382478155300131 2.1018095768333165 2.802719225349594 3.506020362283844 4.205237560221974 
0.6436109115580195 0.11320642807158789 2.103076367937989 2.8041062157898584 3.5042920933619177 4.20519359795638 
1.226711980685288 2.159327248202426 2.1029734233072808 2.8039787796024043 3.504071754024087 4.204938307273017 
1.3204912944263085 0.44486657480181796 2.1029899499979696 2.804005832332254 3.504434020795309 4.20533622172916 
1.2147284006190386 0.4981531663087255 2.1029887595309575 2.8040095640825538 3.50407550068902 4.204913563383639 
0.13610819096794147 0.8872175107175587 2.103249289805725 2.8040101982511816 3.505020428510445 4.205763330434168 
0.28156918004070675 2.382478155300131 2.1018095768333165 2.802719225349594 3.506020362283844 4.205237384796496 
0.31424224211958585 2.421044941376425 2.101814594159347 2.812789005033866 3.504495981220709 4.205242291653166 
1.34497141211846 0.4371733512992045 2.1029888827757146 2.804005849687682 3.504434020795309 4.204940586924907 
1.313510604977668 3.6882897200586977 2.102978988395138 2.8039792594387727 3.5042843019068393 4.204944263528705 
0.34775013903617846 0.761905648325724 2.1029691937267625 2.803270802749452 3.5061187291801037 4.205259349336602 
1.1481946483532874 3.925107895492399 2.1029756978664773 2.803979701984493 3.505021452812453 4.205731634937603 
0.30051858681813776 0.7514364852473123 2.102982784152716 2.803981027151719 3.5240632289740397 4.205345088798471 
1.2330786903601036 0.741940967578135 2.102990047007264 2.8039933083033235 3.5042065561900473 4.204909264339451 
1.2038266193507214 3.78966940981335 2.10299022386827 2.8039933083033235 3.5042065561900473 4.205182849278917 
1.2929234707510324 3.7898249386432523 2.1029903529400693 2.803195837799956 3.5044655484987963 4.205236784576681 
1.2145581924630218 3.763428848300769 2.1029842185610144 2.804371142550135 3.504075774306698 4.2049205429518945 
0.42878283900335556 0.37720528275721077 2.103309598206984 2.8039263427024306 3.5042658293120668 4.204967530598919 
0.3911480997806193 3.8209499233282402 2.1030748599574602 2.8039856064017656 3.5044515753473124 4.205182879918062 
0.399588065879565 3.9902551967555926 2.1032618831434955 2.8039856064017656 3.504319483440274 4.2051880537341555 
0.38360039475095264 3.971808338054822 2.10307295905466 2.804008951766322 3.5045223581611205 4.204968427159932 
1.2349149430542594 0.4981531663087255 2.1029887595309575 2.8039768988002174 3.50407550068902 4.204913563383639 
0.1876913748888125 0.7154990047199257 2.102976086264097 2.803966251129224 3.5043989060074905 4.205259135934608 
0.3869216229712722 3.7923669083815437 2.103081849014518 2.803712170169075 3.5054131953214274 4.205386803730608 
1.290122197653157 3.6234012746717954 2.1029901724531785 2.803981828116814 3.504291882719013 4.205120602248827 
0.19799619218573705 0.7481519272671182 2.1031080161418894 2.8036877082927854 3.5043989060074905 4.205255800183322 
1.2222478718773853 0.5641460654690575 2.102989920831798 2.8040045302758565 3.5044346809725484 4.205343537573574 
0.30646775925333414 3.9797407108968317 2.10307295905466 2.8039460396443014 3.5054323131958567 4.204968427159932 
0.1876913748888125 0.7154990047199257 2.102976086264097 2.803966251129224 3.5043989060074905 4.205259135934608 
0.6436109115580195 0.12491061653506208 2.103076367937989 2.8039608735128567 3.5042923409369546 4.205194996132442 
