1.9999602148901912 3.999842962284791 2.1014651805863074 2.8018892852045965 3.5010243398711545 4.199201115495219 
2.442375915057693E-4 0.01384412642144045 2.1014572291761677 2.801932395959526 3.500945286681292 4.198845562831244 
1.9999602148901912 3.999842962284791 2.1014651805863074 2.8018892852045965 3.5010243398711545 4.199201115495219 
1.9594521614501923 2.500911285167398 2.10146515095341 2.801934756335222 3.498191105376919 4.198841311567388 
1.9830996026234344 3.8137315836532664 2.1014149798084834 2.7967855844917873 3.498151514338718 4.197948383293118 
1.6907525820084763 2.7719922066456917 2.101462108430964 2.802432120234151 3.5011311336336184 4.198878341139194 
1.958951040674848 0.9107771076395353 2.1014496085819063 2.8019348158182096 3.500961165431758 4.1988462681545276 
1.7819025602166032 0.9492864655116948 2.1014655424693576 2.7968252275988625 3.4971760703584325 4.198458886095602 
0.28408926716335803 2.66670702511335 2.1014648350523686 2.801936481071321 3.5010188788028094 4.198349576463798 
0.13360618031390767 2.5763255815042454 2.1025705808976407 2.803150144179347 3.498580729876521 4.1982929558524225 
0.43986328411143516 0.7972389094166656 2.1014661817742546 2.801886346281208 3.5010243398711545 4.199194965250744 
1.9540863899733008 3.9959530141240034 2.1025838171902453 2.801934894677495 3.498212551591656 4.19830066838443 
0.10659618090320838 2.66670702511335 2.1014648350523686 2.801936481071321 3.5009616519357953 4.198286367797239 
0.2817162528338848 3.9805926522667994 2.101426772495302 2.801934951061533 3.5008103959089 4.198316429755307 
0.18455027423326584 0.9073421677915378 2.1019695432965655 2.7968146673114083 3.4984333909169663 4.198340925456668 
1.9892836498838085 3.8819458875933277 2.1003105205877124 2.8019366005833892 3.5009051290608815 4.19871605782215 
0.1313702164449297 2.6927775077515332 2.1014149460096845 2.8019456452415943 3.498449880228125 4.198422256922775 
0.18371576087399757 2.616180706124479 2.1009620524837223 2.8034490122471314 3.498692324948045 4.198695415657678 
0.0661220467666515 0.9081589252002333 2.101529472314015 2.7961880206458827 3.4981044562442336 4.1978108754615455 
1.8652544398425293 0.9785383457981297 2.1020881794985455 2.8018007687010464 3.498116797886406 4.197919306026965 
0.17443941541257219 2.5105768604987353 2.101420278186915 2.8022199239265206 3.5009697996847158 4.198247377910346 
0.27738322018773687 2.497306771653711 2.1097534066964063 2.813646178361772 3.501093634888474 4.1983214392342685 
0.358660296358534 3.938711323809434 2.1014651805863074 2.814178072381929 3.5010648591417888 4.199201115495219 
0.225232840272025 1.1032686372510798 2.1014829867137848 2.796583763882044 3.5080460992030247 4.197852369607063 
1.751344146019252 2.750973910211818 2.101405120627939 2.7967855844917873 3.498262686423518 4.198476096843654 
1.9594521614501923 2.477610011301569 2.10146515095341 2.801928923957745 3.498191105376919 4.198841311567388 
0.22787397757941608 0.7196000231190484 2.1020881794985455 2.8018007687010464 3.498116797886406 4.197908523715306 
1.949664848448207 3.981633413278998 2.101430164017931 2.8017880815231564 3.498750825516084 4.198870211181314 
1.90468589964499 3.9808231568254184 2.1014398388923072 2.801934894677495 3.4981306002301134 4.19885908142965 
1.9530931598280024 0.7225674778895612 2.1013973342768253 2.7985611530257857 3.500817613937393 4.197909813392677 
0.10679669994685792 2.6900235307197353 2.1025989153154945 2.7964881956033896 3.5009602557224064 4.198286841572456 
0.1313399646805199 0.07329471604872517 2.1014641960883966 2.7983766700881376 3.506096262381088 4.199223508592303 
1.9092533256596582 3.9808231568254184 2.1021123807120077 2.801934894677495 3.4981306002301134 4.19885908142965 
0.18880226143699175 0.8493900794887814 2.1014496085819063 2.8019335434584303 3.5009613318359887 4.198862853924952 
0.26804208426194576 2.4967735209265185 2.1100253292374296 2.8135122290438264 3.50116020701168 4.1983214392342685 
1.8200738450814438 0.9249309392835559 2.1013358686049584 2.7974579664462285 3.498659980398468 4.198493084267156 
0.1715689109988279 2.5953005547017525 2.1014934528725213 2.8022651171604256 3.522839453245315 4.198845569402658 
0.14084608543469346 0.8115040787043386 2.1014686691966875 2.801905836001075 3.5086147360335582 4.197852369607063 
1.852199192037431 0.936165796863747 2.101472802137685 2.8023269803913267 3.498098525097893 4.1988797935514235 
1.9215480324985783 3.999842962284791 2.1014269821791123 2.8018882177281417 3.5010243398711545 4.199187324069445 
0.11108655718570332 1.1032686372510798 2.1014829867137848 2.802202493774178 3.5080460992030247 4.197852369607063 
1.9596098509384297 0.7584742679958933 2.101468884975145 2.8021014415586287 3.500817613937393 4.19791061690251 
0.24294027133198215 0.8816464359118392 2.1014149798084834 2.794500989007548 3.501098895484378 4.198476250366514 
1.7838637281301186 1.0295866841583516 2.102310100089606 2.8019828199213634 3.498246901392403 4.198543121804586 
1.8584747801558528 2.630579200933998 2.101461434053009 2.8024389983487255 3.5006359807211624 4.198885223792181 
1.788682699205328 0.9492864655116948 2.1014650706381843 2.7968252275988625 3.4971760703584325 4.1984672759275 
1.925248617059832 3.9805719144476956 2.101426772495302 2.801934951061533 3.5008103959089 4.198316429755307 
1.9854644463361044 3.8818026598967665 2.1014301886212805 2.8019420435452926 3.5009462519434966 4.198393393487722 
0.2817162528338848 0.9150519135595209 2.101426772495302 2.8019431319960795 3.50095410679261 4.19884395398299 
1.8992187803192846 0.9240565498434032 2.1013358686049584 2.8020844222403003 3.498659980398468 4.19902147214591 
0.17443941541257219 2.771494592433694 2.1014172303859593 2.8022199239265206 3.4986607985717897 4.198833372588022 
1.987901455673734 3.9884945743950317 2.102108098031909 2.8019420435452926 3.5009828592507457 4.199151808414615 
1.829345596067644 2.5158605889230543 2.1020751587542255 2.797398627502078 3.4986921689248454 4.197954142974676 
1.694351283024289 2.7719922066456917 2.1014934528725213 2.796771204862562 3.522839453245315 4.198835126801879 
1.6843753724698893 2.8691069212806948 2.1021265555204427 2.8019348158182096 3.500828091901473 4.198545236216094 
1.9186089508784137 2.494372478016971 2.1013890339715555 2.8018857839350373 3.4976375417882486 4.198845411687321 
0.18176663516349756 2.7940005826741565 2.101420266076695 2.802139969307765 3.49866079736016 4.19883724726438 
0.24294027133198215 2.5273503736735066 2.1014149798084834 2.7943881009835962 3.4982607829836256 4.198476096843654 
0.13336145902785965 2.6567797518879153 2.101488374513836 2.8019456452415943 3.498462710883587 4.198422321081559 
1.8552000421936476 2.4941186560859334 2.1018827831229077 2.8018475209254485 3.4989591712523556 4.198966459725781 
0.24810071406074774 2.505302773952479 2.1009247513178315 2.801934756335222 3.4981705102927543 4.199041186533088 
1.782431232352039 2.6251000789399908 2.1097673316463275 2.794207347158083 3.4975227942686313 4.1989541178621845 
1.958951040674848 3.9668113499027653 2.1014571900191035 2.8017880815231564 3.498750825516084 4.198870211181314 
0.18764499888407893 2.7068952873750587 2.101414076840845 2.7944150536733745 3.4989290952799093 4.19936332295682 
1.689723773392431 2.8430878669885438 2.101472256634456 2.8021007972522556 3.500830595164426 4.197963202963401 
0.22843688220258423 0.9640062041660398 2.1020970565233954 2.803135683202897 3.498609792430499 4.197908523715306 
0.06532118058254892 0.055809611410875926 2.1014172303859593 2.802219401169655 3.4985358446181962 4.198245949363341 
0.22843688220258423 0.9647312185960613 2.1020881794985455 2.8031531293240564 3.498609792430499 4.197908523715306 
0.22583677794391893 0.7882991172223314 2.1014489437371218 2.7966011940343862 3.498323197010974 4.198247377910346 
1.8013999520733508 0.9303409132348562 2.101444169274784 2.8018886231941345 3.498750825516084 4.199228859715774 
1.8552000421936476 2.5828223690304224 2.1018827831229077 2.801906049167986 3.4989591712523556 4.198966459725781 
1.7394729540860023 2.795668950620985 2.1014858382300385 2.80194346486301 3.5009603421534217 4.198844886160923 
1.9434444820363317 0.9109033163003408 2.1014496085819063 2.8019348158182096 3.4983478957373646 4.1988462681545276 
1.8069785675404018 0.9661011280876504 2.101468065951424 2.7975008053783315 3.5010002118815056 4.198399179699151 
1.8513380449943442 1.0587972822721095 2.1025838171902453 2.802351553041993 3.498212551591656 4.197854825942374 
1.829345596067644 2.517943039196218 2.102071006157293 2.797398627502078 3.4986921689248454 4.197953787524911 
0.28408926716335803 0.9456142011412925 2.101426772495302 2.801936712414733 3.5008393657302586 4.198690683598235 
0.43986328411143516 0.7860558131477289 2.1014661817742546 2.801886346281208 3.5010243398711545 4.199194965250744 
1.9188828404471174 3.9808231568254184 2.1021123807120077 2.801934894677495 3.498138720349801 4.198859066835313 
1.9193821159964795 3.9678825331348175 2.1014348581304656 2.8019465500810656 3.498727143272335 4.19830066838443 
1.7394729540860023 2.70961460454219 2.1014858382300385 2.80194346486301 3.5009603421534217 4.198844907106219 
1.9187352939453446 3.9808231568254184 2.1025744548691514 2.801934894677495 3.498138720349801 4.198859066835313 
1.7281033608544454 2.7719922066456917 2.1014934528725213 2.796771204862562 3.522839453245315 4.199212541008944 
1.9770152273840507 3.969290259286583 2.101529999528624 2.7964329240312322 3.501093634888474 4.199032975547833 
1.8849236671223464 2.477610011301569 2.10146515095341 2.801928923957745 3.498191105376919 4.198841311567388 
0.24294027133198215 2.6862402292268106 2.1014149798084834 2.7943881009835962 3.5813942513367913 4.198476096843654 
1.8753127386748651 0.9249309392835559 2.101285547746698 2.8019185163121096 3.498659980398468 4.198312110522053 
1.9845230863517633 3.8137315836532664 2.1014599678896895 2.801950600869911 3.498714569781771 4.198467281039841 
1.9193821159964795 3.9959530141240034 2.1014352690565263 2.8019465500810656 3.498212551591656 4.19830066838443 
1.8940571901287635 2.526350520566311 2.101465181357258 2.8140755808450773 3.5010648591417888 4.198834049120444 
0.11098982520598955 2.6900235307197353 2.1015188268906373 2.7964881956033896 3.5009602557224064 4.198286841572456 
1.7394729540860023 2.8046695470425176 2.1014858382300385 2.8019370452816634 3.5008456010910707 4.198691615776167 
1.9729007175150715 3.9997911698691575 2.1014651805863074 2.7981782814548453 3.5010243398711545 4.199193168662733 
0.1313399646805199 2.841772851197854 2.1014727758338765 2.8022214112814243 3.506096262381088 4.199202533080553 
1.852199192037431 0.898695871208478 2.101472802137685 2.8023408147475073 3.498142681366284 4.198882658208908 
1.8062217212546867 0.9661011280876504 2.101468065951424 2.7975008053783315 3.5010564667253257 4.198853719081726 
1.8207405601575868 0.9249309392835559 2.101334355726169 2.7974579664462285 3.498659980398468 4.199026037480166 
0.31329701989149716 3.9859560842413466 2.102500842154905 2.8037942514131537 3.4994183312168916 4.19868382277104 
1.992820313223153 3.999842962284791 2.1014651805863074 2.8018892852045965 3.5010243398711545 4.199201115495219 
0.10679669994685792 0.9091075549620704 2.1025989153154945 2.7964881956033896 3.5009602557224064 4.198286841572456 
