1.9999941602343556 3.9998860496045734 2.1069965589961086 2.8093491817334515 3.507887611353144 4.2132621258698135 
0.029266896791037778 9.18230626894001E-5 2.106741970725481 2.8091635167974265 3.510416652138775 4.2132586777373 
1.9999941602343556 3.9998860496045734 2.1069965589961086 2.8093491817334515 3.507887611353144 4.2132621258698135 
1.9748652489254626 2.4702451014288016 2.1074783804198165 2.809338986375273 3.506834612086554 4.211740343207928 
1.9616604757820775 3.857253017451139 2.107004040821836 2.8096533642868247 3.5092090231105257 4.213640770470254 
0.5309989685410081 3.766293860105764 2.108092996167981 2.809168701102317 3.50902412518567 4.211567717480476 
1.9619980438924645 2.229129669000756 2.107965053259062 2.8090404894181367 3.523905897029763 4.184948562569176 
0.547859063392141 3.4224440792567496 2.1068028163009784 2.8089384294537267 3.5239395376345204 4.184935168218671 
0.4517314436788419 2.3333384457927906 2.106711907777168 2.8086788051719265 3.5090278364476473 4.211791510373113 
0.36612457273391796 2.1077493121701734 2.107997643422299 2.8086738404630807 3.5246057305648315 4.184285988014931 
0.3791661860784228 0.9192512480421138 2.1080929900066177 2.809362361191354 3.507072918595239 4.211581196541268 
0.3533963286684709 2.399982452527524 2.1079906609205707 2.8090434438652805 3.550042293784208 4.211043458484403 
0.5039792023871588 0.13920139600814913 2.106914821020957 2.809165999582319 3.5095621106285155 4.212889292556567 
0.5309989685410081 3.6144156685260365 2.108092996167981 2.809168701102317 3.509172616970868 4.211567717480476 
0.5067530745677045 0.19870769285385564 2.1066265649562066 2.809163988547037 3.5095102614663922 4.212288191603029 
0.48438959983946767 2.096712825969501 2.1081840846520277 2.8092032074366697 3.520889311738414 4.213121272795428 
1.9120065593444524 3.9937543009720518 2.1069965589961086 2.8089366047507243 3.507903008554896 4.213271962831341 
0.31960355471231516 3.8930449256165125 2.107052814009306 2.807698265874472 3.5026547594309703 4.21327520847646 
1.9349523761206768 2.3454814335094443 2.107947450777494 2.8093855137489316 3.5071244627783753 4.227607874251933 
1.9776572373188315 2.2421858282472735 2.1069965167534086 2.8091650133036223 3.509105529108444 4.213318087358478 
0.07617342372719596 0.179513769138395 2.106705336577958 2.8086788051719265 3.508297794541208 4.211788312838272 
0.3798219769016612 3.8857273021772123 2.106705336577958 2.8086788051719265 3.5094715645084618 4.211788312838272 
0.32246307114927697 3.969382233679961 2.106907770272535 2.8091599080725644 3.5240078962492842 4.184743020201997 
0.5250866499784773 0.20169803072572773 2.1066265649562066 2.809357110155439 3.5231945156503874 4.227462016708906 
1.991702202954603 3.9169971739072187 2.107000628927527 2.807719890630106 3.5077301053023495 4.213192470302641 
1.9708106317553842 3.8902004485582093 2.1069965167534086 2.8091650035060707 3.509105529108444 4.210899358395805 
1.9888887919135287 2.3965818786487105 2.107496233426812 2.7945627789963092 3.5101203255899156 4.211104233194249 
0.5777030652649353 3.441840718308625 2.107990546015185 2.809381171108344 3.5239487679177945 4.184290052283789 
1.9894775676187726 3.8881815346068502 2.106988247805604 2.8094004586771444 3.509145044644617 4.2138302432529215 
1.968054126588538 3.9996896194322478 2.1069993507190685 2.8093491817334515 3.5079175664163764 4.21319502965145 
0.24895841199171065 2.4103149736650824 2.106725667782536 2.8088897324685638 3.5239655669200562 4.232682259797241 
0.5067530745677045 0.07981496197341609 2.107003112579938 2.80963916648441 3.5094230403501987 4.212288191603029 
1.9056764450376598 3.9951724268479354 2.1067234729976927 2.808452719651387 3.5077565955279555 4.212617892766207 
0.39437443924298315 2.3790720877629967 2.1081685141859325 2.809199875550362 3.5203135165938892 4.213121272795428 
0.24895841199171065 2.471691261746416 2.1074957285673803 2.8093148631047833 3.50758294868221 4.211514031757692 
1.9086610438518954 3.976129206197572 2.106743539988525 2.79513449264726 3.524802163373142 4.185621328203381 
1.9886150390168467 2.2785175553214527 2.106623351288777 2.7941457149680207 3.5039304541697915 4.21137699080071 
0.4166224185674406 2.095287896516104 2.1071289217190485 2.8092032074366697 3.5203689759091588 4.213121272795428 
0.31885940192167783 0.8198902988915552 2.1079994528560135 2.8094490949556525 3.550524152450706 4.210567674121087 
0.532815934577362 3.48352265998816 2.107997861745504 2.8093783806758634 3.5025861927448716 4.184289796249883 
0.7067147916087526 3.303528159774851 2.1072915536897816 2.794438669249707 3.523682120569604 4.185674735080682 
0.24895841199171065 2.3966903176727015 2.1080656903597124 2.8088847850262457 3.5239487679177945 4.184475072862013 
1.931919053356361 2.3611807212386706 2.107898303965424 2.794988338904327 3.5492647913524933 4.228076886376372 
0.49492577047998976 0.508791898333111 2.106908880050768 2.8086757089906786 3.5242679513521944 4.213637843238271 
0.4349437559327948 0.1700780381749547 2.1056632028212756 2.8089413927732205 3.524343586228802 4.184941517207343 
0.436755206905873 2.109627466735709 2.1056020482053928 2.8091974960473736 3.5209226419851585 4.213246055176662 
0.3671463969002096 3.8923985476436784 2.10809144077008 2.809323247543132 3.508511733501746 4.211790625928349 
1.9465143411329278 2.3994064574180456 2.1079906609205707 2.8090434438652805 3.5496049633301214 4.183346878012343 
0.5036759571125268 3.7342902204523725 2.106988247805604 2.8094004369975076 3.5092471758160757 4.2138302432529215 
1.9337850657189288 2.399982452527524 2.1079906609205707 2.8090434438652805 3.550042293784208 4.228076886376372 
0.4572077749345149 2.0334294521899716 2.1071241746211062 2.8093495989428967 3.5203689759091588 4.2131218102272605 
0.31960355471231516 0.900677121771735 2.1079994528560135 2.8094490949556525 3.5026547594309703 4.211261161237396 
1.976283192154694 3.893521307519068 2.107947011334701 2.795062322935042 3.5039755758597466 4.212547260772807 
1.9872050586728514 2.2145044346639917 2.106903682904346 2.794577166128008 3.5236123603411005 4.1856445606399335 
0.3791661860784228 2.244526655495011 2.108089468915092 2.809362361191354 3.507072918595239 4.211388362882404 
1.9929401576357375 2.2578242481675703 2.1073066584608022 2.8089657304593283 3.5232554342716997 4.185469584518499 
0.35339056644101163 0.8828973305611639 2.1080944558906713 2.809362361191354 3.50783267140892 4.211352733771968 
1.9680394763598046 2.399982452527524 2.1079906609205707 2.8090434438652805 3.550042293784208 4.186797279749253 
0.3674903201480645 2.1236321556641795 2.108001782727669 2.8093018129376843 3.5079107922467707 4.18430046899081 
1.936442203687404 2.2936075556252264 2.1074825708107414 2.8093432970546526 3.523167430138183 4.2287255021781975 
1.9889055052916804 2.2578242481675703 2.1073066584608022 2.8089657304593283 3.5232257556740287 4.184242185138965 
1.963336497040276 3.857253017451139 2.107003501043407 2.8096533642868247 3.507829152354504 4.213411963940243 
1.9842993517792316 2.3486473084427515 2.1081849558901053 2.8092032074366697 3.520889311738414 4.213165820376769 
1.9933105680524714 3.9330067474614294 2.1079505468251933 2.8096551068448363 3.507911668212801 4.227404189068689 
0.5530032668051754 3.480766914406726 2.108006506271566 2.809454283280656 3.509902544253204 4.212579730554582 
1.9983150020001714 2.281573704813926 2.1079963909390305 2.81005992720612 3.503893332182365 4.183223178420683 
0.058471417704307 7.474015826867686E-4 2.1066265649562066 2.80935709740489 3.5096630823645882 4.212615772372824 
0.3560499844369909 2.3276881552852333 2.1079505468251933 2.8091245173989483 3.5079180837122386 4.227358300466732 
1.9869542386251517 3.863382171379315 2.1067646779813036 2.7951345342890876 3.508979138590189 4.213122077242736 
0.5793802945703843 0.19870769285385564 2.106806126746468 2.808935314102132 3.5095102614663922 4.22914546175646 
1.9728764498682434 2.229129669000756 2.107965053259062 2.8090404894181367 3.523905897029763 4.184948562569176 
1.9999941602343556 2.1599017073966364 2.1069965589961086 2.8093501980197795 3.507887359197143 4.2132621258698135 
1.9369855313962598 2.3067245293473384 2.1074932480286765 2.809342122622085 3.5070715546419566 4.211740343207928 
1.991702202954603 3.9000355957918984 2.107004542663273 2.8077178157507507 3.524256514117855 4.213146145953684 
1.991702202954603 3.9000355957918984 2.107004542663273 2.8077178157507507 3.524256514117855 4.213146145953684 
1.988977382449724 3.9330067474614294 2.1079505468251933 2.809005468975119 3.507911668212801 4.227404189068689 
0.19178061734303214 2.6315285333521454 2.1080496755748173 2.8087889286361496 3.5101828000797166 4.184481706643514 
0.5774103419339447 3.4226132795641155 2.1068028163009784 2.8089384294537267 3.522390144505209 4.185053659131618 
1.9869542386251517 3.9832416811383817 2.106759017862819 2.7946974153506026 3.508979138590189 4.213122077242736 
0.6372762913164083 3.4226132795641155 2.1069945508380825 2.8089384294537267 3.522390144505209 4.185053659131618 
0.4926120390883618 3.7761985972587704 2.107003501043407 2.8096021113224388 3.5077635104189224 4.213411963940243 
0.37492417307576364 3.8902004485582093 2.1069965167534086 2.809165357760293 3.509355546514189 4.213305865648915 
1.9984774854428788 3.9708905531785517 2.1080045293968754 2.809458075608433 3.5117362783750363 4.227404189068689 
0.515771536569892 0.3852760122144562 2.1080962399611103 2.809338292780575 3.523737944225002 4.1835024887092205 
0.5382722228663891 0.25516093311683274 2.1067646779813036 2.8088998919562105 3.5081441943969938 4.185217544467046 
0.3791661860784228 3.8114215726643694 2.106774848774909 2.8093604896429 3.509577923545181 4.211655207972207 
0.24895841199171065 2.3804279151327483 2.1055493040911104 2.8088897324685638 3.5236377875874356 4.232682259797241 
0.3019102666937644 0.8198902988915552 2.1079994528560135 2.8094490949556525 3.550524152450706 4.210567674121087 
0.4166224185674406 2.106471686328891 2.1080057450137715 2.8092032074366697 3.520889311738414 4.213121272795428 
0.48771635780441536 0.0863258814240746 2.1066225339960916 2.809164419141837 3.5067744726422507 4.212281024249259 
0.5371536226314141 0.2371397882082249 2.106705336577958 2.808680289093853 3.508095381154238 4.211788312838272 
0.3964811932114902 3.7610393383934673 2.106912294495822 2.8091835375050223 3.523950049578499 4.214118286685916 
1.9927110352739394 2.401729894703782 2.107496233426812 2.749555606772709 3.5238894903295246 4.213171733828572 
1.9715797936948807 3.9169971739072187 2.106984251026391 2.8093496812394485 3.5077301053023495 4.213192470302641 
0.688020311169582 0.006614266970438321 2.105568090342341 2.808649261082409 3.52364726628439 4.2271430680272015 
0.3186255582807894 2.228884450254956 2.1080952978460044 2.8090364682504636 3.50783267140892 4.211352733771968 
1.951735463667074 2.3854063091232907 2.1081972613277515 2.809202033004102 3.5239200755041487 4.2272629189745095 
1.967429773229633 2.399982452527524 2.107898303965424 2.8090363924107624 3.550042293784208 4.228076886376372 
1.9782194407801248 2.361798941599189 2.1074932480286765 2.809206733293515 3.5248064708040547 4.211687656674708 
0.6395674663675361 3.4217069986505715 2.107949080702242 2.809163277074943 3.5235357091391477 4.186547361417257 
