0.0014428664481936637 0.012089627203305309 2.1022149438058255 2.8029045120889053 3.5063584757452686 4.204867947766832 
1.9735226184139798 2.47258714630608 2.1022875089826525 2.8030275976095145 3.50711935038889 4.202309775495916 
0.0014428664481936637 0.012089627203305309 2.1022149438058255 2.8029045120889053 3.5063584757452686 4.204867947766832 
1.8606089335896154 2.4319069710108874 2.10238473802172 2.803094402340174 3.5087889251920887 4.204521515603058 
1.9189445619724292 0.9912959341239269 2.102384909152615 2.8031028684838675 3.5068020239707813 4.204523303711218 
1.95948050378669 0.5937624848534916 2.102384000038114 2.8029375647991377 3.507656822343909 4.203706023040452 
0.40115169206657986 2.4421887343626123 2.1022964565186673 2.8030269128077077 3.502024252420448 4.204585225982765 
0.40115169206657986 0.8775385550642087 2.1022964565186673 2.8030297725158944 3.502071461034837 4.202383067820518 
0.2878818384215818 2.264313716683815 2.10230562947337 2.8028950314837755 3.5063254834605444 4.204433740565424 
1.9966722721991905 0.7294509923110315 2.1022742634352274 2.8029878177960095 3.508434617365882 4.203764994933141 
1.9185865715479111 0.9660875610544707 2.102387125024543 2.8031028684838675 3.5068020239707813 4.204550029969711 
0.09226394415612083 2.79063233353507 2.102297880805142 2.802927152002444 3.5070057176344536 4.202383067820518 
0.38937528820942674 0.2653722473958311 2.1022172405568362 2.8029003139176494 3.5063323738452956 4.204442563939989 
1.8864520144284758 2.468636934526216 2.1019281088013635 2.8029629735298585 3.50710727409211 4.2053248918390285 
0.2731556317009662 2.401228590214605 2.1023173766193413 2.803132100457282 3.5063471903239765 4.203890336010394 
1.9136799050339175 2.440611625022241 2.1019700264414842 2.8030309607716593 3.507248728604095 4.204383402218401 
0.29444036828190634 2.2722702128451715 2.1019540416916285 2.8029878153168295 3.508455367860798 4.203922580041928 
1.933150521467095 0.7901166557564022 2.1019701546288747 2.803143062630429 3.5063246505535606 4.204408873246153 
1.86180879374271 2.468642496265388 2.1023060194275405 2.8029629735298585 3.50716152424495 4.205295628212465 
1.9234727920478174 0.6882994015668239 2.1024049003317766 2.80309786068387 3.5071727034952707 4.205381102570757 
0.2838239737814457 0.8845043423085912 2.1023883698429264 2.8029525264826494 3.5073465600058538 4.203460409049083 
1.831002038273888 0.9552799671611126 2.1023117211028177 2.803103899022515 3.5067978338652503 4.204509386558715 
0.2891019361838836 0.8409882846677945 2.1023884680587392 2.8028993306176715 3.507698151076599 4.2044166211325775 
0.0010152176179550332 0.11560882773272252 2.1022315230417257 2.80293765039524 3.5063238003023227 4.2044199827964475 
1.0605902778469445 2.506974089527785 2.1022887615965526 2.803027023748869 3.507201051753028 4.2026372837239245 
0.32775678172581135 0.8549763663547737 2.102299510881571 2.803104327192114 3.507133220976027 4.205295866031923 
0.14672931572520942 0.04467852809839812 2.102206644857726 2.8029042313312806 3.507656822343909 4.2048266580409726 
1.986969133187681 2.4106460948980835 2.102330088086491 2.803154137698175 3.4925851635591108 4.215067631467759 
1.935714430798312 0.6722282904140279 2.1022909985043294 2.8031375410426143 3.507634619594308 4.204418691073518 
1.886632484910288 2.4317235166651847 2.102282572600947 2.803138521486106 3.5070813764349715 4.204711294902458 
0.3326339125627986 2.3357001202056957 2.1022818696894556 2.8030433172586444 3.5071260228771317 4.204850769837883 
0.28737632089031845 0.8168932094325743 2.10232819609741 2.802894254902727 3.5063584757452686 4.204432531048888 
0.5496063490346822 0.2653722473958311 2.102297770647384 2.8029003139176494 3.507663766251289 4.2044166211325775 
1.9814847274427254 0.7260669326259069 2.102295059054735 2.803088663873452 3.5072460711907807 4.205243652902657 
1.8660994357446024 0.8319791520744051 2.1019665324768235 2.803096206958978 3.5071472232797074 4.20238049049327 
0.29444036828190634 2.2867984150799785 2.1022806420046494 2.8029878177960095 3.504102755264156 4.202288476385654 
0.4692375998287875 0.17316899689219983 2.1023051641163817 2.802902423043107 3.5080026215305584 4.204429010107625 
0.326985770006475 2.468642496265388 2.1023060681581733 2.8029629735298585 3.5076618799606765 4.205295628212465 
0.45517375327572723 0.17316899689219983 2.102291825067229 2.803121172814457 3.5080026215305584 4.203719262616151 
1.9178618461181303 2.4993598991142494 2.1022756218137832 2.8031028684838675 3.506805362793673 4.203744702207686 
0.3334468125573419 2.399686860015766 2.1019253564541014 2.803103683032132 3.5063584053926 4.204524207381148 
1.8878393690652804 2.4389432953468693 2.102294369421331 2.803027004291828 3.5070057176344536 4.202383067820518 
1.918180019750047 2.469225378109279 2.1023040066540175 2.8030907135265717 3.5072460711907807 4.205311791982994 
1.933552677544424 2.422355023669125 2.1019701546288747 2.803154207671268 3.4926036027438983 4.203633641868484 
1.85522375530671 2.470004568322382 2.1023070071785637 2.8030905535513506 3.507247123406655 4.204503166836044 
0.37153993019260056 0.7407665388677233 2.1023565157378616 2.8031314942418164 3.5085776864179365 4.204465811621885 
1.965207902096242 2.325568498084509 2.1019632232113716 2.80309786068387 3.5071727034952707 4.20538544074159 
0.2897049391555126 2.414391874460532 2.1023059734903775 2.802894254902727 3.5063256772891367 4.20455798007727 
0.28954285403337127 0.6812212582171928 2.1023022185135978 2.803001410228583 3.507166221734033 4.204457490387809 
1.8878393690652804 2.4561178683831306 2.1023027703948163 2.8030276602625688 3.507099872906018 4.202383067820518 
0.3167128616768857 2.454466155215366 2.1022887462633717 2.8030297725158944 3.5071814403305734 4.202383067820518 
0.35636577389883795 2.4319069710108874 2.10238473802172 2.803094400004016 3.5087889251920887 4.204521721106705 
1.9400164884062279 0.7891705267239444 2.1022995629970125 2.802950339504888 3.5071639066817664 4.204408451977826 
1.9178618461181303 0.7416317122613565 2.1022756218137832 2.8031028684838675 3.5068020239707813 4.203744702207686 
0.28805977675087274 2.2692693715691785 2.1019432919865877 2.802959394801154 3.5063463981393475 4.204437755335059 
0.17719836995771066 0.8697942787081605 2.1023853223272613 2.8030268738861746 3.506805798183472 4.204415688791127 
0.3334468125573419 2.357732217384189 2.10239368123578 2.8031018491710267 3.5063584053926 4.204320868609759 
1.9602376602007658 2.4063191295906607 2.102385654638933 2.803026388543225 3.507656822343909 4.203706023040452 
0.34560601848417627 2.4091530801199705 2.10232819609741 2.802894254902727 3.5063584757452686 4.20455798007727 
1.8625438541509616 2.47258714630608 2.102383836949523 2.8037968243898845 3.50711935038889 4.233341066894309 
0.20296765434684638 2.5137956941742434 2.102285940036402 2.8031620373311754 3.4928065450211028 4.203707190571312 
1.9357130821741382 2.440611625022241 2.102290957282684 2.8030266669437554 3.5071118198387623 4.202335983231332 
0.13362085015011838 0.9167412461539929 2.1023853223272613 2.8030268738861746 3.5067937002400176 4.20441005031769 
1.8413672502352827 0.8411992555615155 2.1022978364574585 2.8030964374184673 3.5071486978325708 4.204381392393763 
1.0605902778469445 2.4686391219378874 2.1022887615965526 2.803027023748869 3.507201051753028 4.2026372837239245 
1.9585183136264157 2.440894410276372 2.102289020851287 2.8030287133152627 3.506322833442072 4.204422068401342 
1.9914530316260577 0.6219751962341475 2.1023565157378616 2.803124889570961 3.5085887666001576 4.204465811621885 
1.8512933549988146 2.4561192054118144 2.1023026274030774 2.8030104476501925 3.5086467565676087 4.2049073166654845 
0.4142073197175471 0.7891705267239444 2.1022996117276453 2.802950339504888 3.5076642623974927 4.204408451977826 
0.38137562929564894 0.7996238405242078 2.1019665324768235 2.803096206958978 3.5087059353635035 4.202300875512439 
0.20019238048259713 2.527330327310851 2.1023278722145626 2.8031086925105115 3.492794278817276 4.20368046431282 
0.20019238048259713 2.539004068614552 2.1023278722145626 2.8036755781710077 3.492794278817276 4.20368046431282 
1.9228998179310386 0.8326009424181192 2.102282356801458 2.803097960213702 3.5071193413322 4.202294785306059 
1.2232225013369118 0.5960677630022347 2.102297552011859 2.802998314589272 3.508795547932292 4.204413390366327 
0.2700480170983173 2.6290971237168743 2.102220240200477 2.8028969379180313 3.5088880872572212 4.20487280514735 
1.9189445619724292 0.8697942787081605 2.1023853223272613 2.8030268738861746 3.506805798183472 4.204315211948177 
1.8659822615520811 0.8411992555615155 2.1022361930255546 2.8030983035735324 3.5071486978325708 4.202295812060122 
0.4140603760566415 0.323090405368325 2.10238473802172 2.803094598114097 3.5087889251920887 4.2045393774807955 
1.9216923569297337 2.440611625022241 2.1022964459611195 2.8030266669437554 3.5071118198387623 4.202383067820518 
1.8757081499346457 2.469225378109279 2.1023029763571985 2.8029541376622866 3.5072477414072614 4.205311791982994 
0.11792852085952445 0.9097575547636048 2.1023306972380613 2.8029511373708176 3.506458225369303 4.2036772514535965 
1.9035460432486868 0.8341046831412136 2.1023064042548123 2.80302949198554 3.5071153117829184 4.204827843990537 
1.8428044593398445 2.540278662897303 2.1023070888705777 2.8030882680608755 3.5063471903239765 4.205241412270992 
0.0014428664481936637 0.2485067836233319 2.1022149438058255 2.802907657606233 3.5071110839672017 4.204867906741185 
1.8660994357446024 0.7889369349895995 2.102300955595397 2.8031006669049745 3.5071472232797074 4.2024412511908285 
1.9802442307719006 2.401228590214605 2.102312824572482 2.803073246599348 3.5063471903239765 4.203906253205962 
0.2705666486933473 0.7292962459634456 2.1025660737193785 2.8029878177960095 3.5084420285208315 4.204852722133347 
0.2529249795672362 2.401228590214605 2.102312824572482 2.803073246599348 3.5063471903239765 4.203906253205962 
0.3750363593342477 0.4462472782709761 2.1022974488990878 2.803028490655384 3.5076642623974927 4.204414077796571 
0.29444036828190634 0.7292962459634456 2.1025660737193785 2.8029878177960095 3.5084454553236957 4.2039469077403275 
1.9089999674752907 0.7829629603245828 2.1023316144461655 2.802993968406407 3.5088272950640764 4.203805560182388 
0.2944739402246192 2.301085087688917 2.102311613449532 2.8028950314837755 3.5063254834605444 4.203929740439334 
1.9034326718491321 0.8341046831412136 2.102306491395752 2.8030272773894533 3.507117376194261 4.2048077370240815 
0.37153993019260056 2.4461834256109394 2.102359322985935 2.803027938434389 3.5072267977618905 4.204384925750265 
0.272519245191683 2.3414330014190514 2.102328280768361 2.8029103705463507 3.5063471903239765 4.203890336010394 
0.3161971372236385 2.393914787161448 2.102313214348193 2.8030883040122543 3.5063471903239765 4.205241412270992 
1.970410804643205 0.6131370466227518 2.1023023353173698 2.8029973090365976 3.508793945221137 4.203192899181467 
1.0434823637086983 2.5059150253536178 2.1022842781789675 2.803028837778823 3.5070750976639853 4.202396387373315 
0.28970380327046713 2.321948476006203 2.1023025238414577 2.802996587092885 3.5087816578370195 4.204413390366327 
1.970410804643205 0.6131370466227518 2.1023023353173698 2.8029973090365976 3.508793945221137 4.203192899181467 
