0.0014275174687158189 2.102492026312408E-4 2.094561096290572 2.813187203377784 3.504889664119781 4.2054032133790145 
1.999994642055689 3.999999994630445 2.0945222712135494 2.812928484299321 3.5048083573179385 4.2065779035194995 
0.0014275174687158189 2.102492026312408E-4 2.094561096290572 2.813187203377784 3.504889664119781 4.2054032133790145 
1.9847087305437845 3.811018685494852 2.0945792580405205 2.8133872983821484 3.5048822610112693 4.205364907828068 
1.999999853219975 2.418060411492544 2.0945273616710876 2.813514713165729 3.5057650407853336 4.2054732670091255 
1.6426991974338039 2.8674717449386904 2.0945581550712546 2.812417611202057 3.5061763016700467 4.207300428987453 
1.8226942160372808 1.1815039813447314 2.0970992257910095 2.794221967225341 3.506113995698132 4.205318090511662 
0.38982403996112713 3.733916965853545 2.094577964985856 2.812479101048342 3.5049788196901197 4.2053937736358815 
0.2721967893827094 2.6964109543641923 2.0945582477488203 2.8123386397559424 3.504413791813074 4.205017403246773 
0.1681885606547202 2.507939683452562 2.094559386042447 2.793884075946643 3.5046027564359936 4.206802494263563 
0.1663243637025733 1.3444517463823886 2.0975108022328053 2.7948459570643402 3.5049070273769667 4.205418478150364 
0.22578710681032632 0.7034220451083166 2.097335688482556 2.8129579743569235 3.5043975600861264 4.205849216280664 
0.22578710681032632 0.7897845307193334 2.097335688482556 2.8129579743569235 3.5043975600861264 4.205850574464825 
0.22309574993137748 0.9888275666095256 2.094566093699185 2.7948792428179656 3.5060241178332805 4.207211031552126 
0.09690838475818964 2.7238986982689473 2.0945603169148814 2.8133821886847006 3.506210883720943 4.2073897975420715 
1.96284255002785 3.8704876675657203 2.09453996773475 2.793491970984753 3.5049275714253874 4.205402250462908 
0.41906313487681535 3.733916965853545 2.094559633087822 2.7939830884453007 3.5049788196901197 4.2053937736358815 
1.9970438361613483 3.9682011542806723 2.0944527134185815 2.8122864241427536 3.505005159999737 4.20539367366245 
0.26970519774440593 3.995409971983106 2.0944926064210927 2.8135037166791137 3.5057803971988997 4.205473199292481 
1.9805901483397723 3.86993466015883 2.0945593769652855 2.79383904805119 3.504553975726288 4.205506457062609 
1.904250751554007 2.4280592981749507 2.097155090015343 2.8121052430077547 3.506163125530043 4.20534945846841 
1.99957576069041 3.843132649083031 2.094527832725705 2.8130316588702624 3.504910569961932 4.206033057322213 
1.7017623743090429 2.7644486401213557 2.0945498011896824 2.823067063065051 3.5151983672333085 4.183475367244367 
0.12429214988587167 0.08957050098296904 2.0945610127594962 2.793563884366812 3.5049778249174954 4.205439584933229 
1.9928566229297149 3.823388789775925 2.094549895894491 2.8126661021641572 3.5048822610112693 4.183287708735069 
0.17835445276729467 2.508356149751069 2.094557068439751 2.794855206452352 3.5061695022139427 4.206835494136788 
0.3261029880543417 0.7413445917128578 2.110313229403458 2.8133872983821484 3.5049805510201537 4.205318805320718 
1.99957576069041 3.9015481733506463 2.094538099153499 2.7920293484821 3.504584672195642 4.204533644738644 
0.21845139152161383 2.494509930932095 2.0944835729133633 2.7931888457393685 3.5049053568940716 4.207199250378944 
0.31117020934411266 3.9954227230458303 2.094555866227943 2.7931493088643276 3.50454748280432 4.2040135101672345 
0.14854114945749608 1.195467638991821 2.0945660891781577 2.793391424540694 3.5062088278954557 4.20727319092362 
0.325905582482671 0.6877321160753256 2.0955236482460147 2.8133872983821484 3.5049805510201537 4.205318805320718 
1.660631937236537 2.895093973894425 2.094559511367669 2.8123382477291545 3.5046345197102733 4.205528425483154 
1.988693575379591 3.811018685494852 2.094561924546931 2.813386328804053 3.5061692013219288 4.205253213153225 
0.16498658033998856 2.698151145095044 2.0946243991947346 2.8123450724992183 3.5043805502474474 4.20538412355667 
0.18389623707668867 0.6745084542359268 2.0945384932636837 2.79307793456582 3.504547511484499 4.205401571435951 
1.9353236146146922 3.951691625871715 2.094693169444877 2.812780908590571 3.504388078473765 4.205476440377793 
1.98473542889479 2.418918469048328 2.087230722310385 2.7942343232210787 3.5058407731347785 4.205473375991194 
1.8234589733844422 0.9575908217665863 2.0970992257910095 2.7941997236549945 3.504807115633574 4.205318090511662 
0.0951179390228188 2.6981786435392956 2.094558950863991 2.8118364026287486 3.504640299975141 4.205389033468655 
0.2792817975054872 0.7420497387809569 2.093741798764178 2.812977809337531 3.506209711293095 4.205412439931206 
0.26605559155988723 3.995409971983106 2.0944902065273125 2.8134905309693115 3.5057822988282945 4.205473199292481 
1.924453326291837 0.8990913085378881 2.094522318612803 2.7953834461936693 3.504595103128018 4.206485598997785 
1.649122534261854 2.8991964628031397 2.094559511367669 2.812344275896716 3.5045368821120504 4.205480002809069 
1.6711050035723327 2.88294647140332 2.0945261430416986 2.813313318628132 3.5045676153626526 4.2052470903535255 
1.6526560171549993 2.8991964628031397 2.094559511367669 2.812344275896716 3.5045368821120504 4.205480002809069 
0.03713260380212302 2.8775725116245283 2.0944527134185815 2.8122864241427536 3.505005159999737 4.205306153844745 
1.9353236146146922 3.9991963344096204 2.094693169444877 2.812780908590571 3.504790219497183 4.205860828432154 
1.9340674123638466 2.465572396323969 2.0945550625847966 2.8129579743569235 3.5057558085118443 4.205403559502359 
1.973003641412512 0.7027168980402175 2.094523653223498 2.813367463401541 3.504518021313718 4.205308507335924 
1.9805901483397723 3.8979911791846837 2.0945593769652855 2.79383904805119 3.504553975726288 4.205506457062609 
1.8334918517691574 2.685276653315794 2.094493718205837 2.813028780211432 3.5057740827389203 4.205461763124597 
1.990825526482978 3.86993466015883 2.0945385715994584 2.79383904805119 3.5045539574353195 4.205399380389989 
1.7820715225894979 2.685276653315794 2.094493718205837 2.813028780211432 3.5057740827389203 4.205461763124597 
0.4637364079526562 3.7420248450483427 2.09449113646557 2.8134905309693115 3.5057822988282945 4.205473199292481 
0.058848663070692184 2.872127029018174 2.09453923096389 2.7936405869369665 3.503229663741634 4.202625850660695 
0.16765316459432186 1.029122680080638 2.0945660891781577 2.79354585816991 3.5061729303120357 4.2073407450072535 
0.1790537332863163 2.656475925661648 2.094557068439751 2.794855206452352 3.5061695022139427 4.205434688344696 
0.2790343784812268 3.994269519862624 2.094559488676047 2.7933327696081274 3.507588069206128 4.206016595230862 
0.17333239411490775 2.7079656272490484 2.094560710406097 2.8133702163697207 3.504920452139105 4.205463085816622 
1.6524946140058117 2.867237319845172 2.0979749097280544 2.7947279132533227 3.523692419636577 4.182857107493132 
0.2790343784812268 3.994269519862624 2.094559488676047 2.7933327696081274 3.507588069206128 4.206016595230862 
0.22584932027206128 2.629427117661495 2.0973123390927304 2.7936929346888695 3.5435360691588516 4.205284851968121 
0.2024465426834735 2.6974505817577357 2.0973935877653123 2.8124685420355555 3.5048881904426317 4.20538894567216 
0.16941858598931817 2.6279890876641394 2.094522613199098 2.8129732857409366 3.5060368803938395 4.207281050968852 
0.4628946647877763 3.7606736130972584 2.0945234928703496 2.7933036510945914 3.507570897761874 4.207321913535507 
0.4812154843529729 3.7606736130972584 2.0945222925929294 2.7935757206332443 3.507570897761874 4.2054201991236555 
1.9826671129680649 3.8485637975185445 2.0945585319975124 2.793492996266992 3.5062433192129263 4.2050330425227935 
1.6775494870959335 2.911628012219844 2.094525720258004 2.8123674210077594 3.505780462193259 4.205473264093842 
0.09425433473025781 2.6981786435392956 2.094558950863991 2.8118364026287486 3.504640299975141 4.205389033468655 
0.22781053428122805 2.6676166739204756 2.0973123390927304 2.812465562963279 3.5048881904426317 4.206598271730413 
0.04279943899243577 0.07828718557836845 2.0945607509686286 2.79484501329612 3.5061695022139427 4.206837793831182 
1.904372469011978 2.3771962294841793 2.094636746509015 2.812210498669606 3.506263498637749 4.205463308644882 
1.8826692234959188 2.418060411492544 2.0945576723700703 2.813004139978831 3.504414755661738 4.205439971520476 
1.9516294042328648 2.353095799650271 2.094552271529876 2.8129580021826426 3.50310652427355 4.204485464795382 
0.18389623707668867 0.7562547992131055 2.094538240197632 2.7933057999186364 3.5074623783372965 4.20538989226749 
1.9447035970032003 3.995409971983106 2.0944887049003316 2.8134914151951147 3.505782757884897 4.205473265287844 
1.99957576069041 3.943277529169201 2.094538099153499 2.7920293484821 3.504584672195642 4.204533644738644 
1.9546136521488284 0.7494346402249288 2.094520660194522 2.812585690619048 3.5062285174213534 4.20710663595887 
0.1681885606547202 2.5169979525838095 2.094557556088842 2.794855206452352 3.5057944091561817 4.20683448865542 
0.0014275174687158189 0.06611471076403275 2.0946930523445593 2.8128016008614427 3.504889664119781 4.2054032133790145 
0.048643476467096325 1.1815039813447314 2.0944947459375576 2.794221967225341 3.506166998468892 4.205318090511662 
1.9421421693351764 3.994531505204826 2.094559600718995 2.793573530402978 3.504546240755861 4.205967470507746 
0.2292719205078263 2.6981786435392956 2.094494134753383 2.8118364026287486 3.504640299975141 4.205389033468655 
1.8168622463308848 0.9588251223759326 2.0971489543021313 2.794190572799849 3.504807115633574 4.206799663790996 
0.30820080834219654 0.643707299222684 2.097971991851595 2.7947758911775487 3.506209711293095 4.205412439931206 
1.9650426629201152 3.9955593119887505 2.09453996773475 2.7931487980475693 3.5049275714253874 4.20407479077155 
1.9886960675091363 3.9338596133047776 2.0945612133908904 2.813166511106912 3.504790219497183 4.205860828432154 
1.883296990917348 2.5248574322265527 2.0945273616710876 2.813514713165729 3.5057650407853336 4.207433741231032 
0.17222069157397002 1.195467638991821 2.0945660891781577 2.793391424540694 3.5062088278954557 4.232905158773066 
1.9658997740701007 0.6484439700915912 2.094524677752212 2.8129580016674764 3.50310652427355 4.204484008973128 
0.4358158928240282 3.7606736130972584 2.0945222925929294 2.7939830884453007 3.504987623081107 4.205397191079752 
0.45187206308196803 3.86993466015883 2.0945385715994584 2.79383904805119 3.5045539574353195 4.205399380389989 
0.25029867303951203 1.0792902969365952 2.0945591264630283 2.7948792428179656 3.5062004074812667 4.207059202938695 
0.1663243637025733 1.1830062509786259 2.097114362390866 2.7948459570643402 3.5043779473037686 4.205877043195894 
0.4358158928240282 3.7606736130972584 2.0945222925929294 2.7939830884453007 3.504987623081107 4.205397426155044 
1.8839657464549442 2.5426813868482436 2.0945273616710876 2.793570706316515 3.5057650407853336 4.205252667523808 
0.14854114945749608 2.8485665259338413 2.0945583660937572 2.793391424540694 3.5062088278954557 4.20727319092362 
0.4405113465599795 0.22129233931845693 2.0945234928703496 2.8132060673939527 3.5048915134470264 4.207321913535507 
0.3795591162045162 3.953793405405005 2.094555866227943 2.7934924818015117 3.50454748280432 4.205340969858593 
