1.8962696547538422 2.6276339187090656 2.09923154269807 2.8022466633393317 3.4985818636959793 4.198561571849515 
4.462990495618241E-4 0.002150424886885327 2.0992083194844238 2.8022431462158437 3.498801848789982 4.198559634557236 
1.8962696547538422 2.6276339187090656 2.09923154269807 2.8022466633393317 3.4985818636959793 4.198561571849515 
1.8677647375334787 2.4177036027029604 2.0992056894709736 2.802086123984547 3.498310272257683 4.197892864131362 
1.8967061234034668 1.0331055825303515 2.0992273552749916 2.802221704692973 3.49885266877202 4.1986995475104845 
1.1505623743004052 0.9398846610721409 2.099226771907157 2.8022123956855807 3.4988144761820545 4.198550962326927 
1.0695366605489018 2.3735940754139406 2.0989142102590113 2.802259589328037 3.49868408641207 4.198707371412907 
1.0961846375292459 0.6473554205908263 2.099208389861083 2.802235772435665 3.498965029376298 4.198946667025031 
0.25851866384470956 1.1581399668805343 2.0990646110181035 2.801929736561032 3.498992571179448 4.198729163943473 
0.1872680588685267 2.5064161586222378 2.099110939661079 2.8024428945279642 3.4988219948163692 4.198609008797836 
1.9540952941328698 2.3052806760954683 2.099012926636379 2.8024398354958002 3.498875917454272 4.198608479465171 
0.09587243503418137 0.9461197307028051 2.0991044977691167 2.8023405446883287 3.498687069743762 4.197354651304047 
0.10402430349916741 0.12320460138440953 2.099235046045656 2.8022637405722697 3.498873428928582 4.198597580965571 
1.9046367305879586 2.4845555373243347 2.099221996190571 2.802260371238159 3.498960043376623 4.198961600090115 
0.27810163885473904 0.6373033457076349 2.0992407637501653 2.8020813885193196 3.498860306857397 4.1987089908488375 
0.3511408801475743 2.427869959721098 2.0992326502195073 2.802237742178289 3.498585062208158 4.198556386871935 
0.2002023500986989 0.6373033457076349 2.0992407637501653 2.802239744211673 3.498860306857397 4.1987089908488375 
1.8242021687009555 2.6276339187090656 2.0992311860927306 2.8022466910179 3.4985818636959793 4.198561571849515 
0.2711290658462093 2.370779147506844 2.098783027319138 2.8022416486166057 3.4975301770248883 4.198556170171332 
1.8702866568740073 2.4207538568576705 2.099205685808027 2.802239434703548 3.498310272257683 4.198950219994467 
0.3080681943692233 2.390494173397499 2.099206470745516 2.8041863219172263 3.498854862172888 4.198541897463715 
0.33658666490377975 2.5137917087602606 2.099115107320139 2.802323549597195 3.498569559023764 4.198078471181453 
1.850034998721018 0.9352425064203516 2.0984706619434603 2.802232723467552 3.4988281915005324 4.19856896313385 
0.012427162053721963 0.12437471857476434 2.099063292055949 2.8020883271466115 3.497439778568604 4.1979087549989424 
1.936228769733074 2.312520449997843 2.0993269209645713 2.802260371238159 3.498961404499362 4.198966880085976 
1.9139749284327054 2.343577081571626 2.099226450266147 2.802200055256603 3.4986954680901556 4.197354651304047 
0.35732601518151763 2.3673590209897015 2.0984788901625193 2.8009890045904973 3.4985621883011153 4.197266592669904 
0.20328326692487636 1.003456806224614 2.099231190817746 2.8022406751882105 3.4985818636959793 4.1985615275210035 
0.23091442283095998 1.003456806224614 2.099231190817746 2.8022469010474707 3.4985818636959793 4.1985615275210035 
0.27810163885473904 0.8234539248431276 2.0992407637501653 2.802244225219412 3.498860306857397 4.1987089908488375 
1.152626195225591 0.6473554205908263 2.0986757277585317 2.802235772435665 3.4989716026392244 4.198946667025031 
1.0983049416549193 2.37231739092073 2.09883049517183 2.8022600713449397 3.498685660283189 4.198964038630251 
1.8604473822169045 2.6370224713010892 2.09923154269807 2.802273389975529 3.4985818636959793 4.198552508492184 
0.33658666490377975 2.386961921857608 2.099115107320139 2.8022590127079128 3.4983025438791495 4.198078471181453 
1.9374238913433257 2.5008364734569706 2.0988102901028687 2.80224789504787 3.4986856571326106 4.198556509426448 
1.9828553282329482 2.2320025840022044 2.0990333358513373 2.802265721106184 3.498831027101909 4.198534399735744 
0.23091442283095998 2.681157054893403 2.0992316703762226 2.8022469010474707 3.4985818636959793 4.198561571849515 
1.1275806637045331 2.4346520032189325 2.0989200820143545 2.802246366647917 3.498678361834986 4.1991464252576804 
0.2555621890575325 2.4679636198421417 2.0992341500863456 2.802237603228823 3.498317616952506 4.198800145144985 
0.2899749646126001 0.861545986570609 2.099105144552913 2.8033442840093636 3.4985820189860264 4.198536856426473 
0.31278632476699353 2.308905443967554 2.0992279736063817 2.802443225525433 3.4988254189333268 4.198565794304025 
1.9153335865341854 2.427869959721098 2.0992326454143413 2.802237742178289 3.498317616952506 4.198800145144985 
1.9417862484209079 0.7610597729134797 2.098846901119201 2.802277083525452 3.498310432780306 4.198506356394139 
1.9515664029790085 0.6444390486027862 2.099229717488183 2.802318490730282 3.4985726748652892 4.190840824240967 
1.0710642211833916 0.8212097100589594 2.099224919224698 2.8022466972239477 3.4985811706666308 4.19829857940202 
0.2695286910314112 2.4922965340287 2.099110939661079 2.8022826925170965 3.498863401802521 4.198609008797836 
1.8487366363772528 2.4812976491503984 2.0992056894709736 2.802235213297184 3.498310272257683 4.19895036026449 
1.1665013521666834 2.370779147506844 2.098782925369969 2.8022395816728913 3.4974144988328586 4.198556170171332 
1.0819387010565964 2.4346520032189325 2.0989272671380474 2.802246366647917 3.498678361834986 4.1991513475795434 
1.939292802647627 2.386961921857608 2.0992057194788165 2.8021983321468564 3.49830241931118 4.1978893690582355 
1.1069543245472064 0.6373033457076349 2.0988195981672 2.8037774030092852 3.4988281915005324 4.198558083661912 
0.25809673493161445 0.7848294537093015 2.0992326454143413 2.802237742178289 3.498314620521788 4.198800145144985 
1.8240714611049085 0.9086429021683724 2.0991064957956937 2.802247901911194 3.4985808022173255 4.197897503326052 
1.9588355156021464 2.390494173397499 2.099206470745516 2.8041781263625323 3.498854862172888 4.198541897463715 
1.9389539869573305 2.4455713820134 2.0992056894709736 2.802200411805943 3.4983119525695954 4.197866686169681 
1.9502253789010213 2.3360804176958796 2.0988217690957995 2.8021873907814716 3.4985918201249993 4.198517530675041 
0.23339671732884865 0.858210148582739 2.099096254619192 2.8033727357589324 3.4987862070816194 4.198578618031183 
1.946038773250361 2.3052806760954683 2.099012926636379 2.8024396249356336 3.498850201609512 4.198548847673988 
1.1186933703131288 2.3538952832246167 2.098845501429515 2.8022460614669584 3.4986734152080334 4.1991435849872625 
0.2185580668896338 1.1352481121311468 2.099112231397596 2.802330179404678 3.4983025438791495 4.199206169953822 
1.9472376663110893 2.352807610042369 2.0992377118437484 2.7984640530753886 3.4985815262453412 4.198536134856165 
0.16659957529866135 0.9487365595075463 2.099108000467698 2.802247762961728 3.4985808022173255 4.197897503326052 
0.025685115955414922 1.0151597021551568 2.0984706619434603 2.8037774030092852 3.4988281915005324 4.198558083661912 
4.462990495618241E-4 0.00955697290634372 2.0992083194844238 2.8022431462158437 3.4988095111039454 4.198559634557236 
0.2408090558202436 2.3874965548644176 2.099112231397596 2.802267586499924 3.4987979608073543 4.199186530847326 
0.25809673493161445 0.9964527523040011 2.0992326454143413 2.802246576795013 3.498314620521788 4.198553411737758 
1.892270525739805 1.0237097313592403 2.0992311860927306 2.8020837873918105 3.4983527977131104 4.197901354410081 
1.850034998721018 0.882291238748951 2.099217385573989 2.804290721886762 3.4988281915005324 4.19856896313385 
0.2734795283567126 0.6691471646980515 2.0992247676894467 2.802279930188871 3.4986870476247933 4.197282166823064 
1.9179241870335861 2.3869264046912644 2.0992273552749916 2.802222345665829 3.498808140367601 4.1986995475104845 
0.23124423024256824 1.1581399668805343 2.0864935879575874 2.801929736561032 3.498875794550886 4.198729163943473 
1.892213205708897 0.8324662225848853 2.0988155589783974 2.8022649954123744 3.4988196958634203 4.198546622947111 
0.26757784362252834 0.8179580118110296 2.0991044977691167 2.8022824775147757 3.4986870476247933 4.197354651304047 
0.297035137152023 2.2672429910248333 2.0992247319075927 2.8022386992595365 3.4988326222837505 4.198800669136038 
1.1190654055485187 2.4346520032189325 2.0989206841788324 2.8022461429910233 3.498678361834986 4.1991464252576804 
1.0940126274613258 2.3314114219551842 2.099315546919287 2.802221916759475 3.4988646673869694 4.198745453640469 
1.9515664029790085 0.8693101622803596 2.0989104831977525 2.8041848101110913 3.4985735150788404 4.198624356536191 
1.9487296212733154 0.6790603440450099 2.0988842238358223 2.7982417537999553 3.4988312531085413 4.199205903994267 
1.9863652906067164 2.434608650032051 2.0992054286121067 2.802200411805943 3.4987038214548933 4.1978663280708615 
0.0987264570543962 0.909592335365085 2.099059005906476 2.8022478620380493 3.498873865748095 4.198611206794186 
1.1474391458538356 2.4271392050531384 2.0992313381315366 2.802237742178289 3.498585062208158 4.198556386871935 
1.8714769723842875 0.7848294537093015 2.0992324803930744 2.802231131470059 3.498314620521788 4.198800145144985 
1.1119104175389647 2.452472589296576 2.0989200820143545 2.802246743341771 3.498678361834986 4.19918169161023 
1.106966238300746 2.55204467788517 2.098823794854341 2.802259589328037 3.4988284201240583 4.198556303666814 
1.1272734694073057 2.4876076481648015 2.099206444097258 2.8027047194747405 3.499425754698657 4.198714502315291 
1.9457520240730688 2.3375825140652613 2.098837406008964 2.802264633525238 3.49885012548197 4.1987121438910195 
0.3080681943692233 2.4648088219551965 2.099206470745516 2.8041863219172263 3.498854862172888 4.198545581610427 
1.9401876649282055 2.457348799173268 2.098835800750912 2.802239434703548 3.498310272257683 4.199184306811794 
1.9130153390858267 0.8322300352042465 2.099329414201472 2.8018055201574152 3.498878962345463 4.199200743104984 
0.036518655415507126 1.021601279680353 2.098904014792886 2.8022457313966207 3.498689458343301 4.198605588534725 
1.938051335649203 2.3673590209897015 2.098478249430859 2.8010463783230377 3.4985621883011153 4.197305443963425 
1.954788770560071 2.4032641149143146 2.098919464762195 2.8021575946603483 3.5501109574387524 4.198048248701455 
1.852043694270871 0.8324662225848853 2.0991258963824486 2.802302823816979 3.498879389692975 4.199186920665474 
1.9130153390858267 0.8316166226196096 2.099330405369732 2.8018055201574152 3.49887802451758 4.199185956180329 
1.1275806637045331 2.3538952832246167 2.0988347442636623 2.802251583788535 3.4986777674819396 4.1985453324135715 
0.25946651595344317 2.4584187968440094 2.0993775980971665 2.801929736561032 3.498875794550886 4.198729163943473 
0.0987264570543962 1.0634948609557184 2.099059005906476 2.802247869527994 3.498873865748095 4.198610197052378 
1.0962509748859306 2.55204467788517 2.098823794854341 2.8022341211521296 3.4988284201240583 4.198556303666814 
0.25479846989651345 0.8324662225848853 2.098811974669833 2.8022649954123744 3.4988196958634203 4.198548101086003 
1.852043694270871 0.8324662225848853 2.0991258963824486 2.802302823816979 3.498879389692975 4.199186920665474 
