2.861098015917471E-18 0.0 0.5222611952085394 
0.5226280177450633 0.0 0.0 
0.0 0.5053691974144954 0.0 
4.533712463655108E-19 2.524212432954359E-18 0.5435243401461616 
0.0 0.5053691974144954 0.0 
0.5226280177450633 0.0 0.0 
0.2609538316483973 0.18595847840219465 0.0567785686079324 
0.008812133602093378 0.03406907565963295 0.4609361560319194 
0.2221537087869443 0.011862079877782705 0.3422361373225537 
0.20465469222951074 0.1101279918059526 0.20288404307554644 
0.22713385403327604 0.17524149205694714 0.10065275127747342 
0.021101171381794622 0.0952534903454371 0.3996854962841006 
0.15838906813652776 0.11321051896754025 0.2754065625867745 
0.43787208957391044 0.05683197464837105 0.02358194018896835 
0.09324725752157142 0.002970752661788657 0.4225581880507116 
0.18197526657583168 0.14598084498010327 0.17662520141820406 
0.006221910126451057 0.2666046703670835 0.24481260834101604 
0.37524309865961347 0.04876317451298418 0.07986493680562579 
0.12059825622120986 0.006874839525291511 0.38509879007787373 
0.00752526116553506 0.008367456892525698 0.486285924646537 
0.023600296394394964 0.4637076785402942 0.01800583050479937 
0.06186231744461961 0.31478535401332985 0.1379630199538488 
0.11549691071752918 0.3802948622056911 0.008769880044451455 
0.0666025042191309 0.19473149879520382 0.2539461306343971 
0.45433906972897115 0.009942109197392468 0.04092559900036145 
0.01097134339987819 0.06164406484212959 0.4465368487164468 
0.009594338390803097 0.49041692147609006 0.0049398740958785 
0.05529723946320459 0.21059724243380806 0.23859230115679045 
0.2784964312216412 0.22341027502623173 0.002686108220956028 
0.36214594696646407 0.14317145165630762 0.00225670368239177 
0.3432523573268626 0.042040978344813615 0.13200748181042585 
0.13398162030400004 0.09070756780292687 0.2929376753738639 
0.11242392215769989 0.3670595357287493 0.025644053671784694 
0.0468737439283066 0.40381747169755605 0.05138370821599229 
0.14290275343651043 0.019040962133346835 0.3558370328364913 
0.2943591268978661 0.13522229118330933 0.08777232830805057 
0.05210813083279421 0.24195873523747569 0.21053861034103138 
0.39356292535590875 0.05257090026394465 0.07448248602040013 
0.16358011155784322 0.12449539532425377 0.2586123755718693 
0.1074440964942354 0.08726131768216493 0.3224056452584264 
0.011974300363118005 0.05560142965999988 0.4370986805031774 
0.16518448713352743 0.11522711797942217 0.22447163958201463 
0.1278238258598247 0.0196833326007459 0.3669548535891612 
0.010370218816450822 0.3213956510288795 0.18528451008518632 
0.02950367309019697 0.2970696086312622 0.1940377509550394 
0.037790126370812326 0.2333732366303257 0.2346058299301995 
0.4205783974888141 0.05617954223599523 0.04175295517622665 
0.4252019058305592 0.009304512995610525 0.07282716015298203 
0.40423910449729217 0.0764296584336727 0.03779309206411282 
0.3315972650315699 0.1639283105671662 0.0212692266127922 
0.5053146834128616 0.0014199433874583613 0.0 
0.32309047653591333 0.02572744808299528 0.16771671383705863 
0.05309842202659886 0.43518034023226004 0.03690363060864763 
4.095174843239658E-5 1.8144018619711212E-4 0.516713954386665 
0.20021995684363728 0.1484284564524844 0.1676352103362077 
0.10104141331496588 0.4134813244410566 0.0016828101414517772 
0.4824462972551339 0.01537019596966928 0.008333815949276825 
0.243944675407706 0.20013424884358763 0.06053528007950585 
0.4650667970841864 0.037994126154364025 0.0024754070583231135 
0.04518284930196285 0.45494170566305553 0.006768289814019987 
0.01710297312626153 0.08926775612646114 0.4143862662349914 
0.48988067935610796 0.0 0.03225110490505109 
0.10951076404793214 0.3332809465503798 0.07327725012452509 
0.23408054532925318 0.1648110060069146 0.1218148110852732 
0.0 0.35911507027808914 0.1459859773378627 
0.23742013233994957 0.16716233637529831 0.11653498463735586 
0.47381164263711356 0.028009162671001026 0.020833241217679443 
0.05786228115936626 0.30110205057243056 0.1474623792560756 
0.12353196267097272 0.33769737445689857 0.04568892922294808 
0.15138335010038495 0.34400709924983947 0.008762781177978877 
0.0075007525798905204 0.45151398035105933 0.04621381091599696 
0.07780719082886389 0.3169365636169394 0.10900237518540697 
0.1319409330690668 0.07127767993005739 0.29948638495414914 
0.004652381954046775 0.2201700781738648 0.2931114282649066 
0.24441613700865372 0.200012006091644 0.06003946344574588 
0.01252961979984753 0.47473109054776413 0.018426523397754517 
0.15527145196820263 0.006328676939018489 0.35508207387976726 
0.4997104263055093 0.021416508224473513 0.0016575115289826478 
0.08806392301607469 0.28828311569285575 0.12876447512979874 
0.3107131113967815 0.15698286295708014 0.036359152737589676 
0.1920351934282901 0.1300107081025109 0.19557483919781785 
0.08431676949295089 0.3965661021486369 0.026600803629137408 
0.021224382652128237 0.07109932850712121 0.4097461869204879 
0.06998645161907444 0.2534956336442747 0.1806581843915906 
2.741384234492646E-4 0.005386376925611217 0.4977051795074892 
5.268489902004504E-19 2.33424902571702E-18 0.5222611952085394 
0.28144497225560533 0.14696541929015336 0.08753306347675703 
0.0826379924441458 0.2740534522607279 0.14652867833054528 
0.11824346969120499 0.38606012185670324 0.007333503939995825 
0.07002963545481682 0.2534781062281201 0.18067251298161727 
0.30715977640545816 0.1603932199133426 0.03634803748216743 
0.10485670992401007 0.3525531663964455 0.04813386637271477 
0.17023638087538015 0.037737110356378535 0.31054590790805714 
0.34801995326402557 0.008085759511609763 0.1602208431864742 
0.2353776270469542 0.1706017394567541 0.11210491547180837 
0.19478405301354318 0.13187172729786262 0.19070985231665777 
0.03379313365231581 0.4114181858479915 0.0601452656807527 
0.05559387718441671 0.289297796147985 0.16117883182996826 
0.324634260341121 0.1557512583075196 0.03734565060048382 
0.007931132514567119 0.47710224584458233 0.018016334905308597 
