0.0 1.009323663697403 0.0 
0.0 0.0 1.010473345313578 
1.129225337040351 0.0 0.0 
1.01698171271326 1.129076513076988E-16 0.0 
0.5604029554585132 0.30385536420696635 0.1473265010906263 
0.8467293625701425 0.13153742314651537 0.026752260308565545 
0.0 0.9436011395997279 0.06569267370915857 
0.015772522180611745 0.975362980724281 0.018923591590503705 
0.08446787480753687 0.6733035225818828 0.26583414821899914 
0.6871436144727336 0.20099165795301308 0.12840891035047736 
0.29570596359129075 0.0356726482356258 0.680424862239136 
0.13068896841643649 0.25316740199478455 0.6500898358225718 
0.2769116349774133 0.503699038465313 0.24350326197714134 
0.20793331085973518 0.041266964396166006 0.7903230764216277 
0.11840932568492006 0.8698335585158529 0.030672348896510552 
0.19569070380677117 0.2758470347732222 0.5559397924858852 
0.11684845464304243 0.8367609941211043 0.07612742139141489 
0.9772489440846551 0.009545769715583694 0.020617415375249644 
0.4404700882601239 0.45914796037396555 0.11748126996455663 
0.7857450987751157 0.18557394961161924 0.04506619184685062 
0.6625341612699461 0.005975824066739583 0.42713387132306974 
0.33411362934318584 0.07661701053893376 0.6229907970421086 
0.5293706811867472 0.03452941021525313 0.44884724403347026 
0.6077568582241466 0.2966000721817444 0.10628996864284805 
0.009157951334311559 0.16029579994920745 0.8626397027758378 
0.2697516654630794 0.021953641084224745 0.7389446799628747 
0.7647748531885271 0.0036436076430626904 0.23871181573242634 
0.4206254818680089 0.5906021411619884 0.0 
0.15800426807104254 0.7257392594931477 0.14227949495830244 
0.031205941632140844 0.22535789770078773 0.7738292409931019 
0.04530793154136517 0.793045394689578 0.19376876530862308 
0.9364875072818393 0.06757885824477317 0.006909920938269117 
0.6456023535006026 0.08798961221946697 0.27913674915124376 
0.047655362942874105 0.2058388233663897 0.7641980111733694 
0.17805882912693027 0.5118035351287422 0.3300175951313093 
0.7995978730188733 0.16817873700051622 0.04632885020564438 
0.27248898150551026 0.40687568188984785 0.34392868553668327 
0.052891194353614786 0.09276201303258015 0.8730973562684735 
9.370424800810824E-4 0.1043793242761244 0.9201018048258428 
0.06293078950649517 0.1195034557278625 0.8300342059498205 
0.5165313902531623 0.09796634756741654 0.4069147223048912 
0.2169062596220939 0.18312931927420137 0.6067686701272894 
0.299302740142953 0.0069256818080225 0.717070198557086 
0.3415995725227934 0.0950074350159047 0.5798131100096127 
0.3212440572904089 0.4752602699589592 0.2226502325445093 
0.23767468093251362 0.11285969530066184 0.7007073849050571 
0.3968105693911996 0.5948141874129956 0.034656517580414936 
0.04701426546880509 0.9184391440178503 0.04621763527405334 
0.0294308322912279 0.6067654721071388 0.3713078669562446 
0.259905859665998 0.23931864407361275 0.540092403667928 
0.8974308466375367 0.11489532395142452 0.005716260846666692 
0.16997215558630818 0.4371302975314464 0.4216744595297893 
0.013154557234342926 0.8246855624194442 0.16944427586929062 
8.470826343847178E-6 0.7580440066256297 0.3047382174266608 
0.39515531061541315 0.5210974261609931 0.10123717372745922 
0.6227519507307214 0.3094937954480607 0.08554688698899753 
0.09671830437566237 0.7004364036382983 0.23204123373775373 
0.0 1.0000267433351875 0.009094228619225783 
0.16234691788596517 0.21556262475222876 0.6379543727266953 
0.06932759430122577 0.009960534706741657 0.9448934743544828 
0.4938485050043504 0.10654693941972593 0.41209713140713744 
0.03608437734973048 0.2847573325802139 0.696636558018246 
1.0001173223587876 0.003413940793633201 0.020967097416627247 
0.023165970211977707 0.6374312779787508 0.36539838949394454 
0.4788338185364374 0.2514976712608888 0.2989627673461272 
0.08860221938852791 0.6416595111285726 0.2989342112346139 
0.14418757650578506 0.3708181378349783 0.5137711983067805 
0.18792919370730732 0.26409234008187343 0.5951558673396148 
0.03618390933702899 0.018051300058065052 0.9573477135344493 
0.07005584450756773 0.13542802681788266 0.8142702315155909 
0.0938223582090422 0.011746559845769349 0.9009390580674498 
7.28376886467846E-5 0.6272717011784467 0.3770211674986458 
0.11163823441404214 0.5760157389212978 0.31565347453645265 
0.4512698701623557 0.5452319710027735 0.034489641764236766 
0.01356900084597788 0.02232692841630177 0.9722473753588208 
0.4914710728150657 0.06945046984166556 0.45713874381763314 
0.26017103171369055 0.42285392498154994 0.3492040493958933 
8.644253181067654E-6 0.7735637645815356 0.2901399015425455 
0.18666885203707254 0.3414545428896162 0.4937002716273778 
0.8981055411031341 0.11498170301838381 0.004955187314110018 
0.34770961089647945 0.4871050987514909 0.18595999784603912 
0.0975535371429139 0.7428865789104736 0.17954636816019842 
0.0 0.17198088204165152 0.8383202462948918 
0.18165495453287672 0.3344049835171493 0.5353274270859097 
0.2345578137965094 0.34133446168580783 0.46933956243034586 
0.9321737525274307 0.05622623586736404 0.03454381442097252 
0.5499503211296067 0.357507800333319 0.10665445470927294 
0.4636091376918495 0.5580661038067926 0.0057690518635803685 
0.1088793389767722 0.6952042437696966 0.21321584898282125 
0.7060586617004938 0.16675394439431954 0.14346282298087207 
0.3300980881124514 0.4238367625363583 0.2587810571718836 
0.306389314661025 0.5373539007195227 0.17990385202231815 
0.05615722011282998 0.04947803784454983 0.9015052115379354 
0.079073504863238 0.5395700512505303 0.3940549252373244 
0.35791135290267917 0.5608968457396417 0.09556530108011052 
0.16659158342768582 0.3485335774160516 0.5138903584855081 
0.12081493336377801 0.7805097889493814 0.11175112695706876 
0.005577368500973048 0.8933209127502633 0.11382964774351308 
0.22847417486655605 0.3951053270626809 0.38342319991288165 
0.368774944269963 0.3613331211674056 0.2988713081034701 
