0.5619392034039823 0.0 0.0 
0.0 1.0142420487347366 0.0 
0.5619392034039823 0.0 0.0 
0.0 0.0 0.5245783356317197 
2.7907033782059975E-4 0.7120545062803647 0.005859681485741714 
5.662695390903956E-8 0.8763723597322395 0.12635047926190604 
2.585283625218742E-4 0.6596411749546958 0.036275335610530736 
2.9261513492036492E-6 0.9570352578338909 0.053126743345807075 
9.719695384215358E-4 0.5572408326161609 8.514378921088786E-4 
0.46814785756840693 0.014866362560887796 0.022993578720754797 
0.05755085271742889 0.08442125418910502 0.4024006167654587 
2.2946085904983768E-4 0.0782909567877514 0.43144999232314923 
0.13246117379132963 0.062231528835889956 0.34785332275241104 
0.34382087307364895 0.15220236865304265 0.02569391439504503 
5.668986496852102E-8 0.877345986421388 0.12540251559354898 
0.3597602162699645 0.04924991053371129 0.14021695300422504 
0.18995445975331787 0.16351508569133683 0.18787515146112158 
0.09436727797200338 0.16142207990055962 0.26626026520744855 
0.05453222543362183 0.029449639845525597 0.44585476751928266 
7.167337267639092E-4 0.46682850179607804 0.05018633680802826 
0.49511370250714626 0.015722681822289954 6.345943410551934E-4 
0.504467339655744 0.011831036079728135 2.6027196083534748E-5 
0.1506768078013493 0.2577436186650061 0.11262533194475359 
0.2063411379319317 0.09350083170735296 0.21671615318859638 
0.31789891409202303 0.03603662712389046 0.15525953386316907 
0.10258746880120184 0.175483313088004 0.24397302102703253 
0.014188922924515276 0.5042570197544657 2.6135457407931904E-5 
0.04636367183557613 0.02494620952257914 0.45634590811345926 
0.14517876497716878 0.0675420042748345 0.3288289738239049 
0.5432336303675116 0.4884497501359777 0.0 
0.11887682036170333 0.11284449217901937 0.27998147331201806 
0.010482796744184734 0.3549914310355441 0.16264781215860982 
0.23796958531401036 0.2734821929472012 6.353588236147843E-4 
0.17097794380264833 0.2896461789880256 0.0649019817318813 
0.4574024853685804 0.051046891499245024 6.316290443894454E-4 
0.2277183598334737 0.21312604567805946 0.07946240971071536 
0.07942747796829316 0.12063878140309765 0.31351710010710654 
0.03537138015863202 0.3648911412251277 0.11968320820540611 
4.509415979484007E-8 0.6978880639249442 0.3048348757695576 
0.5311168003456106 0.0020290034512874585 0.0035243598095912386 
0.1540862276722156 0.07569621736020823 0.29587083149363697 
0.24662461013223552 0.18369852494122518 0.09236726619452776 
0.006088066293191774 0.5316743321747217 3.7981487850135767E-4 
0.18462776108152537 0.0847291724814953 0.2599154635857845 
0.08101855384951405 0.13858811819075728 0.3024429510397402 
0.048302959852498537 2.9322058786551678E-5 0.48276385772383773 
0.3178420902689276 0.022208279284849468 0.17865719275206482 
0.2983939881802177 0.19499512535938907 0.03720285210122926 
0.2802263771752107 0.2125722730622322 0.03780082271616453 
0.30624890164453544 0.24065166152130957 0.002111389305000446 
0.37623535309888056 0.041988502166407246 0.08941538913648138 
0.28589291995966065 0.017849982779325035 0.21962676168081768 
0.16430244694779417 0.0807150251184774 0.2850994364572759 
0.12720375103571777 0.006080776024475011 0.3840734885773658 
0.11182736567859934 0.054308514203753745 0.35622273443070296 
0.27495154277127853 0.0011625422055168123 0.22603599541155692 
0.06797858118288067 0.09950028662482477 0.36546598522769386 
0.14337235911973098 0.09618462591805833 0.28944906654314834 
0.3848625672511598 0.013733994260762104 0.10434772263629886 
7.110357586025772E-7 0.37881673449103537 0.12439114018019906 
0.039470424108950436 0.31434460023205224 0.1870915313869904 
0.1723833154420214 0.14681255375471852 0.2221773640096921 
0.4047770513788133 0.05782011667230388 0.05818955422340678 
0.43604850304876086 2.0996414915715018E-4 0.07153476790910511 
0.22025570932043223 0.007707861754010017 0.3063462569151781 
0.19345114986321868 0.3224168421153508 0.014268123212390143 
0.4286899260709596 0.004795233571019966 0.07108001934312572 
0.0656848452356346 1.2305274980924466E-4 0.47000244226830634 
0.2710962946718055 0.22024339170485577 0.05981983525202399 
0.1275621923634985 0.0837934625368288 0.32710647071880466 
0.25957370594392154 0.2307668764442844 0.05918512963593952 
0.10749905869529719 0.3434625626700772 0.06320818923478758 
0.0748504451839383 0.052370798481748165 0.37993848474428027 
0.008163158513237212 0.4452314049122004 0.06354919799217174 
0.0031932828006742586 0.0047974788620509514 0.5103833291626431 
0.013412419664857126 0.3049088251057222 0.24797085516604742 
0.1182383245508158 0.39856486769024896 2.6052644465313107E-5 
0.4017154029187269 0.012046245516287904 0.09769460058264579 
0.031062100695679103 0.3327368434861574 0.16233057395921272 
0.10255294604250899 0.045677136921208936 0.3953538879508112 
0.04157141163446686 1.6819005101894214E-4 0.4940707385682644 
0.3328942178695666 0.16839442197112295 0.003466033997646914 
0.039967582953540304 0.0019093036816353174 0.4956957774701364 
0.0015359508075998365 0.43351628450471474 0.10643199919697792 
0.3150507042478528 0.20713882095857533 0.0019539086787205657 
0.3256889195184372 0.2403801127999732 0.0017315732496031848 
0.11315257934150455 0.003593239276855233 0.3947252517547771 
0.5528466643999137 0.0 0.009246344573726762 
0.003985196254823383 0.4149146153179727 0.10424210760789536 
0.21287456746034047 0.1992334514504113 0.10445368982647654 
0.19854655120784204 0.33090913183296355 0.005168653433537052 
0.18065907508347198 0.08290786739452369 0.2657064035712344 
0.00715871222439099 8.735505119251182E-4 0.5130340722328504 
0.36541537788457584 0.16275620440811592 0.014837404973499163 
0.005340912246845927 0.42104119906369325 0.09675994118431198 
0.027041816533557167 0.4168877309939931 0.0727926207469353 
0.25575564013430446 0.12777706132395056 0.1364015623608441 
0.2433858628582917 0.19596012484175143 0.07919231920130695 
0.41929038035285493 3.087446756241767E-4 0.0989150912541266 
0.008711360527284401 0.5536926542125631 0.0 
