0.5087072757790629 0.0 0.0 
4.659202761361029E-18 0.5549358665912436 0.0 
0.0 0.0 0.5214514914001374 
0.009651831643714479 0.37308287982269317 0.13451207887932976 
0.061084016626364486 0.016078637889681825 0.4302844598405161 
0.01762360201116224 0.004810178349224841 0.49020497003817654 
0.39938261736625963 0.11183113526016403 3.0280421890199895E-4 
0.0388428464971368 0.010224279573036473 0.4601435734914171 
0.2520581075531243 0.03014791724215224 0.22343534401535062 
0.38129757784840584 0.11846663035906779 0.023944846216874236 
0.05467426838840278 0.17581850316603034 0.3251668354298043 
0.026940847117073265 2.2941179793555924E-4 0.5046737074286277 
0.011417113948621521 0.5201276298077928 0.017222220160632046 
0.09746349657099014 0.4101957435355002 0.036844041773302735 
0.012040195796699344 0.47936356850955175 0.029970676921022073 
0.15671570376369803 0.17045960587331035 0.19646180896248708 
0.03546395637261412 0.425165377835405 0.047484687164599255 
0.092032069115581 0.0587386085446523 0.3945462662362562 
0.001507903066200014 0.04733438299071509 0.47423969892457274 
0.47788032024440585 0.09101189407510121 0.003585594697317252 
0.24177032998375042 0.05846215954680901 0.21331804715798525 
0.4543995042301686 0.011188891029710839 0.04241400762544149 
0.19008620161018444 8.063799954707726E-4 0.36047000900821297 
0.27964655114010323 0.0011919647810130019 0.24638540885440502 
0.05004735433369665 0.19586020953900196 0.26157999436601825 
0.4197184176162467 0.05020126605780689 0.0749630013793732 
0.23550150860656685 0.15030663831260385 0.15988930350649283 
4.63115360120346E-18 0.5515950622097983 1.7924452922180857E-7 
0.26981412239545777 0.06823720549486573 0.16860063541856665 
0.48723028770932914 0.01918067931570282 0.017357619892295662 
0.46840975846864746 0.01803263407646649 0.019365975588239222 
0.057947107108376306 0.23506863663922223 0.2297441536138921 
0.0307632105277052 0.3990257240854334 0.11452619958180023 
0.1286394796359324 0.137639631660031 0.2552288368287582 
0.09790343865453782 0.39177203342713607 0.055625843576112485 
0.1518474666001399 4.59202437492678E-5 0.41006203032695554 
0.2072579279802046 0.1027359965182138 0.1941067205201493 
0.33751280859426025 0.08595652352789135 0.08878643389606937 
2.3784863914656214E-5 0.25127829780788463 0.3020900572323855 
0.03785069505385343 0.4909565920435628 0.012798173536881329 
0.23022284450517097 0.14693758025197065 0.16853697736014236 
0.1997784477127051 0.07314192944332028 0.23943866278361028 
0.013976112749520025 0.5111085785801054 0.0010038548948975913 
0.12108040736980388 0.13085063490243162 0.25742408871506306 
0.11096831987456039 0.2972965497209202 0.11668182341532718 
0.28427842072309034 0.1814380469005297 0.07960330945184979 
0.033595659215704315 0.46555685925286566 0.015980515743485895 
0.1788130470384058 0.15944727170732018 0.18256464437044678 
0.1825064319267454 0.18889214347412678 0.15391758836183975 
0.21043046829588075 2.8501496231396204E-6 0.39744593288227653 
0.14540579618163404 0.04504284166332748 0.3798448016467361 
0.051404717329274215 0.0870884956816668 0.37501399334388263 
0.004827655279400354 0.1796586709774797 0.33813593484835175 
0.0981052619243253 0.0884134289015484 0.3453861543993875 
0.4984025995379743 0.012036713946463983 0.0013547713056016502 
0.3054921529082705 0.036539003777390285 0.1717945083502329 
0.1677061879371977 0.052913118026900754 0.2902181605332281 
0.33043824237229635 0.00807458400706461 0.177536666409278 
0.1159841316604217 0.2906762749426184 0.10176926246142913 
0.08387328661831038 0.35117463561942147 0.07088597961366419 
0.3207806373558491 0.038367613729111 0.15485026304064145 
0.13626491933537385 0.2529519547344366 0.1192182791294495 
0.0802674696069506 0.1629173676193798 0.2678600262337997 
0.08713996896261046 0.0785585600247506 0.34715602262316947 
0.35976777834151585 7.736437985208153E-4 0.145333375243284 
0.14306928964818416 0.33603932989084256 0.03887648944702496 
0.43887967989450766 0.009725979838305978 0.06398314359265035 
0.017288892647537402 0.4379541087810021 0.07781311600042501 
0.014162624148923001 0.04156732017449947 0.461081255064034 
0.08387328661831038 0.35117463561942147 0.07088597961366419 
0.14498513376900146 4.3845003356062645E-5 0.4169281526827129 
0.005305485611845852 0.24582073216926548 0.3018786501707001 
0.3471534458884423 0.07629858284045597 0.08878280599089483 
0.20549387475298792 0.21620925162560078 0.09351320915051148 
0.29707364234570216 0.2673427393960362 9.801949522077002E-5 
0.14669919651034985 0.17449866442215028 0.18987175799788147 
0.43017077597769493 0.008221825159561167 0.0725352368565344 
0.1723732124349852 0.04799216586644517 0.28988412621630383 
0.06071705788873625 0.3066991517924057 0.14456720648312094 
0.3892079703055593 0.12345459299024938 3.0366238435788916E-4 
0.07237229583659179 0.16280070277746153 0.2806018031900049 
1.1759192382929756E-4 0.4584195460242494 0.055725463549227104 
0.1642861411712203 0.3147665577207792 0.038871951857101995 
0.2213397797315619 0.2077249494910974 0.08727319227462986 
0.06499286426430648 0.3337558287701066 0.12615412660075104 
0.11184081674233551 0.22392942746662878 0.18436832257734534 
0.1260544297728366 0.2873474994162262 0.10921389073404797 
0.2026665314739978 0.21323447792407837 0.09931357393681209 
0.22282217386717906 0.2060567858099009 0.08707053060359567 
0.19347253185927815 0.17619974718834674 0.14046328205891412 
0.2601113386024126 1.7930338924221885E-7 0.28321632145693715 
0.03385625184565048 0.26182602530308857 0.22756627661405007 
0.1607684355384738 0.20066288668664492 0.1503344865722628 
0.07759219358708036 0.4517328198609535 0.0 
0.3545227380900361 0.06880422123477388 0.08875658339214638 
0.013824662913458524 0.17931795916787635 0.35155079898414326 
0.06865280521990229 0.3285319027745716 0.12565932079905992 
0.07636996266475013 0.44112768828739646 4.032466783718231E-4 
0.12642282588267745 0.32151463957709686 0.06167955956056212 
0.2392904738911567 0.24516192331692405 0.025151143876509956 
