1.1362442690531919E-17 0.5184906385723327 0.0 
0.5150700923224889 0.0 0.0 
0.0 0.0 0.5269092264031379 
0.1267779546520532 0.29098248189590487 0.10837753233062318 
0.43025207266315707 0.07736403737638368 0.009212440299968644 
0.45258914251854165 0.02441344615251455 0.040141692511745326 
0.20185204438200016 0.03482573978276283 0.29270347105211303 
0.010017194430109233 0.3525841874258023 0.15256381945668315 
0.06903547433130164 0.3858511298515976 0.0673173469744521 
0.3048063549514548 0.07838727059154436 0.1387784407316789 
0.3514714545208578 0.10153921150241424 0.07225825862775087 
0.07695074624817064 0.13591225380641403 0.31456464628824116 
0.36826444415597004 0.06676664272414493 0.08188420937389033 
0.059537541020062264 4.949879199280113E-5 0.45546946656957266 
0.056578509807994684 0.12583539695519974 0.3371338745789941 
0.12174890560940081 0.20251133003120497 0.19321812218028234 
0.34721150907849424 0.004963260495447951 0.16681668322283721 
0.02290022812257463 0.3033147104796409 0.19126341921867257 
0.3741182836008257 0.06228618018991989 0.08237150135213535 
0.3848866130206028 0.06996457075818076 0.07256114552049762 
0.13698806553252887 0.31932188313861604 0.05860499669561699 
0.0063187681765320665 0.464241573614615 0.047497930228180774 
0.10930833571247525 0.17198823036297292 0.24295345643598132 
0.26562231662573715 0.020379568696573275 0.2242480546812934 
0.3392147204368856 0.11298810766053628 0.0660948643361113 
0.31855139440416474 0.0529909324353363 0.13052968959932443 
0.02830847321246853 0.5080088881999838 0.0 
0.028976333525957836 0.16624824521874043 0.3471829895110774 
0.11036595733333758 0.21376055891794174 0.19313844232297972 
0.47450993426060684 0.03179684288946183 0.010737948042125918 
0.07084851572160249 0.39641774127813234 0.05450609488320785 
0.397764485733625 0.03184909628449978 0.09362512617030858 
0.004826938635447196 0.05914956148092225 0.4712272579378447 
0.2316763240426692 0.024118497489726328 0.2664609949880712 
0.28651641605472133 0.09958076600926825 0.13983000062124737 
0.14875434789902098 0.33639312794683807 0.03455948347113056 
0.19352586335454366 0.32643952068883847 0.0028485804608714307 
0.0737410008221868 0.42083617574180615 0.049544868429340375 
0.1079455383392321 0.26646200063076114 0.13153629160133784 
0.24538436291725432 0.04243690885754306 0.22911908027358058 
0.06162272969181526 0.22514466260795923 0.2388019127295082 
0.05181323804586963 0.4551576273715288 0.02030088776104991 
0.16626627971407582 0.18439806422657545 0.17044747847521338 
0.465256775883362 0.07007919138774887 0.008339420241576261 
0.27779030524311543 0.00993189742991135 0.22256457734006446 
0.4169708326741125 0.09655702839570493 0.005275707416763222 
0.48842162301347436 0.01058454853826957 0.04199338279421121 
3.121162267125592E-18 0.14242478145287432 0.39439864250264883 
0.04393487883540697 0.003018036991107388 0.48177492864538424 
0.015414218859660139 0.12870151936065222 0.37296477404318856 
0.09603517706348898 0.24656511018717123 0.17054975446154633 
0.257363202150412 0.02510898054953925 0.2356822103719607 
0.002738755353942357 0.17858637981132064 0.3551539179534801 
0.03127993860557779 0.3660258632246044 0.11952719535173255 
0.05213037668651872 0.40449788457458596 0.07168513207556054 
0.14731214978628854 0.2814312373447373 0.09143495863508282 
0.02785804780028078 0.4310614256785959 0.05985655314384767 
0.047190221359894785 0.23411706843015742 0.23195683553844154 
0.08399131806043472 0.4129313006687621 0.02544545859516709 
0.3110840085178021 0.055936313596816195 0.1461514223725432 
1.0696906267634681E-17 0.4881209008055867 0.04927047698310026 
0.2970606187294997 2.469726079347059E-4 0.21412558112413801 
0.002323124255032819 0.1514842681953966 0.3668257261742506 
0.15677990202283065 0.3399372523353634 0.025434937570468108 
0.09602612739334296 0.15964718385304427 0.26171201116685633 
0.033325469251650676 0.2585840093926302 0.2322374552435555 
0.027478298542384972 0.43929790755993353 0.05933179866187307 
0.039167468519496394 0.21891371252333391 0.2642765582742834 
0.503510403414733 0.006130864796516851 0.004897520011945286 
0.32651563270660294 0.11731815768697001 0.06621534242230843 
0.014248945172478792 0.30998933243388577 0.1993458817175438 
0.0013224814285893328 0.37234906285022057 0.13127772305706426 
0.023686541026254497 0.0023229782114826624 0.49036430329938185 
0.09423935061452182 0.14827834526161893 0.2816975808696019 
0.39641202196014785 0.09179626933455093 0.033489590228409596 
0.008121748353204193 4.505306433996857E-4 0.5148576230823713 
0.0894564660563038 0.0020213713317950694 0.42331194864461064 
0.04763669308543023 0.44924038222727736 0.03257677211916307 
0.0077076052250599335 0.24416414350647442 0.2704378159974829 
0.003946418892578064 0.120294016917174 0.3893024049413942 
0.21683044591650066 0.03895390829741361 0.2664500912016667 
0.018878843614722383 0.1870126465154617 0.32227249898037924 
0.009188733026656286 0.09822429943002339 0.40734472926811327 
0.0899783661405514 0.0019825633925492007 0.42554744833627905 
0.3339603106397877 0.05940943153913567 0.12361077569691861 
0.05908857435815506 0.09659844342899807 0.38250905388377304 
0.17366007004198653 0.016942699206732276 0.3279981231148218 
0.08595073581571173 0.008947839683564633 0.4391413490435516 
0.21953410053173006 0.016889137579601827 0.2740137820382244 
1.0696906267634681E-17 0.4881209008055867 0.04927047698310026 
0.1806412968109833 0.31588099919636714 0.026141631609944167 
0.07073071922277233 0.1895343397805185 0.28365545451115964 
0.004177958084640113 0.023450265992903754 0.5037680035829413 
0.1024455246893188 0.11361748439835316 0.3111064260847086 
0.004601028874540727 0.350495249268363 0.17677038023955854 
0.4923125422273947 0.0173287259838551 0.004897520011945286 
0.012296652839670122 0.09455445516228324 0.4052137311979123 
0.2201219046541464 0.27880129802075926 0.022932862892910088 
0.005582784326821973 0.2024139202464464 0.29520008915561957 
0.008626084998036816 0.3127542779044867 0.18174136440701724 
