1.3915527690850615E-31 3.5997037912984704E-17 1.0295687774448332 
3.3112256410657946E-7 0.0 0.5204749829728943 
1.3778677766775633E-15 0.5391248409174083 9.079149273336235E-4 
0.519244819171238 0.0 0.0 
7.438358020801939E-20 3.593063854782128E-17 1.0297971378599886 
8.08429461298142E-20 3.3721449542713536E-17 0.9667957968290892 
4.14116027232741E-19 2.0071921419690844E-17 0.5859311141073071 
0.05647908459635679 0.465320724398903 0.0 
0.4304731964614083 0.07136738895534714 0.0183378788502956 
0.10689684067199168 0.01327229506222452 0.4019477345121197 
0.498317123682205 0.0033822593888757834 0.018332719141050065 
0.19124379305772315 0.018181722565395825 0.3131813957350394 
0.0920817316250517 0.27121253597324163 0.15754941029307562 
0.21458173022194932 0.020503713292491902 0.2904768586952728 
0.2670974399458943 0.0036335684035836077 0.2521388343145194 
1.6713019992803025E-17 1.5754081943111372E-18 0.5230762235356785 
0.231256713068793 0.2426734261544464 0.04869025301302172 
5.14490344586318E-18 1.5280721370142497E-17 0.5842032230873091 
0.0040140920349539385 0.4391881535945273 0.08193448750509742 
3.070587507685112E-19 3.356963475147443E-17 0.9689237763753962 
0.004751658409863247 0.5089266064671798 0.008309566671032895 
0.44814132635844633 0.07152089448339653 0.0 
0.1674076504415278 0.16336197626115975 0.19368465979571123 
0.12359570419953674 0.30934623932936284 0.09290758792378227 
3.468085705137453E-15 0.5204542790655148 0.0 
0.3183448236610979 0.17123905109520485 0.047948551684431254 
0.010891404814138412 0.4215752265819646 0.10694683723624025 
0.25607355905233314 0.24823181758691587 0.001355913999876108 
0.07913036019695383 0.28284992246105967 0.16004665525682954 
0.32595907978587 0.08059289496026521 0.11856098771723424 
0.07611077335506972 0.21649129134524603 0.22984004967138555 
0.24660615427451352 0.12587147677354968 0.1480282643922738 
0.16163389754984975 0.34717996997254225 0.008905664459182807 
0.40042098086315503 0.10243626171281747 0.018224744522431082 
0.15813723702516894 0.00522706462515 0.35848756049486463 
0.41216912463819916 0.056332868034336785 0.0587785880541159 
0.01841538315262339 0.404230539400451 0.09785854948373426 
0.006700004197387537 0.4931352508912998 0.02281441303320065 
0.11670824729313435 0.220398956884153 0.20569626626583284 
0.3853984233685748 0.06190734906366844 0.07692261258525632 
0.049449207745720654 0.301030395304593 0.21954538350963304 
0.038743328399151886 0.019775175421191237 0.46096560242833634 
0.09842849482648014 0.1004636453419816 0.3412445607167676 
0.17684266374081323 0.15454519185801566 0.19404666840762239 
0.283859415890331 0.10987628966213053 0.1313857584902596 
0.09708448140961345 0.3809558511418936 0.03934921795037135 
0.00977382393546539 0.24078847290578928 0.2727385878729289 
0.46332781831615777 0.04763408618280427 0.011484276184693039 
0.0344609183329767 0.41289415378144556 0.08023981399319578 
0.15865148995286796 0.36695536432923304 4.5146820908382844E-4 
0.11650346370353294 0.38975849627451553 0.014723049274601299 
0.02320797229799196 8.042593395453503E-4 0.49699677852548274 
0.10249679836854983 0.3752901392998354 0.039328360106786794 
0.3075040019980085 0.14038925447209405 0.07650998239204483 
0.02235278221500669 0.3361411867240984 0.16381495402522633 
0.020512965487389564 0.2064544941973751 0.3046643796808888 
5.163295393560351E-4 0.35421704094913414 0.16902857661875792 
0.3265392173343089 0.1816386413677158 0.01055527738619787 
0.28846176831231335 0.10502565416519144 0.13130290885365448 
0.03225411094313421 0.32692070469244705 0.16412606907860233 
0.27397956117579225 0.10141099524776694 0.1455771529800262 
0.23597255354148902 0.23129493464603992 0.07193354485929174 
0.13962676030068433 0.3971576731040377 0.004555210677428032 
0.044685799057083905 0.03991919883822495 0.4359571131661196 
0.4771790662971792 0.034155228988841185 0.0114926459645329 
0.06706942397369914 0.43495437277266014 0.02773791839212839 
0.33583333681916666 0.18680852953526914 0.0015765377766797561 
0.10991023650363585 0.3157855737359864 0.0965392466175671 
0.13740404816007562 0.01706006518490547 0.3676531274194599 
0.34289556243259856 0.14309911438545797 0.04759703511756451 
0.4812620941006757 0.030312087388555894 0.01149803759820719 
0.10696634094589978 0.26052921824982656 0.15661061307687138 
0.33322973500087066 0.12123280848443634 0.0701762680104182 
0.026439829844766668 0.48000200389929837 0.022518193625230744 
0.0013533349654740198 0.08343457006021111 0.4368996067128367 
0.3759081801489794 0.09208569717972852 0.05428243664811321 
0.45701833999536134 0.0479112935652133 0.0013575924247717253 
0.11146850661333574 0.11530149403913226 0.30493511047912897 
0.3150151607714607 0.13291279922969268 0.0765159105155682 
0.07360468735579918 0.19501547055252919 0.30951541933059634 
0.13715028000118656 0.017899521324864477 0.36732775284513136 
0.489271703064516 0.0 0.02970722154719623 
0.012544773682905082 0.03443940326500097 0.4742575989915896 
0.36398023532872503 0.02470378796102652 0.14035329589911108 
0.002363608178795321 0.48612678319057834 0.03242994569043067 
0.24159166690713046 0.1926950012287017 0.0874654086424931 
0.03219477034999258 0.07446538123775089 0.42037657765559144 
0.3508561039495464 0.14820306068412673 0.023176695618155954 
3.053217690699626E-15 0.5390212534199846 9.077404804744609E-4 
0.17083204638089886 0.016241159113795884 0.33553370586346365 
0.15158848523507787 0.2970574421554137 0.07884675384838048 
0.2017843164299963 0.20125459877488652 0.13423687883820729 
0.039671266921018494 0.4292766328680244 0.05439309336024715 
0.2993075187179578 0.15228378759098837 0.06896972791555159 
0.08718415800066899 0.2531166001610556 0.18057950305579057 
0.3125883943152681 0.020912181065560507 0.19528378747535377 
0.03266306929162488 0.07554854036088757 0.41821744146735707 
0.01428509496039633 0.02658388995803027 0.48152810370916377 
0.2931481447664371 0.042571119984362124 0.18596000044929267 
0.38144881791452023 0.05252844315868356 0.09328953502725201 
