0.0 0.0 0.5022591827746776 
0.5029175324916864 0.0 0.0 
0.0 0.5059790241596858 0.0 
0.44631469694216847 0.030864350687985022 0.027888135447691313 
0.14837193147901223 0.22027047775191066 0.15751648233968168 
0.0682383893832625 0.28142745643896894 0.16905232115714983 
0.0021134543565677934 0.37932170668180554 0.1208173907371323 
0.42546625233587465 0.02991687184774991 0.06095107931646564 
0.17592030266187 0.08295888723008828 0.2551529968001118 
0.48264648169026103 0.005309801657503228 0.0220413717286238 
0.13156705784384667 0.09829674390398595 0.27222875473812264 
0.082087182071969 0.2924495461354842 0.14953073009431547 
0.10799214585120283 0.160323326137082 0.2594178641921174 
0.30834954939692016 0.0011721179562443915 0.22172021928984295 
0.005709802576136541 0.013974068842570051 0.4837928986607292 
0.08502800758501752 0.34389881834605024 0.09355798026879505 
0.0026041436013868532 0.45024115639033874 0.06268038036206398 
0.18391024642460718 0.11658325433961879 0.20697384230322055 
0.1406780657012635 0.3131770406957531 0.0508759495930649 
0.3197244778814829 0.006045290925179526 0.1913351177056356 
0.1947356245187272 0.3032336330131301 0.014356601731172017 
0.38627661558892346 0.1060476614924121 0.011937769982116896 
0.021582124943966847 0.48388321126053924 0.0015071087011113242 
0.13933768248626002 0.3282843455897857 0.034768203661424454 
0.4678604658025264 0.0051139939232925456 0.038775454221015755 
0.2683016158554801 0.23662910529031628 0.001869573516738149 
0.0478598714890879 0.050967308088828524 0.4077024999471638 
0.2407698472241962 0.06375387554399065 0.2129797798281631 
0.11748241184427405 0.029982083663555016 0.3590876212103768 
0.1689273482120913 0.04749948572867121 0.28760408929026177 
0.0 0.20501706309531056 0.32194471716709167 
0.025210459551428335 0.39415574700337586 0.10176074307405372 
0.2556924529519358 0.1322154276573968 0.12893510179354334 
0.3687353792200212 0.021997538427598867 0.14343250189710932 
0.06116721889599016 0.3656680459530904 0.09310176671764965 
0.036264892982138315 0.009184964777259656 0.46594976711040315 
0.05993095744975694 0.08699504567185021 0.35587140765763564 
0.004076222697864172 0.32626955223941356 0.17592822007073267 
0.09990809473273261 0.41203904770344696 0.006728386623606586 
0.19395270234288808 0.12294930634203022 0.18680779179642576 
0.34732105712434147 0.09141069079941656 0.08452856178058465 
0.04250439506875421 0.04074950216743074 0.43167590675841616 
0.39504033507744263 0.02356680546819018 0.10075085139418398 
0.009694421489310847 0.09595878361377835 0.39758870464423096 
0.02674197760281697 0.2622070495286694 0.23017458779204655 
0.35449986768490566 0.09521563174122967 0.06863789247519145 
0.04336454127355296 0.42519250409905274 0.0433450857373697 
0.5014522467469003 0.009481365758281493 0.0068545949049814 
0.1630938881374913 0.10239686457704021 0.24124300277023533 
0.3767871008160078 0.016158741976091677 0.12561183946723528 
0.04754451605274131 0.18860197646566207 0.2974103139705957 
0.0403278621145015 0.05853943196953487 0.40353040104396165 
0.07580695950806882 0.2727341585750037 0.15364693127609164 
0.12442191913791825 0.2769876614314974 0.1042926117882993 
0.004116690106906483 0.4942129904370677 0.014366992833758066 
0.03534590909081245 0.4666273745381162 3.2504822985674825E-4 
0.2605038308685817 0.2122989884584839 0.04805204214285555 
0.29442942793946775 0.07091174681013322 0.1525183552787736 
0.20241227402921422 0.18670111638242023 0.13497693625426982 
0.3587895417551337 0.14243836089954748 0.002992224486437851 
0.1516868212477155 0.04265174394401373 0.30969235803929507 
0.03892396107374368 0.1379940478540848 0.3370306226924912 
0.09002658830430614 0.1336519611121268 0.30437695500973916 
0.2524211076712242 0.2526778793329348 0.002553530504357295 
0.015629198595511543 0.003958474072080528 0.49281620475923327 
0.28385925135302287 0.14673985788492222 0.07373791399509134 
0.4561596928587538 0.04852173823627027 0.016849129168214707 
0.41212589845757297 0.028297572610338974 0.07535896261074518 
0.2283996173332502 0.17876139003528652 0.10528845689796958 
0.018468043123036102 0.14870693835086143 0.34085601537932797 
0.024660488878896797 0.2440981670488794 0.23818636176591743 
0.03904676869688411 0.35252341865398046 0.1416456334170533 
0.26975053129884247 0.06726220171107668 0.1743204971987353 
0.20792826549626933 0.19950092149112983 0.10687194536925416 
0.05283110007116245 0.25196627734814364 0.1974682075644899 
0.16708089589671024 0.07879048063962651 0.2681608101557333 
0.4006314960331702 0.009018492307840078 0.10593208671786279 
0.017392604391672152 0.17215809763798112 0.31815888571446693 
0.225398159000335 8.56797845125568E-4 0.302873360807233 
0.2768615615281182 0.07784874343798635 0.14740474732187195 
0.1927718220031735 0.12220072992681652 0.2028978904463876 
0.2035459697586004 0.19529624044007143 0.11634496465113486 
0.3264017598287407 0.0896097302811681 0.08868004159104229 
0.3388377014267093 0.16987693840155926 0.004574402744759508 
0.07027318589836766 0.0723329396061247 0.37120708694035415 
0.013080271532130514 0.03201242292219142 0.4573757757754997 
0.21375091820646253 0.219032485350927 0.07446822213556048 
0.4625902366761804 0.03536653841675561 0.005953276212020111 
0.2106110473018079 0.1837959942204791 0.11335562302975977 
0.3276546887051052 0.1763120773057167 0.0012428209298579198 
0.021352995992031498 0.40213751424631006 0.09513061828452503 
0.3037390033501174 0.2032716105893122 2.0123081056296258E-5 
0.004830360495307881 0.08117004403599627 0.41704794209626134 
0.34182022945140705 0.16681423001713966 0.004573681756549475 
0.03534590909081245 0.4666273745381162 3.2504822985674825E-4 
0.058343578766212344 0.4143325208322865 0.06050131617698831 
0.001149190165374754 0.13796149174743488 0.373444233508083 
0.0717376885841265 0.018169311658296047 0.4215834072641644 
0.014949453697031108 0.1511216399691063 0.338605279077391 
0.15653225298057208 0.07381604809904374 0.2836838856124542 
