0.515862690581514 0.0 0.0 
0.0 0.5933085992904203 0.0 
0.0 0.0 1.014928690697758 
0.515862690581514 0.0 0.0 
6.759586353041134E-7 1.0024250323083563E-5 0.525105917665496 
0.0 0.5296489442669509 3.8139404670711773E-4 
0.18248641891203973 0.2612852952098893 0.07802893391230245 
0.4890281917328195 0.01455799325379642 0.007660868927316133 
0.3896156635109902 0.03320679033435897 0.09231353766764422 
0.22276107560452119 0.04515164089281465 0.25035828713387365 
0.010120948432134331 0.2776577076529131 0.2387601704244005 
0.17512336720233623 0.1888182489053723 0.16672671118923696 
0.4726541769428229 0.029346984110331827 0.018739990067318822 
0.1453801597174617 0.25125425148368985 0.17675068933234464 
0.007016744448723883 0.34170432716926363 0.1767889166762602 
2.2893435976878424E-4 0.08466840705002393 0.45804570194881933 
0.3194628315827983 0.15383756534692442 0.04990308765201258 
0.01831245988091148 0.3691218952923191 0.12749727002500288 
0.304608586600897 0.06977664483833854 0.1478497430838588 
0.12096343854708179 0.03896068893543882 0.3601650426631001 
0.35729613983872294 0.11412895743223977 0.047589103610077406 
0.20711202927645264 0.09141064824122644 0.2178613138453102 
0.5050301444800143 0.015034359083168702 1.3170154333218327E-4 
0.2540180167217205 0.2300660711138427 0.04144831685933145 
0.017901702636115496 0.49111461740544987 0.017475119651234206 
0.04539470975261791 0.24705805811150872 0.24586920958646838 
0.24820200511934476 0.1815954115167785 0.08927493830528409 
0.1020032574665521 3.0676378638707833E-4 0.48565734959936513 
0.15545435623955156 0.00965212357151318 0.34757246731766556 
0.4470521357216749 0.06267291696447308 0.00984517218569751 
0.029997045863465327 0.4448465941308834 0.045632163379016724 
0.005147716547184257 0.5211335318965427 0.0 
0.05989920837786137 0.4118605853637873 0.047633910221018205 
0.11649678901862263 0.016089261157171 0.3841645568380998 
0.23350960132803453 0.006962980901536243 0.28875807432545303 
0.23721924990412913 0.006292602780905519 0.2745964251144765 
0.42217784026434363 0.13537559727971799 0.01788324339379538 
0.0514555710323088 0.30189873717733623 0.15300399917473478 
0.08188115920372609 0.01015285963852691 0.42747193082234697 
0.37124107431207404 0.10403335182265559 0.046937563193017645 
0.36600928845681135 0.026426209944798437 0.12728106402448774 
0.19863250209749625 0.1469543291127434 0.18382857751212675 
0.3764994927817739 0.0992887305325561 0.046988305219644276 
0.10424780857288994 0.07675076552566841 0.3295586796146365 
0.04021930125489432 0.46432444252677846 0.017042506881235528 
0.2917982871924172 0.0 0.2939050708092703 
0.046077758317359614 0.3108665258644487 0.15276709875263256 
0.010590350699718034 0.4586479842505099 0.057462375501737696 
0.4147481715439109 0.14345286054653433 0.017275617398724876 
0.40372092489357897 0.017883332532111162 0.10443287942696225 
0.008155453873000474 0.3297471192956894 0.1905637225729794 
0.0309760040345407 0.3172984445071523 0.18039353950652137 
0.16769866015541926 0.1710304870856265 0.19193918005589972 
0.32751461600470905 0.16088983368844423 0.03343395504763941 
0.4352153515017616 0.07000121020105722 0.014115152877864957 
0.22258832130037848 0.17007609283169445 0.1300332150602191 
0.07163134466050472 0.008864098875322897 0.43888332089838045 
0.03502853318193492 0.2934486110481603 0.19538159436828603 
0.2131974835003348 0.09357186166198396 0.20961464620067055 
0.13420527779192334 0.05949178383566574 0.33042093775438935 
0.3329436245213647 0.14694246770794323 0.03125720561910699 
0.02453570628525724 0.12818978410430332 0.36807071625256577 
0.18729810253651913 0.15324137269743848 0.16924132940224818 
0.09457127789687403 0.004189155196903174 0.4319281872012946 
0.4273440573872838 0.05298855407281828 0.03953812502422662 
0.006753162213498224 0.43186501189313303 0.08078643727944453 
0.19177034923390587 0.00997584939390625 0.31777101615349396 
0.2775739384543784 0.20570378177092818 0.02588961759817252 
0.02832706403311235 0.47626741266125683 0.014100915007303826 
0.1386128379109362 0.010007975401725213 0.3710412993877301 
0.2679789084656631 0.19717347827555515 0.04411403226693995 
0.4587581748990899 0.02064152202174931 0.04106728102005255 
0.35050973874160796 0.07110694164903925 0.10443595663972431 
0.12753509069579974 0.0042506606318107884 0.3872141554421572 
0.34213628242191535 0.1655769909646801 0.015524588596820722 
0.23759658261006358 0.18190150422470644 0.09111127127411174 
0.07064002068768256 0.4014479459602777 0.054743668238365954 
0.2833866122870333 0.004821350086613037 0.23645836584213692 
0.00466360142889363 0.09500593895310985 0.4083810046564703 
0.45241005598850914 0.057305047058706 0.009844980011685338 
0.04167137999418124 0.4810884247464431 0.012548294123049041 
0.25777497321523735 0.03425382548435699 0.22665562407688827 
0.07701833500850887 0.3891575334974864 0.055322976584932924 
0.21525566834354362 0.0825034161342068 0.22313790644720638 
0.2984058202422642 0.21832671214658256 0.0029478628683022308 
0.2601330979354531 0.22760692267192822 0.03773929674250443 
0.0036039996001656738 0.4173273455502081 0.09081793551250227 
0.3583825315557496 0.09966754521272525 0.06285405833382053 
0.16265589719778753 0.01009926551668385 0.33903269256124197 
0.011401225380197147 0.42736954268069255 0.08716507576051112 
0.01701652215527197 0.37962818149449673 0.1219888039901182 
0.46559833691623104 0.020624271302424425 0.04459427930907381 
7.429393697450377E-4 6.332043137061495E-5 0.5143297317118778 
0.01175265973457347 0.08081003821165465 0.42675212539511503 
0.018321260131532513 0.3353973868186279 0.15770047193200062 
0.06684502748489946 0.39648491664514873 0.05498523922388593 
0.018559164017490845 0.3751375395693281 0.1210821411794644 
0.055461429686811406 0.049704280632031916 0.40886153734950337 
0.19493814884228877 0.15949221649944578 0.15735293618269167 
0.04251042509613603 0.4907750462705445 0.002022627496992752 
