1.6990082165154696E-17 0.5089788450267965 2.9577182967013093E-7 
0.5105514216432567 0.0 0.0 
0.0 0.0 0.5063533582611353 
0.5105514216432567 0.0 0.0 
0.20716947560534393 0.07473126429628923 0.224904568055392 
0.06288662896377603 0.30553820036406865 0.1391428352121534 
0.09814409354717683 0.27282638135645765 0.13967786300574572 
0.10461950046908684 0.29675631188927226 0.10540515415189676 
0.14382859856185115 0.049633769175500796 0.31762535024204475 
0.16413085854239215 0.014220309349006297 0.33274342458168366 
0.25261500100779805 0.1260454996006359 0.13399938058444402 
0.2644269281192809 0.033608839020612326 0.20758428967318934 
0.37635802913522837 0.08265820782370889 0.05069097718237067 
0.12578808399546076 0.3516898322549963 0.033155993976585536 
0.016892276169333573 0.46944251925045216 0.024237093635946935 
0.357169586151585 0.04171699291962255 0.11452214131721168 
0.0026888047016221865 0.39458302316220106 0.12173985818318693 
0.03173278250251691 0.46423035259132656 0.017162225285430113 
0.021300422589091123 0.006541740304501849 0.48715414935759904 
0.00858573633215751 0.4930381198179956 0.01227421033431034 
0.337299601501927 0.1513711565175086 0.02613316391812058 
0.04477553195195948 0.0033054069920788 0.46597750644724684 
0.0022703611747677825 0.4305623988019732 0.0835746668665602 
0.12308377047115973 0.027675845333152874 0.3604985471989567 
0.08850620755652654 0.16471817682289494 0.26634853188433333 
0.34426638548171656 0.11255335326021644 0.06303938801561577 
0.19403948083574987 2.0738865100966477E-4 0.31891334048963327 
0.01089185210948824 0.3383740689695619 0.16026997968250903 
0.05526760859690655 0.1674277000284787 0.29108261371022637 
0.4625034787605766 0.054428775564280704 5.531207270957837E-8 
0.22981962337930206 0.20433129395714533 0.07608825458979329 
0.21722977768782775 0.19313773518686578 0.09981103114862686 
0.15855378710246873 0.3467947941026568 0.0062316553497056915 
0.18678619767505375 0.05204234277294598 0.271639928677158 
0.0773892914341069 0.22576355206791113 0.20740967904578983 
0.03336613326492275 0.23447729368832712 0.23930842719733894 
0.040047805388907474 0.018177601059909315 0.4555692624962717 
0.22281994703907695 0.17900275715442246 0.1083801667555393 
0.0504467930070231 0.008971149264583941 0.4540648901691295 
0.31487224421566196 0.14298999249616884 0.054090343985097045 
0.009237010429531425 0.3175158541406167 0.18527143452662082 
0.00278113098900261 0.07960959262568167 0.4268514351128894 
0.007318470578108594 0.4153635742670217 0.089986982996697 
0.2908802810018925 0.023503332804224494 0.19640016792964002 
0.009522130072762024 0.06506204262057662 0.44170217839716114 
0.11302782028660269 0.365016440823912 0.030670095815017378 
0.41944482138616296 0.029475857761522752 0.06280332892374856 
0.42243139895713017 0.028550797189347322 0.061093347273076574 
0.09306981087136418 0.04143052636413764 0.3774784122387045 
0.30155295186554737 0.10066803075549428 0.10707003587249853 
0.43491143788365966 0.029304566663811614 0.04422875661381464 
0.27117889867131595 0.23760089710626608 0.009722497981077808 
0.39699031444800953 0.10383346781100905 0.01853671037662641 
0.3202048143653568 0.038252913471118914 0.1524407711640799 
0.4743532826934642 0.022218914200601333 0.012164785569887149 
0.3099460131238053 0.1091167163302184 0.09309543704390935 
0.0016508828719900982 0.11458675891311748 0.39116596060427 
0.36554450140273304 0.09533206910961174 0.05329683885003876 
0.1515418058114256 0.012509001338925494 0.3423195952111375 
0.012233593465349272 0.32314909281164655 0.17375022303257678 
0.026384318441976407 0.01303133513076157 0.47419086742752653 
0.23343972716617334 0.20754990723373984 0.06851338578507343 
0.05489736461799886 0.425197454451946 0.030801654363474523 
0.13000280922882193 0.37925009321600806 0.003112297927147665 
0.010212589403588504 0.06977975746659706 0.4410574985394408 
0.19166153533235372 0.01660556915948639 0.30280684659783946 
0.10508433000326228 2.998949388214223E-4 0.40555835210244223 
0.43491143788365966 0.029304566663811614 0.04422875661381464 
0.23794298841108846 0.15644235856648375 0.11304117771661518 
0.005133426362779657 0.3861069616453826 0.11749659445579044 
0.0086170463839552 0.19282484067137637 0.3103128844163299 
0.21120788327234855 0.00944903873627858 0.2869122286986046 
0.28081062380422234 0.21510891257495585 0.01831953927760741 
0.40259217282796683 0.028291563078458853 0.08084027216500857 
0.09542047910851068 0.26525512724778016 0.14604785805337275 
0.12618006255212608 0.23483267929778567 0.16829237290986945 
0.18223987039829226 0.09064287852587855 0.241191696391211 
0.17468696705321593 0.3344468804981053 0.009729263712901169 
0.17180922658087955 0.319752742152912 0.029624984094098115 
0.25662060202115755 0.040516149352121736 0.20695811801900005 
0.22634162802743046 0.2108242282082466 0.06791931289064056 
0.3098471111330089 0.013441822727909511 0.18726310510137867 
0.24538762750756254 0.016819752226977343 0.2460851965587052 
0.01802777495496323 0.21916353837130143 0.28073141771302357 
0.004253727443123383 0.4477080125212666 0.06223592411946929 
0.02757316914510565 0.40404205666920145 0.08256978360823328 
0.24523609522294393 0.12236369977700134 0.1450600861929327 
0.006100872756078943 0.1365200748295495 0.3713823262484228 
0.0865488841032751 0.25136129210164726 0.17612544357043206 
0.10021979544017082 2.636961263503356E-4 0.41277106193308755 
0.00687732380388793 0.15675000774062386 0.34812625432246863 
0.4502631686577321 0.03731482171486083 0.025375806440526987 
0.20724124503215546 0.18292240073598764 0.11936418568055376 
0.19203759801272915 0.058486509698047605 0.2568299835580196 
0.006026544329765932 0.09431511185154623 0.42191142397535236 
0.11317355624990559 0.24736025224434605 0.15000876973065191 
0.004253727443123383 0.4477080125212666 0.06223592411946929 
0.329560646662288 0.1708749489278365 0.011384039013291533 
0.2602954678898323 0.11654731942799225 0.13632357029994197 
0.032564766197382154 0.08717601170685421 0.388373005446291 
