0.0 1.0032514731571716 0.023417409678285452 
0.0 0.0 0.5321616358089027 
1.00385373267674 0.0 0.0 
0.0 0.7431157549851969 0.05478009044085807 
0.7101756469578696 0.0 2.4249655763099553E-4 
0.0 0.9814175748508839 0.04525259870339395 
5.916106217935659E-10 0.6967667568751191 0.32984507024414705 
0.6418169593411193 1.4002161250879604E-4 0.0 
3.95540765923867E-5 0.5079248909360169 0.0 
0.5075828616915754 7.469362286648387E-5 1.0487346171630657E-5 
0.2070236826403854 0.002035879442064317 0.31951718301528065 
0.2668375403754589 0.0012261738777818258 0.2648085640075685 
0.4336857562906339 1.02780037930309E-4 0.17470207713280086 
0.4383018259218229 4.6128062530050756E-4 0.08184081574966795 
0.28147669076971726 0.10939198335892866 0.19939778102881575 
0.7075425676006117 0.0 0.0011013959755265972 
0.47699749567111943 0.0026911584763510575 0.040240111871857664 
0.0747541978942479 0.3019962328620526 0.15107380659384861 
0.2389604050055271 0.0247064900695725 0.2556467770101753 
0.06402708905786442 0.3254842255750451 0.11743592872639148 
0.08253706394917773 0.4195804109797544 0.03174520423672054 
0.3124271461783012 0.06486976839984478 0.15828467337121666 
0.023015369947757044 0.350535477795227 0.1292025863544071 
0.0029762815352128887 0.0737816741815849 0.46307583492265636 
0.0037097289607009513 0.08096804957421612 0.453488789788111 
0.10809528052376925 0.016132764834899276 0.3829115619648123 
0.24963684657860102 0.15815569752305558 0.13748051882446446 
0.03395789528344068 0.23337579120788873 0.2390715849666138 
0.09905656107975568 0.038496948545179946 0.36467649838722505 
0.0901100703688137 0.056925500208847915 0.39820747222593833 
0.14968384905190044 0.054538728900607104 0.33917096316004985 
0.45513773518745837 0.06792738789047635 1.054756312864999E-4 
0.17034447689800394 0.019534723825451822 0.3340738877973782 
0.21003579528901106 0.09175284965453519 0.24021125698642148 
0.49928282608371727 0.004698310632989357 0.031863029899110495 
0.045376804123207215 0.24381821442933 0.22271065962727604 
5.355012986130435E-9 0.44478819664666236 0.13348944987255032 
6.578752387196313E-4 0.006990226515589887 0.5150755035376093 
0.16615242828173696 8.300583657230029E-4 0.3440161836607444 
0.08247536470192075 0.027710678107675517 0.39891542547601433 
0.019368644199598935 0.4851054251412731 0.003516320185696697 
0.3059310990544887 0.1039269549653123 0.1006962382966216 
0.32802144695608804 0.11951772273653878 0.09321565336209595 
0.06722353626271046 0.03938567571367726 0.43605936671451984 
0.0014393464411175437 0.4033544987674276 0.12472393592450308 
0.27077256897880825 0.006909392305620741 0.24337005862262398 
0.3339120250334455 0.16496965126582994 0.009099217097677229 
0.00710329466994359 0.2867023127858272 0.21342105145382737 
0.11429840445869457 0.07684658672827932 0.35412807173914723 
0.09198786440471926 0.010548962661790635 0.42156324765615616 
0.293069078624334 0.0014641040336429434 0.22682160889283248 
0.26063461852415937 0.11385663541449446 0.1675086479913139 
0.19669514748762246 0.012481426227724258 0.31969601830485483 
0.009051390220959016 0.07483031596442977 0.44576315989911064 
0.12391929199257312 0.04744579737886301 0.3513859655202759 
0.38315327435572255 0.12301197699315446 0.0014226772587004799 
0.007291599683409278 0.29430265676398404 0.20566158658203676 
1.3114740055600302E-4 0.20898403946586042 0.31960219742027524 
0.0720136904638389 0.03878320667909525 0.43142497998108154 
0.007075609161179959 0.44949324618765235 0.05338102152331836 
0.11104300564252645 3.065180450071061E-5 0.4116869892552307 
0.015390670219955622 0.00790605588970007 0.48447880317646913 
3.8774924632537823E-4 0.27186041500394414 0.259927846470161 
0.04184263287103098 0.02631622518924582 0.4764593865746984 
0.4009689095130354 0.001590798562829777 0.11329952634007287 
0.04884427799442754 0.2474580334717849 0.21093484129885917 
0.29178648206385743 0.18919175016162296 0.041843932528319236 
0.41844145961169277 0.0031439250386730844 0.08673071128817726 
0.11410037297781908 0.28918677669420484 0.10455224724519574 
0.2831197724353748 0.19769203393980844 0.041829453885453054 
0.010386691409624525 0.26014419492415736 0.23710260962484364 
7.448095967588912E-4 0.007913943991056084 0.4921994265352384 
0.3591348286298755 0.13484575887433764 0.018367703408775922 
0.1296072004393555 0.3972453507121753 0.006599549599565941 
0.22662496542955987 0.1164153098650835 0.16509327574226065 
0.053598680899879216 0.4684443426648112 0.010564466614879881 
0.18884639058474442 0.11877178370018651 0.23769692325648975 
0.13195423468817158 0.045005570664010855 0.36403598133869586 
0.0015355037501472253 5.967520799834169E-4 0.5001945404480541 
0.28065617713353036 0.15127402491018055 0.08835756150785211 
0.1055448702333094 0.0026943461856448305 0.4145213279934381 
0.4081867748408029 0.02754471136156632 0.08390721363139907 
0.022241915453650455 0.340353758596222 0.14162350948574176 
0.09233181345419472 0.04976696109498632 0.37777769325421146 
0.0013305139504564936 0.3728558825440012 0.1674107957907677 
0.3435153369302366 0.14469755706309284 0.026367961648170016 
0.011656563600477924 0.49943972112887824 0.029226541851040552 
0.3509105540339303 0.14781261404546273 0.018544047005266715 
0.059307761697637164 0.3283461891365143 0.1272391573812787 
0.30241076341702744 0.12171140427734557 0.09171537878105493 
0.0583009455887367 0.46627504310815354 0.01061572565746426 
0.00710580334346089 0.17696954386895958 0.33868389333251353 
0.02085814532173422 0.3823532432620296 0.11259975636185732 
0.30726019008723254 0.1800210295275923 0.027873341812974427 
0.3785323551813403 0.13691628669029887 0.001717447275752031 
0.031068544114668473 0.45893919540855477 0.016105025680612967 
0.00136945889872809 0.38376959979849107 0.14422555585774174 
9.528032308397861E-4 0.2655812554552595 0.2629111269076357 
0.09233181345419472 0.04976696109498632 0.37777769325421146 
0.1300000358331107 0.04736674501811401 0.3636924986835694 
