0.0 1.0108218323493396 0.0 
1.0010618564466718 0.0 0.0 
0.0 0.0 1.0036727679666342 
0.0 1.0108218323493396 0.0 
0.702298708748043 0.16588671898980423 3.5426341510776387E-7 
2.908965809463542E-5 1.5058422372095842E-4 0.5279510498612205 
0.8620171371282851 0.0 0.22526668173912726 
0.0 0.22112291803423628 0.7899920621063449 
0.23949502877172058 0.7628988019660405 4.090272082605614E-7 
0.0 0.039542253695435944 0.9712878882006434 
0.5645448910211792 0.0 0.6867055099958881 
0.45118539914106365 2.0412079023706062E-4 0.06643340528873386 
0.38658900452765466 0.027146959050149203 0.22547980754576477 
0.0 0.22112291803423628 0.7899920621063449 
0.40480910245259116 0.6059934995537416 0.0 
0.5197010307048588 0.4932927331549448 0.0 
0.06524402562995843 0.11295184261449305 0.38705865923639987 
0.29773240733923545 0.7132810460056641 0.0 
0.03350487058339108 0.055071655638378895 0.48059401945017827 
0.20162947436184778 0.3502999497067404 0.02048697328905604 
0.003227404725282432 0.9134233593752723 0.09030820760760551 
0.2758840347310725 0.2540510339508729 1.2877194431634192E-7 
0.6357208018011383 0.04026753645757627 3.024940699480701E-4 
0.3443667127569836 0.02834975591640915 0.20312480669766522 
0.0 0.7075360600870056 0.29836174069882054 
0.0 0.28312714132730676 0.7276514280673475 
0.18024556572613862 0.8294722664651535 0.0 
7.547150231987808E-4 0.07185714177563725 0.4496427140107629 
0.0 0.31879147946893716 0.6920881822088395 
0.9012012764210212 0.0 0.1857627836009005 
0.04681483056003334 0.15839050870268231 0.3226997781451514 
0.03298678978627645 0.05586103955366352 0.43511069550894826 
0.07184553965066759 0.2676784687389134 0.18980034320246067 
0.3984449598506481 0.6123437961843817 0.0 
0.0 0.6581904571702092 0.3420589590306727 
0.17671105837755188 0.4004716113511824 2.4209464020416617E-4 
0.0 0.8558760664576872 0.15055949498179053 
0.05684952547886663 0.2942847122950095 0.17699648596916004 
0.06603927001358066 0.10065950630359093 0.36790842285128555 
0.09220152184522454 0.1404154544373744 0.3006602258854149 
0.008527458038239469 0.5636151729211392 3.4208911548266673E-4 
0.08812796453204114 0.13421175638705893 0.31085738453503015 
0.9182301357222967 0.08470082752664089 0.0 
0.0 0.851581961600503 0.15436310328093816 
0.31371173065369995 0.6909619165537099 0.0 
0.5875604214946394 0.05300206132167685 0.001676876733328897 
0.12043443876913054 0.40747070519678164 5.042515733728399E-7 
0.6265543155636523 0.24163111217419492 3.5426341510776387E-7 
0.3272107410966985 0.030094052300884962 0.1460165116236476 
0.038975618380042494 0.9659723100232083 1.5886257106073686E-7 
0.0 0.2870601806244 0.7237777498087835 
0.05310381509645102 0.3697235748268513 0.10453430649728905 
0.610797713360975 0.02545803330897788 0.001549355888588508 
0.15342823359183919 0.9309893416974031 0.0 
0.006151427800395476 0.5285404885935356 4.505160732745502E-4 
0.34189823596838637 0.6691833359225976 7.894004820971122E-9 
0.0032587870495236816 0.9223052166176849 0.08298296499079937 
0.1866608016591315 0.36410588260848936 0.022319773073477427 
0.9736258071197336 0.0014300936625753291 0.030260602618001516 
0.014237329714009723 0.5546013297438176 3.401136418378338E-4 
0.9389720240341115 3.0731246883330254E-5 0.06643860514669934 
0.5744962438656572 0.4365754444622804 7.893927655194883E-9 
0.1385325127554175 0.32737473922945604 0.10146878020068857 
0.0 0.6581904571702092 0.3420589590306727 
0.5493175397297257 0.4533809612916112 0.0 
0.15023644664479574 5.83180059165728E-7 0.3717488903951918 
0.050701361027497546 0.3529970193973121 0.12156775659715244 
0.5362868157638471 0.46664419428361115 0.0 
0.9629044005343511 0.045580674758842005 5.425671405623445E-8 
0.0030829241960840786 0.41917755060436196 0.1073325753880795 
9.248464303871419E-4 0.08805551635549878 0.43575974591650646 
7.257985316996915E-4 0.23089997810469132 0.30165052721633406 
0.006298102504785681 0.5169857290183554 0.010031106993185641 
0.05044354614266113 0.3512020402476565 0.1258243884075603 
0.3287271778357164 0.6823463930815354 7.893942353483858E-9 
0.0 0.8299691009958724 0.17723761328869692 
0.5311130295987808 0.4818807342610228 0.0 
0.0 0.03636316911898738 0.9744073978836291 
0.06255711311058912 0.9455928889487306 5.423868704415112E-8 
0.12155752128753504 0.36781644854942297 0.03623761690432291 
0.38843443452037824 0.027304185560878793 0.22348225645436032 
0.012915396683625508 0.5031067144465449 0.004172118381812465 
0.0 0.935718746275411 0.06946570390915936 
0.9530367573495896 9.017387057543102E-4 0.050334348644127655 
0.9924149766725004 0.011972529661549665 0.0010532710182337233 
0.1385325127554175 0.32737473922945604 0.10146878020068857 
0.3912033102776042 0.021906117676852747 0.22513835516016314 
0.5579255539403422 0.4467469600878283 0.0 
0.007220949671469269 0.46379211643482765 0.04018986117044641 
0.06115445683430285 0.42577438845601673 0.03586166342617745 
0.01313343006078496 4.438704454326905E-5 0.9922056401679613 
0.016677945897795022 0.44922563337665283 0.1014679803302308 
0.9774056956461896 0.026033432139287046 0.0 
0.9530367573495896 9.017387057543102E-4 0.050334348644127655 
0.0021679258798179804 0.7067781414602837 0.29895632837026725 
0.0862603577105187 0.44052767363159345 0.005106999263143509 
0.03121136242767597 0.47923892295630854 7.386368050470865E-4 
0.9924396277584977 0.01197282705313003 0.0010278719883052715 
0.029702857330305713 0.9816657977861897 0.0 
0.060629346165697956 0.42211842149349815 0.044731918293362274 
