0.001114882762143182
0.0023320169756591617
0.001011338995011318
0.00179933951939113
9.570178744169012E-4
0.0011166253100515391
0.0010353789446469245
0.0011849574378656007
0.0012907022506079696
0.0011625752604023359
8.880995691838753E-4
9.552465435720446E-4
0.001216743538188047
0.0013834339122685748
0.0015695058397190563
0.0010446134694817584
0.0014401409704101887
0.0010558428011976566
0.001006218504302653
0.013560011567416007
9.480734033475887E-4
0.0012297407080807618
0.0011068845641518759
0.0012504478217283564
0.0022986368738786528
0.001777808661487409
0.0011316466915239985
9.521102624664163E-4
0.0011800011089263542
0.009677008780872387
