1.0 1.0 0.49985876375992905 0.5000982169482131 0.5000018133144633 0.500092250961615 0.4997762329016815 
1.0 8.395930127891551E-18 0.4996321439803026 0.4993806069122837 0.5000018986805388 0.5001067021818498 0.5001613528210334 
0.0 0.2574341432886034 0.4996294952262874 0.5001559599841218 0.5000505150994348 0.49995362990303327 0.4997742856271143 
0.7399460346783024 0.025218072347643894 0.5002250118464004 0.4998127761419806 0.4999847405133551 0.4999626491056576 0.49970444839771105 
0.15206048538454642 0.791626687929221 0.5000793569992275 0.5000956431243114 0.5000534590343363 0.49992957392245196 0.4997716254349276 
0.04376138234369795 0.7855832466953044 0.5000880562634038 0.4998521040213378 0.5000186867485308 0.49990939440229293 0.499700317451658 
0.9994080265538823 0.7812438834330693 0.49984849793731895 0.4998158146916993 0.5000164348940852 0.4999286262305025 0.49976678734591246 
0.09635918120420106 0.791626687929221 0.5001634690611867 0.5000956431243114 0.5000249505142152 0.49993195151526243 0.4997716254349276 
0.5581149846561869 0.8931705399839612 0.49985949983137384 0.4998305772508035 0.5000111871101893 0.4999730898891065 0.5000885258306272 
0.9542783421165135 0.7629549527286532 0.49962891118060054 0.4998257631152582 0.5000203275712088 0.5001251388377055 0.49976341890301756 
0.4148092980978039 0.2372060000827007 0.4993691295579032 0.5002133832898872 0.5000776525339405 0.49967191494102997 0.5000807533644934 
0.05108689885456649 0.9915565104236518 0.49973039178173945 0.49979593153912366 0.5000115354074008 0.49962940151213686 0.4997341338979915 
0.9686165143074549 0.02147912115156486 0.5000880562634038 0.49937864750792954 0.5000186867485308 0.49990038814058535 0.499700317451658 
0.9323345827299594 0.19198605850362435 0.49937409408239947 0.4998103812077178 0.5000776525339405 0.4998850736204935 0.500061511539968 
0.9425160219774611 0.02450163525649285 0.4996432315635642 0.49981277539003416 0.4999848880492196 0.49996065836431014 0.49977119345447724 
0.6248130585395892 0.47899611965698025 0.49962891118060054 0.4998287774853148 0.5000203275712088 0.5001263825967392 0.49976341890301756 
0.9065471819960327 0.07699022563030838 0.49984867244237524 0.4998138455525562 0.4999848880492196 0.49996065836431014 0.5001511346854917 
0.27648265719183696 0.6104109270038456 0.49963462124208385 0.49980458854583454 0.5000547411459547 0.5004812889288229 0.49977059611414903 
0.09337405504156993 0.0308729010849918 0.4996370490059926 0.4998038906395962 0.5000937400650144 0.49994905392495376 0.49977156381166654 
0.9937367097189755 0.8400190901118816 0.5001799206144342 0.5001019486699346 0.5000148208387897 0.49995960138776774 0.5008303745766146 
0.58462111921157 0.8052770383437853 0.5001703782286693 0.4998394247021336 0.5000237164081108 0.49992875731516045 0.4997229126322136 
0.916508253928444 0.975968277681265 0.5000812743233414 0.49981026611598667 0.5000334297639554 0.49996070329100156 0.5001891424263258 
0.3462196834811045 0.9957757394829696 0.4996316024568255 0.5001261540104749 0.5000983580746214 0.5005814455972989 0.5001442475449303 
0.5326740740012704 0.9957556933488859 0.49985956057444664 0.5000957837635492 0.5000111716143264 0.5004791275743816 0.4998691254808004 
0.4845588032269084 0.20352100417539476 0.4998556252524955 0.49981627655904715 0.500001122078343 0.500122687624087 0.5000785820216834 
0.862423594223731 0.8931705399839612 0.4998603144744882 0.5001720624765758 0.5006292114768758 0.49996266550278345 0.500090332141664 
0.7070000906513794 0.6104109270038456 0.49963471058766823 0.49980380176596545 0.5000547411459547 0.5004812889288229 0.49976285694079337 
0.9999996750433728 8.395930127891551E-18 0.49963668165474695 0.49957154731380266 0.5000531417943468 0.499647476120441 0.4997174060918019 
0.6672259309577055 0.7981454298058417 0.5001505599950857 0.5000802917127866 0.5000255944541933 0.49996070244865404 0.5001898697406972 
0.9668601357052453 0.9621242813354105 0.4996365687271269 0.5001559986144185 0.5000912504264812 0.4999612291796416 0.4997271185291511 
0.9617128208856887 0.9629295588689999 0.5001386115188368 0.5000677220794587 0.5000367083523681 0.4999612291796416 0.5001793645208785 
0.5605168744322729 0.1977610703344715 0.49962700017445505 0.49982909819661964 0.5000191616885274 0.5001179643041982 0.4997811904344657 
0.7895957830546297 0.07157748385354724 0.4996321889298241 0.4998097498774589 0.5000980162381898 0.5004776390190134 0.5001989387617737 
0.5105945407993691 0.48310015385680194 0.4996307649029782 0.500153380335761 0.5000188123524318 0.4999577987245733 0.4997637308422792 
0.8979906301729492 0.1999353535890569 0.49952840614913857 0.4998160120675775 0.5000529492977275 0.5004410463893817 0.5000722295470278 
0.27029437247636817 0.999697681086034 0.4996388174663812 0.5001392861265264 0.4999941425037528 0.49934171968619717 0.49978959766995906 
0.614944510707778 0.6685870644579747 0.5000647366753309 0.5001064955629844 0.4999873409256489 0.5001320883057041 0.5000915840562159 
0.8266755792985818 0.7970183033157716 0.5002126573763865 0.5001344027921303 0.5000529604106757 0.4998849280237799 0.49978838275255505 
0.45411212872541 9.464650536032074E-5 0.49963201912782895 0.5001261540104749 0.5000983580746214 0.5005813737528578 0.5002043314219895 
0.9763699326039054 0.07157748385354724 0.4996321889298241 0.5000935621290172 0.5000980162381898 0.5004776390190134 0.5001989387617737 
0.6911530516615515 0.6104109270038456 0.49963471058766823 0.49980380176596545 0.5000547366772949 0.5004812889288229 0.49976285694079337 
0.5326740740012704 0.732002680761701 0.49985000390070305 0.49981627655904715 0.5000113400965397 0.5002272696493101 0.4998691254808004 
0.998091851833495 0.026616873392613205 0.49985876375992905 0.5000982169482131 0.5000032187359166 0.5004558170959051 0.5001638266054791 
0.4946078422414434 0.4806093218118193 0.5000868405518282 0.49983780208458284 0.5000022261583468 0.49996582815512197 0.49975562610120433 
0.7777263387524095 0.27180472320459675 0.5000355904138322 0.49981042415398347 0.49998912015178215 0.500440350798693 0.5001463383875729 
0.854024532396827 0.6104109270038456 0.49963471058766823 0.49980458854583454 0.5000547411459547 0.5004812889288229 0.49977039138972346 
0.9689778859398338 0.06730539859595985 0.499851365342695 0.4998394501552683 0.500081815095164 0.4996950859392648 0.5000756339469346 
0.6494702495092871 0.5286255499948889 0.5000505536507851 0.5001572178784954 0.49998854613045557 0.49965623284880345 0.4997444218890412 
0.7070000906513794 0.4914031555714923 0.4996319417407192 0.49980380176596545 0.5001018606902831 0.500125742215738 0.49976285694079337 
0.34617618217081425 0.9999864558063134 0.49964219138789717 0.5001407752773244 0.499992977323682 0.5005034817540573 0.5008314371738317 
0.33394849853911757 0.7634908699111017 0.4996302413088134 0.4997837794489972 0.4999941425037528 0.4993244967727911 0.4997314369418942 
0.2697006221082024 0.37117138242155756 0.4998695269026395 0.49981601591485564 0.5001243914622284 0.5001327242226915 0.49977015971013583 
0.3530012783357751 0.026168092656787434 0.4996498439442344 0.5002085131323947 0.5001190566388617 0.5001005793284795 0.4998032162374143 
0.35066176309577174 0.5259808627753687 0.500217231451671 0.500153340406506 0.4999998475988547 0.5004949709007047 0.5000861490135659 
0.9973528976870504 0.9764189128296229 0.4998671436537767 0.5001559723650439 0.5000953480571697 0.5000925635881961 0.4997554542539989 
0.665656038535498 0.8931705399839612 0.4997305669334274 0.5001035290290048 0.5000129105500454 0.4999730898891065 0.49976375465084755 
0.4318776918944982 0.7601609804922904 0.4998546540843932 0.5001628795902534 0.5000039918940817 0.5001227876799682 0.4997831956490229 
0.655969691104817 0.9761468890457472 0.4997305669334274 0.49981772905695987 0.5000135368953775 0.4999730898891065 0.49976375465084755 
0.7998361058498246 0.2852112715601525 0.49985991269296026 0.5000982222033915 0.5000110907349647 0.49996019084086407 0.49976678666507246 
0.8598908289121037 0.19279091412940447 0.5000784590583655 0.5001742857740471 0.5000528992319805 0.4998777681037695 0.5000763061961928 
0.698734025906538 0.8931705399839612 0.4997305669334274 0.5000974670578787 0.5000552445555814 0.4999715791700967 0.49976375465084755 
0.7655192046040001 0.35010023566175913 0.49985971460489953 0.5000982222033915 0.5000110907349647 0.49996019084086407 0.49976678666507246 
0.4758580989931089 0.330067739923465 0.49984675492543973 0.4998198094554737 0.5000207888697963 0.5002284733236589 0.5000571638435585 
0.3230906861741085 0.5258946442986058 0.49975572779884603 0.5001467329227838 0.5000341450961039 0.49996065836431014 0.49978490279632437 
0.7127088046389484 0.9978542166003319 0.5000784590583655 0.5001740608522768 0.4999882567316319 0.4998777681037695 0.5000892348925158 
0.9249467045044497 0.2986155619279777 0.4996504357167705 0.4998176606711627 0.5000186600227261 0.5001491267755509 0.5000641140643391 
0.8751764705402182 0.9783195338103877 0.5001623629694376 0.5000927097045785 0.49999406135926655 0.4999279857367356 0.4997045151722586 
0.854024532396827 0.03797728376556114 0.5001728754959645 0.49981628259381367 0.5000547411459547 0.5004812889288229 0.49980893978081903 
0.10783424273598491 0.25412952266257083 0.49973545068289255 0.5001559599841218 0.5000505150994348 0.5001179309976603 0.499756113766526 
0.8598908289121037 0.19279091412940447 0.5000784590583655 0.5001742857740471 0.5000528992319805 0.4998777681037695 0.5000763061961928 
0.2580783669331419 0.999697681086034 0.4996388174663812 0.5001392861265264 0.4999941425037528 0.49934171968619717 0.4997895564172337 
0.45411212872541 0.021126769075422713 0.49963201912782895 0.5001271210893109 0.5000983580746214 0.5005777782334684 0.5002043314219895 
0.8266755792985818 0.8198176471854768 0.5002185438137352 0.5001239569459839 0.5000538150074656 0.49988550843100615 0.4997884049320387 
0.8184971968047591 0.4872951180554054 0.49975572779884603 0.500213268198156 0.5000336362749201 0.49996065836431014 0.49978490279632437 
0.99982636493417 0.5263377392218127 0.4993512348726315 0.4995502504253178 0.50010074276849 0.500133070373121 0.5000487924786905 
0.6284816178365985 0.45672532215642225 0.5001581533525492 0.4998287774853148 0.5000192263637826 0.49996213819945506 0.49976341890301756 
0.8580323257754925 0.9812455202523206 0.5000796424176063 0.49981627820028374 0.5000521734389886 0.4998839811878403 0.49976678666507246 
0.4318776918944982 0.7822154903081087 0.4998546540843932 0.5001704426702697 0.5000163872060901 0.49992031959569344 0.4997831956490229 
0.7176330288855713 0.16525416214333294 0.5002250118464004 0.4997841447799317 0.5000239831336317 0.5001279623615983 0.50008475971696 
0.9994080265538823 0.759189373617251 0.49984849793731895 0.4998082516116829 0.5000040395820768 0.5001310943147773 0.49976678734591246 
0.4559606203937722 0.3077406686273677 0.49984675492543973 0.49981993043681144 0.49998602893796223 0.5002284733236589 0.49977317590315784 
0.8916400621258883 2.56450163132943E-4 0.49975572779884603 0.49983156300447157 0.5000788571706174 0.4999374367462255 0.49978490279632437 
0.9249467045044497 0.3429396004890434 0.4996504357167705 0.4998193474114821 0.5000186600227261 0.5001491267755509 0.5000641140643391 
0.8309765976096566 0.5158657066325757 0.49975569629234784 0.4997876821502125 0.5000336362749201 0.4998846953622217 0.49978490279632437 
0.7596619376355513 0.16299204335874126 0.4996319480529954 0.5001553725141029 0.5001009118072797 0.5001332184725586 0.5002542933047085 
0.6455399880911157 0.33308733775924515 0.4997259853084459 0.4997943463402646 0.5001259452544239 0.5001291672511745 0.49976757208730027 
0.7910245220856194 0.304919790819814 0.5000619255548969 0.5004477759301076 0.5000330361290468 0.4999214396226441 0.500132069285705 
0.8072384261835646 0.4872951180554054 0.49975572779884603 0.500213268198156 0.5000336362749201 0.49996065836431014 0.4997849440490498 
0.8312421424115964 0.5195455940178337 0.4997548396136628 0.5001185310772055 0.5000529604106757 0.4998849280237799 0.49973293505315963 
0.7246549882657972 0.5233622936448342 0.49985071591377617 0.500208335680098 0.5000953603322316 0.5001441835516243 0.5000840933433912 
0.47873769584654946 0.999999310667245 0.5000546236717898 0.5002426976626762 0.5000188687800217 0.4999153790592387 0.500607802522628 
0.5650895258523436 0.114502134426608 0.49963901062173843 0.5002071591052928 0.5000191616885274 0.5001182024080394 0.4997811904344657 
0.7062435903532913 0.44481046786072026 0.4998710078351342 0.4998289723442374 0.5000192102361348 0.5001300946371422 0.49976341890301756 
1.0 0.14658705259674626 0.4997730071229684 0.49973709921666976 0.5000526816610873 0.4996824370501972 0.49973033833242286 
0.8266755792985818 0.8374678963406584 0.5002126573763865 0.5001379057214395 0.5000103360230818 0.4998849280237799 0.49978838275255505 
0.35458959960178593 0.07157748385354724 0.4996321889298241 0.5002141046302018 0.5000980512936446 0.5004776390190134 0.4998162743877367 
0.7596619376355513 0.1728485609794863 0.4996319480529954 0.5000998221651085 0.5001009118072797 0.5000871392590539 0.5002610473282748 
0.9992213825459335 0.147575476959628 0.4997843128436426 0.49973196442753326 0.49996974823344287 0.5000980693547544 0.49977111415137765 
0.878968801016605 0.28223320358549125 0.49978312948440184 0.5001742857740471 0.49997047417507295 0.5000918562706836 0.4998966806492816 
0.9506456650144528 0.4939401172750876 0.49985455089384734 0.5001646636889943 0.5000039918940817 0.4999562725076679 0.4997830703764579 
