1.0 1.0 0.49987418784316356 0.49999346970524 0.5000036739353558 0.5000421214949153 0.5001080923938158 
1.0 6.979468720664101E-18 0.4998628003563831 0.499989995310148 0.5001942847924289 0.49991539540252866 0.5000393683346591 
0.0 0.7159875942920297 0.49987663722003284 0.5000010028852282 0.5000044760874273 0.499955389375051 0.500036359773308 
1.0 1.0 0.49987418784316356 0.49999346970524 0.5000036739353558 0.5000421214949153 0.5001080923938158 
0.8547078484309932 0.18649439691588976 0.499875887365779 0.5000000321117639 0.5000044828467822 0.5000413891950749 0.5001302079664097 
0.04960078254361433 0.594233173499207 0.4998639974152929 0.5000007732884804 0.49999181273421484 0.5000091656519297 0.5000392084515712 
0.6728340139029325 0.00784858946721817 0.4998630260553825 0.4999891559447443 0.5001973504321852 0.49989141398791 0.5001084087781308 
1.0 0.3845019920709898 0.49987418784316356 0.49999355211494617 0.5000036635841753 0.5000421214949153 0.5001080923938158 
0.7237848296789078 0.11093166671666782 0.49987501606965334 0.499995861976936 0.5000037012441476 0.5000417905458511 0.5000363980436335 
0.9330326801466733 0.12319091223248724 0.4998674624329518 0.4999930694942415 0.5001740235978377 0.4999536088916693 0.5001140030807257 
0.7879810426749961 0.8040735383242852 0.49987545495690566 0.5000009208589241 0.500003943150662 0.4999041351264919 0.5001073618525224 
0.88871627583203 0.5371624153785125 0.49984378878846997 0.49999714988396654 0.5001693372808125 0.49994902639434663 0.500113215156405 
0.9206893978118124 0.6293107112713474 0.4998637982096641 0.49999330738736847 0.5000028599815582 0.4999008697243365 0.500112248334225 
0.5535252108695407 0.0726142096082412 0.49984288472564464 0.49999614492416533 0.5000039926707948 0.4999479054709017 0.5001073684408122 
0.8261607844043405 0.11399721986176281 0.49986710933586587 0.499993073176386 0.49997710384048494 0.499903896596263 0.5001231347541337 
0.7230547892967598 0.95085278307951 0.49986306976815087 0.49999332046542794 0.4999748115631385 0.5000275926405254 0.5001121019414575 
0.3552429019126577 0.7458099853601192 0.49987540433015637 0.49998430069374467 0.500023683159587 0.5000196240057687 0.5001125687355888 
0.5355508137449524 0.0951428112496194 0.4998640044142357 0.5001055487578873 0.4999813719035971 0.499951762366591 0.5001113863536465 
0.6874980607951908 0.3862909713215906 0.4998444384967735 0.5000009019254026 0.49999156652755716 0.4999516236758196 0.5000400919822694 
0.3282059944000687 0.7398173724055253 0.499852644010792 0.5000010031905596 0.5000036192811804 0.4999493812396365 0.5001141227972121 
0.5150828240230626 0.40327398923655655 0.49986727405441655 0.500000807975317 0.49999830339008056 0.49995172561050527 0.5001232320549952 
0.8635522005543746 0.8763542676881957 0.4998625844701756 0.4999960132097831 0.500004383808555 0.5000400991482907 0.5000387385564866 
0.13755769302156928 0.9511523358603189 0.4998543467365201 0.4999859143718066 0.5000033294591835 0.4998117785324383 0.5001133604852741 
0.9401979870138376 0.09359169345473187 0.4998753694878435 0.4999791048555302 0.5000046072419794 0.4999517763589919 0.5001161374263063 
0.6400938599516779 0.3815018150665779 0.4998542893142711 0.4999858776276226 0.500004338629907 0.4999517914447405 0.5001232173727895 
0.2548578222930409 0.09480904319903306 0.4998540682084218 0.4998527636903722 0.49994699005065046 0.49995802330605166 0.5000822686569818 
0.09710554176498126 0.9765207822788148 0.4998643513266078 0.49997784372446374 0.49997860793775545 0.49994672015985864 0.5000366634970993 
0.4087916947080621 0.9939998736782787 0.49987663722003284 0.4999995766616693 0.5000036549791542 0.5000446788709199 0.5000393785618018 
0.28812912647842676 0.7427681527591016 0.49984373465344933 0.49999481517898464 0.5000244016744856 0.4999128720549945 0.5000392274873228 
0.9139001468049235 0.7582637983567317 0.49986434040694716 0.5001921523332173 0.5001931486095305 0.49990587171494727 0.5000418976319126 
0.9711868690116494 0.7401724078526225 0.49987639783905685 0.500002027359356 0.5000018305642245 0.4999039739322349 0.5000396333947337 
0.8467267151453007 0.9237293919500196 0.4998526133808861 0.49999330767452527 0.4999954471112866 0.4999039476454264 0.5001113306463812 
0.867142880376072 0.95085278307951 0.49986309163194964 0.49999332046542794 0.4999748115631385 0.5000275926405254 0.5001121019414575 
0.9740531531061604 0.016293663006206993 0.4999176020445094 0.49999956987275523 0.5000046480456458 0.5000454202647937 0.5000391829876383 
0.5752719927068408 0.95085278307951 0.499863069978313 0.49999378346243567 0.4999738725018915 0.49990233642722026 0.5001121019414575 
0.9250226958274688 0.565749070501429 0.4998643658977339 0.5001933807679865 0.5001738570747772 0.4999024771742379 0.5001110587428559 
0.9207666337550908 0.6010046006118459 0.49986378317551 0.500198713932072 0.5001738570747772 0.4999024832224319 0.5001122756429076 
0.9999447289261896 0.9687029246113102 0.49987404044410577 0.49999356278901563 0.5000041209571418 0.5000421214949153 0.5001080923938158 
0.7885063503501083 0.9961733584493123 0.4998428984227126 0.4999937470239288 0.5006494833821905 0.4999039082988445 0.5001092802555587 
0.9401979870138376 0.9854703197405715 0.4998626092785269 0.49997774761451635 0.5000036373662051 0.49995170130796734 0.5000371098531079 
0.8052859141803275 0.8040735383242852 0.49986286247990014 0.5000009208589241 0.5000039932151941 0.4999041351264919 0.5001073618525224 
0.4968900456702493 0.09824303592063952 0.49987492764957275 0.4999986816134194 0.49999830339008056 0.4999518146097908 0.5001119729708119 
0.8625587455048574 0.3689380304709238 0.4998426657490722 0.49999714988396654 0.49999421913154496 0.49995061539343116 0.5001131594125786 
0.9433656177260106 0.0345620833326577 0.49985147363892724 0.49999342865708857 0.500002221188007 0.4999039739322349 0.5001092058824281 
0.9561399360408718 0.9091490325144614 0.49986544989287285 0.49999597394377254 0.5000039689891824 0.49995880983388474 0.5001178629301297 
1.0 0.03459191853123323 0.4998627905810936 0.499989995310148 0.5001933913078463 0.4999520608065979 0.5000393683346591 
0.7489497614133389 0.15100931536360596 0.4998537850597309 0.5001102164008979 0.5000039970745255 0.5000410541123715 0.5001266733265725 
0.8635522005543746 0.9378046372824509 0.4998625844701756 0.4999960132097831 0.500004383808555 0.5000400991482907 0.5000387385564866 
0.37690164344190225 0.6726511753828365 0.49984552871524907 0.4999990640119948 0.5000008670724967 0.49995516814691343 0.5001176707030959 
0.604258463655334 0.09480904319903306 0.4998751003305853 0.4999988721669202 0.5000074487584295 0.49991373935152283 0.5000827844942449 
0.22286252009668694 0.4531572805043375 0.49986436064005796 0.5000010935109583 0.49997860793775545 0.49994672015985864 0.5001133341475192 
0.88871627583203 0.6730860423760241 0.49985272504985756 0.4999972420729762 0.5001585776807058 0.49995580611066487 0.5001141225583192 
0.9907119740895025 0.6835521439815654 0.49986362670106155 0.49999221911580893 0.4999958347818323 0.4998933588440273 0.5001752399179776 
0.19506280551795752 0.10386012612331494 0.49986304876930576 0.4999787727462842 0.5000033791817163 0.4999517732173665 0.5000376972832851 
0.8700875639567172 0.12850645378979753 0.4998625975272041 0.4999933158764154 0.5000044371383795 0.4999517763589919 0.5001083157788105 
0.9433656177260106 0.9974482194129262 0.4998747428404044 0.4999934284730489 0.5000036888700292 0.4999039739322349 0.5000376907185857 
0.9401979870138376 0.009535071271085438 0.4998626092785269 0.4999958418439342 0.5000044698356787 0.4999478948509762 0.5000371098531079 
0.9483770267102831 0.3752765174185431 0.4998426657490722 0.5001144714527375 0.49999421913154496 0.4999507105091446 0.5001131594125786 
0.9847406783758572 0.17708655325147515 0.49986286963889925 0.4998459080167751 0.49994699005065046 0.4999592814169778 0.5000822686569818 
0.9990579219153705 0.7902561412731254 0.49987663722003284 0.5000019861479374 0.5000230802486906 0.4999171056409227 0.5000394795389886 
0.9002060254435321 0.018846657703352088 0.49987462372002994 0.4999990004768715 0.5000038230215516 0.5000396784552248 0.5001093979050996 
0.44635177056127945 0.6835521439815654 0.4998627477233911 0.49999433715563496 0.499995805387732 0.4998932053210916 0.5001752399179776 
0.6502747951734021 0.09480904319903306 0.4998751003305853 0.4999988721669202 0.5000074487584295 0.49991373935152283 0.5000827844942449 
0.31062277709275377 0.7398550405950617 0.49985222036013266 0.4999930695307293 0.49999129975205564 0.4999493812396365 0.5000427638051391 
0.12506339248670306 0.10386012612331494 0.49986304876930576 0.4999927231919074 0.5000033791817163 0.49995177633924015 0.5000376972832851 
0.2686460583918552 0.7422405858244264 0.49985222036013266 0.5000007582437339 0.5000030614850598 0.4999493812396365 0.5001141227972121 
0.9190301448126906 0.4929577395636787 0.49986434040694716 0.5001921523332173 0.5001684469176544 0.49990587171494727 0.5001110678251051 
0.4087916947080621 0.9056606897571411 0.49987663722003284 0.4999995766616693 0.500003943150662 0.500045123031344 0.500036359773308 
0.7946639286645016 0.5270902905762549 0.49986434040694716 0.49999154133822865 0.5001627554354419 0.4999024771742379 0.5001110678251051 
0.5903951507078384 0.6852592923316265 0.49986792630599 0.4999930441751295 0.5002030184528228 0.4999503359562357 0.5001177592501116 
0.9401979870138376 0.20136376991794142 0.4998625632954876 0.49999299221142246 0.5000044698356787 0.4999517763589919 0.5001149367104496 
0.45674576677319073 0.9879410008913798 0.4998517647526358 0.4999957992077953 0.5000044673838585 0.49995837620869255 0.5001157816217568 
0.9072774255074438 0.37003637315766447 0.4998637616180079 0.49999121055143475 0.5000018759475425 0.49995117780379145 0.5001137830759688 
0.9401979870138376 0.16382392663341963 0.4998625632954876 0.4999791048555302 0.5000044698356787 0.4999517763589919 0.5001149469623908 
0.7481763227296724 0.6862838580339246 0.49986303514453007 0.49999612424332124 0.5000035600355961 0.49994863331585193 0.5001083664412024 
0.21370455542586886 0.46167604687344577 0.49986402901440913 0.49999316752077755 0.4999784498948081 0.5000386268276269 0.5001133341475192 
0.6856919217416764 0.7248129789329399 0.49987596535617373 0.49999378346243567 0.4999738725018915 0.49990233642722026 0.5001116107054137 
0.9519439999189401 0.932235574877804 0.4998668661847913 0.4999945846741379 0.5000035340055992 0.4999517075334755 0.5001255324446754 
0.3713007528460143 0.7424934265257022 0.4998771189655098 0.4999948272859591 0.5000243627757802 0.5000101423982856 0.5000823250258232 
0.5082486999928723 0.014918004013969692 0.49986710933586587 0.499993073176386 0.4999952923371762 0.4999043025435778 0.5001231347541337 
0.6155114884006859 0.11212678997994996 0.4998771241435869 0.49999282610455753 0.4999519908848544 0.4999536213622032 0.5000332051877392 
0.7617232546290317 0.3812496927953864 0.49984171748689166 0.5000010035534564 0.49999156652755716 0.5000091656519297 0.5000432118616285 
0.6777542778312107 0.11093166671666782 0.4998750219783206 0.4999958427124168 0.49999505512802245 0.49991755778481195 0.5000360141363577 
1.0 0.005748510799572226 0.4998628003563831 0.499986025934808 0.5001942847924289 0.49991539540252866 0.5000393683346591 
0.88871627583203 0.36852353076536726 0.4998426657490722 0.49999714988396654 0.49999421913154496 0.4999511690476707 0.500113215156405 
0.88871627583203 0.6835030320726632 0.49986415864837674 0.4999931981382646 0.5001580007713817 0.49994690671201 0.5001141225583192 
0.6777542778312107 0.742385468346515 0.4998750219783206 0.5000007021019625 0.4999945068379856 0.4999491834429402 0.5001142160985629 
0.4922648266457469 0.6654684234753689 0.4998626830067207 0.49999221911580893 0.4999958347818323 0.4998933588440273 0.5001752399179776 
0.9998329029860913 0.9883048993522511 0.49987419726997956 0.49999346970524 0.5000036739353558 0.49990980337679986 0.5001257528404413 
0.9938447098485952 0.6699737425570985 0.49985415518962717 0.49999514491500563 0.4999687148406304 0.49995517031617487 0.5000406632046568 
0.896976094585574 0.09578388180506253 0.49985469938391835 0.5001139319009127 0.5000046750367535 0.5000648811577252 0.5000363787589378 
0.5477080855495772 0.0726142096082412 0.49984288472564464 0.49999614492416533 0.5001717706396206 0.49995367201954194 0.5001139831539694 
0.28542922017912525 0.9447839421484959 0.49984373465344933 0.49999339022080685 0.5000044914779259 0.4999128720549945 0.5000391961931747 
0.31062277709275377 0.7426289820601388 0.49985222036013266 0.4999929434200074 0.5000036192811804 0.4999493812396365 0.5000336862212662 
0.830818246618892 0.6952779114678709 0.499863069978313 0.49999378346243567 0.4999738670019371 0.49990233642722026 0.5001121019414575 
1.0 0.7365555930040956 0.49985106878728786 0.4999934698892797 0.5000022285798618 0.5000421214949153 0.500108136926979 
0.9909280910157665 0.11634174434229738 0.49986356359487677 0.4999770708064541 0.49999830339008056 0.4999517732173665 0.5001119729708119 
0.07631723337043003 0.7178705251218501 0.49985399321094653 0.5000983059419358 0.5000087134923406 0.5000323080853633 0.500112122387199 
0.42481813700693427 0.6835521439815654 0.49987544261871847 0.5000954232948149 0.4999957847173003 0.4998932053210916 0.5001752399179776 
0.896976094585574 0.730212362705255 0.499854748523227 0.5001139319009127 0.5000046750367535 0.5000676113736068 0.5000363787589378 
