1.0 1.0 0.49982060021192765 0.4993292977240341 0.5001644570929947 0.5003436190254744 0.49998646222285087 
1.0 0.0 0.49988088366993144 0.5998672940928071 0.5000745278838353 0.5003317022849175 0.49989855054438154 
1.0 1.0 0.49982060021192765 0.4993292977240341 0.5001644570929947 0.5003436190254744 0.49998646222285087 
0.0 0.5883398747054762 0.499881073820389 0.5001665772739594 0.5001750395114211 0.5003429753226508 0.49975761911207045 
0.9918410797934645 3.917691752584379E-4 0.4998167980603887 0.5014714430120466 0.4999524941458244 0.5000994479167153 0.49998189632389534 
0.8739926256658945 6.461517141798107E-8 0.49991084977288874 0.5998672940928071 0.5000695579750367 0.5001020059640817 0.49998544461847116 
0.9478933693652646 3.917691752584379E-4 0.4998205853736093 0.5013915632392936 0.5001089907681503 0.5000824439041265 0.4999758851394915 
0.9474078520166276 3.057507420465449E-6 0.4998187637683968 0.5998673245044854 0.5000748078683767 0.5000822590153193 0.49976855792899955 
0.9984770303104384 0.0017412168525514655 0.4998795383927923 0.4993262318352422 0.5001418174159928 0.5003307515985053 0.49998478789708267 
0.9545588451936712 0.9692216875997806 0.49999745454152045 0.5001657017070994 0.5001623656865521 0.5000806605789119 0.499977436381893 
0.2607994499593592 0.40536732159167704 0.499816639181135 0.49946717530684914 0.5001444147250061 0.5003326902795122 0.49998179819952276 
0.153970536548244 0.002922308183356759 0.49982388309800685 0.5002388838360954 0.5000784532156917 0.5000819879661775 0.5000034716455082 
0.3588501132065046 0.6803602395152663 0.4999011829809515 0.5004380770813617 0.5001485796460008 0.5004535052846676 0.4999616592745895 
0.9507512565121595 0.6931547640323958 0.4999004339062577 0.5004360148580764 0.500131818570279 0.5000446951593597 0.4999766496393016 
0.874941215816331 6.461517141798107E-8 0.49991084977288874 0.5998672940928071 0.5000715936577732 0.5001020059640817 0.499986420240549 
0.7447013117902568 0.8795875522237346 0.49999353668498686 0.5001680602575324 0.5001671784383529 0.5006142561235247 0.49974499897237956 
0.6529472764119048 0.5373997907354664 0.49982061944061157 0.4995080954959976 0.5000208006080168 0.5003792593409913 0.49998250988203263 
0.4899713486305107 0.3689257393539342 0.4999015387730489 0.5004380770813617 0.4998938329465094 0.5001011254652465 0.4999856982671397 
0.15850520722884276 0.6493333441971323 0.49988256386499597 0.500065362643096 0.4994699093973049 0.500054442419998 0.49998744173079407 
0.9030649481504764 0.0015329719400571096 0.4998439590158226 0.500382204537928 0.4999835850538334 0.5000932929530153 0.49998686480968285 
0.9987592759559795 0.9692216875997806 0.49981833123868813 0.5002389144002642 0.49986071146476024 0.5000806605789119 0.49998669677898866 
0.999949591388794 0.9770848861128515 0.499816639181135 0.5001403867440812 0.49996994258675775 0.5003326902795122 0.4999798589446656 
0.7838475217835065 0.3689257393539342 0.4999015387730489 0.5004387192703351 0.500014376292975 0.5001011254652465 0.4999767590852107 
0.5804612421886027 0.6881662970002627 0.49984848650016894 0.49998206856022775 0.5000186207213397 0.5003748352691804 0.4999402966347741 
0.6950883041454086 0.8981830787603587 0.4999118580364835 0.5002409674663395 0.49985964896574897 0.5000860887000761 0.4999867453324778 
0.532657950033787 0.3689257393539342 0.49990193592604537 0.5004380770813617 0.49989373288279026 0.5001011148470781 0.4999856982671397 
0.999949591388794 0.027368182015653233 0.4998207073863227 0.5001403867440812 0.5000834824778547 0.5003575515421458 0.4999798589446656 
0.13514469618454064 0.6501717707636293 0.49988256386499597 0.500065362643096 0.49949123909866544 0.5000550751621788 0.4999874501402345 
0.39280005571378607 0.6824851446695376 0.4999026946539904 0.5004381030494017 0.5001582798903614 0.5004401266414266 0.49997486358567794 
1.0 0.5265507234423016 0.49988088366993144 0.6003677230322287 0.5000745278838353 0.500344054284699 0.49989855054438154 
0.4528435626055163 0.5130163430297846 0.49988268371742045 0.5003059163859715 0.5000701038735428 0.49992113660628523 0.5000059161654242 
0.6920260851495614 0.028682724929383285 0.49982060021192765 0.5003626535375569 0.5001510274579615 0.4996873827150561 0.4999763321351564 
0.9987592759559795 0.46528254554718385 0.49981111644690984 0.5002433718798209 0.49985743383183473 0.5000806605789119 0.49997411749514736 
0.8765009365408303 0.3711875591030381 0.4998172839666735 0.5004405190804787 0.5001444147250061 0.5001009449405174 0.500005270356802 
0.9987592759559795 0.8996028044842801 0.49991108124053313 0.5002389144002642 0.49986071146476024 0.5000860282320317 0.4999867454862695 
0.8472777842112772 0.5165504132217376 0.49981920118974205 0.5004060028117312 0.500021676633715 0.49991570757753917 0.4999764501768156 
0.38954973068937054 0.3970058630468461 0.49990235653936027 0.49999221763481716 0.5001288513252081 0.5003333795373254 0.49998505644690094 
0.7698159607927282 0.08837045256285436 0.49982480780797933 0.5004062054816826 0.5000105903986678 0.49992662798458554 0.49997156360229356 
0.6959929308553688 6.461517141798107E-8 0.49991084977288874 0.5998672940928071 0.5000695579750367 0.5001020059640817 0.49998541363204546 
0.9934329127113997 0.9961942803697647 0.4998192190730078 0.5004668165772622 0.5001444147250061 0.49968418584297475 0.4999864342092688 
0.43713690239126984 0.6705744107234693 0.49991296112467487 0.500384908835249 0.5001580130152226 0.5002809268898093 0.4999865350666693 
0.8232849389036893 0.5731149223249038 0.4999006931013732 0.5004445299183607 0.49992967702904023 0.5001315725681182 0.4999914542687069 
0.9992942109556143 0.011321108189298268 0.4998789628013036 0.5003876315143889 0.5001628467844416 0.5004411755981141 0.4999850755281918 
0.5089192918694584 0.6854390515933333 0.4999002421098589 0.5004135468676575 0.49995163505712203 0.500336086836383 0.49998625653006584 
0.42066244726818525 0.3689257393539342 0.4999015387730489 0.5004380770813617 0.4998938329465094 0.5001011254652465 0.4999856982671397 
0.0910047697663377 0.999393323517388 0.4997845213687077 0.5003870219350262 0.4999546673111358 0.5003412649830077 0.499986255206354 
0.6555724154900128 0.9346912067350736 0.49981622320058916 0.5001680602575324 0.5001188531685897 0.50033661819168 0.49999962785620267 
0.9298842528527612 0.604784297001446 0.49988130146803983 0.5003846217204225 0.5001638826818179 0.5003477584724925 0.50000027863707 
0.9287582731551834 0.5686427449429712 0.49988130146803983 0.5003846217204225 0.5001638868407027 0.5003475623901288 0.4999854717410246 
0.9961542015697508 0.5599718162141788 0.4998789628013036 0.5003876315143889 0.4994331044451288 0.5000997401566519 0.4999874271923062 
0.823860369105518 0.8996028044842801 0.4999112756575995 0.5002389144002642 0.49993046572671007 0.5000860282320317 0.4999867454862695 
0.5803601610645674 0.9412332514822116 0.49981804797087986 0.5002428273166409 0.5000141845074131 0.5003748352691804 0.4999375661606703 
0.46219516511684333 0.6705744107234693 0.4999124391582392 0.5003849169045956 0.5001580130152226 0.5003521745601599 0.4999864680925277 
0.2576253252710148 0.9543774798275807 0.4998820089427491 0.5003896150261417 0.4999493626444724 0.5000856493857404 0.4999869478407518 
0.31804946894737296 0.6731078545934112 0.4998992820614633 0.5004412520472732 0.4998915108470335 0.500079081291428 0.49994027763917026 
0.5498636677768817 0.9957896309215283 0.49990196798420133 0.4999858309616345 0.4998940032274069 0.4999775494956792 0.49998504902987884 
0.31425177831031825 0.40589348419128185 0.49990334002701836 0.5004380503320491 0.5001444147250061 0.4996660300580748 0.5000050716087664 
0.4528435626055163 0.598489578991464 0.49988268371742045 0.5003881898367167 0.5000701038735428 0.5003524185690931 0.49998626376858035 
0.7925262779096482 0.9655441225868394 0.4999118580364835 0.49997594530560496 0.49989876204652317 0.5001051063928804 0.4999868579419371 
0.7528040186249342 1.876987892185882E-6 0.4998840463552738 0.49995519590284426 0.4999082915115564 0.5000909916718682 0.49998126955897687 
0.6541148754701477 0.1115566649055279 0.49982061944061157 0.499512627154067 0.5000208006080168 0.5003792593409913 0.49998250988203263 
0.5896040838705943 0.5400549696204591 0.4998198157109998 0.4995080954959976 0.5000208006080168 0.5003792593409913 0.49998250988203263 
0.8882660564592253 0.8750097910977381 0.49981647472394675 0.5001676214571777 0.49984123832300514 0.5003507761723333 0.4999779765302116 
0.8591261896310447 0.9995187161626782 0.4997843661420539 0.5000719885388641 0.5001628476222567 0.49997764351607626 0.4999850508050534 
0.4266505295853752 0.9661881864822472 0.49990204535535604 0.5004533736123561 0.5001359258378314 0.5003373998130396 0.5000040372387766 
0.9730859249095855 0.3750012655781426 0.49990042154125397 0.5004380770813617 0.5001544818049874 0.5002815787415057 0.4999850380983795 
0.8591261896310447 0.98893795216662 0.49988249440222926 0.5000719885388641 0.5001628476222567 0.49997764351607626 0.4999850755281918 
0.12281938783465507 0.9981301218611106 0.4998789628013036 0.5003876315143889 0.5001628467844416 0.5004135434899152 0.4999850755281918 
0.8914654779522716 0.551749232126922 0.49990915261888214 0.49932399815357664 0.5002121636550841 0.500085803406201 0.4999764660696192 
0.39251721680017393 0.6035428407328645 0.49984248579209783 0.500065362643096 0.49949897727294923 0.4996695589345201 0.49998475992107255 
0.8922977972806139 0.529374306894336 0.4999071896413378 0.4993239821758618 0.5001649252606263 0.5000928492574305 0.49998658119382133 
0.8770674825093131 0.23837739976591088 0.4999022937996826 0.49997522323024823 0.4998534533539032 0.5003334104541716 0.4999734876198529 
0.2508504452128859 0.5883486360236441 0.49990303587605883 0.5002177469864802 0.49991892056629905 0.5000877775915193 0.4999624139047633 
0.8770674825093131 0.01800453550118422 0.49981873991372583 0.49997522323024823 0.4998379520213082 0.5003334104541716 0.49997349098795274 
0.015415048329290762 0.3996218302405487 0.49981535284397743 0.49980309848754606 0.49995163505712203 0.5003326902795122 0.4999861314857243 
0.5621149311569107 0.04213485554356805 0.4997869749169822 0.4999725837531993 0.4998940032274069 0.5001300585354953 0.5007727713056095 
0.999949591388794 0.22878791448266267 0.499816639181135 0.5001403867440812 0.5000775628011273 0.5003326902795122 0.4999798589446656 
0.8089873752245964 0.970886026866311 0.49981833123868813 0.5002384914369757 0.49986071146476024 0.5000806605789119 0.4999848432768706 
0.6914627133395436 0.0853826026503074 0.49982060021192765 0.5003441456092892 0.5001078301834985 0.4996805573581868 0.49998182575869243 
0.2726903126196578 0.6918497513599229 0.49990048238336304 0.4994210152650406 0.49990864042596755 0.49970438035472114 0.49997656414329 
0.07789995554344598 0.995970492189018 0.4998789628013036 0.5003876315143889 0.5001628467844416 0.5004135434899152 0.4999850755281918 
0.9931332305032662 0.664076923776611 0.49984876976797715 0.49997815564385106 0.4998651476786869 0.5000806605789119 0.49998942725309237 
0.07789995554344598 0.9544067423572137 0.4998197298898833 0.5003876315143889 0.5001628467844416 0.5004135434899152 0.4999850755281918 
0.8034439556796525 0.0035304974504893893 0.4999028180241372 0.5004380632741203 0.5001639867192249 0.5004380156974679 0.49999354560994097 
0.9962721870533845 0.6033263576539749 0.49990049868430686 0.5004445299183607 0.49985992276709035 0.5001315725681182 0.4999914542687069 
0.9969503849896902 0.5753519463598552 0.49990948791139916 0.49939272365983306 0.49945054421371665 0.5000865409883353 0.4999820375545631 
0.22825497937388606 0.9692216875997806 0.49981833477220555 0.5002389144002642 0.49986071146476024 0.5000806744775992 0.49998669790075184 
0.9835501519746523 1.0 0.49982060021192765 0.4993292977240341 0.5001691264352269 0.5003436190254744 0.49998646222285087 
0.8007383775111119 0.009513483044694182 0.4998105914097589 0.5002433718798209 0.49985743383183473 0.5003441879188651 0.49997835877253216 
0.7977904903524092 0.5165504132217376 0.499848341107226 0.4999807577554098 0.4999424599813142 0.5003748209722612 0.4999764501768156 
0.9903321770430009 0.3750012655781426 0.49990042154125397 0.5004380770813617 0.5001544818049874 0.5003531852082362 0.49998497112423795 
0.4979788694167119 0.6854390515933333 0.4999002421098589 0.5004135468676575 0.49995163505712203 0.5003361011333021 0.49998625653006584 
0.015415048329290762 0.8912447786380852 0.4998166615281597 0.49978110774090795 0.49995074262737166 0.5003592378267944 0.49998155537719824 
0.9726755812123867 0.6918497513599229 0.49985184572081065 0.4999503352178335 0.49943263941013966 0.49970215557576386 0.4999762788214314 
0.8150407891644988 0.012526117079419585 0.4998105914097589 0.5002433718798209 0.49985743383183473 0.5003441879188651 0.4999783276028585 
0.8591261896310447 0.060914657932020055 0.49990168940240776 0.5003874321343715 0.4999063145082804 0.49997863149573546 0.49998127982365526 
0.737656138760837 0.6668418081740594 0.49991470425118084 0.5004049687272701 0.5001580773898652 0.49992662798458554 0.499984631940208 
0.8472777842112772 0.5539731092854767 0.4998784341011623 0.5004060028117312 0.500021676633715 0.49991570757753917 0.4999764501768156 
0.809233598331632 0.9992641913264161 0.4999005363519899 0.5003878273651358 0.5001628476222567 0.49997863149573546 0.49998510354177395 
1.0 0.01548950629613488 0.49982060021192765 0.4993260123810217 0.5001648549920662 0.5003438512773297 0.49998646222285087 
