3.496321829253768E-17 3.86574243261027E-15 0.5021278009846715 0.4992024071228935 0.4999741539720269 0.499587128636955 0.5001870662617405 
6.361926399565025E-7 1.0 0.49992596088925834 0.5001338884412742 0.49993382940653497 0.49959940876307146 0.500138210628152 
0.9983187780416886 2.555749006728932E-15 0.5000789681317065 0.4998605486611521 0.4995635779092685 0.4996038131834195 0.500179780060966 
1.0 1.0 0.5000783083655026 0.5001181632045175 0.5000641347508149 0.49958731793078 0.4999803233179641 
3.496321829253768E-17 0.0020659223578177732 0.5021283112987841 0.4992024071228935 0.49994376322674094 0.49958713419930917 0.500180695556378 
3.496321829253768E-17 0.002391640926617533 0.5021278009846715 0.5000178918432703 0.4999741539720269 0.499587128636955 0.5001870662617405 
3.496321829253768E-17 0.020214549949235272 0.4999184616990175 0.49918878928407306 0.49997176250678177 0.4995872002878644 0.5001856432487718 
1.0 0.10823899055292652 0.5001274263404226 0.5001020443558031 0.4999371723769999 0.49958971428556265 0.5001477964978859 
0.9647469472306311 0.8577887260830452 0.49990017958989585 0.5000836405053614 0.4999531052454284 0.4995965894481164 0.5001498564302824 
0.23015754246270598 0.8895532119696734 0.49986062125111097 0.5000681005300682 0.4999336028869392 0.4995968073389348 0.49981848017543223 
0.9647469472306311 0.9932583943632305 0.49990017958989585 0.5000836405053614 0.4999531052454284 0.4995965894481164 0.5001448265229821 
0.40073238809425793 0.91318286832768 0.49990069955042266 0.5001176346373591 0.49991710230204844 0.4995893719144411 0.5001725216784546 
0.6975111401353415 0.2534632110597175 0.5001127390974915 0.50006293364145 0.4999559083093894 0.49958735948908156 0.5001490181678739 
0.4473027127821576 0.91278186779254 0.5001034625161972 0.5001189303308334 0.5000518365183146 0.4995896427088098 0.49974909999425987 
0.5177789695617482 0.9865786766512791 0.5001060907710332 0.5000926141785538 0.4999420699838074 0.49958705659308605 0.5001946842130509 
3.496321829253768E-17 0.9138576493183185 0.49992015404982765 0.5001613217610554 0.4999339939527276 0.4995969137486685 0.5001856516655171 
0.9068343797212369 0.4879552784885499 0.49986981270430403 0.49986790366983125 0.4998868478318439 0.49959861218501506 0.5001441235647713 
3.496321829253768E-17 0.2518847522270944 0.5002300971788609 0.4992009432043114 0.49994376322674094 0.5003511486173691 0.5001869785885099 
0.8439749453137193 0.009057020975272168 0.5001407384751153 0.5001333931844585 0.49998274871059184 0.49956105807966356 0.5001549301336925 
3.496321829253768E-17 0.0090640118330374 0.5021278009846715 0.5001393283970613 0.49994404934546904 0.49958713419930917 0.5001870662617405 
0.9840809188091819 0.009250261758691758 0.49985942710372533 0.5001330159299544 0.4999463052739172 0.4995989546481057 0.5001466455694636 
1.0 0.8623704175232634 0.5000783083655026 0.5001181632045175 0.500064521821196 0.49958214196425815 0.4999836894442361 
0.6306929606984868 0.5061155466732206 0.49989708952518785 0.4998514149392161 0.4999538395005902 0.4995609316789407 0.5001417072624564 
0.8233190630271723 0.28547870227613215 0.5001056727078096 0.5001316152621935 0.4999464808352927 0.49954267681720516 0.5001459262667224 
1.0 6.663574197842011E-15 0.5001270547279386 0.5001015353408172 0.4999371723769999 0.49960642031751074 0.5001477964978859 
0.9107987735699553 0.6502355164772502 0.4995819568014759 0.5001454919501966 0.4999393490266555 0.4995990177698251 0.5001404134635813 
0.80173495202595 0.02518438192324439 0.5001202355765997 0.5001174576471679 0.5004198503644227 0.4996022853354795 0.500190930771221 
0.9973185331268638 0.5077747946270924 0.49987507561853994 0.4998713163517976 0.49994578749196295 0.49998069160488884 0.5001478335545616 
0.6934130336336445 0.2186040621215644 0.49987020800964 0.5001287640248474 0.49993610776225844 0.4995978808168982 0.5001544905140594 
0.7742181279223235 0.8017648419723207 0.49986994748553126 0.5002264802538361 0.499948999676056 0.4995979551182549 0.5001479199000906 
0.5600659989905379 0.26011700714765185 0.5001163216838688 0.5001176463363544 0.4999150279638114 0.49958645165816434 0.5001471973565137 
0.7156069399232357 0.662069702227816 0.5001232455067005 0.5001316109354664 0.5000113950480238 0.49960566129337247 0.500139740658281 
0.9827982838022427 0.31766802728256327 0.5000767688983007 0.5000213564755112 0.500064521821196 0.4995892979214769 0.4999836894442361 
0.9650251880247984 0.7962915653992172 0.5001016407079353 0.5000738080563463 0.4999572574304588 0.4995967475273218 0.4998175494911412 
0.3130472716505697 0.9680036300933204 0.4998552216364308 0.5001167699704291 0.49994130893523514 0.49959856231103406 0.5001486929550826 
0.8885250278454928 0.8797595977916978 0.5001056727078096 0.5001310467405305 0.4999457992319999 0.49954244123312075 0.49981119489917547 
0.8119928747186365 0.043571656959049104 0.5000778782036168 0.5000168528431864 0.49997350063623125 0.4995903032201981 0.5001809847236757 
0.956348555400058 0.013404425016396122 0.5001057768233029 0.5001040243985674 0.499958270568295 0.4995870477525588 0.5001873559405864 
0.6210483582613948 0.34620514141180014 0.5001534662940671 0.5001381901666485 0.4995559028495844 0.4995972520903725 0.5001772447880093 
0.8532650753303095 0.8615994854547825 0.5001405067345052 0.5000826098953834 0.49995419402397506 0.49956105807966356 0.5001550431247304 
0.6148495439917974 0.141090115702459 0.5001773708410117 0.5001028311459983 0.5004198503644227 0.4995828232880906 0.49943710538446895 
0.11264734207735327 0.662069702227816 0.5000786212725572 0.5001316284649123 0.5000113950480238 0.49960736950634593 0.500139740658281 
0.3682255618670193 0.4948837834572606 0.4998986213671193 0.49986829685674805 0.5004419760345253 0.49959739750987237 0.5001463913672034 
0.6306929606984868 0.5336425603806532 0.49985806757931517 0.4998514149392161 0.4999538395005902 0.4995609316789407 0.5001430162822834 
0.7497992988540824 0.7209389747674521 0.49986994748553126 0.5002266414437968 0.499948999676056 0.49959793887589776 0.5001479199000906 
0.9239466318710886 0.2030884735006182 0.5001045513263699 0.5001286560792264 0.4999346880491279 0.49965257426092274 0.5001538025265508 
0.4788111470098255 0.03900756042980264 0.4998580289150581 0.5000929498470681 0.49995821524479067 0.4995872214424855 0.5001872173119768 
0.978018259852785 0.9067756602529631 0.5001020152910493 0.4998512977191357 0.49994517685138234 0.49958978554832456 0.5001533653548706 
0.8479139656087785 0.07703258659859892 0.499912540343468 0.5000754745952954 0.49993572749811765 0.49951992699472864 0.5001775507147075 
0.9991417905776191 0.3018444083450201 0.5000776016133148 0.5000668222199377 0.49997967368242024 0.4995299849862965 0.5001791486279034 
0.971739975214025 0.2301248620547839 0.5000917969521269 0.49985937812367365 0.49998784261913387 0.49959919100795264 0.5001533848546218 
0.0460879393045891 0.9665062643203856 0.4998746860242653 0.49987520492391924 0.49993459209792424 0.4996011978890652 0.5001347882227549 
0.9239466318710886 0.21452406980554412 0.5001044778054821 0.5001287666759116 0.4999346880491279 0.49965257426092274 0.500144446254235 
0.8541008584194549 0.6865564452152781 0.5001405067345052 0.5001026782795372 0.4999863787154448 0.49956105807966356 0.5001549301336925 
0.6863638608823589 0.06235190589441578 0.49989705086093084 0.5000929498470681 0.49995821524479067 0.4995872214424855 0.5001859082921497 
0.42692600946471476 0.09037844242465437 0.4998698248406359 0.5002777220825444 0.49995541159694185 0.49959971368502243 0.5002530903250418 
0.6772797688867863 0.0014555426196442046 0.5001884700990066 0.4998649822179813 0.4999352657008206 0.49959576643978504 0.5001389255349976 
0.979651815833869 0.6425687615913596 0.500101821731948 0.5000740775217041 0.5000101776161172 0.49960736950634593 0.5001400028460904 
0.7497992988540824 0.73309018747303 0.49986015063653344 0.5002266414437968 0.4999490819910679 0.4996054580139753 0.5001479199000906 
0.6863638608823589 0.08980059163128863 0.4998580289150581 0.5000929498470681 0.49995821524479067 0.4995872214424855 0.5001872173119768 
0.7205639613505299 0.729852034068371 0.4998993090095425 0.5001304409968131 0.4999411266130397 0.4995997352831232 0.5001466868009249 
0.8665923459886148 0.5050052903462137 0.499898905678868 0.5001304688687195 0.500432808401322 0.4995986866886659 0.5001462568404582 
0.9915853000473456 0.26011700714765185 0.49986138813513536 0.5001336207866747 0.5004460838018218 0.49959893612539186 0.5001475033368095 
0.16252623096751873 0.5281697319155849 0.500116349312572 0.5001009911215711 0.49995799409902575 0.4995995252847529 0.50014953296125 
0.978018259852785 0.9332037195554503 0.5001002102691982 0.4998512977191357 0.49994517685138234 0.4995822001010814 0.5001464982158423 
0.9476407645182943 0.13359809715869914 0.5001854247559647 0.49987097491284965 0.49991419680408655 0.49954098297071875 0.4998202130857135 
0.9969925936131662 0.6425687615913596 0.49987614353801463 0.5000740775217041 0.5000101776161172 0.499599588735789 0.5002529994216363 
0.8151421561039194 0.25818961300504195 0.49987017699905567 0.5000635381789335 0.4999491619819781 0.4995874179651705 0.500177438881619 
0.29584181728767944 0.8895532119696734 0.49986062125111097 0.5000681005300682 0.4999341564880357 0.4995967119010631 0.49981848017543223 
0.9107987735699553 0.7055541527278282 0.4996325406828917 0.5001454919501966 0.49994126371445596 0.4995989544995095 0.5001404134635813 
0.978018259852785 0.940747425328786 0.500102549434364 0.4998512977191357 0.49994517685138234 0.4995822001010814 0.5001532037774086 
0.7011853296865674 0.2910683905405508 0.5001053125123179 0.4998941983341305 0.4999867364866051 0.4995822535283821 0.49978283418686736 
0.8662388933629437 0.7332391630018771 0.499898905678868 0.5002296750406235 0.49996582695150377 0.49959504140415456 0.5001462769399995 
0.9574293094750058 0.05220704152597369 0.5001809944541762 0.4998958957146857 0.5003073507693104 0.5003519155018856 0.500177146354771 
0.16252623096751873 0.015961415311111282 0.500116349312572 0.5001009911215711 0.49994341324640157 0.49958732571655523 0.5001496678841582 
0.896065674059034 0.8032331155583694 0.5001009576285432 0.5000738079057686 0.4999581987184161 0.4995872214424855 0.5001944954772634 
0.9973185331268638 0.905112929840618 0.49987507561853994 0.5001159683555796 0.49994578749196295 0.49999005924463247 0.5001777035649851 
0.4264958073655652 0.49154873348598105 0.4998698248406359 0.500279054860638 0.49995541159694185 0.49959971368502243 0.5002530903250418 
0.8541008584194549 0.7032719296438864 0.5001413351190771 0.5001026784257927 0.49998781228643235 0.4995601629018791 0.500153074324127 
0.4646317723451854 0.27401028995343735 0.49989857865234827 0.49920689390440276 0.4999428138772523 0.5003568232394396 0.5001466868009249 
0.29681558881689896 0.8845563091872402 0.49986991906162165 0.5000681005300682 0.4999341564880357 0.4995966850129526 0.49980488611923035 
0.9427583276730891 1.0 0.49988621347325113 0.5000391423636779 0.49994965773013966 0.49958203795787987 0.4999775651438802 
0.09013893190587213 0.26699996675080984 0.5000784402485445 0.5001313589995544 0.4999584748623655 0.4995871252932028 0.5001397393324735 
0.7347005762952501 0.936442491893703 0.5001165515147143 0.5002509720205567 0.4999538042620054 0.4995609316789407 0.5001502933442772 
0.9377449038110648 0.004838597074897366 0.5000650241658867 0.5001026784257927 0.49994321929262636 0.49958789063723347 0.5001550501368578 
0.8323621265054318 0.5562953796029669 0.5000755634152484 0.4998556462785856 0.49995711353537575 0.4995897711292997 0.5001536810604865 
0.20237707482147427 0.3018444083450201 0.4998771382296991 0.5001319393005413 0.4999753650058709 0.49954326008798 0.5001791486279034 
0.9556202524909342 0.703035088449056 0.49985850611557664 0.5001454295986119 0.4999413337210322 0.4995989223914393 0.5001404134635813 
0.9983187780416886 5.6643734756793705E-15 0.5000789681317065 0.5001365562329553 0.4995635779092685 0.4996038131834195 0.5001790785586478 
0.35796159872537126 0.91318286832768 0.49990069955042266 0.5001176346373591 0.49991710230204844 0.4995893719144411 0.5001725216784546 
0.8505254069815706 0.33787999841384625 0.4998774042482069 0.5001177628201743 0.49997503001469007 0.4995360882668219 0.5001835712295715 
0.7501527514797338 0.5006571544770565 0.49986015063653344 0.5001274352718926 0.5004160634408862 0.5003830510271827 0.5001478998005492 
0.896065674059034 0.0845963206975971 0.4998577232531849 0.5000929498470681 0.4999581818193567 0.4995872214424855 0.5001880607078592 
0.867508854137923 0.6627840583653601 0.5001270536437566 0.5001316109354664 0.5000113950480238 0.49960566129337247 0.5001383209048286 
0.653318590660931 0.2561973663286274 0.5001054574788755 0.5001167699704291 0.49994130893523514 0.49959856231103406 0.5001486929550826 
0.6306929606984868 0.9372949175824341 0.5001165515147143 0.5002508697424207 0.4999538395005902 0.4995609316789407 0.5001417072624564 
0.20555782288670144 0.3018444083450201 0.4998771382296991 0.500068084442898 0.49997503001469007 0.4995360882668219 0.5001791486279034 
0.0782335618021821 0.34953388220698406 0.5001511877706797 0.5000178918432703 0.49999724245224153 0.499589335023259 0.5001870662617405 
0.6435357644932139 0.8731942892346014 0.49989979402576823 0.4998913788379463 0.49993385046964134 0.49959753793651784 0.4998229027771003 
0.8230695812495685 0.8789603791019295 0.5001056727078096 0.5001316152621935 0.4999464808352927 0.49954267681720516 0.49981119489917547 
