1.0 0.0 0.49998848231951387 0.40004766707539946 0.5000906441591146 0.4996779320261152 0.4999913735066581 
1.0 1.0 0.49995389236289567 0.4001083430216977 0.5000859808308262 0.5000029544334429 0.49997855703901023 
0.0 0.9281977930767489 0.4999557525905324 0.4000422369301997 0.49996963235449887 0.500190578630343 0.4999779173702143 
1.0 0.0 0.49998848231951387 0.40004766707539946 0.5000906441591146 0.4996779320261152 0.4999913735066581 
0.9999995919497618 0.8089270866685239 0.49995733219245264 0.5019094806013288 0.5001481727017626 0.500221344857983 0.49988126546997846 
3.402072133622258E-4 0.1619025414305416 0.4999557567085119 0.4995152491421907 0.4999609296847024 0.5001799943736112 0.4998815401256914 
0.7928170383573075 1.0 0.4999538767977195 0.39912040969383655 0.5001363934251772 0.5000131786252933 0.49997855703901023 
0.2186921590297201 0.0 0.49996566256480957 0.40004559380563565 0.5000865524282019 0.4996740773086397 0.4999855950727164 
0.9999995919497618 0.23892308734128223 0.4999566925421184 0.4000976027163268 0.5001483157272866 0.5000179981530238 0.4999798126715574 
0.039118593774087496 0.0 0.49998848231951387 0.40004765766072636 0.5000813357847632 0.49967540731348137 0.4999887378112799 
0.4511845834872813 1.0 0.49996619746965737 0.4016305536162225 0.5001359268942593 0.5001818684285408 0.49997855703901023 
0.8717063265198141 0.9995477945738126 0.5001309604734098 0.5003725760219668 0.5000852505241691 0.500035624185752 0.499873513590369 
0.6472555626256965 0.9343857884255591 0.4999558741645456 0.4988317188877581 0.49997028228559565 0.5002055797938862 0.49997819548541406 
0.2186921590297201 0.0 0.49996566256480957 0.40004559380563565 0.5000865524282019 0.4996740773086397 0.4999855950727164 
1.0 0.4004828456605566 0.4999844449462383 0.40004766707539946 0.5000889511877193 0.4996779320261152 0.4999913735066581 
1.0 0.5130347779483314 0.49998309306630667 0.40010989308131095 0.5001278319168643 0.49967126250065913 0.49992287114118283 
0.3152489004176761 0.3661365792188616 0.49995626193345016 0.49921205203998525 0.5001362813401352 0.5000100753546524 0.4998603229726458 
1.0 0.29448906575298195 0.4999870539733923 0.40004766707539946 0.5000906441591146 0.4996748814901441 0.4999975735682611 
0.1556238756473225 0.37825902654507565 0.5001175322843251 0.49921027562419507 0.49997464994834084 0.5002221381526342 0.49988531922786 
0.9642096673267453 0.36531749453674955 0.4999548874831176 0.5008196289531254 0.49996786102577867 0.5002411315768289 0.49997751951383 
0.9103159014965518 0.0035208662357351095 0.49996594248271103 0.40004014412470384 0.500076996832269 0.5001794829393761 0.5001833723981409 
0.9999997570043565 0.5205996942554704 0.4999663188317898 0.5005151564567734 0.49996687180142085 0.5001750644763141 0.49992991993401903 
0.9995527159980766 0.9404316107563307 0.49994905819950736 0.5013084073632891 0.500162173686657 0.5002120718993052 0.49997855703901023 
0.6472555626256965 0.9239374744633253 0.49995238874505044 0.500874240297557 0.4999679575103611 0.4999872330252572 0.4999780204668324 
0.703387620028859 0.0 0.4999500492942959 0.40004559380563565 0.5000837464869052 0.5001940075533516 0.4998770425905913 
0.280107978047921 0.0 0.49998848231951387 0.4000456032203088 0.5000881027416711 0.4996779320261152 0.49999139472182297 
1.0 0.1785108274605483 0.49996941159171987 0.40005004462996846 0.5001263721036291 0.49972857251233305 0.49989802262741617 
0.13903536868288802 0.010393826249198448 0.5001187066822408 0.5003725760219668 0.500084443676196 0.5002221381526342 0.499873513590369 
0.3153604643106903 0.0 0.4999827666840964 0.40004559380563565 0.5000832833611037 0.49967540731348137 0.4999887378112799 
0.8290994243202907 1.0 0.4999538767977195 0.39912040969383655 0.5001239553801996 0.5000131786252933 0.49997855703901023 
0.3887163289310777 0.22813651305679875 0.49996868881589035 0.5004823842521622 0.5001232864292734 0.5001699693533305 0.49993036617842795 
0.16957034789263908 0.37127288343833315 0.5001187066822408 0.5003725760219668 0.5001376609245762 0.5002221381526342 0.49985359266938195 
0.6414290356534689 0.21160665483257862 0.49995574651712704 0.5004823842521622 0.500123584136354 0.5002054556465351 0.49993037362183756 
1.0 0.39419211726652764 0.4999887063646657 0.40004766707539946 0.5000888060198542 0.4996779320261152 0.4999913735066581 
0.6580263347417177 0.0 0.49998907285831734 0.4001117974630091 0.49996920115949084 0.5000079506383162 0.4999852437878804 
0.999580733880597 0.30616140720337803 0.49995238395272334 0.5008196289531254 0.49996764455299103 0.49968088464630733 0.4999146121844314 
0.8504032441317462 0.0 0.49998914285066315 0.40004559380563565 0.5000896216768363 0.5002098842351476 0.49987545778865766 
0.6648623569658517 0.1619025414305416 0.4999557567085119 0.4995152491421907 0.4999609296847024 0.5001799943736112 0.4998815401256914 
0.3118154349145681 0.3961592968620849 0.4999660044538935 0.4994727023022206 0.5000820396189272 0.500180406952626 0.5001789331803475 
0.4362027390949873 0.39636626405637676 0.4999660044538935 0.49948582550257703 0.5000809065727494 0.5001814592201974 0.5001789331803475 
0.9994024484785586 0.01490442693273962 0.5001193369202377 0.49919171021255687 0.5000818463341694 0.5002224590693158 0.49989785983867746 
0.4169934882330817 0.39636626405637676 0.4999660044538935 0.49948582550257703 0.500084033018496 0.5001805970532331 0.5001760749766425 
1.0 0.9155467019860895 0.49995389236289567 0.4001085249495438 0.500162173686657 0.5000029544334429 0.49997855703901023 
0.8465491718485332 0.0 0.4999500492942959 0.40004559380563565 0.5000865570290591 0.5001940075533516 0.4998770425905913 
1.0 0.3122523732215858 0.499984359288481 0.400192961028028 0.4999654912794631 0.5001673094390808 0.49998551094271865 
0.9973890159355777 0.9172570003028488 0.49997551981927363 0.4988317188877581 0.499972793355549 0.4997272824230197 0.49997819548541406 
0.9999990448073911 0.22813651305679875 0.49996868881589035 0.5004823842521622 0.5001232864292734 0.5001699693533305 0.4999303275906387 
0.9999995919497618 0.7216825986082358 0.49995733219245264 0.5019094806013288 0.5001481727017626 0.500221344857983 0.49988126546997846 
0.7098940375323705 0.9157748430556362 0.49995238874505044 0.49982722776453414 0.4999679575103611 0.5000028658573527 0.4999780204668324 
0.9999998419196244 0.0387837193136667 0.4999885525467418 0.4000345869073588 0.5000910082977914 0.50016713694942 0.499873241851473 
0.28398239913829065 0.0 0.49998848231951387 0.40004559380563565 0.5000817180240736 0.49967540731348137 0.4999887378112799 
0.8017787275662909 0.1255921833873715 0.49979484186997347 0.5003725760219668 0.5001607689418318 0.5002230003195984 0.49985639945684884 
0.9975708004179125 0.959987735368646 0.49996881646330893 0.4988317188877581 0.49996998457851505 0.5001700935006815 0.49997814945421515 
1.0 0.14148445865137874 0.49995855454144333 0.39917960984452017 0.5000857772079094 0.49972818276179337 0.49987364447810606 
0.9991581380097304 0.011504620907460003 0.5001187066822408 0.49947507268192337 0.500089624068685 0.5002193736309783 0.4998994236174292 
0.9999999921925145 0.33815099144666266 0.4999825754387374 0.40010989308131095 0.4999522360473288 0.49967126250065913 0.49997498138681906 
0.9177202772209825 0.0035208662357351095 0.49996594248271103 0.40004014412470384 0.5001483417190566 0.500179496924427 0.5001833723981409 
0.9610533929260296 0.33891084372204305 0.4999548874831176 0.5008196289531254 0.49996786102577867 0.5002411315768289 0.4999146121844314 
0.9698994271797486 0.9985333213599057 0.4999658071482091 0.40004143486672894 0.4999738223078319 0.5001918955564788 0.49986717814829584 
0.9994024484785586 0.025028766025817648 0.5001187066822408 0.4992038168395406 0.5000797610992327 0.5001895045815997 0.49989786018165233 
0.9339209547551955 0.9999672724635679 0.4999660508632222 0.4001664604494122 0.49996683084295107 0.5001655120820396 0.49987914254627336 
0.9999999921925145 0.5682052524047349 0.4999826193892278 0.40010989308131095 0.49995309190592097 0.49967126250065913 0.49997533432054403 
0.8211613208090135 0.29733924974388504 0.49995238395272334 0.5008196289531254 0.4999678348581429 0.4999910508276981 0.4999146121844314 
0.6580263347417177 0.0 0.49998907285831734 0.4001117974630091 0.49996920115949084 0.5000079506383162 0.4999852437878804 
1.0 0.547839195102214 0.4999844032389714 0.40004560468776007 0.49996227293317164 0.5001673094390808 0.4999855950727164 
0.28781816521319475 0.9999961182668491 0.5001186514109631 0.5003725760219668 0.500081160336798 0.5002125448196816 0.49986581731657315 
0.7685596918804047 0.1255921833873715 0.49979484186997347 0.5003725760219668 0.5001638953875784 0.5002187406487575 0.49998369496100564 
1.0 0.5347195473978517 0.49995389236289567 0.4001085249495438 0.500162173686657 0.5000047339821313 0.4999788672625942 
0.9999999461997877 0.9548028266599875 0.4999891498957213 0.4001113452155019 0.5001262131616369 0.499766972642752 0.4998797548312452 
0.7973300908124247 0.007301001112029304 0.4999581135766811 0.5005360931148806 0.4999683000949838 0.5000135330017078 0.4999031634081404 
0.16957034789263908 0.010393826249198448 0.5001187066822408 0.5003725760219668 0.5001639077169739 0.5002221381526342 0.49985359266938195 
0.4343447758000496 0.003133496376092282 0.499966138518638 0.49948582550257703 0.5000809065727494 0.5001814592201974 0.5001789331803475 
0.98119102566095 0.012035729226438294 0.5001187066822408 0.49947507268192337 0.4999539473602993 0.5002122593539471 0.4999756928649729 
0.7614567758936892 0.1255921833873715 0.49979484186997347 0.5003725760219668 0.5001641581065914 0.5002224150747825 0.4998555108665895 
0.9999999921925145 0.3251268624670836 0.4999825754387374 0.40010989308131095 0.49995309190592097 0.49967126250065913 0.49997498138681906 
0.8240305482727139 0.0 0.5001235793509223 0.40004559380563565 0.5000865570290591 0.5001940075533516 0.4998770425905913 
1.0 0.5243003940864199 0.49998309306630667 0.40010989308131095 0.5001278319168643 0.49967126250065913 0.49992287114118283 
0.035975690533629534 0.0 0.49998848231951387 0.40004766707539946 0.5000877336726407 0.4996779320261152 0.4999913735066581 
0.9999999461997877 0.06205139412072158 0.4999891498957213 0.4001113452155019 0.5001262131616369 0.49974575842053337 0.4999730014440734 
0.9310562822083297 0.2483939252593138 0.49979784094010693 0.5003725760219668 0.5001352258998201 0.5002257185167582 0.4998977256383998 
0.6503833578378007 0.9343236729954457 0.4999560597570676 0.4988317188877581 0.49997028228559565 0.5002059303428963 0.49998001917892476 
0.991979691151656 0.025028766025817648 0.5001184794569885 0.5003392501785543 0.500126779907197 0.5002224590693158 0.499900889890436 
0.9308925800668681 0.0 0.49996583548304185 0.4000487183319464 0.49996625147967283 0.5001940075533516 0.4998770425905913 
0.9498798071562015 0.9990547202891139 0.49995612135750217 0.4000971294990365 0.49997188791881636 0.5001655120820396 0.4998835368545496 
0.9989524285845981 0.9880797704212305 0.49996599890617965 0.4001664604494122 0.49996683084295107 0.5001655120820396 0.499879181587732 
0.8211613208090135 0.29733924974388504 0.49995238395272334 0.5008196289531254 0.4999678348581429 0.4999910508276981 0.4999146121844314 
0.6472555626256965 0.9469726029122052 0.4999558741645456 0.4988317188877581 0.4999694264270035 0.5001800233484327 0.49997819548541406 
1.0 0.5553307631592062 0.4999844032389714 0.400192961028028 0.4999654912794631 0.5001673094390808 0.49998586387644356 
0.9213817859288405 0.015330678045011314 0.49996594398634836 0.4997986485349818 0.500076996832269 0.5001794829393761 0.5001833257010369 
0.9314033770157354 0.1255921833873715 0.49979784094010693 0.5003725760219668 0.5001352258998201 0.5001671999645578 0.4999301185448103 
0.013107254759361087 0.996631684581104 0.4999562844427822 0.4000422369301997 0.4999738223078319 0.5001917659021757 0.49986717814829584 
0.8211613208090135 0.03579699027804767 0.49995238395272334 0.5008196289531254 0.4999678348581429 0.49999410136366923 0.4999146121844314 
1.0 0.9740557933028373 0.49998848231951387 0.40004488441878056 0.5000905938315889 0.5001697401826497 0.4999855950727164 
0.9498798071562015 0.9990547202891139 0.49995612135750217 0.4000971294990365 0.49997188791881636 0.5001655120820396 0.4998835368545496 
0.703387620028859 0.0030579559993214045 0.4999500492942959 0.40004558020830266 0.5000837464869052 0.5001970137326393 0.5001850506844774 
0.9903984828409994 0.1637477554126483 0.49995503996455243 0.4994793667179226 0.5000809065727494 0.500181780136879 0.49989824122291576 
0.9985550610097651 0.06114476438033006 0.4999712615550776 0.5002146763366561 0.4999722273295481 0.5002414436203513 0.49991436272089657 
0.9989776897137429 0.9880797704212305 0.49996599890617965 0.40016644075061675 0.49996683084295107 0.5001655120820396 0.499879181587732 
1.0 0.029368971620822443 0.49998847372572613 0.40004799513779243 0.5000786925398916 0.4996753207574805 0.49992287114118283 
0.9151968891226923 0.1255921833873715 0.49979484186997347 0.5003725760219668 0.5001638953875784 0.500221539917692 0.4998535412531439 
