1.0 2.761783816648846E-16 0.49986213897937354 0.4999325716495397 0.49961138311927195 0.49986770201278097 0.5001196903991614 
1.0 0.9999999999999792 0.4998918213525995 0.49822524200721013 0.49976763387470924 0.499812036607758 0.5000988583519872 
0.9968218392894472 0.9999999999999973 0.49987862766915736 0.59858837082924 0.49990068060846 0.49986100668891764 0.5000991184328083 
0.0 0.8329805715301273 0.4998983233290951 0.49991584308287 0.49992495037346696 0.49990490866842796 0.5001218477092099 
1.0 0.9999999999999792 0.4998918213525995 0.49822524200721013 0.49976763387470924 0.499812036607758 0.5000988583519872 
1.0 0.7325712928830836 0.4998918213525995 0.49822524200721013 0.49976763387470924 0.499812036607758 0.5000787102399342 
1.0 0.9998072852096028 0.4998920645238543 0.49822524200721013 0.49993295123643183 0.4998141320463893 0.5000973328931418 
1.0 0.7165025119906788 0.4998918213525995 0.49822524200721013 0.49976763387470924 0.499812036607758 0.5000805245248502 
0.9999999999999998 0.9999999999999911 0.49989706006176904 0.4999019366427719 0.4998871619340832 0.49990126397043266 0.5001825589250908 
0.29935770614296064 0.677786932798047 0.49986312183636883 0.49990120695191265 0.49976899786627194 0.499867150720383 0.5000770706444185 
0.7764835455066545 0.2170189877171636 0.49986123159357393 0.49994917350722456 0.4998919013415167 0.49976763153227316 0.5001869476479687 
0.9184370981320609 0.06527209370118592 0.49986190658337204 0.499932839510318 0.4998891712185623 0.4998663933068842 0.5001474593968673 
0.9163074218848496 0.022231947834044315 0.49982493999860605 0.5001047808326047 0.49976869009327834 0.4998817838232991 0.5001450056543901 
0.49553417664754806 0.9999999999999792 0.49986232155262056 0.49822524200721013 0.49976764501867804 0.5005475120077214 0.5000988583519872 
0.32470861978456855 0.022462549966541068 0.49982522154907094 0.5001047808326047 0.49976873403327166 0.49988335455328464 0.5001450056543901 
0.3519813357891414 0.9093963864471457 0.49982238147119207 0.5001374618424224 0.499775733748328 0.499803021351345 0.5001231325235208 
0.14999738966437584 0.07181978647327089 0.4998364816539931 0.4999222744737602 0.4997715169306741 0.5004829093635428 0.500187133617668 
0.7897361556322338 0.9732625032789151 0.49989674738601947 0.4998995376784007 0.49993500464937884 0.49978096027722596 0.5001820500387875 
0.9348728793182972 0.7641900170521213 0.49985982342256474 0.4999433996925457 0.49989461725645007 0.4997728926742566 0.5001500905171076 
0.941264222429766 0.12445610232424476 0.49987854482376887 0.5000885151006376 0.49992144970746105 0.49986548915300927 0.5001841960530423 
0.8047049896465955 0.4852173825388485 0.49989224490716216 0.4999500387942111 0.4998886632995998 0.4998982197263856 0.5001377118587095 
0.02905753360748703 0.9078658003108843 0.4998600587257688 0.49995013722857473 0.4999242597342055 0.49976610207045447 0.5001231147568376 
0.44666618876503517 0.022462549966541068 0.4998592968980843 0.5001047808326047 0.49976870606976903 0.49988335455328464 0.5001450056543901 
0.8537996489415363 0.747341350299216 0.4998212062881833 0.5001510690832567 0.49993500464937884 0.49978096027722596 0.5001235228700452 
0.059202723036465565 0.9430930882385412 0.49988116916212016 0.5000553151624421 0.4998920859531399 0.4998664333274553 0.500137818709851 
0.36122487271657966 0.6891223283411974 0.4998222481763136 0.5001378003127449 0.49976886841335405 0.49986684366088635 0.5001229016452335 
0.14041934255621935 0.6848746236961236 0.49987929749179855 0.500153552303539 0.4997684005744792 0.49994113521506134 0.5000770706444185 
0.9088821083431827 0.05847962713488192 0.49986237741570194 0.5000861482912374 0.49989673473956026 0.49990099929466153 0.5001375256573705 
0.4311328816777072 0.8168478870885263 0.49982462562805 0.5001374321926139 0.4997757800461139 0.5004104026368781 0.5001206041025583 
0.19227932012738552 0.07381349611326235 0.4998829353368046 0.5000864027656988 0.49988040236538145 0.49988979809953715 0.5001261229952715 
0.40401432604678506 0.6891223283411974 0.4998223941140535 0.5001377914118544 0.49977547284433954 0.49980618928894954 0.5001199955354637 
0.5760445913726523 0.014482453701462339 0.49981744906718495 0.5001433949687977 0.49987932083560616 0.49991376202319737 0.5001896894280086 
0.892648661448833 0.1455770715439061 0.4998621248458201 0.4999012607701668 0.4997715451542607 0.5004361658918228 0.5001232019210111 
0.7176219865697144 2.761783816648846E-16 0.49986213897937354 0.4999325716495397 0.49992196098262986 0.49986770201278097 0.5001195647515893 
0.5248738982532769 0.2272973157130066 0.49986199562242284 0.49994999470559864 0.49993895117609266 0.4998983982228658 0.5000708700403784 
0.8970888132849009 0.09868561821587751 0.49987959436221535 0.5000854960328823 0.4999213537736631 0.4997695757175938 0.5001230941609288 
1.0 0.07216318489858448 0.4998918213525995 0.49991845706008947 0.49976601252279124 0.4998067036115031 0.5000987032702049 
0.7335944794244894 0.05683362316902809 0.4998995812802657 0.5000866528297531 0.49989991200878114 0.4998897420368781 0.5001871274951599 
0.8765273941693533 0.5788015021073488 0.4998333448984304 0.5000823312007288 0.49975750163799637 0.49989201745286704 0.5001511573159081 
0.8371682809385227 0.12209037576573001 0.4998787287664151 0.5000779987550894 0.4999027536300323 0.49986770201278097 0.5001924269725662 
0.9574740030100222 0.9408004173509013 0.49989817332669906 0.4999308412582325 0.499924629691696 0.49989897331207006 0.5001209012546584 
0.5889507242076608 0.017719665691763087 0.4998615834227864 0.500090385279789 0.49992849819639384 0.5003907149757764 0.5001229010947076 
0.6239749295622518 0.6884772778454668 0.4998212919041061 0.50014362913547 0.49975855026643184 0.4998942476316264 0.5001220936219508 
0.9911592109678066 0.037551853014457015 0.49989207398504465 0.5002141035804678 0.49988642075981654 0.4998134206443676 0.5000974033534973 
0.49120326448580376 0.9093750398438545 0.499822393776254 0.5001374618424224 0.499775733748328 0.4998029531768817 0.5001231325235208 
0.16151643847219702 0.07282362222651595 0.4998364816539931 0.4999222744737602 0.4997714292223226 0.5004630657641704 0.500186101305727 
0.9890382894502595 0.8859315200267848 0.499896821055424 0.500087151639674 0.4997745177658535 0.49986736983220564 0.500122502397146 
0.97643447030045 0.07184357946169545 0.4998349077106623 0.5000777685356738 0.4997618657439302 0.4998927754806842 0.5001867371350315 
0.9890382894502595 2.761783816648846E-16 0.49986213897937354 0.5000811927152463 0.4997732634513598 0.49986736983220564 0.5001193033447661 
0.5965683681101162 0.7844920234807113 0.4998618205540904 0.4999321558163156 0.4997622209653177 0.49977093477829687 0.5001514676562515 
0.16005476491456483 0.003519657398869544 0.4998920693926257 0.5001351094236756 0.49988401419527717 0.4999797877299749 0.500183636641641 
0.3934917128457509 0.8734512076911738 0.49985898554679353 0.5000879074822135 0.49992395324318845 0.500409025037075 0.5001223504706614 
0.7969432199280415 0.7125586451296118 0.4998212919041061 0.4998064601395001 0.49975855026643184 0.4998930177620219 0.5000789723046277 
0.89247987466813 0.6830848468157791 0.49988164684842806 0.5001521372071362 0.4998913002358072 0.49988350608327453 0.5000783781001286 
0.7549812172384048 0.6605032328915224 0.4998904969293605 0.4998980092453236 0.49991532039617514 0.4998946633269106 0.500122345202971 
0.8269182472785866 0.05528770641874986 0.49985898554679353 0.500086773920471 0.4999239373938348 0.499877311138226 0.5001506966868197 
0.6778972098017398 0.07631450226122749 0.4998782585558551 0.5000853188270912 0.4998837041281834 0.49977319708110657 0.5001231932673411 
0.4311328816777072 0.9684037243896215 0.499822393776254 0.5001374618424224 0.499775733748328 0.4998029531768817 0.5001231325235208 
0.5621833436305916 0.01120682260680786 0.49983300055810026 0.5000865530068169 0.49992653251891817 0.49979280337988624 0.500122842988772 
0.8183927109913622 0.4852173825388485 0.49983464971814745 0.4999083521148103 0.4997570260808741 0.49989201745286704 0.5001374660282605 
0.21078503705562673 0.6891223283411974 0.4998222481763136 0.500138839895419 0.49987946158705704 0.49980618928894954 0.5001229016452335 
0.6413342417282991 0.927800844708864 0.499891821141299 0.49990124185780155 0.4997682585116814 0.49977052988236775 0.5001506786913972 
0.2484067777551454 0.8860565990991462 0.4998979972589065 0.5000868286315194 0.4999267197550411 0.4998854095470139 0.5001224048130084 
0.2728556197840928 0.17209871815162603 0.49982163375853084 0.4999012607701668 0.4997715451542607 0.5004450166424985 0.5000710954794215 
0.6446924018529921 0.47653973377093417 0.49985934962059075 0.49992220086998856 0.4999314896650866 0.499893306182778 0.5001218855648967 
0.3982938429748014 0.6417516624447429 0.49985898554679353 0.5000879074822135 0.4999239373938348 0.500409025037075 0.5001506966868197 
0.766538436872319 0.8788713374730699 0.4998917635337005 0.5000950156133759 0.49989424119527043 0.49989004646177193 0.5001470489524277 
0.2728556197840928 0.7968068083480071 0.49982163375853084 0.49990157695949106 0.4997715451542607 0.4998819463910512 0.4999702679940209 
0.2880843206345818 0.007064192149013493 0.4998262638909922 0.5001339463661408 0.49977374126895896 0.4998829526882714 0.5001450056543901 
0.7226082739369626 0.749773232794834 0.4998195297363244 0.499903654146982 0.49994054549624606 0.49977044998780396 0.500184455955331 
0.22409641088730864 0.17327243350275207 0.49982120725400014 0.5001512998578665 0.4998837041281834 0.49977413274140015 0.5001231932673411 
0.4704786130929186 0.2272973157130066 0.49986199562242284 0.49994999470559864 0.4999350027318621 0.4998983982228658 0.5000708700403784 
0.6054989374488183 0.4943270627245343 0.4998349077106623 0.4999083521148103 0.49975231731696496 0.4998930499073385 0.5001230749089147 
0.8423288071825581 0.10281382861431881 0.49989734243375317 0.5000805489137568 0.4997689692972772 0.49991515139723575 0.5001312887162375 
0.6614020623249441 0.009194385830014307 0.4998616511658796 0.5000865666939869 0.4999277261408544 0.4998958671367652 0.5000776184829314 
0.5430735830650537 0.9814541543241483 0.4998786237936071 0.5001350999491566 0.4999262178362578 0.4998798598039814 0.5001912412327224 
0.6828639948122954 0.008673596198705946 0.499863842275629 0.5000849230765452 0.49977097349332966 0.49989531949118193 0.500145115210553 
0.9996663976853097 0.9314134478679157 0.49989706006176904 0.4999019366427719 0.49988571653994 0.49990126397043266 0.5001825589250908 
0.7101532091676499 0.07435992157246132 0.49987854667121373 0.5000866328304786 0.4999262813302323 0.4998649330092188 0.500071004915707 
0.9704697426324902 0.47024795429847177 0.4998349077106623 0.4999083521148103 0.4997570260808741 0.4998930499073385 0.5001372073385757 
0.4611831016107045 0.2272973157130066 0.4998614224310329 0.49994999470559864 0.49993768338927763 0.49990080532805803 0.5000708700403784 
0.9999999999999998 0.49335640746867326 0.49989706006176904 0.4999019366427719 0.4998871533032177 0.49990126397043266 0.5001825589250908 
0.8775943783972017 0.5827305796449432 0.499891821141299 0.5000828306546744 0.49978409677192615 0.4997902356855816 0.5001514335286052 
0.0821886989973793 0.6759328160134763 0.4998590621987845 0.4999331853616494 0.49977622827653456 0.49989411702128733 0.5001514605734427 
0.5930644488510954 0.5023800433543513 0.49989706006176904 0.49993240593365773 0.4998871533032177 0.499899717326581 0.5001825589250908 
0.8439410188094816 0.6891223283411974 0.4998950455001086 0.5000784018295746 0.4997691696888143 0.49980618928894954 0.5001199955354637 
0.7110933612399364 0.09278772089735848 0.4998995812802657 0.5000866528297531 0.49989991200878114 0.4998897420368781 0.5001871274951599 
0.5589549918016444 0.12209037576573001 0.4998174893965586 0.5000796449333149 0.499925971745376 0.49986814990682854 0.5001979414667334 
0.23661712865323764 0.100660360304104 0.49982120725400014 0.5001512998578665 0.4998837041281834 0.49977413274140015 0.5001259967196277 
0.6475177275790445 0.903517199747425 0.49987946935999056 0.5001492543788737 0.49988224975366385 0.4999448623469369 0.5001312442722475 
0.5096084264510101 0.6759328160134763 0.4998590621987845 0.4999331853616494 0.49977248450472556 0.49989411702128733 0.5001513799730355 
0.7578526295721137 0.8854894947371268 0.49981895209032645 0.500087151639674 0.499941908271044 0.49986736983220564 0.5001832367467396 
0.6828639948122954 0.5056822130284652 0.499863842275629 0.5000804789730586 0.49977097349332966 0.49989531949118193 0.5001375698801515 
0.9999938635980542 0.024674774911195463 0.4998212487600357 0.4999447063933529 0.49993500464937884 0.49986730216550046 0.5001235115836833 
0.6239749295622518 0.7263332555895077 0.4998212919041061 0.4998064601395001 0.49975855026643184 0.4998930177620219 0.5001773789681992 
0.870506776529966 0.1455770715439061 0.49986088998457273 0.4999012607701668 0.4997715451542607 0.5004450166424985 0.5000710954794215 
0.5245916743825916 0.6211038090079004 0.49985896505447813 0.4999355315492024 0.49992927718353514 0.500394793531199 0.5000972338852554 
0.7373859141710338 0.18251519015388318 0.49982946611144063 0.4999349375468484 0.4998955006932039 0.49989453244406484 0.5000721402643997 
1.0 6.451941551323948E-4 0.49986213897937354 0.4999325716495397 0.49961138311927195 0.4998676887130713 0.5001196903991614 
0.4661872451045254 0.006283984648802365 0.4998615834227864 0.5000903338153168 0.49992849819639384 0.5003907149757764 0.5001229010947076 
