1.0 1.0 0.5000029826893737 0.4999716070718958 0.5000283501556377 0.5001696453955673 0.5001016554649759 
0.0 0.39747836598771447 0.49999375795074086 0.4999955035646081 0.49999186019762437 0.5001683095175063 0.5000975907379335 
1.0 1.0 0.5000029826893737 0.4999716070718958 0.5000283501556377 0.5001696453955673 0.5001016554649759 
1.0 0.0 0.4999899953010188 0.5000192083870004 0.5000393265799868 0.500173952683627 0.50009958147447 
0.8961467560528761 0.09312830383987739 0.5000027054379954 0.4999912397331214 0.5000308436133096 0.5001727379415409 0.5000689061315935 
0.811638315013277 0.8860755510899034 0.4997104165368322 0.5001907437282089 0.4999848918418632 0.5001751545400857 0.4998810730762288 
0.9753031190560247 0.13746014250539798 0.500002510075121 0.5000298516910918 0.499986459387434 0.500169731755561 0.4996879660230118 
0.04719572415645251 0.9892601613584606 0.49970359475318143 0.4999958160285964 0.4999913917766332 0.5001685657052461 0.5000975907379335 
0.7248498784989733 0.3842713511497561 0.5000073671601223 0.5000246218442728 0.500035491901627 0.5001772028746385 0.5000385240726373 
0.8288025166522018 0.637048287593931 0.49998653606406074 0.5001694669094765 0.49977000075823125 0.5002334217997287 0.50010863638998 
0.927561484367759 0.18301479008525606 0.5000492053267357 0.49998777237806374 0.5000382822611286 0.5001673612086198 0.4997796692563931 
0.34455476929784307 0.0027780304240348497 0.5000097856624545 0.4993842550906167 0.49998804775730193 0.50017057243681 0.5000669450599486 
0.6140723307574508 0.0 0.49999736051058896 0.49932841548065976 0.4999888153389779 0.500173952683627 0.5001008534490291 
0.8322213192415002 0.40247958872531314 0.5000506604832143 0.49999475794443093 0.499992779640423 0.500167877955322 0.5000304058529471 
0.5614593094969936 0.6531643290535631 0.4999829305082823 0.5000277338352891 0.4999762380052079 0.500219673120647 0.4996714041060592 
0.9284663307915096 0.06317751472649613 0.5000087218967209 0.5001713473023925 0.5000307665498837 0.500238856650949 0.49964206452800186 
0.9936653411589346 0.7090678917287081 0.500002757055079 0.4999716070718958 0.4999712630870536 0.5001696453955673 0.5001016554649759 
0.621936909784134 0.6799953750999991 0.49999738869273186 0.5001713371145157 0.49998970754594785 0.5001792675053914 0.4996612692087522 
0.6274982961919067 0.3434840627901773 0.499991679114473 0.5000025688933384 0.49998807803531714 0.5001754330865154 0.5001020868027727 
0.449396467549548 0.8189488627842063 0.500011495233659 0.5001682567003228 0.5000384325690526 0.5001664059574726 0.5000877250348841 
0.6440717339501801 0.3434840627901773 0.499991679114473 0.50000880254229 0.49998807803531714 0.5002115258586907 0.5001020868027727 
0.5057669515546294 0.6799953750999991 0.5000027775110739 0.5001708869239984 0.5000220790258432 0.5001792675053914 0.5001004331276484 
0.8753799769113767 0.18245293812615723 0.5000026931503149 0.500030430519268 0.5000391907231112 0.5001697010250863 0.4997556073035145 
0.9962440498981995 0.5627991622702139 0.5000029826893737 0.499972067381758 0.5000283501556377 0.5001728492796771 0.5001017630572555 
0.9879101858139309 0.031685916963880234 0.5000027429909355 0.49997010572352085 0.499987657580241 0.5001698033244282 0.5001016543602071 
0.5614593094969936 0.007116371017586498 0.4999835364488164 0.5001778617045158 0.49997626441188353 0.5002192956654561 0.500110868199632 
0.9614226525007503 0.5943403715921096 0.4999724721851098 0.4999918674913468 0.5000385257236605 0.500173008275016 0.49977123300558324 
0.7574500795350936 0.39741056631797494 0.5000023295446885 0.5001713192819521 0.500035984643287 0.5001771561049874 0.500093007148261 
0.34505350651969524 0.8480599181901336 0.5000017658588232 0.500028559684343 0.4999881234130802 0.5002200821305189 0.49966454827017914 
0.8474319374563303 0.39140426251353133 0.4999928395068379 0.5001785726865546 0.49999145108219106 0.5001681597166439 0.5000865832214435 
0.6882148788973214 0.6566395364043223 0.4999923624347343 0.5001717771859386 0.49999145333986134 0.5001683095175063 0.5001005625860725 
0.8029767535902188 0.24887392699909544 0.4999954987044379 0.5001907849665763 0.5000386243226124 0.5001774152570315 0.4998849072573833 
0.24472398250824168 0.40247958872531314 0.5000513432890666 0.49999276422175976 0.49999145646624116 0.5001677624619987 0.5000300477786095 
0.4191984647170442 0.9931974016124665 0.500007547372879 0.4999978584614067 0.5000319170695291 0.5002399817937835 0.5001469615945516 
0.9790234679479483 0.8979934500943637 0.4999999158666572 0.5000143232368631 0.5000384104634649 0.5002370066633002 0.500065560289143 
0.5122642446704774 0.005382089101286791 0.5000483145906962 0.5000300071620025 0.5000355045835907 0.500173010301773 0.5000384610837815 
0.4751391270694683 0.5943403715921096 0.4999724721851098 0.4999918674913468 0.5000385257236605 0.500173008275016 0.49988545173878446 
0.4004993305119111 0.6540726254237584 0.5000074494225446 0.4999978584614067 0.5000296596978495 0.5001705733602889 0.5001469615945516 
0.712734945534151 0.2505156814580788 0.4997062054774467 0.49999128473534643 0.4999888711560047 0.500173008275016 0.49989410828098413 
0.7241967082680352 0.13134616480123915 0.4999966726724516 0.5000274912960798 0.5000291058914589 0.500177041296769 0.49981353359610925 
0.8220484208391444 0.9981703411398275 0.4999632345565498 0.49994201424053475 0.499785911190964 0.5002428460442818 0.49977967217180674 
0.9936475735279673 0.47336858969975476 0.49999369115183573 0.4999957216845585 0.49999282631832404 0.5001683095175063 0.5000975907379335 
0.7633056754331013 0.39741056631797494 0.5000023295446885 0.5001713192819521 0.5000308016265108 0.5001771561049874 0.49966702506567695 
0.1592178283082922 0.763246457108117 0.49999395570232597 0.5000026833541755 0.49998941663429014 0.5001780315307301 0.49990223136449397 
0.7100880518884811 0.5762914139428387 0.49999455094726813 0.499991830662316 0.4999892101046008 0.5001744399473701 0.5000045533355538 
0.07971756400274899 0.24928716800786888 0.4999966726724516 0.5001784126153491 0.4999926638314816 0.5001663783364717 0.49980827341101364 
0.6534262649124296 0.9869719766623893 0.4999935074535582 0.49999806600717106 0.5000322902428265 0.5001669978294929 0.4998150810122679 
0.5922494189768849 0.3933575301642554 0.49999336308683356 0.49998746779320025 0.4999913917766332 0.5000180974984069 0.500110666042088 
0.9746585697510113 0.9695736581573549 0.49999849140075636 0.5000078855156781 0.5000315004161762 0.5001671446193159 0.4996790144804411 
0.3266016051290133 0.09312830383987739 0.5000099073158397 0.4993838911647177 0.5000354576576662 0.5001727379415409 0.5000669354303032 
0.6566165969358705 0.9399992388782954 0.4999939128030199 0.5001269146289196 0.500039761766638 0.500177326816112 0.5000410733590704 
0.7666265934528806 0.9982830544813679 0.5000029914306577 0.4999716070718958 0.4999918994471066 0.5001771079851471 0.5001016554649759 
0.6699992350807977 0.675893071421443 0.4999939128030199 0.5001265522923932 0.500039761766638 0.500177326816112 0.5000410733590704 
0.9566757682717227 0.2619135375060292 0.5000479771539306 0.49999010661972926 0.5000306783890616 0.5002141647920135 0.500037293359861 
0.7761484410130081 0.6468361686830334 0.5000024163488478 0.5000300071620025 0.5000418312385537 0.5002201891793471 0.50011212479797 
0.9769178010316483 0.14786538575834907 0.49999413723233815 0.4999901533393229 0.500029071897409 0.5001687300448295 0.5000360062051381 
0.9129780162654786 0.9171095095367479 0.5000028988305284 0.5001292396601069 0.4997501478063463 0.500242261919827 0.5001016088636434 
0.9880929176353607 0.007146225864221782 0.5000027373859509 0.5001787069646096 0.4999909125762571 0.5001665007910022 0.5001110372492987 
0.9078908495144787 0.9596044608741228 0.5000027054379954 0.4999912397331214 0.5000306970029302 0.5001682093449767 0.5000689061315935 
0.9579784211730664 0.9512462946924243 0.5000118485551361 0.4999872686406742 0.49998870886769176 0.5001766570262508 0.500041203470221 
0.7731731952242226 0.24063949273928453 0.49998963015997255 0.5002002467621365 0.500028505267292 0.5001774152570315 0.5001013927132832 
0.49530260827570183 0.9695736581573549 0.49999849140075636 0.5000078855156781 0.5000315004161762 0.5001719256545247 0.5000321167615576 
0.9410877471029838 0.6389046133521464 0.5000119713738848 0.49998680833081205 0.4999864514960122 0.500169727015825 0.5000409284646484 
0.6280591075150053 0.8124834736283337 0.49968291083227273 0.500002964575021 0.49999303874147427 0.5001796073255035 0.500065560289143 
0.23551743353440951 0.39300319769985775 0.4999934409578244 0.499994084134873 0.5000283813219855 0.5001679661263178 0.5000294912819689 
0.18777052236054387 0.29813120344347505 0.4999985067063083 0.5001114569393562 0.5000314529912147 0.5001681789868734 0.5000322611025679 
0.935848938562021 0.6349173507029268 0.5000121544490786 0.4999822790806134 0.4999888801990141 0.500169727015825 0.5000175363267918 
0.9319744716451775 0.2077217521810732 0.5000124980723588 0.4999715785038193 0.49997634713540073 0.500169667869233 0.49977004162820793 
0.2901771225033217 0.25096039515156554 0.4999937650174093 0.5002045675155056 0.5000386243226124 0.500176878146595 0.5000477990319825 
0.4290283336420806 0.26038594499048956 0.5000027070048888 0.5000310829177043 0.5000301705814219 0.5001773124583166 0.5001716277828524 
0.8754266104354439 0.16815927103561293 0.5000119713738848 0.4999828514617843 0.4999864514960122 0.500169727015825 0.5000409284646484 
0.3796175431388883 0.8191394076827825 0.5000027056378697 0.5000308422194388 0.4999892194968483 0.500177167002834 0.5001576777282393 
0.3655341888178357 0.09312830383987739 0.5000027054379954 0.4999912397331214 0.5000306970029302 0.5001752680987726 0.5000689061315935 
0.9579784211730664 0.9806574112674681 0.5000120693242192 0.4999872686406742 0.49998870886769176 0.5002391354493195 0.5000409284646484 
0.1475850548434107 0.24114768868709058 0.4999995966241048 0.5000080189632102 0.5000384104634649 0.5002365649554978 0.5000513455601197 
0.6963868648199633 0.9985726503327592 0.4999834443872578 0.5001257014030209 0.49997725270182614 0.5001773357002288 0.5000410733590704 
0.2241037258152888 0.7235154435571208 0.4999944726064797 0.5001808928243084 0.49997205036017434 0.500212925641382 0.500110131184167 
0.8105034720628939 0.7954964244680428 0.499701488406508 0.5001964969055891 0.49999304680378126 0.5001728684264832 0.500065560289143 
0.7879313696561695 0.16759918776901797 0.5000492053267357 0.49998777237806374 0.49998797962845337 0.5001673612086198 0.5001508632821244 
0.6361061916944044 0.0 0.49999733482242315 0.49932841548065976 0.4999888153389779 0.500173952683627 0.5001008534490291 
0.6551622325943051 0.9514251229638364 0.5000496373976763 0.5001715065768005 0.5000327543767009 0.5001672784990782 0.5000884026086837 
0.2901771225033217 0.2149847044890083 0.4999937650174093 0.5002045675155056 0.5000386243226124 0.500176878146595 0.5000477990319825 
0.9206913532222061 3.585372167854042E-4 0.4999907300479098 0.5000027885121816 0.5000398297881662 0.5001752272204197 0.5000989164470477 
0.18382338528912348 0.2902992104054922 0.49999745247947014 0.5001120961725626 0.4999894777889391 0.5001680912138878 0.5000485635987254 
0.5548541650166948 0.015670871074587728 0.4999835364488164 0.5000221352722188 0.5000357999046027 0.5002196482325253 0.5000795051805131 
0.17315984593483708 0.0 0.4997123937996248 0.4993505920017684 0.4999888153389779 0.500173952683627 0.4997990248640929 
0.1165573355361868 0.27357501230582054 0.5000004000396595 0.5000089051416962 0.5000328201032642 0.5002369534359772 0.5000890169086833 
0.8220484208391444 0.8146157602189726 0.4999632345565498 0.49994589023474867 0.499785911190964 0.5002428460442818 0.49977967217180674 
0.6249290964328624 0.3855091544251055 0.5000030277272212 0.5000246218442728 0.4999886902033807 0.5001772028746385 0.5000385240726373 
0.794776640152453 0.653911465931502 0.500002877144359 0.5000300071620025 0.500035491901627 0.500173010301773 0.5000384610837815 
0.9974194253139163 0.9806574112674681 0.5000029521796965 0.4999872686406742 0.5000321904580343 0.500239841990979 0.5000409284646484 
0.9977202419877995 0.4880341684046359 0.5000029826893737 0.4999716070718958 0.5000283501556377 0.5001696453955673 0.5001016554649759 
0.7943480114275864 0.998899102559546 0.4999632345565498 0.49994201424053475 0.499785911190964 0.5002428460442818 0.49977967217180674 
0.3894036265363747 0.6676014419573084 0.4999923624347343 0.5001716774054827 0.4999895143431317 0.5001683095175063 0.5000978301626786 
0.6136767338505108 0.46933592665041635 0.4999971931729049 0.5001858226649649 0.4999895905398877 0.500212896971012 0.4996631670157045 
0.14033755080849541 0.9932892225176254 0.49971899491106186 0.49997160656312306 0.5000277142965911 0.5001684861346685 0.49983947768957687 
0.7761484410130081 0.02717749184573731 0.500003022289382 0.5000300071620025 0.5000418312385537 0.5002201642912254 0.50011212479797 
0.7956218701583181 0.9767192964164558 0.4999935074535582 0.49999667063075814 0.5000322358228063 0.5001670828190984 0.49980377795207903 
0.4450404968054801 0.2077217521810732 0.5000124980723588 0.4999715785038193 0.49997634713540073 0.500169667869233 0.4998842603614091 
0.3886804860863458 0.33475201246261066 0.49999745247947014 0.5001147721373588 0.49999013191023917 0.5002412283807681 0.5000426711159734 
