5.4782894884139946E-18 1.0 0.500114414252709 0.5001205058677045 0.5002267650244171 0.5000556129359508 0.5003785751551338 
1.0 1.0 0.5002502668586483 0.4998545522564799 0.49996016406266275 0.5000603613235706 0.4996256437180935 
1.0 0.0 0.499845342825491 0.4998613439804768 0.4999530917070627 0.49999394552744947 0.49990516984910505 
5.4782894884139946E-18 0.15226146271364183 0.5004795657287373 0.5001139207244464 0.5002267650244171 0.5000556129359508 0.5003785751551338 
1.0 0.0 0.499845342825491 0.4998613439804768 0.4999530917070627 0.49999394552744947 0.49990516984910505 
1.0 1.0 0.5002502668586483 0.4998545522564799 0.49996016406266275 0.5000603613235706 0.4996256437180935 
0.8872749715874342 0.5839038795303187 0.49990871402182663 0.4998645819806869 0.4999954801750418 0.500061328423456 0.4999167842352398 
0.08511260670170306 0.20550105171494448 0.49991974562956104 0.4998564964092493 0.4999753908086382 0.4999906980538001 0.49989544177751755 
0.4060997943977237 0.9493107711002464 0.500114414252709 0.5001228650084246 0.5002240817281938 0.4999929726022076 0.5008330145127754 
0.6080798080112275 0.650145966118182 0.5001202228761317 0.49999316719680015 0.4998786308455184 0.5000565636186917 0.500382737234294 
0.7999063038343569 0.5644825316468237 0.4999612959513831 0.49998417403032963 0.4998770714341751 0.5001165983482648 0.4999854889542838 
0.22547598267473706 0.18135217849080892 0.5000828875092691 0.4999769874397091 0.4999202054358351 0.4999951393672105 0.5003855581241352 
0.4965201712221534 0.5831712405212099 0.4999075217174159 0.4998155133514975 0.49999919323462994 0.5000612677395523 0.49934444687183704 
0.9545001408715321 0.8851192485395972 0.5001058301616652 0.49998554298092124 0.4998786868250451 0.5001229125178204 0.5003794150054809 
0.18547113478006277 0.9691247755370603 0.5000826653462896 0.4998145291309022 0.49993107041794665 0.5000635695563653 0.4996256634817193 
0.6499569110533895 0.5548768879850396 0.49990973612622147 0.499817337218254 0.49993554371300497 0.499981282272469 0.49998058170865173 
0.5270593617685624 0.022805366380342487 0.4998979646355317 0.4999843338160815 0.49988181833270556 0.4999789567225777 0.5003918843414836 
0.8414973206961409 0.884994214476788 0.49989635958738565 0.49985793866650313 0.4999757736190855 0.5000605683582514 0.49993655177337143 
0.24869310875582842 0.9460683096693351 0.5000699955473827 0.4999834775076555 0.4999980597245634 0.5000624821360256 0.5003438601388812 
0.031647538757257565 0.47350372277687647 0.49989686771023556 0.49996538432602045 0.49991237600540334 0.49998991291201084 0.4999505134397398 
0.9643670323055213 0.04842994083476258 0.4998467334281297 0.4998647224716494 0.4999752891902279 0.5000815758960357 0.49993102714447546 
0.7319079796508756 0.16424452381494725 0.49990947857287427 0.4996791974145667 0.49982327252637226 0.5000627147084403 0.4999588664920233 
0.9826188137904064 0.23295447206909453 0.4998451381045706 0.49998763912623845 0.49987409203932087 0.5000552137975727 0.49994378872908407 
0.5071687921748735 0.25485586816453276 0.4998995057106058 0.4999823811696359 0.4998765048651328 0.5000544964283784 0.5003551290443365 
0.9189923793811466 0.9785860171623082 0.49990871402182663 0.49986519636817245 0.4998800202893257 0.5000700289741904 0.4999167842352398 
0.13987304739352963 0.15108836630531125 0.500081039215499 0.4999869277558536 0.49980979601143455 0.49997440084266337 0.500387803359177 
0.9902171244628937 0.019188244667444454 0.49992014998670337 0.4998565401751747 0.499918962104357 0.5001258942415592 0.4999723038421733 
0.5270593617685624 0.20796685613288712 0.4998979646355317 0.4999843338160815 0.49988181833270556 0.5001216743420329 0.499922478487781 
0.9946766815857582 0.5548768879850396 0.49990973612622147 0.499817337218254 0.49993554371300497 0.4999783937774382 0.49998058170865173 
0.9955539424250708 0.7166702511203505 0.49985895883366604 0.49986218252609776 0.4998723937568808 0.5001171509514055 0.49991162978187825 
0.7448148594603891 0.8908857889495436 0.5001169873335896 0.4999883577304258 0.49995271549340886 0.5001175067726362 0.5003812440138325 
0.4340755937510673 0.5962975852680539 0.4999146888724177 0.4999862076800353 0.49989107912766784 0.4999771249255272 0.5003983216457183 
0.9492325143948761 0.2344688232900915 0.49990871402182663 0.49986519636817245 0.499882384245635 0.5000700289741904 0.49991824553253306 
0.8976572902251193 0.1040041214542296 0.5001141965531285 0.4999760791662739 0.4999539371661556 0.4999809682364327 0.4999298876432591 
0.31276503822958984 0.8824223461444962 0.49995887213125384 0.49998562049536877 0.49981483085869155 0.49999489468268254 0.5003792896926833 
0.8303436885870815 0.6852231370078554 0.5001168706359911 0.4999858082006349 0.49995257659666203 0.5001191862751374 0.5003813577912891 
0.5827659029022855 0.17719823905744794 0.4999000717945309 0.499895561835255 0.4999083175699619 0.500082748374691 0.499897560686282 
0.85693401386957 0.8821633840677666 0.4999186219066119 0.49978978079756275 0.4998773421803627 0.49999225090194005 0.5003779802722929 
0.526946940160786 0.567837624684951 0.4999075217174159 0.4998154054075813 0.49999919323462994 0.4999778459102247 0.49934444687183704 
0.3765253336279491 0.5518290128126205 0.49990976850559005 0.4999856543765056 0.49993540478045834 0.500113156144687 0.5003846640074614 
0.1338996561221464 0.17719823905744794 0.5000790852960019 0.499895561835255 0.4999083175699619 0.500082748374691 0.4998778399114014 
0.5553989126384381 0.5890786405469604 0.49984679523724224 0.4998941407579574 0.49988901079750997 0.49997771625373505 0.4999557305172347 
0.28672118641543437 0.8665601533771844 0.49998206289759056 0.4999838969356837 0.4999553273575592 0.49999489468268254 0.5003792896926833 
0.6416509545741256 0.031257642087431814 0.500078696938829 0.4998880356257145 0.49994561218148326 0.4999755503118662 0.500387803359177 
0.6272884384384299 0.09034319321738402 0.49989484067468776 0.49981645593510776 0.49993117471626264 0.5001285055841822 0.49962219399503516 
0.5361405296940471 0.13936295063081117 0.5001152824868265 0.4998194089090092 0.4999205906125356 0.4999977169243966 0.4999211918542725 
0.919475259658342 0.8821633840677666 0.499918559273958 0.4998660728251365 0.49987732596558 0.5000705651437656 0.5003779802722929 
0.856451133592372 0.9785860171623082 0.4999087766544805 0.49978890434059875 0.4998800365041085 0.499991714732365 0.4999167842352398 
0.9271053565464876 0.8409930822888739 0.5001323071483433 0.4998202533025364 0.4998834023050627 0.5000599346926828 0.5003463624954103 
0.9588439618166157 0.6691829470777687 0.5001058301616652 0.49998554298092124 0.4998786868250451 0.4999975453620462 0.5003794150054809 
1.0 0.9971978560130688 0.4998454704167187 0.4998545504357187 0.499961752138592 0.5001278068704531 0.4999267234396673 
0.6753040331653268 0.9262439047216307 0.4999069461939364 0.49988583912155937 0.4999216595373281 0.4999958733397609 0.4996263603181635 
0.9297317825010221 0.10874612236042525 0.5001133005776136 0.49998361498752764 0.49987253058047476 0.5001188294731099 0.5004599590495679 
4.302114490732367E-4 0.18414223744498504 0.5001145364232649 0.4999879990718918 0.49988541706438505 0.5000556129359508 0.5003768769868217 
0.6753040331653268 0.5742746824824414 0.4999073196821985 0.4999809923748154 0.4998859537288861 0.5000547803464616 0.49962589812285607 
0.9967400386371167 0.19637890787030274 0.4998447498174174 0.4999842963199718 0.49995242043513677 0.5000612659064897 0.5003657224595119 
0.9835348990246086 0.9691247755370603 0.49990802482561597 0.4998132221594266 0.49993107041794665 0.5000629758040408 0.49989889636955814 
0.8800365119333383 0.5493272976622137 0.49990973612622147 0.49981980269698806 0.49996128735936773 0.499981282272469 0.4999347258838359 
0.9951034042264194 0.9244741056217016 0.4999108643964751 0.4998208057988597 0.49995238617713395 0.5000536250267544 0.49989574878315457 
0.986647493876205 0.09034319321738402 0.49989511251561486 0.49981645593510776 0.49993117471626264 0.5001256170891515 0.49993219229802316 
0.20426173853526702 0.16078646114785156 0.500081039215499 0.4998616007555123 0.499815608148376 0.4999899855151913 0.500387803359177 
0.9382318681275305 1.0 0.5001057101230925 0.5001205058677045 0.5002267650244171 0.5000556129359508 0.5003793740080401 
0.8580088017270239 0.24731891186480948 0.4999473140535616 0.49986305670630343 0.4998776133745202 0.49999061359710906 0.49964483844454993 
0.766058531494031 0.5868275338125191 0.5001143910989405 0.499788890523632 0.4999514945983064 0.5001231485770058 0.4996332181296686 
0.7109766886706963 0.0 0.4998451494096058 0.49986037700526936 0.4999558806792438 0.5000586707310313 0.4999471179194102 
0.7763748193662883 0.5868275338125191 0.5001143910989405 0.499788890523632 0.49988357686524687 0.5001249410052627 0.49964356597012227 
0.9601395199058288 0.9441849314043415 0.4999186219066119 0.49978978079756275 0.4998773421803627 0.49999225090194005 0.5004043603368342 
0.7088179275369878 0.16119228581907838 0.4998451381045706 0.49998763912623845 0.4998147472435309 0.5000589111186671 0.49994378872908407 
0.9098692387791596 0.26783197148780824 0.4999081301768285 0.4998618585438963 0.499873561845598 0.5001379768256285 0.4999133153562351 
0.9826188137904064 0.30558390921533896 0.4998451381045706 0.49996538432602045 0.49991227438699304 0.5000820657492031 0.4999505134397398 
0.908528899487522 0.01634098437755127 0.4999097829436226 0.4998569995767184 0.49987941111724343 0.5000606912908152 0.49992166548293443 
0.7836164512763463 0.19710809848809527 0.4999207578916014 0.499861246491902 0.49989126097158176 0.49998167578987246 0.49998433507544865 
0.4042502338876954 0.649256144020801 0.4999198228135549 0.4999851879690827 0.4998743511570527 0.49998579276752414 0.499931033848321 
0.4340755937510673 0.02069358173289193 0.49989808216965853 0.4999862076800353 0.49989107912766784 0.4999771249255272 0.5003983216457183 
0.8809845019448915 0.5499564795866096 0.49990973612622147 0.49981980269698806 0.5000037515068088 0.499981282272469 0.4999347258838359 
0.9635614226183273 0.025714406135698697 0.4998974821417598 0.49998352355402187 0.49982709450777857 0.5001227256258277 0.4999569223875535 
0.31276503822958984 0.9608374264190597 0.4999584652170393 0.49998208159362656 0.499811279463504 0.4999935211163453 0.5003622746534083 
0.9968294551578994 0.9589034709100392 0.4998527842324192 0.49985457929018634 0.49982403298726114 0.5000654142789004 0.49960925325747946 
0.7450771332626752 0.23399658814423133 0.4998451381045706 0.4998610501425931 0.49995238617713395 0.5000552132796434 0.49994378872908407 
0.9278667138108626 0.6643484837047027 0.500116262420938 0.4998557709578218 0.49995061877555813 0.4999895171878849 0.49993519975620215 
0.6221657599683492 0.5962975852680539 0.49992312274678447 0.49997819017991135 0.4998989372286361 0.5000578004988715 0.5003981368848739 
0.947582937293605 0.17533743550715186 0.49984085925697347 0.4998202533025364 0.4999232759509513 0.5000599346926828 0.4999068641554035 
0.1838861710537899 0.22989091735619505 0.49990736621252363 0.4999865861344755 0.4999207188238858 0.5000548822652124 0.4999461171860934 
0.6416509545741256 0.2163534081403548 0.500078696938829 0.4998880356257145 0.4999494717271461 0.5001182679313213 0.49991839750547434 
0.011245333972696786 0.04842994083476258 0.49989846303379465 0.4998647224716494 0.4999753908086382 0.4999894230588435 0.49993102714447546 
5.4782894884139946E-18 0.18414223744498504 0.500114414252709 0.5001205058677045 0.5002267650244171 0.5000556129359508 0.5003785751551338 
0.8303436885870815 0.6569517869072139 0.5001169873335896 0.4999883577304258 0.49995271549340886 0.499992139616862 0.5003812440138325 
0.7088179275369878 0.2316792109003916 0.4998451381045706 0.49998763912623845 0.49995238617713395 0.5000552137975727 0.49994378872908407 
0.985666590627088 0.2344688232900915 0.5002669937872782 0.49985459150232747 0.499882384245635 0.5000700289741904 0.49991824553253306 
0.6416509545741256 0.21646973605797468 0.500078696938829 0.4998880356257145 0.49994561218148326 0.5001182679313213 0.49991839750547434 
0.9278667138108626 0.6569517869072139 0.500116262420938 0.49986128628344334 0.49995061877555813 0.4999895171878849 0.49993519975620215 
0.9047879296927058 0.22924015276519472 0.4999081276801317 0.4998636182695226 0.49994950880081584 0.5001379768256285 0.4999133153562351 
0.4010910519004127 0.8185484595518687 0.5001326039633525 0.4999812723825535 0.49992293866877613 0.5001165233728807 0.5003874308128582 
0.6896908723047901 0.977293934858315 0.49990732217889533 0.4999865600266314 0.4998711344268388 0.4999958733397609 0.49962589812285607 
0.7836164512763463 0.5797773149754502 0.5001033478371312 0.4997885022361761 0.49989152750108906 0.49998398687454276 0.4996598387636637 
0.6313828358719762 0.5962975852680539 0.49991447755917534 0.49997854204525777 0.49990566159188965 0.4999768597021419 0.5003983216457183 
0.8809845019448915 0.07590358145036447 0.5001159866291045 0.4998186181921148 0.5000033859975094 0.500060183600871 0.4999347258838359 
0.6815091371937297 0.16119228581907838 0.49984533346238164 0.4999946534852 0.4998147472435309 0.49999307918721075 0.49994378872908407 
0.9278667138108626 0.6757786147557919 0.5001208341891521 0.49986218226974416 0.49999935303734067 0.4999799894084767 0.5003815429522034 
0.9641857764148307 0.01635172519754796 0.49992014998670337 0.49998503881712236 0.49991861752882655 0.5001259148071665 0.49995749101048775 
