1.0 1.0 0.5329249210697097 0.49978072116248273 0.49976409283491635 0.5000828940548516 0.5001216723326591 
1.0 0.0 0.5000266671947949 0.49987884979194885 0.5000466067055874 0.5000774693632551 0.5001415088038594 
0.0 0.04537893453030849 0.5001114576713063 0.4998472511600869 0.5000457655787082 0.5000560618404191 0.5000626079036434 
0.9990625762906651 1.0 0.5060952635676659 0.49981263352053 0.47522681492529506 0.4917401954264725 0.5001187306796885 
1.0 0.9999999999999999 0.5001038195140292 0.4997799999562051 0.5000771012487134 0.5000515165641546 0.5000625806110915 
0.43963530612177126 0.02143064971229905 0.5001230656964096 0.49987621568469637 0.500076689207273 0.5000940033807606 0.5000905234635957 
0.14312255974136218 0.04792751505552573 0.5001026331715995 0.4998495124547037 0.5000751933182778 0.5000897375309182 0.5001284575012912 
0.015108467656336777 0.015260447744119443 0.5001037314686836 0.49992757883255506 0.5000771041738343 0.5000498942999482 0.5000683823749537 
0.33130644910346907 8.040858627506031E-5 0.5001047741585825 0.4998241965002528 0.5000115242357319 0.5000896151979028 0.5000950764498541 
0.06263780551418047 0.013618687922772054 0.5001174558439115 0.49987035445419686 0.499680766479157 0.5000925198917083 0.5000666759260776 
0.22579581671530002 0.0020620924640307736 0.5001143499646419 0.499814381372659 0.5000366664874006 0.5000663042500286 0.5001422002697057 
0.7661269496861887 0.7303870972505072 0.5000708537299036 0.4998938173248172 0.5000510761426653 0.5000671741622801 0.5000976023527819 
0.512635723186124 7.291809708495113E-7 0.5001035689251634 0.49987895885096656 0.5000620967739012 0.5000961732626467 0.5001406109028124 
0.41318406971785687 0.27268829581611703 0.5001182151260684 0.4998124825627629 0.5000550026597967 0.5000969614935848 0.5001187331781524 
0.39239731519961074 0.06460959177436268 0.5000952068833888 0.4998810324874337 0.5000410660057071 0.5000956729607596 0.5000619917449555 
0.8433630538100143 0.015865156055857456 0.5001155898828561 0.4998180966878399 0.5000807648108743 0.5000628756151204 0.5000655737071473 
0.11462428161749202 0.6803607156899771 0.5000667862549232 0.4998495124547037 0.5000752198452935 0.5000897210282319 0.5001284575012912 
0.9522489998980528 0.022397473500103543 0.5000856477691592 0.49988792111302827 0.5000310148293003 0.5001357923091053 0.5000545679519419 
0.23810402726284022 0.012978920104705603 0.500062460659126 0.49987978852887904 0.5000687845820658 0.5000971688966643 0.5000565974265256 
0.46399471978154505 0.022951665519518296 0.5001274215584951 0.4998703574751095 0.5000310881343464 0.5000415610678276 0.5000730127465316 
0.4891285125479552 0.011208047429420217 0.5001003273820152 0.4998756786629469 0.5000374817329941 0.5000531766447622 0.5000738274779694 
0.7477112160035352 0.19898411012277523 0.5000766184089035 0.49982460471277573 0.5000767189091917 0.5000896994097647 0.500095181680198 
0.09982671623875435 0.0011557882639347261 0.5001144121659926 0.49988102989819533 0.4997385797224987 0.5000564219261138 0.5000702378874365 
0.8288496879123516 0.08523700697659081 0.5000657184863947 0.49981613474839864 0.500038054168082 0.5001474075954654 0.5001387358590611 
0.9579825195943016 0.053015403694216263 0.5000637444327278 0.4998345898341001 0.5000991089268905 0.5000498365350702 0.500080905372773 
0.3351223896465939 0.04537893453030849 0.5001046537130884 0.4998467030242538 0.5000118535919328 0.5000560618404191 0.5000626079036434 
0.6709175212481373 0.30466378263180166 0.5001065209771999 0.4998271633995292 0.5001239414274012 0.5001431876869367 0.5000629987101265 
0.6893694155872888 0.029655478277825637 0.5000779771883419 0.49987140158626875 0.49964379071035264 0.5000951544847567 0.5000725580044304 
0.9360103515947304 0.05852085270603055 0.5001038185980498 0.499877497840162 0.5001263174728872 0.5000538991291813 0.5001426747276788 
0.5332886025246435 0.008800114204263632 0.5000911941888012 0.49987985715227723 0.4999763463787009 0.5000448584784443 0.5000845456058407 
0.36150269478922475 0.0369585041702728 0.500103010683532 0.49988870185438605 0.5000995466467905 0.5000951674763788 0.5000704759772144 
0.6497917119066076 0.02242938560573904 0.500062460659126 0.499880046663629 0.5000439195189281 0.5000974037785944 0.5000565974265256 
0.6101205073258784 0.3383155396282627 0.5000727641783526 0.49988874104984193 0.5000879641884887 0.5000951674763788 0.5000559588878807 
0.06357883608155634 5.7480767474603345E-5 0.5001037314686836 0.49983362238548457 0.5000774935332732 0.5000927104925385 0.5001418197019788 
0.7942764694074173 0.0017377623122727393 0.5001038038292499 0.4998224329003719 0.4999804142024929 0.5000496320497173 0.5001179745662118 
0.27767614319605016 0.7129145034902651 0.5000724312242283 0.4998789076417747 0.5000348411228389 0.500095197954242 0.5001415288744003 
0.4502969889658511 0.17046195793437338 0.5000780784073989 0.4998713619816584 0.50003815385275 0.5000635006521287 0.5000808239819159 
0.9136302911681993 0.062304947998599675 0.5001031484045942 0.4998778366544304 0.5001227615834644 0.5000493142601776 0.5000938553032657 
0.6300943652233569 0.7046603280554146 0.5000912452788158 0.499821836321721 0.5000500128918357 0.5000746488848321 0.5001428610876194 
0.600413596608988 0.3383155396282627 0.5000727174587131 0.49988874104984193 0.5000882375878245 0.5000951044771411 0.5000559588878807 
0.9872876148007842 0.010764857236782777 0.5000565266282722 0.4998208723823014 0.5000443291923123 0.5000746488848321 0.5001428610876194 
0.8080932154064727 0.16260917030003336 0.5000281027433174 0.49987019348012385 0.4996625704414475 0.5000951544847567 0.5000643697719038 
0.3803921478421046 0.0015125970583605222 0.5001050824897546 0.4998789076417747 0.5000115242357319 0.5000951363003658 0.5001426772348359 
0.731305793408855 0.08523700697659081 0.5000657184863947 0.4998759031220718 0.500038054168082 0.5001474075954654 0.5001372294685527 
0.12321238281087277 0.019592809146064982 0.5000674703218789 0.49987985715227723 0.5000736499029419 0.5000448584784443 0.5000845456058407 
0.35045740058550356 0.21345015015974936 0.5000675879200284 0.49987610769111956 0.5000991030502911 0.5000937044651125 0.5000915234235019 
0.09313518766536233 0.013594529209725259 0.5001155898828561 0.4998713183936165 0.4996864501786804 0.5000925198917083 0.5000666759260776 
0.5683121261744869 0.7300676739248351 0.5001001954168185 0.4998282312143546 0.5000337611215684 0.5001434821551518 0.5001407465924507 
0.19086818501534458 0.20912690417501079 0.500067680427724 0.49981623149653004 0.5000954438545702 0.5000634609067428 0.5000706525355753 
0.8757218116495888 3.719812006264256E-4 0.5000736886201034 0.4998799427800839 0.5000115242357319 0.5000441929651256 0.500121147079635 
0.26352616237698484 0.0016619304657709139 0.500076785711583 0.49982460471277573 0.5000276119143576 0.5000947651057854 0.5000918426330107 
0.9717714849586179 0.009583070637418353 0.5001036787201882 0.4998472511600869 0.5000456356646531 0.5000561408734774 0.500070520454375 
0.7415984708546349 0.20855068959098122 0.5000795335421055 0.49982460471277573 0.5000121484934178 0.5000954134474274 0.5000709411408761 
0.591674592691745 0.05852085270603055 0.5001038185980498 0.499877497840162 0.5001263174728872 0.5000538991291813 0.5001426747276788 
0.9856046914269699 0.0369585041702728 0.500103010683532 0.49988870185438605 0.5000879641884887 0.5000951674763788 0.5000705921147325 
0.5858413248026142 0.022974218100356658 0.5001239955726078 0.499870192036897 0.5000457140515707 0.5000415610678276 0.5000728238921807 
0.7778848529949666 0.029803410644470577 0.5001084867516775 0.49987118804596237 0.5000390037083949 0.5000422546559317 0.5000975359687124 
0.8606644078255212 0.05437185410240289 0.500091030105957 0.49984334582325746 0.4999909570299884 0.5000894207048491 0.5001284575012912 
0.16268370938257784 0.0038702620655999415 0.5001222674852446 0.49992917700415695 0.5000336018480047 0.5000765208347672 0.5001530437994819 
0.632013861448621 0.16260917030003336 0.5000784534349424 0.499870192036897 0.49965928382669894 0.5000741478699657 0.5000935192867872 
0.6953632676242233 1.1620946561347826E-4 0.500122500560734 0.49981469924254823 0.500027067038433 0.5000952297221962 0.5000595384719343 
0.2136601864727382 0.0 0.5001050824897546 0.499880046663629 0.49973344483754356 0.5000971688966643 0.5001415088038594 
0.7063979949939153 0.14671000879291635 0.5001105395176066 0.499847110199484 0.499720281619163 0.5000575528404104 0.500056409220946 
0.8794839294092006 0.29918429376214967 0.5001045269531692 0.49981079793840316 0.5000370503114452 0.5000774381708851 0.5001187331781524 
0.3122413657118312 0.18179805702302215 0.5001180953674836 0.4998928421540374 0.49975343571697384 0.5000952241326019 0.5001182062771883 
0.24911647023189343 0.0 0.5000767851605413 0.4998764290515517 0.5000115242357319 0.5000951973308496 0.5000899025312687 
0.30171867907519623 0.011512434069930851 0.5000755594755347 0.4998791142062542 0.5000914860311699 0.5000960370060351 0.5001408491660868 
0.9435909980612032 0.04537893453030849 0.5001037981501276 0.4998472511600869 0.5000734875699763 0.5000538886919643 0.5000626079036434 
0.8523338621282428 0.21923910344035885 0.500076665128543 0.4998709992070856 0.5000730794832723 0.5000924724119968 0.500095181680198 
0.8292996267645582 0.9667115159566717 0.5000657184863947 0.4998159128998346 0.500038054168082 0.5001448699665826 0.5000646509370583 
0.790895644333184 0.016738953915015883 0.500110559950208 0.49984618202579567 0.5001144280855523 0.5000546400320526 0.5000612867163028 
0.5246996790869145 0.6803607156899771 0.5000905101218455 0.4998757882555742 0.4999793621987476 0.5000894141909639 0.5001281484718049 
0.7122284281136422 0.008309273828238824 0.5001009188338718 0.4998883267088885 0.500072865970574 0.5000952388676007 0.500056409220946 
0.8362766701847354 0.21923910344035885 0.5000743521359963 0.4998709992070856 0.500073352882608 0.5000924094127591 0.5000958100995427 
0.8606644078255212 0.05513482766960148 0.5000902295595065 0.49984334582325746 0.4999779163210524 0.5000894207048491 0.5001284575012912 
0.62908425934031 0.7184165528081211 0.5000288320636048 0.4998753660080668 0.49970485087162725 0.5000947203265176 0.5001243876930805 
0.05086637166167149 0.6803607156899771 0.5000687502983303 0.4998759215368694 0.5000752198452935 0.5000897210282319 0.5001284575012912 
0.77509830907857 0.0512198430263069 0.5001084867516775 0.49988006972256216 0.5000390037083949 0.5000422546559317 0.5000975359687124 
0.9707143586937166 0.0 0.5000767851605413 0.4998764290515517 0.5000777125919225 0.5000951973308496 0.5000900551336096 
0.428950266848375 0.18179805702302215 0.5001112796737484 0.4998928421540374 0.5000807031603476 0.5000952241326019 0.5001193744157474 
0.9032563155010822 0.9999999999999999 0.5001038455909403 0.4997795855902497 0.5000771012487134 0.5000515165641546 0.5000625806110915 
0.7194853112190254 0.03895921819027659 0.5000656880812773 0.4998495124547037 0.5000752198452935 0.5000896122408875 0.5001284575012912 
0.4892987023670902 0.006337685783373376 0.5000277194484805 0.49981251227073353 0.5001142380019331 0.5000638798619318 0.5002223263133304 
0.9146122041696456 0.05669452754597332 0.5000858660384254 0.4998246740603505 0.5000406894297457 0.500137397304441 0.5001200944538039 
0.20687985431381503 0.5794161734144389 0.5001147960812846 0.4998795577754921 0.4997047430592622 0.500051424029716 0.5001404626082986 
0.7122284281136422 0.008147148847325827 0.5000626481792407 0.4998464794125152 0.49972128155831896 0.5000952388676007 0.500056409220946 
0.6375891983828721 0.21011228595094128 0.5000675071486022 0.49981703684591433 0.5000498749484839 0.5000746488848321 0.5000914237965058 
0.649637881712462 0.944997795944624 0.5000854601550281 0.4998478549743288 0.5000323338937023 0.5001376812299845 0.5000988540580049 
0.5706681901384467 0.7300676739248351 0.500118545291976 0.4998318231887158 0.5000337611215684 0.5001465013017219 0.500140973764755 
0.9845048749627678 0.008150498175595596 0.5001002881797797 0.4998756786629469 0.5000773350210369 0.5000531771113698 0.5000623638403029 
0.35045740058550356 0.16999255257702672 0.5000675630368644 0.49987139471946157 0.5000989263324611 0.5000632017364807 0.5000813391842206 
0.4703449882430478 0.01855081413826051 0.5001296878314023 0.4998703574751095 0.5000310881343464 0.5000415610678276 0.5000723843271868 
0.27890733686649616 0.06767222733593338 0.5001114576713063 0.4998472511600869 0.5000771041738343 0.5000565969343652 0.5000625702024816 
0.17317078428067065 0.003628331290125672 0.5001222674852446 0.49992917700415695 0.5000336018480047 0.5000765208347672 0.5001504737413875 
0.6101205073258784 0.12906583071983602 0.5001277178622276 0.4998699082653166 0.5001017335097026 0.5000468335871482 0.5000820562770021 
0.8794839294092006 0.27268829581611703 0.5001182151260684 0.49981079793840316 0.5000362323414584 0.5000773928540284 0.5001187331781524 
0.926042352606357 0.2237646129898536 0.5001036401633326 0.4998777798615181 0.5001227615834644 0.5000497326965001 0.5000938553032657 
0.26040453208068526 0.18821829946978785 0.5001257192257103 0.4998792316019347 0.5001168266194319 0.5000765384855963 0.5001412838165121 
0.17307995997809938 0.029803410644470577 0.5001225019316687 0.49987118804596237 0.5000390037083949 0.5000432913910166 0.5000975359687124 
0.47028990465402376 1.2965476891622137E-4 0.5001186772571726 0.49987921984838346 0.5000356816550567 0.5000572756843346 0.5000751836182854 
