1.0 1.0 0.4003524060815102 0.3991452286069928 0.39145049432152323 0.5002588743802339 0.40605858579579696 
4.608441865482664E-17 1.0 0.40001351136472596 0.40006512917066217 0.49985118309005283 0.5003390306001491 0.49961110190585456 
4.608441865482664E-17 7.101338646327088E-9 0.4000435478119772 0.5016169325144997 0.49879448331677667 0.49999122965910076 0.39980974102116723 
0.9999959136550941 9.398091716502733E-16 0.40003540056162623 0.3999482072720802 0.5000153392191712 0.4762774831351524 0.504604258404034 
1.0 3.4428702869209057E-4 0.4011303930019093 0.4000120447942523 0.49988962771152 0.5000077727481909 0.5003693090974246 
0.9999997063856587 1.0 0.39999792297184555 0.501932546458127 0.5022971025416125 0.5000149352915318 0.40002928128838233 
1.0 0.9994398779035473 0.4011888642278764 0.3999469388091877 0.3928095179497467 0.5000149352915318 0.39625431662947064 
1.0 0.9994398779035473 0.4011888642278764 0.3999469388091877 0.3928095179497467 0.5000149352915318 0.39625431662947064 
4.608441865482664E-17 5.846366411119283E-8 0.4005772373339762 0.40005192279919105 0.4998921112966993 0.5000100322896252 0.50161719769926 
4.608441865482664E-17 0.9640301286287847 0.4000120958306843 0.40006726371530815 0.499896150306321 0.5000439921358341 0.4991065113131288 
0.4938479312655718 0.527106673249339 0.4000083394853475 0.4000119888838605 0.4994533283126396 0.500029530200522 0.5004067342132775 
0.4575751728540466 0.9752591889943905 0.40057427627014996 0.40000414341850427 0.5002808088828706 0.5002629018130371 0.49936944026298086 
0.5194792874967369 2.780040538880183E-4 0.4000186196430338 0.5014932210129281 0.49995446162402574 0.5002513634007804 0.5004081105714198 
0.08658347029771007 0.45723404342046065 0.40001370975811607 0.40000524321752295 0.5001927655177641 0.5002535348659548 0.5003746611195558 
0.3590499154118036 0.00316699103729029 0.40006836041182847 0.40004770982372817 0.5001748535641208 0.5000103680871841 0.49910970375468733 
0.29087610648474843 0.9752591889943905 0.40058098518864566 0.40000414341850427 0.4988621682464227 0.5000114697826076 0.49936944026298086 
0.43474244456676425 6.268879689851025E-15 0.40060546850305606 0.39913889802244457 0.5002367158608522 0.5002629018130371 0.4979600072460058 
0.3620926304844485 6.268879689851025E-15 0.4006006397711997 0.3991269879654116 0.49992782269572406 0.5002629018130371 0.49799307277437393 
0.16898951524432337 8.37028985335714E-6 0.4005848929512951 0.40005102532761483 0.4998921112966993 0.5000103263520466 0.5000345928907265 
0.04139934631510228 7.974284139859178E-4 0.39999852612465553 0.40006589178643764 0.5000768453568157 0.5000287524284679 0.5003622312005843 
0.1362362127473942 2.780040538880183E-4 0.4000186196430338 0.5014932210129281 0.4999221446904449 0.5002513634007804 0.5004062922325481 
0.9889329780004957 1.0 0.39999883710889633 0.5001399099813278 0.5022971025416125 0.5002309997736085 0.3997255521905948 
0.8680748024199667 0.9629935834588179 0.4005718576263121 0.400051888069873 0.49993643006348304 0.5000211340689904 0.5004823843434898 
0.23267186369464887 0.04141700033433393 0.40000594601667355 0.5007008038737628 0.49993480660502565 0.49996311050715336 0.5004070843179684 
0.9951687896346141 0.999542299925016 0.40037256341454347 0.40005503567452505 0.5008730657763296 0.500014973861356 0.5000097624527349 
0.9016781331826692 7.198992933123496E-5 0.3999982366581626 0.40005172662371824 0.4999305949444362 0.5002632917801403 0.4999577200118633 
0.6640251055817851 0.006720767077165762 0.40062404696318366 0.5015866495872846 0.499952990476812 0.5002730942420535 0.5003652141719217 
0.8581633307951134 0.8541088554025377 0.4000225765126857 0.5015866495872846 0.4999568646656099 0.4999793720511289 0.5004070843179684 
0.9606622742325935 0.9331091286141204 0.40001930130283786 0.5010098299102845 0.49993134726883975 0.5002352766905055 0.49995862856342393 
0.7595156657207748 0.8830866644232039 0.40000594601667355 0.5007008038737628 0.49993480660502565 0.5002706458803996 0.5004070843179684 
0.6989173854328066 0.9983195590753526 0.4000031833820544 0.49954441658481485 0.5002793950156865 0.5000440328730908 0.4990606700614395 
0.9999905329230454 1.0 0.4000070673614633 0.3999465498315633 0.5008730657763296 0.5000149352915318 0.40002928128838233 
4.608441865482664E-17 0.009076170492145152 0.40001075277911385 0.40006512917066217 0.5002248756754377 0.5003390306001491 0.4993598130250636 
0.9511967962667456 0.1994175363604023 0.40001930765790616 0.5010303875738119 0.4999313495387753 0.5002377722516641 0.5000521776748712 
0.6404923233917273 0.08213508216603604 0.4005844520591993 0.5016578602466918 0.4999686240473093 0.500056865896737 0.5003982074307665 
0.8276028103391525 0.4641951345704104 0.39999880263382925 0.5015866495872846 0.49945452997540135 0.500262905392962 0.5004070966939925 
0.6677976947934903 0.9060867239624321 0.4000031826804588 0.49954441658481485 0.5003216387025676 0.5000440328730908 0.499063063037453 
0.8084850503296612 0.40711757224188366 0.400006118126654 0.5015866495872846 0.49993378385157283 0.5002628327868209 0.5003666549757291 
0.9999997063856587 1.0 0.39999792297184555 0.501932546458127 0.5022971025416125 0.5000149352915318 0.40002928128838233 
0.5831053523446073 0.009864147981462235 0.40058267954240284 0.5015866495872846 0.49995230305902344 0.5002639669736235 0.5004120911941403 
0.4938479312655718 0.5315784378305952 0.4000083394853475 0.40005208444528767 0.49945429659217083 0.5002971992453915 0.5004067342132775 
0.9354723009050561 0.0066855540642392075 0.40000932580760445 0.40005303798552233 0.49993975597631657 0.5002563911463934 0.5001344382377093 
0.769351347048657 0.009384807002073337 0.39999880263382925 0.5015866495872846 0.4999527880344706 0.5002628409648878 0.5003652141719217 
0.6989173854328066 0.9060867239624321 0.4000031826804588 0.49954441658481485 0.5002793950156865 0.5000440328730908 0.4990606700614395 
4.031671085766436E-4 0.9795715311148585 0.4000167290117896 0.399947770070593 0.4998965285324909 0.5000119601046993 0.5001516171149253 
0.6403923623397884 0.9631208176519912 0.4000031826804588 0.49954441658481485 0.5002793950156865 0.5000440334774224 0.4990560605815312 
0.7667546581346568 1.6083419842689243E-4 0.40063294369412644 0.3991269879654116 0.49992782269572406 0.5002629018130371 0.5003901827611261 
0.9751580533602942 0.9974301476714766 0.4003777498513862 0.4000145160288575 0.4999217583737014 0.5000103160320799 0.5001162583068033 
0.59607072231036 0.43333903084020464 0.39999880263382925 0.5016009961723024 0.4999527880344706 0.5002677620947866 0.5003487387994195 
0.3634132272154516 3.3193388528455353E-4 0.4005382931842381 0.39913889802244457 0.5002242185972199 0.5000174872934758 0.49934820389943274 
0.6800439061997874 0.09797071850238537 0.40001170020694227 0.5015866495872846 0.49945452997540135 0.5000427352060735 0.5003570918058681 
0.7576309937684566 0.31852084785087964 0.39999880263382925 0.5015866495872846 0.5001779753344704 0.5002628409648878 0.5003652141719217 
0.904289164884033 0.8645530372515828 0.4000229259373536 0.5014936464003229 0.4999307501179094 0.4999790422867479 0.5004070683132131 
0.5583665376762573 0.009864147981462235 0.4005844520591993 0.5015866495872846 0.49995230305902344 0.500056865896737 0.5003657159826297 
0.8680748024199667 1.0 0.40057828078783164 0.400051888069873 0.49993643006348304 0.5000211340689904 0.5004754563043373 
0.904289164884033 0.01584152125229556 0.39999819579939905 0.5014932210129281 0.4999305949444362 0.5002513634007804 0.5004081105714198 
0.9479831157955892 1.835935895626757E-4 0.4005863254002319 0.40006267122074357 0.4999305949444362 0.500031357780652 0.5003857280843695 
0.3217886271278849 0.0024962773373748658 0.40000932580760445 0.40005209900066757 0.4994837129687193 0.5000095103141948 0.500139724444204 
0.5614881597444021 0.40937122228929995 0.39999880263382925 0.5015866495872846 0.4999527880344706 0.5002623804401642 0.5003648192406585 
0.6810010264310645 0.08035059463527258 0.39999880263382925 0.5015866495872846 0.49945452997540135 0.500255639304871 0.5003655845847321 
4.608441865482664E-17 1.0 0.40001351136472596 0.40006512917066217 0.49985118309005283 0.5003390306001491 0.49961110190585456 
0.42153042364319526 0.007623931684074395 0.4000176353934859 0.5000866233354122 0.49995374679584653 0.5000168721655454 0.5003395269352667 
0.9557246856186072 0.00872230109065953 0.40037776699820854 0.40001812173659446 0.4999440375889692 0.5000113153720364 0.5004267160960655 
0.016535765302010008 0.6215035874056565 0.40001763753172825 0.40006519234826643 0.49995004036135277 0.5000639453264648 0.5001525000630365 
0.33660672586781576 0.5521507879620475 0.40000927216594784 0.40001113202306277 0.5003602403263383 0.5000268873628618 0.5003879243207507 
0.016535765302010008 0.42023396344706565 0.40001763753172825 0.40006519234826643 0.49995004036135277 0.5000639453264648 0.5001525000630365 
0.35580025645797103 0.9966640818503482 0.40001134099822616 0.4000483252975686 0.4998564138140991 0.5003448004797956 0.49910970375468733 
0.8581633307951134 0.01411662289676413 0.39999784637473107 0.50158622419989 0.4999567094921367 0.5002516931651614 0.5004081265761751 
0.00922530722458409 5.846366411119283E-8 0.4005772373339762 0.40005192279919105 0.4998980804702679 0.5000077863889725 0.4999759437320391 
0.29187604885332474 0.006353089793630307 0.40000745732668413 0.40001414122191203 0.4999399365887658 0.5000046212601421 0.5002990993177046 
0.5582665766243183 0.8963344713460142 0.4000031826804588 0.4994732059254075 0.5002630740274007 0.5000440334774224 0.49902356913339435 
0.9867951146795311 0.9597504416105666 0.4000027311697492 0.4992186983836045 0.49988646649322116 0.5000239419005053 0.40001694611870514 
0.6677976947934903 0.9960248615222516 0.4000031826804588 0.49954441658481485 0.5003216387025676 0.5000440328730908 0.49905067712089773 
0.9999141569992294 0.3995255665259829 0.40001854883878096 0.5007149209425809 0.4999312791027487 0.500001009806799 0.3999171975161476 
0.9885491084858113 0.9251613336936116 0.40037118249052933 0.40005207180038643 0.49997939199419117 0.5000122468510516 0.5000113436604338 
0.597429860569543 0.418764942786491 0.3999988772034469 0.5016009961723024 0.4999558057384834 0.5000126185109253 0.50033685115818 
0.7483040619767458 9.253052043774745E-4 0.40000932580760445 0.4988147327502675 0.4994837129687193 0.5000096981588096 0.5003627923018827 
0.6186748562747881 0.006720767077165762 0.40062404696318366 0.5015866495872846 0.4999527880344706 0.5002628409648878 0.5003652141719217 
0.9920933037534383 0.022196156938879264 0.3999733926831788 0.40005808329116616 0.500290274240896 0.5000064507970323 0.5003754338877634 
0.7576309937684566 0.3337620892793114 0.39999880263382925 0.5015866495872846 0.49984222275303886 0.5002628409648878 0.5003266427035941 
0.9999905329230454 0.996803436950354 0.4000334820345904 0.3999465498315633 0.5008730657763296 0.5000149095931204 0.5000097624527349 
0.9976164580540484 0.4641951345704104 0.39999315826292925 0.5011059463864176 0.49945452997540135 0.500262905392962 0.5004070966939925 
0.9557246856186072 0.05901919211487554 0.4003715587112967 0.500806637648784 0.4999440375889692 0.5000113153720364 0.5003590404627266 
0.6184245682125034 0.0073030405373528656 0.39999880263382925 0.5015866495872846 0.4999527880344706 0.5002628409648878 0.5003652141719217 
0.6186748562747881 0.0073030405373528656 0.39999880263382925 0.5015866495872846 0.4999527880344706 0.5002628409648878 0.5003652141719217 
1.0 0.9726655744792215 0.4000089483552704 0.3999469388091877 0.49913357396695307 0.5000149352915318 0.4000292573528073 
0.59607072231036 0.45734829177785774 0.39999880263382925 0.5015866495872846 0.4999527880344706 0.5002628409648878 0.5003652141719217 
0.9897906686000392 0.04610253831595365 0.40003540056162623 0.40005319237503445 0.50004682231719 0.5002558812782653 0.49992916479012894 
0.59607072231036 0.45734829177785774 0.39999880263382925 0.5015866495872846 0.4999527880344706 0.5002628409648878 0.5003652141719217 
0.9965460382129562 0.19626854078443887 0.40001766298513763 0.39994798514515706 0.4999310131217545 0.5002385420637481 0.5001437438173577 
0.9885491084858113 0.9251613336936116 0.40037118249052933 0.40005207180038643 0.49997939199419117 0.5000122468510516 0.5000113436604338 
0.9996919023774569 4.492522850450774E-15 0.40003540056162623 0.4000054594907515 0.5002805547844634 0.500251162670417 0.49993091880283147 
0.997877572812216 0.2003915544099774 0.4000177138822908 0.39994869751832635 0.49993679831501586 0.5000305670440189 0.4999232153487276 
1.0 0.01587615433757965 0.4011137883784649 0.40005808329116616 0.5002918230772742 0.5000077727481909 0.5003749428100457 
0.904289164884033 0.012847568838055046 0.39999819579939905 0.5014932210129281 0.4999593982153488 0.5002513634007804 0.5004070669619585 
0.59607072231036 0.4008240940105412 0.399998797763098 0.5015866497422474 0.4999527880344706 0.5002628409648878 0.5003652141719217 
0.8581633307951134 0.01411662289676413 0.39999784637473107 0.50158622419989 0.4999567094921367 0.5002516931651614 0.5004081265761751 
0.997877572812216 0.33231762939045634 0.399998184127912 0.40006252879607934 0.49993679831501586 0.5000305670440189 0.4999232153487276 
0.9976613108126883 7.198992933123496E-5 0.3999982366581626 0.4000579672354479 0.4999305949444362 0.5002632917801403 0.4999577200118633 
0.997877572812216 0.33231762939045634 0.399998184127912 0.40006252879607934 0.49993679831501586 0.5000305670440189 0.4999232153487276 
