3.0099585512975255E-17 1.0 0.5001536847175359 0.5998507855322318 0.49994980875499656 0.4998098005264322 0.5002982912525272 
1.0 1.0 0.4999794063527197 0.5003089470941202 0.5001367230604071 0.49981143073254125 0.4998262522989229 
3.0099585512975255E-17 5.457475725555799E-17 0.5000782041155086 0.5002595388629161 0.49792666479549114 0.5006446812555471 0.5002910294520958 
0.9999999999999981 5.457475725555799E-17 0.49995847554301576 0.5001617969202011 0.4979714212869483 0.4998459647993794 0.5003624732978155 
3.0099585512975255E-17 6.096862695681363E-16 0.49997682870531385 0.5012105568118944 0.5004071954140046 0.49927950444042013 0.5002693834607927 
3.0099585512975255E-17 0.10218226775020539 0.5001592990254337 0.4993093167041192 0.499986604342998 0.5000006110358509 0.5002982912525272 
0.9009425944769336 5.457475725555799E-17 0.5002029347459237 0.500178011738011 0.49794207782164396 0.4998098169761799 0.5003633740925052 
6.875022511435569E-4 6.096862695681363E-16 0.49997682965451773 0.5011956471874308 0.5004071954140046 0.49927950444042013 0.5002693834607927 
0.9999423630973712 2.766193621805893E-16 0.5002069254337688 0.4986643414370067 0.49966488333453146 0.49984507057155114 0.5004635586117107 
0.6915824007808311 0.012971180182896613 0.5002040663052526 0.4994586027306541 0.49995539607924855 0.5000164298601687 0.4999074838247557 
0.8087260974469053 0.7208552225148785 0.49996698359977954 0.5002905358773315 0.49998762582376544 0.4998133112727355 0.5004494124788846 
0.9990898090036135 1.6559705971807364E-16 0.5005060383273838 0.5003481257925909 0.5009252924524334 0.49943506453896314 0.5002705321626305 
0.6240043901366277 0.07712384214582813 0.49992446674464536 0.4996189235039202 0.4998540270993021 0.500005780122409 0.5002942186710935 
0.7420136538633294 0.9033602499466867 0.49996111857049225 0.49959457977007166 0.4999497296983018 0.4998462439119049 0.4998963178899741 
0.650333316271616 0.016955241345081216 0.49996112781822255 0.4997383585366808 0.4999851547060863 0.499859712807334 0.5004457282274105 
0.5978766013424601 0.1831063097237146 0.49995503305410227 0.4993685328329692 0.5003458728772472 0.5000744128185908 0.49982021469962284 
1.0 4.151913026669363E-4 0.4999474809922131 0.5011434458970132 0.5003790407913831 0.49927376780521204 0.500296823637642 
0.9999999852207314 0.16716533263194508 0.4999487653922429 0.4997414753620423 0.5003790407913831 0.5000322551036767 0.5004450636559967 
0.9244559001144602 0.9011194582987463 0.5002029347459237 0.5003240013660143 0.4999854553494048 0.49981013180777173 0.5003633740925052 
3.0099585512975255E-17 0.029418500612841847 0.5001554498788713 0.5003238442799497 0.4999414922222031 0.5000085247832493 0.5003002337102538 
0.9358320990116663 0.9969798411864391 0.4999612836004687 0.5000569821271275 0.4999498390641635 0.49982923970280724 0.49985074895065046 
0.972922389113116 0.023764854419464965 0.5001995300391486 0.4997448929246739 0.50013945253718 0.49981809831070945 0.5004575171731791 
0.07187629580694394 0.9325167880249023 0.4999529747702398 0.5003412073893102 0.4999387806047673 0.49981135198301097 0.4998532578988069 
0.9729541341432666 0.20266051382571199 0.5002035943457727 0.4996701573815877 0.5001436940998889 0.49980996143192336 0.5003117492143916 
0.9999999852207314 3.3240090492668724E-5 0.4999487653922429 0.5010620088345301 0.5003790407913831 0.5000322551036767 0.5002968116477116 
0.5938811849214678 0.9024194994163885 0.4999630991317871 0.5002710524914175 0.4999339781030828 0.4998441618402212 0.5002823003516474 
0.24317041588659172 0.8998825870281114 0.4999611989416969 0.5004577295434502 0.499856596165781 0.49982923970280724 0.5003119134279118 
0.7081785982345762 0.16890849501325272 0.4999487653922429 0.4997414753620423 0.5003790407913831 0.5000322551036767 0.5004450636559967 
0.827689516526948 0.11175385209336669 0.4999594487165324 0.49973668227571605 0.4999851547060863 0.499859712807334 0.5004457282274105 
0.9624331474120768 0.9777249274018301 0.4999608927138856 0.500311012292836 0.49997985487956426 0.49988711116370704 0.500215709708943 
0.9244559001144602 5.457475725555799E-17 0.5002029347459237 0.5003240013660143 0.49791564932257704 0.49981013180777173 0.5003633740925052 
0.9797282638405553 0.7726554827099907 0.4999410593185265 0.500271018241375 0.49992428945079076 0.4998498321808983 0.5004633815590913 
0.9002567230773186 0.017451931613580746 0.5002010957143916 0.4995902944466601 0.49994991575329506 0.4998452515657814 0.5002921255777568 
0.46158726529459815 0.8977731600439729 0.4999591615767657 0.5004551121385566 0.5003185861108267 0.4998443426085785 0.5003119134279118 
0.8429374775630387 0.0378255648736468 0.5000740839198261 0.5004948751674335 0.49994210723496996 0.499963708895548 0.5002812075305036 
0.3486649649803806 0.9997225237799794 0.49995572165310304 0.4996701573815877 0.4999817239003772 0.49980996143192336 0.5003116111550943 
0.24568221932595807 0.9999971255839832 0.4999745596006923 0.5004875225505137 0.4999834687277261 0.4994119236373798 0.5002996627966404 
0.49576355733501687 0.9118132016268805 0.5000740839198261 0.5004948751674335 0.49994210723496996 0.4999777451164621 0.5002812075305036 
0.26834212685504943 0.8964705960330318 0.49995905274109925 0.5003412073893102 0.49994126360346475 0.49981135198301097 0.4998580814362687 
0.9962857042417073 6.096862695681363E-16 0.5001995300391486 0.5003450060019237 0.4999300703115743 0.49981809831070945 0.5004575171731791 
0.251294145406809 0.9999993336368604 0.5007789311644566 0.5000733122026546 0.4999415346653021 0.49941802422037795 0.5003115948263659 
0.9978952379333967 0.7208552225148785 0.49996698359977954 0.5003665824344807 0.49998762582376544 0.5000273035792803 0.5004494124788846 
0.9688114783587287 4.56397508591333E-4 0.5001998069849556 0.5000784841817761 0.4999862201130146 0.500076920276718 0.49986608134574045 
0.47328916156913814 0.15482472352875348 0.4999591652046012 0.49974102452198876 0.5003096276372202 0.49985842922447354 0.5004462691189437 
0.39741582910425893 0.04555466616845222 0.49992942532317775 0.5002283850240533 0.5003278258067761 0.49991649810904265 0.5003000962215047 
0.35096148996890913 0.999996314752374 0.4999371995646808 0.5004787332939211 0.49997815813012436 0.49941802422037795 0.500298395597738 
0.33633007679241783 5.457475725555799E-17 0.49996324549482035 0.5001467977002972 0.4999378658536335 0.4998197161435801 0.5002811006132551 
0.8708736009029234 0.16394492057917692 0.49996120256953247 0.4997436419268825 0.4999434730522448 0.49985842922447354 0.5004462691189437 
0.9970192860522055 1.6559705971807364E-16 0.4999595277449602 0.5003481257925909 0.5009543722589213 0.4997826803458546 0.49982928613229394 
0.92414230620247 0.1614149790726449 0.49996574052998966 0.5000814762769452 0.5003308569907968 0.49981398992716763 0.49988466524282593 
0.8591719925065957 0.8998825870281114 0.4999611989416969 0.5004577295434502 0.4999524315258514 0.4998443426085785 0.5003119134279118 
0.04113666494663948 1.0 0.5001536847175359 0.5993881568521608 0.4999467457567612 0.4998098005264322 0.5002978705231751 
0.5798694225820358 0.9072226362545883 0.49996392539561035 0.5000300621918062 0.49996468984512754 0.499827194058445 0.4998547493439161 
0.7097890947226833 0.992585338565658 0.5001991807206564 0.500111412182673 0.4999329338827171 0.5000243386048122 0.5003045638295602 
0.37438269484519315 0.20606622472733668 0.4999728506046566 0.4997126190695249 0.5003347998736897 0.4998498321808983 0.500281037405186 
0.9196403382337356 0.9972014171722221 0.49996127995436623 0.5000783808718501 0.49994951552820915 0.49979930295336195 0.499911715968565 
0.9295840995561129 5.457475725555799E-17 0.5002025502522264 0.5003092375147825 0.49791564932257704 0.49981013180777173 0.5003633740925052 
0.45952201212910826 0.7208552225148785 0.49996698359977954 0.5002905358773315 0.49998762582376544 0.4998133112727355 0.5004494124788846 
0.999825622305815 0.004498321842928088 0.5004460541484622 0.5003208633602529 0.49995827652756064 0.49932511519098915 0.4998376378819535 
0.7087389179372704 0.8766704722485411 0.49997860854938175 0.4996058400661612 0.4999497296983018 0.4998462439119049 0.4998963178899741 
0.5219484682127437 0.780343319967793 0.4999344608870281 0.5002728374766121 0.49995165596978924 0.4998443379192409 0.5003116111550943 
0.3205604703658564 0.9980273484172021 0.4999548599414194 0.5001138079509616 0.4999517008420905 0.49984427210483484 0.5003116111550943 
0.30312081847872585 0.9987352679130864 0.49996122698638934 0.5001138079509616 0.4999517008420905 0.49979622778979016 0.5003009104227844 
0.044739017119170055 0.975341650907549 0.5001961464567105 0.5002693463573821 0.49993410771297514 0.5000671322510102 0.5002993426273447 
0.4263382460903072 2.766193621805893E-16 0.5004935206222609 0.5003240013660143 0.49987030142120153 0.49933710277537907 0.5002986869712405 
1.0 0.1837568367180411 0.49998047878618235 0.5003089470941202 0.5001367230604071 0.4998558436262516 0.4998262522989229 
0.8706526638288973 0.756531602227993 0.5001856687834226 0.5000728143944514 0.49992986365273234 0.4998181242156437 0.500288334670641 
0.9773356580729254 0.1614149790726449 0.49996574052998966 0.5000741398582662 0.5003415516998948 0.4998443750790787 0.49988466524282593 
0.8156647451488723 0.685397832368293 0.4999549129093963 0.5002806910786531 0.49994951552820915 0.4998473472684066 0.49990736791054 
0.8533909254124911 0.06411418323165768 0.5000810870693326 0.500077644404459 0.4999498390641635 0.49983384414082727 0.5003529386645327 
0.7420136538633294 0.9855927110002998 0.4999237729851886 0.5000780009876477 0.499970655063269 0.500004475903636 0.4998963178899741 
1.0 0.7594534287710566 0.499979435290953 0.5003089470941202 0.5001369911049243 0.49981143073254125 0.4998262522989229 
0.9598815016096571 0.1401070618560411 0.5001960176015343 0.5002693463573821 0.5001377080840793 0.5000671322510102 0.5003041661648064 
0.9738171072729764 0.9862028581066229 0.4999794063527197 0.4997394811579899 0.5001392466617945 0.4998171312040113 0.4998262522989229 
0.9168888345411712 0.8743073902370491 0.49996698359977954 0.5000882256705285 0.49998762582376544 0.4998133112727355 0.5004644612692195 
0.8232924040545176 0.7656263267519079 0.5000868222271705 0.5003100867099054 0.5003705085340563 0.4998111737564777 0.4998183134210681 
0.5213310264503558 0.14773585743829998 0.5002198058806653 0.500271018241375 0.4999261244772411 0.5000832751328271 0.4999159114265545 
0.46158726529459815 0.9098447384757498 0.4999273848165228 0.5004551121385566 0.49947163866384003 0.49983686346254913 0.5003119134279118 
0.47328916156913814 0.10314356821787923 0.4999594487165324 0.49973668227571605 0.49998762582376544 0.49985842922447354 0.5004462691189437 
0.9937743280939249 0.7485384374421202 0.49996392539561035 0.5000198148020959 0.49995834633147973 0.4997965201925524 0.49984576833233346 
0.999320953210481 0.1105662236257608 0.5002069254337688 0.5003412073893102 0.5001418941302812 0.49981135198301097 0.49986044322155143 
0.1990867834743662 0.018082771246022068 0.49993072364645097 0.4995823378976856 0.5001494028250493 0.49981030029886747 0.5002813405626975 
0.9624331474120768 0.9987584630381617 0.4999615420150387 0.49956885800320344 0.49997985487956426 0.49988711116370704 0.5001845936710971 
0.39741582910425893 0.707778489508686 0.49996372352007 0.5002283850240533 0.5003278258067761 0.49991649810904265 0.500268613540923 
0.5213310264503558 0.7726554827099907 0.5002198058806653 0.500271018241375 0.4999261244772411 0.4998498321808983 0.4999159114265545 
0.3754721378982118 0.03711628865845241 0.4999858793758894 0.49945642359341424 0.49995119789633646 0.49991295559322724 0.5003009906283945 
0.49870058493288655 0.9022141007296317 0.49996827335631977 0.5000015575971004 0.5003392150511605 0.49983445976000596 0.5003092115465582 
0.9637069968610578 1.6559705971807364E-16 0.5001995305807415 0.5004870333799761 0.49993004811977465 0.49981809831070945 0.5004513415669402 
0.6290983033943518 0.9024194994163885 0.4999630981825832 0.500285962115881 0.4999339781030828 0.4998441618402212 0.5002823003516474 
0.9149917492160135 0.7697045440482074 0.5002198058806653 0.500271018241375 0.4999261244772411 0.4998498321808983 0.5004562345851975 
0.9981606256499576 0.8264032779287755 0.49999962984310836 0.5000926314824262 0.5002678784752748 0.4998144267116789 0.5002949289040053 
0.5758638502515927 0.9999999998695075 0.5004437405655786 0.4993488744422119 0.49997456820929753 0.49983439358927984 0.5002976290335247 
0.35096148996890913 0.9999970880269995 0.5002082675821877 0.5004875225505137 0.49997815813012436 0.49941802422037795 0.5003013885578789 
0.5631844452493098 0.8489307732170278 0.5002029528766551 0.5002650657488099 0.5002918670348202 0.49998765718999955 0.500299309175081 
0.1323666628314349 0.999792563930052 0.49994049682183433 0.5002620915688963 0.4999348768939543 0.4999641350598966 0.500298141000154 
0.7420136538633294 0.8025153243440746 0.4999788975367513 0.5000780009876477 0.49996834799947354 0.4998462439119049 0.4998963178899741 
0.3209924449420123 0.7659594869229519 0.5001994731801831 0.4998659848011368 0.4999326929286452 0.4998498321808983 0.5002947211005349 
0.8114776011309642 0.685397832368293 0.49996127995436623 0.5002806910786531 0.49994951552820915 0.49979930295336195 0.49989666717823017 
0.977398586090945 0.34158633800085586 0.5000826282229138 0.5000938798336612 0.5003389263505739 0.5000325692264557 0.4998029026997322 
0.5792219519084832 0.7233732623030452 0.49996392539561035 0.5000192919042772 0.49996468984512754 0.49982729709938817 0.5002740159581655 
