0.014847338065951982
0.01485681000905087
0.01257412182862816
0.016519824280991205
0.014851435618320918
0.012118786656384578
0.011789122974144028
0.011703202756111586
0.01467824615197666
0.015664977302941363
0.015198828928804364
0.010892019544049156
0.01406685066059471
0.010011316203406395
0.010829989875609347
0.011617337230632185
0.014254202423096995
0.012961402639717234
0.011514333382705272
0.015138122013559463
0.011795359053798617
0.017026118175051043
0.014029788489890505
0.016359123457309388
0.021747143140075198
0.014530062069920469
0.012287958632092866
0.013316688150891265
0.011856845477840439
0.013125932165881593
