9.388171854029202E-7 1.0001339894612078 
0.9998833516120919 7.738492824992231E-4 
0.8404288652238675 0.08379290947599713 
0.8196149002375918 0.09530752359601187 
0.8672582948233697 0.06970848668635089 
0.43754773254278945 0.33917639466884697 
0.37437119089825494 0.3889610331131347 
0.15105693661109065 0.612427910829582 
0.2555314005901382 0.49544966796207346 
0.48726162515962956 0.3043825072210834 
0.1686254870355472 0.5904800290741653 
0.03258355084581316 0.821132403789353 
0.11598243524813745 0.6607521159212947 
0.9600617752974436 0.021039704206686407 
0.025625804053658274 0.8413000055213398 
0.12245021221955947 0.6513823519758687 
0.7960097064824583 0.10852898414437304 
0.5361158999555355 0.2743972540374332 
0.13681691279704433 0.631627755911367 
0.24046380062022754 0.5113269033990162 
0.5847457524183304 0.23609964779214035 
0.10094839344038276 0.6837089592942224 
0.3550496628588733 0.40472257193976763 
0.3294459406257153 0.4269665354210044 
0.9350372675726614 0.033754492774927834 
0.6843645070278783 0.17379171400861246 
0.5030973879215414 0.2917699350320215 
0.22264546493037657 0.5294456734641558 
0.4166238565520267 0.3558177104555586 
0.30173217082652426 0.45133886735372486 
0.0030004909583674078 0.946734321139906 
0.7164859525876985 0.15674884594221433 
0.41339967593429816 0.35787458481285506 
0.5547042703480993 0.2562908573054705 
0.6203951985140148 0.21458773707497422 
0.009848407566464684 0.9020077087944699 
0.9346521845335574 0.03990256919208318 
0.04007922609468717 0.8010577143592978 
0.7056140239582017 0.16963464527794617 
0.39417204631546204 0.37355998371607657 
0.21120936666583032 0.5419586686331967 
0.5122431752193692 0.2857231673486291 
0.8846928002967629 0.06211162892311505 
0.787443492430279 0.11337008270459337 
0.23190048657769408 0.5195473061016319 
0.2689362805974121 0.48210792273605846 
9.551394662387913E-4 0.9708574668565789 
0.06045614464273674 0.7555989393088641 
0.2865653235199993 0.4657275459926286 
0.018545264736653966 0.8655047122246827 
0.6737608467823356 0.18185108610221104 
0.14253268811374042 0.6233773424166648 
0.9100468112477802 0.04713703053386577 
0.38810374725916674 0.37806326313915944 
0.06613706527402213 0.7438025225851548 
0.00529212068402489 0.9283201492922487 
0.05039106427827436 0.785578800414611 
0.07701271054495712 0.7262741753333355 
0.02095556806183163 0.8596156253886438 
0.4696434701363703 0.31583117610312106 
0.006896516882789805 0.91866710662629 
0.31428023910928393 0.4402766062406876 
0.4524274177502568 0.328222559395304 
0.6019910507007076 0.22496171521849198 
0.29410498276958086 0.46287729272958733 
0.7463858482556291 0.1368807726568033 
0.0903975385992527 0.7004342104193182 
0.7652459307968067 0.1261447661271406 
0.20467330073303824 0.5489700726943735 
0.6031688499575584 0.2242407037857924 
0.08257871260887029 0.7137051812468762 
0.3178434199448959 0.43693815752498827 
0.07427693773901545 0.7372551139466442 
0.6384138862230124 0.20566874303523494 
0.45509972979184055 0.3263725989286189 
0.09868076778833672 0.6899496130788167 
0.9930591587350505 0.008638060666309075 
0.573689419850345 0.2432249489200494 
0.002347641599774908 0.9680046114731189 
0.04320983902798542 0.7937252761724366 
0.7335247948565203 0.14416002557306665 
0.2744288055452875 0.47753780928893574 
0.4684656708795195 0.31667568828278286 
0.3490039724634706 0.41004843362723575 
0.7652459307968067 0.1261447661271406 
0.6590981165414832 0.1888245314699064 
0.7335247948565203 0.14416002557306665 
0.013253416695715448 0.8861668395988282 
0.6555349357067999 0.203493636276287 
0.969679853532079 0.016090377077894718 
0.5248425764088333 0.27615954118442915 
0.055009454702158844 0.7671369609214124 
0.18621945930220557 0.5699411636935497 
0.05494341919914658 0.7735431660477694 
0.19756741872650915 0.5572408421074481 
0.6631503890602132 0.18631616918461508 
0.9829911495958915 0.011135081630165288 
0.195087569529359 0.5621393171558863 
0.013253416695715448 0.8861668395988282 
0.08629306263687953 0.7070684661539683 
