0.9999501137667249 6.680207937223057E-4 
0.9999501137667249 6.680207937223057E-4 
3.996951944765237E-11 1.0011109085391394 
0.21388792591519273 0.5388747165701792 
0.01981204310812157 0.8626114550083659 
0.04566198676636095 0.789484983513424 
0.11388500038954988 0.6641263849250518 
0.1870159495318146 0.5686273267339977 
0.0984018482537895 0.6873325989802215 
0.19593424653161584 0.5585397543170229 
0.6843767896915292 0.17392179411829942 
0.49608747513906726 0.29641455369315073 
0.44619809394972043 0.3333917198334468 
0.8234909670276978 0.0948991335677829 
0.167979196882943 0.5915021920566893 
0.42896922877405796 0.3463103964336946 
0.029474597143839376 0.8387528136672631 
0.5299183026691654 0.27451457850405203 
0.9810028028409139 0.01012809620075099 
0.958283220965293 0.021942804469524877 
0.034891567774570725 0.8145926842698891 
0.5591591863484096 0.2565383008323 
0.1232816243387988 0.6512155591051246 
0.31781355561671343 0.4399478482348641 
0.001043110833600619 0.9690251104862381 
0.7069404222067942 0.1601645908870786 
0.7252064777648888 0.1493563127312908 
0.6354524286916217 0.20389168024724946 
0.7972226915797256 0.1081075108337847 
0.5971097885800206 0.22820363476964664 
0.7462428967943121 0.1372356347220509 
0.5836849139074864 0.23722626724086696 
0.6622294902293384 0.18742595681790142 
0.0665874077985879 0.743584833494907 
0.28859331513908415 0.4676148640656885 
0.05681831781858143 0.7625742361342988 
0.27585810272189204 0.47587181771205833 
0.4779164022490833 0.30995267903346124 
0.26463992792866275 0.4867985124283533 
0.3048256763150763 0.44913561425622167 
0.053506718012472296 0.7698904585961424 
0.09151285117668059 0.700187884086853 
0.6478974115587877 0.1965570127684942 
0.3427896835777885 0.4160574524011141 
0.013208203455939871 0.8895348161750825 
0.6997287307079153 0.16885926500353293 
0.3672339795708133 0.3950616775717464 
0.2474499297985701 0.5038246541161111 
0.22826461176550056 0.5237201508520161 
0.13309387628126523 0.6366287941597495 
0.8310405437721525 0.08973431310090545 
0.07696724300191704 0.7238575717689348 
0.3859509348118435 0.3799216285287309 
0.39897776545651037 0.36944508441325724 
0.2985397279951111 0.45884867091008236 
0.5103265103992386 0.2866710743967867 
0.8465166833875241 0.08247812859044268 
0.01117698152537644 0.8986545640796134 
0.7370005620917539 0.14566755987668925 
1.3250197732884994E-4 0.9914708221691774 
0.40652731552059496 0.3656574795810773 
0.16052494805542278 0.6013439482359008 
0.14982920789703558 0.6151627435158246 
0.007433098837503371 0.920710849429716 
0.8938686897225576 0.05559245308672491 
0.9437725806339764 0.030466473979950375 
0.0704024635735989 0.7363189779321923 
0.5167287947698782 0.2823537207273111 
0.3519290002632425 0.40818863449857407 
0.328711329443502 0.42748923663670474 
0.46013549524559305 0.3228716724179641 
0.35881550143967145 0.40251331535242874 
0.0028019482749506996 0.9488404562856084 
0.1463162649688044 0.6197265800417233 
0.8996049254798573 0.05256011412998806 
0.005821523227156067 0.9255461332428564 
0.003417590753303057 0.9430483656481723 
0.7618703530429956 0.12829599891540547 
0.7790170449592964 0.11845404213239064 
0.573041027454392 0.24575974104504164 
0.3332931075748234 0.4265111564737533 
0.9283122937048239 0.03788512782389573 
0.7657349534304967 0.12668189040497785 
0.8788845426919014 0.0632609187973749 
0.4746519671506618 0.3138908008214985 
0.8601929723346445 0.07370436460488107 
0.9265150111750409 0.038584703616371584 
0.2311972570806843 0.5204482276423884 
0.5680690702322945 0.24727066947139567 
0.658717030958931 0.1895796558112244 
0.6095525651413072 0.22061640596903656 
0.949319735586573 0.027518532695228137 
0.9141833182815778 0.047560934058585164 
0.7817017139246579 0.1165038656393601 
0.3785246011874651 0.38596487563344567 
0.2667762997006458 0.48474291901548494 
0.4175094460960976 0.35498070148943356 
0.08418801899098971 0.7110538924305729 
0.2399188329398959 0.511629275987748 
0.9923346865883873 0.006732476750603963 
