2.8166911060500954E-8 1.0013283733073375 
2.8166911060500954E-8 1.0013283733073375 
0.9999961996666425 5.170744763369645E-4 
0.2834579623154619 0.4687438322741499 
0.384355359947213 0.38268731094494696 
0.504650041720653 0.2911605504908033 
0.9742688553140875 0.013936837648399278 
0.18568721379423087 0.5705553960357043 
0.6123768136090693 0.21846871749084484 
0.8581135215134594 0.07444791142099272 
0.9246294418288251 0.0393140338744922 
0.10429819379889742 0.6787522203926395 
0.025914397921465326 0.8404576236431931 
0.45896400887790456 0.3242093321882666 
0.16431381666542996 0.5966434054466672 
0.9496414171329891 0.026091895168005558 
0.031949907271818345 0.8230816437251987 
0.17732848708085433 0.5879482892974895 
0.3069484750013859 0.4541070432859901 
0.013726909985793179 0.8849739770732915 
0.6955540141765361 0.16693540327644252 
0.42362180642449576 0.35064357290258896 
0.6867849378912196 0.17207019307975333 
0.4032792257854878 0.36758354089633605 
0.003019206284739319 0.9471420002771931 
0.715966018770527 0.15471210207502664 
0.32898342089997956 0.42836677268127116 
0.5872808250327168 0.23461881752977018 
0.34522613595540075 0.4150667901458526 
0.06200088217795893 0.7525794459241486 
0.4912500666260137 0.30017487411336663 
0.26791173912260274 0.48379528166848795 
0.5283094023508479 0.27486306881955713 
0.7782666982137956 0.11906101300465521 
0.6458289943401754 0.19729272716157925 
0.6668581024096067 0.184097676176992 
0.47998564050512915 0.3087210086277193 
0.2379109304600418 0.5134194691016786 
0.7652687180932222 0.12623719403247993 
0.8236474934944811 0.09348887523687212 
0.35149163620976587 0.4085714876173681 
0.633213045568013 0.2051450411497186 
0.7365331780454867 0.14553170223915773 
0.9901305839186159 0.00575891626900239 
0.05624811273625277 0.764988929551829 
0.44032123222137526 0.3376620986975195 
0.9479082985893338 0.03534919110494009 
0.8020139331362355 0.10528783643235341 
0.9061017961185573 0.04905721352120558 
0.04522187758114005 0.7897539596527299 
0.8408081683642072 0.08393117101549327 
0.12644609325403203 0.645903014489651 
0.4094428852211712 0.3619442363578447 
0.5530948975073275 0.25739608060612246 
0.2018193126531354 0.5523821465160245 
0.07037375040644911 0.7368064492726631 
0.0200348258646042 0.8598129710589734 
0.46794538488900506 0.3169047702397526 
0.007205162794357706 0.9271133876897608 
0.049720789748734645 0.7790174971758255 
0.11337264614428394 0.6642287634984174 
0.15289266143127625 0.6116221216637674 
0.1997961349494391 0.5540031030096235 
0.6216976309391229 0.21267109937813908 
0.001222102678580049 0.966966790630594 
0.7989229335878156 0.11824020721832523 
0.8773748859689441 0.06417451662619209 
0.08410656156125314 0.7110159172883458 
0.26189453866764045 0.4892067266512504 
0.01776731039626772 0.8688319641727783 
0.886955633276403 0.05904722142712916 
0.36600115967978525 0.39628157458240953 
0.5634202353005976 0.25070450306676934 
0.25189639983388296 0.4996138471195979 
0.724236029007262 0.1501648233595384 
0.13761701366176163 0.6361971046147533 
0.7488610437089199 0.13533399945678184 
0.36600115967978525 0.39628157458240953 
0.24688294114072137 0.504096416104858 
0.009055504553370064 0.906999584470162 
0.0806840791282834 0.7237112627105529 
0.2173893960287891 0.5349862489109675 
0.6581527055446993 0.1894841967890469 
0.2173893960287891 0.5349862489109675 
0.7527704321115775 0.13348666809429025 
0.5462198886087858 0.27076740362322355 
0.038442340003983826 0.8053334305472198 
5.667974730555643E-4 0.9777232439321102 
0.1395942095376724 0.6303586697495104 
0.4352213046454927 0.3416484975775484 
0.07456371653915794 0.7285814439211729 
0.14752290934060686 0.6218828775813566 
0.038442340003983826 0.8053334305472198 
0.5752550884784928 0.24279899672098743 
0.09263582783331395 0.6983402495251463 
0.007449508540453903 0.9157320598887949 
0.09062146518805544 0.7013406157853531 
0.8341742886962301 0.08805018627680654 
0.2269531414964927 0.5247808357979433 
0.5425245861296784 0.2713811024523341 
