0.9986236099882271 0.0012309844721786086 
1.9130252937316072E-12 1.0019271558240677 
1.9130252937316072E-12 1.0019271558240677 
0.04974330466544741 0.7782624594751668 
0.8506800899127382 0.07873093477983185 
0.4829610359464004 0.3064802123290863 
0.5082517110229017 0.2905267309972179 
0.034927369927077345 0.8147434849969943 
0.5631193644164729 0.2505047419619179 
0.4634994795121434 0.3202821871764214 
0.5431439870251257 0.2640204880985016 
0.8339868108104787 0.09515582614895213 
0.16918296754540926 0.5898069662422628 
0.4267994455407728 0.34786233182179277 
0.0676812143594166 0.7417937958758308 
0.02192593499248585 0.8530590530904293 
0.18661923923307508 0.5691664570285183 
0.03038638408441602 0.8279389092756673 
0.9428926654887166 0.032589186898926994 
0.9638944647474044 0.021090127492320213 
0.010997598867831082 0.8968865847192348 
0.13721309797779468 0.6306435457779194 
0.8800707066943247 0.06300095436494238 
0.8165627124628786 0.1015641382673168 
0.768520012332566 0.12446332998719796 
0.10069285934867378 0.6845754469181359 
0.7997188120312406 0.1067954335648432 
0.2026133316339212 0.5515634606473467 
0.7551102481181005 0.1316690797721082 
0.5832203009002808 0.23719201981824892 
0.5885808553118841 0.23357376648354444 
0.24220123655595024 0.5095034110646349 
0.3635653186780788 0.39808156298663205 
0.11356259477239128 0.6671964256291835 
0.005212223147786854 0.9290081000552597 
0.7110176402998654 0.15795525065119304 
0.21389203281118585 0.539150155465773 
0.920166693734439 0.04157458212275885 
3.8505882773625516E-4 0.9855631137057694 
0.3299938817581298 0.42657154029572625 
0.3757200034974451 0.388070245981285 
0.6573440506996613 0.1899239003769872 
0.5263079008662377 0.2755686751069613 
0.6092607370504566 0.22104990901783486 
0.7341543139182043 0.1443594358214971 
0.9040136633873682 0.04972530126762924 
0.0878806226490168 0.7051272657935832 
0.6892378954000281 0.1706686373466834 
0.33886619470242857 0.4188946022340086 
0.7444576706017338 0.14314989671037648 
0.0013820176836614566 0.964975197270837 
0.19559823702029433 0.5647409637993844 
0.07850953825465506 0.7220306453797104 
0.018067152743085305 0.867443971290104 
0.4455143094734353 0.33375381965803774 
0.4455143094734353 0.33375381965803774 
0.6711273267674653 0.18153643930724753 
0.9295162698881111 0.03662435514305202 
0.4143878425953164 0.3574752266589744 
0.31908372696508586 0.4367037999473198 
0.059539773736709045 0.757903584830388 
0.9740879533829065 0.013975896925493135 
0.26150123153901295 0.4900150576880904 
0.6338384083280127 0.20648700952660723 
0.2549481345469723 0.49617286920716036 
0.5288692434461681 0.2744815621975231 
0.6940779740994375 0.1677367128797953 
0.3136481246749521 0.44140416489288065 
0.1465583411233701 0.6185528991888217 
0.3487380549553021 0.4105861811223991 
0.303891845208818 0.4497203981135791 
0.0023283866932108654 0.9538588916618184 
0.1608688912062221 0.6000170339999213 
0.7847339708632604 0.11539395024645545 
0.1465583411233701 0.6185528991888217 
0.07898982409808042 0.7201862470519003 
0.9841840652323991 0.010765891393041594 
0.0037748777191791982 0.9402313604966864 
0.12254663181197173 0.656092822565975 
0.3846105202294078 0.3815481875564111 
0.6197229194553395 0.21375022123012374 
0.015120101990805237 0.8784812142214933 
0.1608688912062221 0.6000170339999213 
0.2819767094461341 0.4698735046315924 
0.9944647590484982 0.008157410096087102 
0.06035924946894272 0.7561394480467412 
0.785716165708658 0.11483706971790358 
0.22100062521909342 0.5309658113961331 
0.4091807561557936 0.36153460368320234 
0.014563690400383633 0.8886262009048641 
0.6443096656102236 0.19829235828323463 
0.6706024294492339 0.18377915647858495 
0.29086722617809685 0.4625709580345208 
0.6465775766832811 0.19687957737582717 
0.8971723249172989 0.05392418960823961 
0.12695382959719015 0.645350638746645 
0.2991630767525745 0.4540631222369328 
0.7188498273489812 0.1529301917188584 
0.38947824203140524 0.37668490078950045 
0.23053615491166762 0.5214149054965638 
