0.9999980304866534 7.007236214392138E-4 
2.881311023106292E-10 1.0014801793491885 
0.4091982647883004 0.36093637977774923 
0.49781903195459676 0.2953272098210757 
0.06300522225007887 0.7509636567331405 
0.07470937456478917 0.7326741500471614 
0.5227600668948706 0.2807637697249415 
0.4676099354528671 0.3192124325753632 
0.8725654017804167 0.06708741350206844 
0.17380931156639762 0.5961134571616832 
0.48119278399339105 0.30780969866407154 
0.003452413349242095 0.9423876914183827 
0.3893181101291341 0.3771547933750897 
0.7631544123917897 0.12720521640635546 
0.15322168398932684 0.6099992313630228 
0.24258237300366645 0.5155817971314827 
0.36157734791949203 0.3994187528322593 
0.08612133111315914 0.7087831096941538 
0.051283144361123356 0.7750421993971864 
0.13242981356667255 0.6375381750970546 
0.25501452201982494 0.496126220831817 
0.7260761003528352 0.155939743498826 
0.027604340316240872 0.8352999467628827 
0.6469657699095552 0.1964310936689214 
0.10641277923165374 0.6752235757037326 
0.00648146510097336 0.9205418222850733 
0.3339042863753864 0.4231870099773677 
0.5432026999546857 0.26363402596915964 
0.5967283506467479 0.2305964951306202 
0.23073523597058337 0.5211405668203506 
0.8476662589968229 0.08009295647100986 
0.43038071052888893 0.3448578871440081 
0.26638068712782026 0.4852234954366238 
0.5338126207250135 0.27040578012190775 
0.14639590037965014 0.6189652311219362 
0.7834253271999722 0.1155744010875018 
0.04407993929242543 0.7913206180278441 
0.6878962456625881 0.17137499912489862 
0.5709413773102117 0.2452245445808611 
0.3162885922005345 0.43845365548128545 
0.6252569424165944 0.21014867298145368 
0.45101987924110276 0.33762973300629107 
0.633873973305821 0.20463657355316756 
0.816575640042181 0.09739012745992834 
0.7045627617768336 0.16197960184139604 
0.17944401072792532 0.5804328784828119 
0.8254009953210666 0.09231424015729908 
0.21474540120937086 0.5376087679031988 
0.37360155091402314 0.3897239284253539 
0.2035312073404336 0.5499283175142415 
0.30169830317976676 0.45189974855257015 
0.6602717139216655 0.18822572957195682 
0.8442973320031635 0.09027918317969993 
0.0014094622298462811 0.9697589514724604 
0.8845942336655063 0.060712787258596114 
0.13689515463161345 0.6309025606510928 
0.22008369219120205 0.5323005260302046 
0.29149968129729786 0.46158736855516364 
0.6762979660707811 0.17825696604025137 
5.077956111154691E-10 1.0011737149756592 
0.0347475945073476 0.8147483422667866 
0.8936438787177876 0.05557264968612721 
0.18976892529451558 0.5653089275496308 
0.03720448268707632 0.8100127217749833 
0.9619402110991911 0.027795914495665763 
0.0014543329482373238 0.9692828107520319 
0.20044178846910013 0.5573655987793783 
0.022440546557391028 0.8541531845722237 
0.380427334419303 0.3841231166642146 
0.9840811679463399 0.008615993139922468 
0.7333912516359512 0.14432384258633846 
0.011244700444342365 0.895242288977096 
0.6109891819872006 0.2224326662844106 
0.43098131753543384 0.34434086803740105 
0.7503339943180101 0.13455129804380775 
0.9039593481110526 0.04981569149660579 
0.8027704689177388 0.10506351443059787 
0.45070535331207195 0.33795734365678065 
0.6119105710599749 0.2184885862429418 
0.34692657223641443 0.4117384145112868 
0.6993140944300866 0.16448517165466037 
0.667856011432203 0.1835626227048513 
0.5864776269487553 0.237333621323083 
0.9269858614120553 0.03781761387691952 
0.1846012452105461 0.5716847744994934 
0.34692657223641443 0.4117384145112868 
0.09911147221651821 0.6860702730237821 
0.7993828448480658 0.10696265506721488 
0.11596332280520305 0.6606356636797465 
0.2817668848353013 0.4703601486465985 
0.7867942541936317 0.11381030788231597 
0.009479441330405958 0.9062191952367656 
0.9140329013210907 0.04469652385916699 
0.2817668848353013 0.4703601486465985 
0.5572561829687865 0.25434380809311147 
0.02355679639915481 0.8475834696577702 
0.9793361545747095 0.011091156262202225 
0.9981130633220024 0.0016618105764634348 
0.019174944282204398 0.8717368035749338 
0.9450135777521603 0.028627989485647487 
