5.236197559124545E-8 1.000836739876354 
0.9998454891751953 6.180755433783449E-4 
0.82822139766242 0.09082174845746632 
0.8011586913952436 0.10556217608797235 
0.5315632703990681 0.2716310107709082 
0.1161299653143617 0.6604509566169977 
0.7174264435238635 0.153779821851439 
0.5432904210358676 0.26359064603080445 
0.03280562467539405 0.8201389367063983 
0.36679356559936516 0.3967651963930635 
0.7389482962960012 0.14257868170987845 
0.38721348848177756 0.3844821775062511 
0.507622708167958 0.28829303225683595 
0.2807465044937809 0.4717116782172659 
0.1866937433819828 0.5692918959312099 
0.0060241683681927505 0.9253296498216933 
0.15931747127660867 0.6041625786321891 
0.10653467412961345 0.6782641124471726 
0.015004925076782083 0.8784589535170175 
0.4744077987689173 0.31201562130895005 
0.7891413033492941 0.11244192305478484 
0.16791338241933623 0.5918588286423337 
0.12918263440685335 0.6415413770725575 
0.5822576322436508 0.23780388423216234 
0.044253734838176906 0.7906698762844738 
0.8790875761757656 0.06353237182125146 
0.5653476587769932 0.24868058676231716 
0.7507934396754985 0.1341345911438595 
0.8411332311651847 0.08346986799577669 
0.023082288735180645 0.849270625599864 
0.002691347992242646 0.9500233781426356 
0.6620616234093329 0.18748056142777894 
0.4170219878827307 0.35598359146383446 
0.6450310673533692 0.1976041414151894 
0.7720176773014371 0.12201377038793576 
0.09426405204635929 0.6979686225150721 
0.4891402179307152 0.30131174749791584 
0.054655696766704454 0.767503821659812 
0.01858261439262393 0.8656251083829651 
0.009640761299399038 0.9028805294593103 
0.2625199978743302 0.48843682353025475 
0.864138430192466 0.07719079252520646 
0.9327525735142551 0.034667834074440074 
0.3145261338314485 0.44368311466522925 
0.083319510210627 0.7121709317039306 
0.4105589383129761 0.36114773369566683 
0.6383211901281467 0.20223145513969856 
0.9111076955288826 0.04620153260603954 
0.7648205819595348 0.12599693751299468 
0.08238685482703242 0.7211247511707519 
0.3317232525746202 0.42493275548523296 
0.3013885901378871 0.45217296612891605 
0.43270829580914005 0.34431691715562 
0.4350225962707369 0.3413798402106335 
0.09779347646921865 0.6889462767853297 
0.46248544546352693 0.3207891977875122 
0.9700031495998573 0.01582251801387534 
0.599361191063116 0.23262042733520363 
0.23625476429881537 0.5148672893853343 
0.9903591465068714 0.006950913204678293 
0.17858809350248983 0.5781449424367275 
3.081726174362781E-4 0.9837283747250023 
0.6241706319488348 0.2107042366501723 
0.21230059831492382 0.5409728398435912 
0.8610745444007786 0.08164035270528948 
0.14691069727819112 0.6178731697425409 
0.2879819601479937 0.4654916588196799 
0.45035576535913563 0.32963738679844434 
0.20368483577369853 0.549842844425089 
0.3197708502066988 0.43547002164156084 
0.6838257051151901 0.1738823809100899 
0.3464791854999879 0.4122621064941977 
0.21815219588221935 0.5345852917832552 
0.3970801385426625 0.3705981537998689 
0.299632440566715 0.4616348689071692 
0.0629795075727818 0.7501599781232394 
0.2251172140372199 0.5264163078981285 
0.009277562044175208 0.9095318922981795 
0.20368483577369853 0.549842844425089 
0.2553607752540275 0.495388270301063 
0.601302090597864 0.22568883316161786 
0.8993334324262039 0.05221441194450302 
0.06325510735522166 0.7495765064124764 
0.07352873070043525 0.7356974778782953 
0.028137203244164216 0.833146691714655 
0.9419999965826065 0.02998617789487732 
0.3947278527623744 0.37249052849459435 
0.9506582729796502 0.02563933796011283 
0.8881435557717388 0.05849986362637994 
0.00150857187811837 0.9628330207954621 
0.6722822812696411 0.18430375518596978 
0.07352873070043525 0.7356974778782953 
0.2304604631235262 0.5208305957558205 
0.35369534514097684 0.40600873751241834 
0.5693063182251245 0.24609873345896663 
0.13467253298926035 0.6346138335666881 
0.49632095714294455 0.2962554201563556 
8.964020560002228E-4 0.9714187574380279 
0.6762409407177722 0.17863287605901768 
0.7012372861436393 0.16337533251815653 
