0.999896309222983 6.373332492764195E-4 
3.447994841032642E-11 1.0015334159398097 
0.34934172628199783 0.4102839597039485 
0.6976039356172757 0.16658738238339232 
0.7870368020761429 0.11397514440122945 
0.00208156147708319 0.9670292222284264 
0.6063560034649084 0.22203574838633824 
0.8892138334954092 0.058116967122468506 
0.8217467884866512 0.09425789430715442 
0.5866095009895536 0.23558164423335165 
0.299946060538018 0.4534853252828624 
0.24358257211450512 0.5077117109632283 
0.006226188654293308 0.9252422808406583 
0.04511518820283855 0.7889933763782969 
0.6568687898251493 0.20029228502104177 
0.7205526107194087 0.15196646719827314 
0.07118632113798806 0.734515604304296 
0.4897001950984934 0.3027411306462846 
0.5039514677631244 0.29122676873007264 
0.013052188334219061 0.8874045136006544 
0.06373550151406449 0.7489269380059811 
0.3748237562618926 0.3886387716231312 
0.09874540596371456 0.687069375120928 
0.31752015694055397 0.43796156988712326 
0.08745309868877266 0.7054177432600838 
0.4408000380033213 0.33718922352616787 
0.9727295469830642 0.01473066110088366 
0.08114118556176617 0.7163654820758651 
0.31752015694055397 0.43796156988712326 
0.6266135564739415 0.20949989628537252 
0.1553495688711862 0.607239787894772 
0.841790469899037 0.08485489227008274 
0.42775231052252183 0.34695555868193495 
0.991750925661442 0.005412806223728172 
0.19652013520689027 0.5583023664000384 
0.526254857890938 0.2894169526231176 
0.21309180433408642 0.5553979757363696 
0.9113102281698755 0.04928013322039359 
0.14658361903128656 0.6185598101018507 
0.6746575011587501 0.17950930474173266 
0.41716606734396067 0.3548449440679754 
0.003584436216638967 0.9414238559923354 
0.29027473823832783 0.4643986593767642 
0.4540145577576815 0.32724520684233266 
0.25743635878900195 0.4993139543094178 
0.7289947284346829 0.1470161794080189 
0.13246825689355984 0.637337986635798 
0.05839606334965952 0.7698052149594391 
0.14365169013588336 0.6363379021052169 
0.6232582098661057 0.2115174515403126 
0.05278262538906514 0.7713876693175519 
0.944523343157983 0.028780704015329613 
0.7768862050220979 0.11934068457284461 
0.21586209259707143 0.5366050120033122 
0.025190143638319056 0.8425210723156559 
0.8247108203825533 0.09263348008922316 
0.9309102637585609 0.03592846483855223 
0.7435478074782808 0.1398161470822488 
0.019066449770586746 0.8707574720884581 
0.4031031702678348 0.3662254945871978 
0.8561509992063931 0.07551752410289118 
0.47696497602079346 0.3141305149390141 
0.5713597484744166 0.2450950450562712 
0.12308179977003392 0.6506453729296542 
0.8702419788341639 0.06817153084904348 
0.2616665200267867 0.4897727719010097 
0.5330710967916159 0.27925235225174705 
0.7579636607112542 0.13120732541457966 
0.027796041176569336 0.8349301280479123 
0.3877151829506814 0.37850423210434475 
0.5687287946791042 0.246939488658286 
0.22095276336151365 0.5313211378455017 
0.5357005346583792 0.2688932996304576 
0.3877151829506814 0.37850423210434475 
0.9564844602410919 0.02272234160739958 
0.5551908301924925 0.256409597410456 
0.40525018903681176 0.36442354386653114 
0.11567997551413482 0.6612731040715142 
0.11183356532975142 0.6678926514087871 
0.27284588097633344 0.478817168047905 
0.9613113857377484 0.020423371094078442 
0.8702419788341639 0.06817153084904348 
0.853078332141977 0.0786742399476514 
0.5498956284763489 0.26167268426795554 
0.22821457480766488 0.5235508714778737 
0.22821457480766488 0.5235508714778737 
0.7473773662649617 0.13642122926868458 
0.03171306626192345 0.8234793728799868 
0.4756824926180213 0.31584220330872037 
0.037395603439420874 0.8078778243048118 
0.6610131888801594 0.1880219572856754 
0.36368723375846534 0.40663382203548243 
0.6718872056728784 0.18101060838868627 
0.033626522818654414 0.8180262411152818 
0.7661472037015906 0.1254403039689133 
0.9349927394936013 0.033638771699354475 
0.46183440647132024 0.3217095993467902 
0.18616332271657676 0.5696428801870216 
0.17847093815599507 0.5789680424850321 
0.9165106184164651 0.044440232012738626 
