0.9999166843605587 4.683827566691455E-4 
0.9999166843605587 4.683827566691455E-4 
8.645051482406713E-11 1.0010820406131657 
0.7833176287662944 0.11553174513195796 
0.8079809936137744 0.10175183996793802 
0.5789661838794705 0.24058276766217646 
0.00929801418523335 0.9052554495756313 
0.5984424853441506 0.22722438192193475 
0.8911649918660545 0.05646569396724099 
0.4291397682914997 0.3462964667761868 
0.07682281580350293 0.7238605708759335 
0.14358015666761476 0.6226001887332836 
0.4494508541389548 0.3306366548946051 
0.2604468610267336 0.49068633957004126 
0.3601377232568352 0.4036800128637761 
0.15747030335697615 0.6038941224841289 
0.7335138878175078 0.14408995531173194 
0.029920965885712265 0.8281597031553035 
0.00471286750671095 0.933131416888807 
0.014340836805296062 0.8816770789985997 
0.18871313901226994 0.5670510728762245 
0.036840775919863344 0.8096464669253192 
0.5458694968971672 0.2639985608233177 
0.8263663137650258 0.09156618749238946 
0.34447608400620117 0.41666578112812624 
0.2271100632100435 0.527921545588686 
0.11302387365712283 0.6704727751310463 
0.9650430313312317 0.01837248331499469 
0.0644942061991799 0.7471889882423648 
0.6574134613265307 0.1901506043024562 
0.2912157965773561 0.4641957937876885 
0.17599494570844415 0.5816880321907907 
0.8704635910988963 0.0679300315198778 
0.1990713825462498 0.5582931297789485 
0.019369510010365843 0.8677988234303033 
0.6135812943034218 0.2194331031823375 
0.10395144011974722 0.679148278111896 
0.9267904914126954 0.03832782734515815 
0.08391496475464827 0.7116753117758992 
0.5143540438392941 0.2836183500637059 
0.05029268437188472 0.7774031541829394 
0.943427927416246 0.029259047798449768 
0.0012027723411672242 0.9671536789797699 
0.00300298958596322 0.9469525181003131 
0.2505791211832947 0.5031632444175718 
0.6450066902491199 0.19775274087482642 
0.20950456334595133 0.5478448411498448 
0.8542862019557874 0.07670625794387004 
0.6342010851897975 0.20439750529888856 
0.7136894772016534 0.15612791060615996 
0.5613074941914744 0.2518295814708402 
0.4023692346633545 0.3668555387692008 
0.6224364911802569 0.21224542963431206 
0.3711381327981117 0.39209154394001144 
0.9121826936149262 0.053924131101320875 
3.734171181786067E-4 0.9820138123206826 
0.3931590643853755 0.3738936086159608 
0.056700938816532535 0.7634951673130234 
0.7106131844388687 0.1581455093772412 
0.09581555932423153 0.6922120603554978 
0.23722688801187028 0.5141592347036567 
0.6925937833944967 0.16842468733901447 
0.6749114713982529 0.17935310852017924 
0.3343640478817537 0.4227141255996909 
0.7533167982255671 0.13476304340323764 
0.09102544833053355 0.6994509959713809 
0.5293072140504474 0.2736463414489066 
0.9145617918262613 0.04454047898148217 
0.13162585974094448 0.6386613769596535 
0.7444197018096028 0.1378485048023241 
0.4595573607461221 0.3240243328394344 
0.6905826360657658 0.1704353665396327 
0.6703391299205874 0.18219992246049013 
0.2783347744731912 0.4733537084976169 
0.4152682622615483 0.3594955537746054 
0.13471597904907634 0.6341466765782598 
0.12127805896022625 0.6532005675673154 
0.5566710028848737 0.2550352393348524 
0.16775099588229364 0.5957266005060553 
0.3833429563691649 0.382037194999794 
0.41799340314365957 0.3543659789435558 
0.7644971728323926 0.12654826436377098 
0.49203705969983297 0.30072750120341246 
0.3106563535916883 0.44369750557799875 
0.8412583938446527 0.08379944164798256 
0.04446387615721592 0.7964397786918834 
0.02685086069070941 0.8481478860899556 
0.940138211475284 0.03147210549751109 
0.3136572469121133 0.4412164464143716 
0.8652804854749009 0.07064096987903788 
0.528447129686076 0.2770003909928047 
0.12223401122326744 0.6518430976244138 
0.24167898518443817 0.5093981144789862 
0.02300040231713718 0.8509588806333239 
0.3238685163477957 0.4318239807004446 
0.837174384505279 0.08589116366032719 
0.16990068206752726 0.5890422569569005 
0.3814381196127252 0.3893880434226257 
0.7644971728323926 0.12654826436377098 
0.5022141953475886 0.29263297140653705 
