1.4505921495998157E-7 1.0006949784590944 
0.9999790799210082 5.167311287256393E-4 
0.1543616696888509 0.6085543389336535 
0.5606212810020903 0.25223774537784266 
0.3632575649852129 0.3982686523658126 
0.4030273599838504 0.36617026896959187 
0.4677607546236481 0.3174708194909277 
0.39290287892852693 0.37398697172035766 
0.31638384098466255 0.4385265428723579 
0.1936223095438707 0.5614471886955624 
0.18121275227386527 0.5754077471127265 
0.11267370656652992 0.6655674177243227 
0.24116121628270656 0.5133635425145169 
0.02063769261420806 0.8574858946196743 
0.6536833916952813 0.19249507352326717 
0.7654868245763475 0.12770212196098005 
0.13767902569433935 0.6295983999309934 
0.8775058232238606 0.06405255312778457 
0.09840394687865307 0.6884634481475516 
0.2581128170822024 0.4929083244846701 
0.5345307646645364 0.26967039998140396 
0.7850475258717189 0.11485734776878101 
0.5773274845461241 0.24114297721301842 
0.04752082657033174 0.7834488440264259 
0.08007808297989627 0.7177853944950107 
0.6906201071528613 0.17016283033362292 
0.8509486086027407 0.07826908003065124 
0.942878979089101 0.029437544533004928 
0.826280908766118 0.09175420005235863 
0.9760011255958215 0.012695059183809249 
0.5971987456180124 0.22845417367437956 
0.7107945724240172 0.15759823721291075 
0.9608226136448692 0.020436618215175662 
0.02937778687744716 0.8296577651127052 
0.06923310648976148 0.7381246211620611 
0.10280524116374673 0.6817622961876788 
0.08522242878253268 0.71031256186143 
0.0033388006009541227 0.9429907116002916 
0.026311151379027675 0.839320829287016 
0.16957088438014775 0.5893956876640701 
0.6262243435323891 0.2096852914415683 
0.2861550340826895 0.46602340275375337 
0.9878166354331137 0.00793032398049496 
0.6746991999149061 0.1795843056075181 
0.039541703679220774 0.8019862643745242 
0.7929210553555618 0.11037441046329957 
0.12198450048718282 0.6513955355833483 
0.3319326536838707 0.42901989823103087 
0.5085102066592184 0.2905461946401323 
0.005286693526024039 0.9284675875709373 
0.7023310087770748 0.16360584495383954 
0.4499900450324182 0.3303834297853398 
0.05266435094779709 0.7716509818521936 
0.05776549120238811 0.7612865897551558 
0.726065465432767 0.14844689346090806 
4.141693608071262E-4 0.9806092879401466 
0.21688228660727638 0.5352120481577185 
0.008756237496393038 0.9079535814457685 
0.20612340253433312 0.549700588905917 
0.8074127112462137 0.10248070757458927 
0.26263544003507483 0.48882924470969397 
0.8119394503380849 0.09953075318575376 
9.844533754868046E-4 0.9697768159639117 
0.730745016080165 0.14570183957799085 
0.3490151468539804 0.41027583252608374 
0.03628875810183446 0.8106909370363173 
0.015523250469275413 0.8777352722245385 
0.12691446325716743 0.6460290369774633 
0.4256726956705287 0.34820778953805426 
0.43924116973201566 0.3381579461457427 
0.7561415715241787 0.13356994673773898 
0.06318366683429127 0.7500763433881924 
0.27309535902589777 0.47824233068469724 
0.13375096479568307 0.6352093699599166 
0.01356867326148442 0.8861812314533002 
0.9503404703162848 0.025829946889214597 
0.010954364912698522 0.9035575458409009 
0.2359386234764933 0.520255137735941 
0.35848136619942494 0.4026959156117226 
0.48150253722008507 0.3068928421092872 
0.17071008581102154 0.5884210810086001 
0.4256726956705287 0.34820778953805426 
0.6761072112719275 0.1789646026735605 
0.7458923376129488 0.13905704380850994 
0.27636361448760793 0.47528263744182225 
0.20793561009967312 0.5455282832928358 
0.32307771532758994 0.4323124469355119 
0.6334660903805753 0.2047786335832789 
0.6112710755989567 0.21899178388315882 
0.341342641708744 0.4168499933325909 
0.4356544066411734 0.34538885897018323 
0.6112710755989567 0.21899178388315882 
0.5234340607325784 0.2773183450409776 
0.9234561375862752 0.03978562572196271 
0.22665201619487502 0.5252594756817828 
0.4922767232504722 0.30054037413205803 
0.2963104083530167 0.45687924767323185 
0.838817786931697 0.08492359146488045 
0.50185606289213 0.293409428443905 
0.8923874148962039 0.05636214977227693 
