0.999438240565065 9.133444173948837E-4 
0.999438240565065 9.133444173948837E-4 
4.131660233836532E-13 1.0030408264473034 
0.3087515353109549 0.44532568192043465 
0.09321661518360444 0.6955311631928262 
0.34342439418861836 0.416322613711521 
0.7742065911950466 0.12074840969059289 
0.7427618513723981 0.13886069167240403 
0.18054245526730608 0.5765283324680781 
0.032706861685795896 0.8203900847772145 
0.1087985178122565 0.6712273676462667 
0.010649758609281239 0.8979086906993206 
0.16315292430791034 0.5974978738117609 
0.05129485935736022 0.7747326234071493 
0.979963798613274 0.010705807849050631 
0.7323441391150107 0.1454265968455699 
6.69809667826371E-4 0.9751264901730584 
0.690860229268407 0.17002301393803804 
0.24817224488344342 0.5030180817020514 
0.5011768631884027 0.3023754056391309 
0.1925606559627257 0.5623812291688934 
0.44293431884865025 0.33536200603658906 
0.018789802651072524 0.8651315749104995 
0.7871883346584932 0.11347696674294197 
0.26175743719853234 0.48946298195238536 
0.2023973753824561 0.5520036927260091 
0.5344728510013531 0.2702024192458432 
0.06589718141087375 0.7444848106403219 
0.5098224957317746 0.28697085015928303 
0.29009338677236923 0.4696814698753537 
0.07544150299874683 0.7268849361049832 
0.3475130230152361 0.41127663949049736 
0.15539639267243477 0.6078351813093983 
0.574234202014219 0.24653955806977207 
0.13034436722131704 0.6400174383211469 
0.8936735402328787 0.05954512590332904 
0.9020232423044916 0.050904211298372595 
0.4510371005048799 0.32965593978615515 
0.001993643910586502 0.9564966949149541 
0.7131928853315054 0.1588154869381256 
0.6575032846866189 0.18998005413683655 
0.9363736682424912 0.03487280690595991 
0.08025430223707058 0.7177244154254054 
0.400961691867766 0.37230333465353876 
0.8572758227904508 0.0751386929942667 
0.8775512858053149 0.06421659840411159 
0.04110884570101714 0.798422496166441 
0.5529267546989924 0.25715767314046717 
0.8047277598784374 0.10550455138437362 
0.1198994322754599 0.6546551770007139 
0.7108351306055006 0.16038566845343358 
0.22425251460746864 0.5278284447118238 
0.6033737456093878 0.22438807011522452 
0.2380847689125351 0.5137473466510629 
0.6398664801215359 0.200924689830843 
0.274360742690149 0.4771549640617535 
0.8310960071982478 0.08920687199821432 
0.04101699465559068 0.7991515946986423 
0.9261456763608009 0.04544548242817209 
0.9199780066037797 0.04833292047482263 
0.5529267546989924 0.25715767314046717 
0.006384066530746635 0.9322933594657846 
0.0247274845265592 0.8440904065857524 
0.21328092173246305 0.5398045309150065 
0.0036769481254420727 0.9408690489021727 
0.4825338406925235 0.30625135048242014 
0.5763723659896458 0.24186557334105027 
0.41191110862417957 0.35931059336363674 
0.9484329692661535 0.029777569128262703 
0.23205872808726363 0.5196513269596248 
0.42484595992591767 0.34965749957319525 
0.3736429477443226 0.38990251471772325 
0.11646215903900248 0.659788835186708 
0.6800492512844224 0.17768517774279224 
0.9638838572716724 0.01891586219735806 
0.42484595992591767 0.34965749957319525 
0.019726649139505642 0.8608494232039955 
0.29536883145811166 0.45736263223965745 
0.8220197237405332 0.09409234827481583 
0.05705458838585098 0.7628646025368048 
0.38447532006211815 0.38089852565785876 
0.3000517915300234 0.45312464891246595 
0.4767740092573244 0.3103035068473288 
0.6378723766614572 0.2020917357825784 
0.27011050281819277 0.48123780592351223 
0.36909609161303786 0.3931996086397358 
0.6747715367737874 0.1813083573846259 
0.0247274845265592 0.8440904065857524 
0.14555906794915346 0.6195148930497809 
0.5334111610552245 0.2790398919713411 
0.6244471474164512 0.2105561807995001 
0.5893467356147574 0.23311678973073036 
0.9652896619222001 0.017938440701358697 
0.8430164845542114 0.08245179648610812 
0.2156921063391103 0.5366993080202953 
0.4645403550595799 0.3196004593582367 
0.5904390575199241 0.23253377710683917 
0.36909609161303786 0.3931996086397358 
0.14420270927671108 0.6212733572947096 
0.4645403550595799 0.3196004593582367 
