8.573783007448377E-7 1.0000312752154656 
0.9995157823099288 7.064044549221682E-4 
8.573783007448377E-7 1.0000312752154656 
0.0783132399620361 0.7224407484377556 
0.015150274443320844 0.8777436961127021 
0.06511248592725594 0.7460774592425231 
0.0026440796597381744 0.9501703733910597 
3.3250964250906845E-4 0.9833767606190721 
0.5793995361496717 0.23981042602917926 
0.5504899619242609 0.2589674822015469 
0.1837637419767874 0.5725441788201983 
0.9709170168901601 0.015281064544616895 
0.8281335009003894 0.0913309197941114 
0.14378965073986805 0.6222511109403781 
0.15486166421286665 0.6078483696820441 
0.6871000087551014 0.17180429341757233 
0.7985397208112665 0.10715152635196731 
0.2837184022438849 0.468378037995215 
0.3189315401815215 0.44094692201729696 
0.3530088758402885 0.40707266292926997 
0.9917257963193384 0.004912803187165238 
0.004722272709630375 0.9334443446679156 
0.6314347559490106 0.20656353132122482 
0.3034653241114941 0.4502751241865692 
0.9155248063025974 0.043843312453009174 
0.3262908997874414 0.42951190113502336 
0.248717610978092 0.5022499000501538 
0.4894319100850778 0.30164219572644574 
0.0562960413629896 0.7638917061163212 
0.027696820853125387 0.8349655241643783 
0.13397509038619507 0.6351533445369774 
0.09962802135401405 0.6869819481585825 
0.467311480056836 0.3172329798073032 
0.21934368436614934 0.5381435910314952 
0.5269111281965101 0.274980145746413 
0.09079355616799878 0.7004775319886933 
0.04519204863243392 0.7888953461055561 
0.4156094860275227 0.3564508302917636 
0.11368653348120213 0.6640617388650868 
0.00798969058064919 0.9124306150519643 
0.6122832142159891 0.2185094646174787 
0.10805424177233017 0.6726351042194634 
0.235923581741821 0.5154697452644456 
0.728256388663748 0.147653164107099 
0.05197280311610164 0.7744230340286583 
0.5449874254756527 0.2627513181956897 
0.19786616978051436 0.5564762941106385 
0.9372964303459326 0.03344222672875029 
0.3675219760086912 0.3948715144880777 
0.4261887516235967 0.3479426330514861 
0.17485197439538608 0.5831551790623398 
0.5146834727122748 0.2839458320506247 
0.8859886888153383 0.06203373318887655 
0.7163413622641335 0.15425485526335836 
0.7486297488204691 0.13592634809810022 
0.04012575267080931 0.8007676002677687 
0.7399895205025447 0.1411248719913585 
0.12329105188620632 0.6497822649797167 
0.02005883941250758 0.8594085959859108 
0.33906248720285725 0.4189652655059815 
0.6590180946000104 0.18898834481469873 
0.951702448883985 0.02511484498517893 
0.7636885505060597 0.13177864597659802 
0.8653231191736539 0.07062938124666782 
0.1647550495479913 0.595301006821044 
0.26945182220218594 0.48208644541647283 
0.7844614797604461 0.11585701413570194 
0.444240697606214 0.3343252651073361 
0.8462231994737828 0.08063677438546131 
0.8302091937757601 0.09058334145744194 
0.2264228668106525 0.5251882763590655 
0.5012782568371643 0.29274693280401887 
0.00798969058064919 0.9124306150519643 
0.6088535087662467 0.22127894288733868 
0.871240124492661 0.06787240540851903 
0.6530872173682285 0.19436579355244238 
0.36739075401997795 0.3968568726164191 
0.8462231994737828 0.08063677438546131 
0.3454037679313627 0.41813809431583887 
0.7072935530078649 0.15975429817726983 
0.5958042449178532 0.2301189087104251 
0.7753734998596364 0.12025523286711333 
0.1270000383446489 0.6465760859859266 
0.022578825595372498 0.8517989961800296 
0.39438083004592545 0.3732581442973694 
0.03582424393972561 0.8116307498442775 
0.25797912933063394 0.4939256823650548 
0.2686369467116914 0.4828081910765898 
0.38615620929026917 0.3808211505025175 
0.7676945794814181 0.12457831169783416 
0.4667360243640084 0.3190190214866411 
0.9385828570340161 0.0318953455224021 
0.03249416649765369 0.8205454163910542 
0.5819783230695575 0.23821605583176433 
0.09235783300936817 0.6977405013509015 
0.16832295694971777 0.5912105937533711 
0.4541852396388309 0.3268572309422558 
0.5935737704576739 0.23153816453524534 
0.7941310474719288 0.1095066045366259 
0.5212284023482217 0.27883705162374317 
