3.145918039620748E-10 1.002435753771934 
0.9995148775527996 0.0012274475219006002 
0.9995148775527996 0.0012274475219006002 
3.145918039620748E-10 1.002435753771934 
0.03259061746802612 0.8218644380427489 
0.39853189697979186 0.3700707537121483 
0.04442994851009595 0.7967932175122315 
0.43221429385704235 0.34557681569237403 
0.5528871537737396 0.25783030631821807 
0.7534240609032641 0.1335532599951947 
0.022714969004706126 0.8509929786084998 
0.05341863900302479 0.7766539870357203 
0.5330751387192303 0.2713618928924557 
0.07962245928562667 0.7251378141424468 
0.06830995425058767 0.7408008961004716 
0.8761364876097676 0.06530742947715289 
0.12695339141753403 0.6492670994032487 
0.7188765228695662 0.1536228122870524 
0.5835282586529147 0.23713228456237967 
0.8584089547268936 0.0745422786160228 
0.32224979187963443 0.43940598657578106 
0.8186823657084821 0.09602234699325014 
0.08670627432595762 0.7110634571576072 
0.017300549113082153 0.8800184455363884 
0.6406628902456756 0.20104885211180604 
0.2127047206624456 0.5448377072011463 
0.5089369642245343 0.28738453535934366 
0.5695729292297258 0.24677887345313074 
0.446259440282418 0.33491876332426773 
0.7679116005674747 0.12530460946259894 
0.33770615826736294 0.42069667141746986 
0.5326339099712262 0.2865833121699492 
0.30100633622701384 0.4535738245428829 
0.2903323050912912 0.4709086889097645 
0.8469866090064252 0.08082552300715697 
0.7028647918135049 0.16311097777045525 
0.4664822433277761 0.31816364903563077 
0.4575809843498813 0.32485221805858844 
0.8039329371994364 0.1047803856415247 
0.6052832126620281 0.22375597697182092 
0.47922706181007374 0.3092471168351518 
0.37661234401709615 0.3933189920387749 
0.3604737651286051 0.40155871883332506 
0.0021855141745015117 0.9557917773511813 
0.19719508073636233 0.5580008831209452 
0.7381004958216776 0.14561671570331397 
0.24686424852665262 0.5052987750125484 
0.16705975193752906 0.6032221159073811 
0.02038759913281485 0.8588768193803238 
0.15904450570900364 0.6056845924189344 
0.0074940229511912815 0.9293413377798628 
0.3909361514901178 0.37690487155367036 
0.10138728450308265 0.6835375163621576 
0.6599367750479708 0.18902526418488194 
0.13512568416473675 0.6381103432141058 
0.14711566441870355 0.6184207870877447 
0.2635425755480437 0.48813160983984305 
0.23831799394937464 0.5240882358344907 
0.004245522192286133 0.9370200100270876 
0.48806240427885156 0.3031291359738869 
0.6786507528863615 0.1773086180216927 
0.3799400666740237 0.3850347394872737 
0.061155771423887784 0.7546568721173003 
0.9855419513108888 0.011239178440642898 
0.1131628697109597 0.6656358141637798 
0.6610917122610116 0.18836624157384935 
0.25952559759927263 0.49195036918989593 
0.11338803590959895 0.6650258051263581 
0.9099705741865659 0.04690287434515577 
0.057954628019004084 0.7611332372127004 
0.7842546333078144 0.12403511435784832 
0.18442780465718658 0.5724869721594633 
0.012855082858450176 0.8937548466943945 
5.363560394191086E-4 0.9789626463879677 
0.20413736272927369 0.5574440758872048 
0.008883781297804677 0.9077605491051127 
0.29872452192420634 0.45539608457132286 
0.09532896349502018 0.6983831159640497 
0.9708651776025687 0.01611100780747398 
0.22063789177070964 0.5318646838474838 
0.7356646159233817 0.15047957997696615 
0.9544030176030689 0.024355964813262493 
0.908528994564725 0.05088862272054679 
0.79547305793532 0.10968547007970474 
0.17418172489817868 0.5863603442717322 
0.27847316787342363 0.47379362137384184 
0.9261535098125966 0.03872743721348643 
0.634021382847446 0.20535653985559332 
0.33474165641080583 0.4274145930570981 
0.7873001034558258 0.11511952928550725 
0.0010530139753926054 0.9693762122109701 
0.962792605708437 0.022973470700678386 
0.434356721831572 0.34267305388902997 
0.14741377882331624 0.6175836575067458 
0.6260587855276789 0.21257008641419484 
2.3346527204287648E-5 0.9976943176679481 
0.6924897512497966 0.16896952764734216 
0.8335708368871009 0.08814342576840706 
0.577703014157242 0.24121005439311596 
0.9398710861963577 0.031802916067466824 
