4.0916849803549164E-8 1.001124300571804 
0.9996798272533793 7.885870660229765E-4 
9.967966481352186E-4 0.9699453140261701 
0.18941643465811378 0.5658812337214195 
0.0437173409243119 0.7920083827993047 
0.005106445501094743 0.9297086029358589 
0.9319584684282358 0.03750213149140918 
0.24943922545597433 0.5014294538109106 
0.4016542793079949 0.3671988912817716 
0.05602365867914119 0.7645671252791297 
0.9574136259188898 0.022205922628453993 
0.23679873805958368 0.5147639194756577 
0.42119584888362904 0.3519943359463903 
0.36981263300980294 0.3928615795375035 
0.16732010296408245 0.5922765172022528 
0.26894010060138546 0.4825837424990242 
0.1231129434222033 0.6505558549229169 
0.310470606317169 0.4435372175487965 
0.6625019189266801 0.18673194076781433 
0.11223437249741758 0.6660925773179757 
0.024041452173793942 0.8462265598873852 
0.7151891365563422 0.1551088069649793 
0.48477984718882844 0.3047221305086688 
0.0328340886680866 0.8199925921943653 
0.8593289754066282 0.07367470749900794 
0.22282780051004092 0.5330465578779374 
0.9820246940080557 0.012526671611628019 
0.6173081870836734 0.2150736676630922 
0.06305904416761154 0.750539978420457 
0.3313930736727492 0.4258809363061376 
0.07070784518423189 0.7364553418958981 
0.2933613060883699 0.45910530119158266 
0.20104171688947375 0.5524510920376208 
0.8421397886172035 0.08300210289396977 
0.0359804677956798 0.8116311259367718 
0.008135649885425422 0.9110412427055159 
0.15990686342426705 0.6009178276303359 
0.5118739116966738 0.2853207325254735 
0.4637725251127994 0.3196450331752283 
0.5935837737993593 0.23776893052838127 
0.49737440872954597 0.2955798775391396 
0.44672989784734124 0.3323577062260429 
0.07946763660161327 0.7196132405751605 
0.969818621610574 0.016016930359171656 
0.3887850222575465 0.3818884555175761 
0.6042245925945049 0.2237606968419914 
0.6451655342403885 0.19790395548465284 
0.8334046303110025 0.08789917577626176 
0.8843472238837085 0.06026976422668558 
0.735218271946334 0.154269670375484 
0.7715910332761511 0.12261936149113953 
0.6962324974632121 0.16738039226879262 
0.6781852130849103 0.1771475646225472 
0.43254431722077347 0.34319151882215465 
0.08965062776550486 0.7019595265152777 
0.13303941230904792 0.6371210737013503 
0.1503235379365302 0.6184552949640449 
0.13707194967607955 0.6325953627395177 
0.6988931661496286 0.1651678662323271 
0.38733302457445734 0.38689147917685307 
0.46363462190979854 0.31972189877823576 
0.7945812425921749 0.10951087306737542 
0.09270619309795894 0.7008310948300721 
0.5577147145205636 0.2541365415146876 
0.572719250808277 0.24412232818085183 
0.5329532867102486 0.2706943675937489 
0.7894758262064091 0.1123416127483374 
0.14812348156837207 0.62084618939481 
0.10339716801370888 0.6797843058268707 
0.5746752688551628 0.24289530447239865 
0.10070955681912719 0.6836724874781261 
0.01878565137191792 0.8644555061945731 
0.21639122328700627 0.5398607850360148 
0.6330564159243774 0.2097917752771937 
0.8083762278742582 0.1018805160726173 
0.07673228939802519 0.7238807549891755 
0.6755674117460923 0.17902524038361597 
0.2800297242547983 0.4783271293159762 
0.9093598148449746 0.049127733523333036 
0.35278531665250157 0.40686547500537995 
0.6419816898742958 0.19964284357428944 
0.020879055134743724 0.85689646774715 
0.7526756373809034 0.1336674282622192 
0.2827899613107844 0.46919574790997254 
0.7360133453274159 0.1427053930298926 
0.5571288268131994 0.257097769646264 
0.35278531665250157 0.40686547500537995 
0.34414640155524184 0.41421214082442487 
0.8981299144966806 0.05297929931990838 
0.8207021352992433 0.09497425045013919 
0.49121642442453367 0.3002038646477635 
0.015387703365772623 0.8777515638301557 
0.30382786846725063 0.44997286605130876 
0.01447904702059602 0.8817073472614589 
0.7768778630646598 0.11960353220214437 
0.5196689610670645 0.2806126401184766 
0.8972388080209643 0.05910672322746521 
0.914889130585359 0.04536045808542536 
0.5439807565092797 0.2633366019428397 
0.3409191360192574 0.4173654571202808 
