0.9999656054356004 6.672903387568664E-4 
1.5727789083250232E-8 1.001061989011887 
0.8824922063593261 0.061359207275252806 
0.31526511188187106 0.4396517350686415 
0.17179621176068785 0.5862186772391074 
0.3307328157370424 0.42755966337946344 
0.5398576765510671 0.26649592103593517 
0.19235849192955687 0.5624433574046274 
0.22046580139253225 0.5315616761316325 
0.06465942166023741 0.7471438160478941 
0.9079450523062991 0.0523022991489508 
0.47085627699353794 0.31457875664949053 
0.4542321305678284 0.32664142256111994 
6.420444366781394E-4 0.9762660775846855 
0.6945920890137294 0.16722862789251863 
0.9740969540056391 0.013657812055875242 
0.26598035432140194 0.48524903972512107 
0.5266169382376285 0.2756091008073685 
0.1567247245561555 0.6094613269556955 
0.8639692573501752 0.0736699264068501 
0.1807943452623499 0.576203094394712 
0.0525880831025448 0.7762155858851002 
0.7836537807366448 0.11539651332482734 
0.13637274149930387 0.6346523861072391 
0.011361037326277579 0.8944797635700041 
0.7709850771218403 0.1225826962445468 
0.4299601445763017 0.3450712327498839 
0.5737251898721234 0.24343738668971984 
0.39156036785136744 0.37529455863911837 
0.027081462249782 0.8366131447228574 
0.4179512187318089 0.3543288935282253 
0.25503443768094153 0.4960778262541558 
0.9890185480911143 0.006281117905671352 
0.1425036008832104 0.6237651045652107 
0.376159065886642 0.3875711155201886 
0.1081037003017287 0.6844497711447246 
0.04191013824738571 0.7967727103496258 
0.6540498433020319 0.19231073189754264 
0.8498757057597611 0.08027487208280247 
0.2466949768412629 0.5048612560717632 
0.5573539815420727 0.2542405001915589 
0.09421815691606944 0.6942097504656843 
0.01609761562293316 0.8743080824400143 
0.2907121245032118 0.46192890215782884 
0.004078806129231005 0.9467647824043803 
0.6655567212067132 0.18492909255877066 
0.002121068085294109 0.9551645253184495 
0.09037589361151854 0.701004493301495 
0.9587543974384587 0.02292882123877217 
0.7569141145586691 0.1306069307819801 
0.6794464265638387 0.17640089859503308 
0.2907121245032118 0.46192890215782884 
0.4882397825732879 0.31102968903586214 
0.03507037139802976 0.8146330340839242 
0.7984979314067748 0.10726038556003645 
0.8302700741424656 0.0895706587044046 
0.08206165450456573 0.715887907513449 
0.35224185590838386 0.40771019490391686 
0.35224185590838386 0.40771019490391686 
0.2298662205924057 0.5217727700598103 
0.9150097366639515 0.04412525990878813 
0.10812881369279659 0.672029149327437 
0.7130773154914654 0.16299768176780222 
0.9369391640948987 0.03283561692010278 
0.03151093716420578 0.8233478032427599 
0.12458545545698863 0.6486278234257077 
0.20499500820316702 0.5484142839432997 
0.20499500820316702 0.5484142839432997 
0.11552037809841764 0.661122268255383 
0.2787670013228739 0.472938506720713 
0.021459688957171874 0.8544808359803153 
0.1518108240907779 0.6115908341312375 
0.3840020829665192 0.3812679706480001 
0.32149233523838217 0.4342695581772423 
0.713782174151994 0.15627142046705128 
0.5602311251437366 0.2521399006615762 
0.05696896779167675 0.7624016695502107 
0.7371274837190719 0.14241473883721353 
0.00925994338041125 0.9096608473211812 
0.8165242303144589 0.09748394590294585 
0.5876360170520758 0.23428623516558525 
0.48959416905848707 0.3010201424616 
0.4979376770183677 0.2951003158250638 
0.6027914255046428 0.2273479401597104 
0.005850896491927771 0.9251214514514977 
0.9252236411709482 0.03867587961931608 
0.04045025037355704 0.7999922570343881 
0.4069028360388389 0.3627959991114268 
0.4069028360388389 0.3627959991114268 
0.9511519780250588 0.025508236787338857 
0.4439343179618145 0.33870214412291066 
0.3636585197007637 0.39807359723001823 
0.08241968207984685 0.7152962271997029 
0.587158770714286 0.23750229279160837 
0.2806396008045771 0.47127245210579144 
0.06392241296865694 0.7480866555142376 
0.6764121931584034 0.18154278854009812 
0.4457995093570871 0.3376153012348506 
0.5059895755663768 0.2917935473274252 
0.23761559876792565 0.5135233855481967 
