0.9997291497490295 4.926211403518203E-4 
1.4410182430993346E-9 1.000682902973412 
0.9997291497490295 4.926211403518203E-4 
0.4746688701702609 0.3120526402620693 
0.1844788381446459 0.571179786283013 
0.5302296548764102 0.27240322940384004 
0.43504315891331147 0.34167609961622575 
0.2093949738081016 0.5430156795363784 
0.5485619894466024 0.2602638706863523 
0.4511421906143957 0.3290841206825933 
0.37513365003210175 0.3880246181547835 
0.23364295118143985 0.5173852283843808 
0.6756257054641145 0.17860386318971527 
0.1325681943914715 0.6369244905491043 
0.1671361111812577 0.5947744906847793 
0.009122508404439247 0.9056851799112993 
0.015581247183390656 0.8760915261108045 
0.3572674864219566 0.40321027194230674 
0.2590490886175651 0.4920794637013708 
0.8533465571103991 0.07685592734785708 
0.11863798262127123 0.6608031317591246 
0.39568436364277315 0.37173528783356485 
0.19954643386236137 0.5541780926041444 
0.5735935447255868 0.24337415760188555 
0.019239684692844976 0.8621892294477708 
0.0036089164815266634 0.9406852537372669 
0.04524311734483058 0.7891142366382237 
0.9654249539654661 0.018131583930833778 
0.06324851728521058 0.7491707946345073 
4.88732072053466E-4 0.9787638949951775 
0.1231514164635705 0.6503157382501383 
0.28532779714560236 0.4667251424087466 
0.6413343184215659 0.20330891703178336 
0.7804567344595055 0.11700937254753806 
0.09093832100445488 0.7007406075423652 
0.1455976085491451 0.624224495225806 
0.6380672948676546 0.214940530234813 
0.27694713363270335 0.48770202507394506 
0.3856162919953168 0.37977163353491034 
0.4957766790014747 0.29700178391640547 
0.4092211393930728 0.3610925373344222 
0.10597224929184579 0.6755841860716183 
0.6165456203792351 0.2155406260335559 
0.01063442712085938 0.900449324855596 
0.8379266527387024 0.0854100607289596 
0.8733135117281039 0.06612750115025133 
0.6531096726991622 0.19243273211577921 
0.9067587808008446 0.04840889185922716 
0.7489131155893716 0.13540816969845562 
0.6936190164871732 0.16807088267774295 
0.05413550545705964 0.7691471033714806 
0.7326913416189947 0.14480347066963747 
0.30058874967350513 0.45920288948689364 
0.4092211393930728 0.3610925373344222 
0.5117781043605696 0.2855289498666922 
0.07262944878847086 0.7315379554396324 
0.7643609131491989 0.12645987377997578 
0.6016607651375241 0.2253215898567355 
0.14842577437920948 0.6157402655315434 
0.3256735377945164 0.43019023559459796 
0.8685244288903149 0.07164861434932528 
0.27761020025695776 0.4737849659535653 
0.8899811687251508 0.057471887532340005 
0.44434190726576556 0.33429915549081674 
0.02470383582833928 0.8438674846374008 
0.9746044894244582 0.01333553064069682 
0.06657526968323264 0.7427545204153272 
0.03213660915145505 0.8217394820730723 
0.7212561179136988 0.15148775245098012 
0.2500939460144186 0.5054013974769939 
0.5033123938145821 0.2913795886966686 
0.8921032463228713 0.05622458982938216 
0.8267641754413232 0.09193950047017856 
0.02470383582833928 0.8438674846374008 
0.7432977796251008 0.1399182375780747 
0.0036008965980329076 0.9410520183242099 
0.07780967124427152 0.7220508511989646 
0.7690966054755232 0.12373925894489543 
0.001911115643256578 0.9645857231818937 
0.3058480773525822 0.45395243178470074 
0.041659858247693415 0.8035805683802125 
0.3455919830737306 0.4129973684587629 
0.6079832995577183 0.22103641766038137 
0.5876024246651763 0.23414584727572732 
0.7990265926624505 0.1067879837735842 
0.3179736129870856 0.4371119958071131 
0.05200467592930398 0.773546355710265 
0.5624501235186927 0.25095597302246647 
0.8134936568949909 0.09850384778074893 
0.6624051435488254 0.1866408114506333 
0.24491373055075294 0.5107209487726376 
0.15732973777625275 0.6044092694389636 
0.9152068505937118 0.04389048544481596 
0.3346592077837516 0.4223057471594401 
0.5886912392978583 0.2334394224183328 
0.6975518721856843 0.16606878080006682 
0.08320031177131526 0.7126655821457997 
0.35092899421568735 0.4087731571516514 
0.10242151575038697 0.6810555142858772 
0.2088606689010699 0.553405886052481 
