0.43375010837571926
0.4412332587869102
0.40857620122588845
0.39663443115613106
0.37029410302329346
0.37014915196476783
0.41624697249765913
0.301056178650894
0.4314041566464361
0.4215920263018425
0.42724584508587926
0.4066789055643244
0.4124611058605404
0.36423244350112716
0.4249816296318087
0.43449090067152174
0.3656900000862373
0.37015276069680475
0.38823408836983747
0.3700026893753514
0.44121815438668055
0.4137377397871288
0.360563750898798
0.4556761929863151
0.381832827469962
0.3744305777274783
0.41352181426009205
0.3944373041162634
0.3844693462825419
0.43348861091970353
