0.9999944760517114 0.002709914526085688 
3.0563217217246905E-9 1.0009437720764245 
0.9999944760517114 0.002709914526085688 
0.052949027543182675 0.9981362320872414 
0.5878916724320804 0.655997852116441 
0.745176586593595 0.4469185861998042 
0.7108104691644258 0.49631593162829907 
0.7265071134312094 0.47446633104157165 
0.8967235558121875 0.19787545297723447 
0.0018382254175448032 1.000832563735165 
0.45340717457101826 0.79572211715456 
0.9306050633490652 0.13553401409038643 
0.5381985454529967 0.7124347319771116 
0.8301496363013188 0.3132244672032388 
0.9853484304987241 0.0319575295072674 
0.8123864160899761 0.3469878847072534 
0.3709073259067852 0.863885542638661 
0.1641424283507128 0.9742873324773711 
0.6913289271505356 0.523626908107251 
0.11178070670224244 0.9887313746591699 
0.2651797875799749 0.9309929641566803 
0.568092692985188 0.6793316487500395 
0.9967115546280032 0.00877094042520434 
0.14217172603323763 0.9810813040537812 
0.6033732781654306 0.6373760129423193 
0.973231160965352 0.05530848878477572 
0.5770730995122005 0.6685731577543537 
0.2402570689750858 0.9432026800319743 
0.5229779089900847 0.7316639994313962 
0.6228961323952168 0.6140174294788976 
0.6399559055496399 0.5939623074148064 
0.6825293612412286 0.5360102397024038 
0.4187257602897235 0.8259268383576363 
0.5550926542636332 0.6935460780526552 
0.3505644252956581 0.8789439701202085 
0.9378552630732462 0.12307005413353658 
0.22416795706656933 0.9509961674905731 
0.13228716561123632 0.9861488408145779 
0.08154316707925122 0.9943273241299748 
0.3317810931982735 0.8913882167402489 
0.632807694726661 0.6017007615836546 
0.6749314149235236 0.5474082288069709 
0.8884191151592302 0.2125174481301231 
0.8472679870844199 0.2840215865566004 
0.862398466026695 0.26333314069711367 
0.9540800982748369 0.09150030434315595 
0.965251600272148 0.0703482944143736 
0.9800764438664674 0.04171810081871897 
0.9084259505128971 0.17614829992239647 
0.4079859201564865 0.8344791184817902 
0.17929611356017033 0.9695132644866818 
0.5303240135026682 0.7208853093501433 
0.757052589892675 0.4284303187825744 
0.8795338018607586 0.22890580742251543 
0.4808538946437442 0.7711517295501263 
0.8211265736602837 0.33280800226168034 
0.5092339538921115 0.7419415921543959 
0.3154643806220442 0.9018318082998013 
0.30048121929876376 0.9112349014982407 
0.795438404689961 0.38181583605742736 
0.9624983357634725 0.08020316033420184 
0.7985078199814181 0.3640637080343118 
0.7755335224122721 0.4003718484186789 
0.9441467895916689 0.11084826450216402 
0.7689106349302189 0.41035608528990347 
0.9192711962195643 0.15667964920144797 
0.09096716897521928 0.9931422706096951 
0.9192711962195643 0.15667964920144797 
0.9530704350268676 0.10645258761700051 
0.40083916609145864 0.843456003446085 
0.26971963959459583 0.9284261605283711 
0.8711437404314863 0.24256116626466698 
0.19648778682591184 0.9629824211554782 
0.28342955839583295 0.9208286570318773 
0.8382875799931384 0.300021013540649 
0.557016999450655 0.6924668002217924 
0.4302232080155711 0.8170979131073055 
0.3281390280018174 0.8938313661443892 
0.2877204966580693 0.9186423787859712 
0.6507920171911211 0.5789377986365246 
0.468972039916434 0.7811108555891272 
0.7629200818445202 0.41952180760437396 
0.7815427042466154 0.39111521724163345 
0.468972039916434 0.7811108555891272 
0.8865477681294691 0.2241101148156027 
0.39215841371142385 0.8473826954413006 
0.39215841371142385 0.8473826954413006 
0.8401698332135165 0.2959941554350212 
0.703635125342911 0.5087433888034575 
0.30777420419039997 0.9061947586260113 
0.23649842360526968 0.9453849161005626 
0.1907073657376526 0.9657362814651311 
0.8667639763039675 0.2500869071707442 
0.7342146871141041 0.4627762936499696 
0.6598358137747897 0.5668412360410036 
0.491228160078704 0.7609349783751248 
0.7855878474164614 0.38465943502039723 
0.7342146871141041 0.4627762936499696 
0.36509112947177114 0.8693054564240088 
0.703635125342911 0.5087433888034575 
