4.2072677061536813E-16 1.0013288603027706 
4.2072677061536813E-16 1.0013288603027706 
0.9999543464252891 0.0034161174594459064 
0.9829389479278237 0.03631438619705532 
0.970480030618676 0.060874518189995744 
0.6271967498102614 0.6081019200927389 
0.5181048122204978 0.732706174915121 
0.2505489624232644 0.9382234566875528 
0.6130336400722486 0.6255741868658982 
0.560626236832149 0.6870650695556397 
0.8897311698948589 0.21006676464729385 
0.820696331964119 0.32945553212809875 
0.640674799057118 0.5908149279632058 
0.8555512805264777 0.2702747598868394 
0.9112917228401639 0.17202120928578452 
0.17055157757254197 0.9721604087608264 
0.7250064335299379 0.4766149373746047 
0.8071489505670395 0.35068559225364154 
0.4646850728480394 0.7887739917250215 
0.6812732278824082 0.5379122189226027 
0.9214960655796914 0.1531310514313746 
0.9286871590375463 0.14150882233510773 
0.7754997872068266 0.40085831390392623 
0.8782215638422433 0.23705942672798008 
0.21165048227338742 0.9567305179253428 
0.572147237366747 0.6743802066511145 
0.11578383816524412 0.9880091743979095 
0.547711424599608 0.7078007154535643 
0.7592898815569943 0.4259726965802172 
0.00987021317578829 1.0010029177223903 
0.14424361498096466 0.9806114592367627 
0.768502939046897 0.4110829562571381 
0.08918295691174905 0.993035414620582 
0.4816585640429298 0.7699957384668401 
0.039738811856667444 0.9992914552901516 
0.8451602247948893 0.2876637543660286 
0.6044617376943748 0.6441689346547068 
0.8429381815903079 0.29797304384128254 
0.2270125691364752 0.9500283767830188 
0.6514604785363363 0.5770964162978022 
0.37399128892626 0.8622029655280272 
0.19046341868555178 0.964666892137984 
0.8011017297445675 0.36021407262311617 
0.33039316258461077 0.8921659623920556 
0.4309784573683443 0.8155218491571036 
0.961479796895679 0.07762050001724065 
0.5348058689624787 0.7150966959915247 
0.13917224751398682 0.9822202099769575 
0.4558500004794137 0.7932537477665247 
0.6971516302525144 0.517165229970514 
0.49312657648984926 0.7581576148804127 
0.49312657648984926 0.7581576148804127 
0.5243479886503278 0.7291622795714536 
0.6669505367663757 0.5568555194724139 
0.7862664735166032 0.3836816580222538 
0.7397360653476386 0.4550753174985843 
0.9421235796592211 0.11525394404709652 
0.7397360653476386 0.4550753174985843 
0.30120267054861233 0.9104967799773738 
0.8328548619979678 0.3150274858116687 
0.366010021236468 0.867267315247119 
0.3499358925501729 0.8790405363227547 
0.3912105801854011 0.8530241869414438 
0.4121488978083099 0.8316424421296791 
0.7921471842433132 0.3743809207462261 
0.10420365384862096 0.9901932838374793 
0.28210461109862506 0.9214636190508669 
0.9385890238242656 0.12397025826368659 
0.9581066300982133 0.08519851511629009 
0.897697246899825 0.20014106977987345 
0.7199290132780147 0.49308667376793985 
0.3191098197194836 0.903663068033305 
0.8746150802490634 0.23852125536891908 
0.5853685423328763 0.6688643165356067 
0.9027489075613491 0.18718637407278277 
0.35450435802886177 0.8758163472059934 
0.1832466814066197 0.9674965379080325 
0.706466544398317 0.5036284825951353 
0.4452548385745737 0.8045993719638986 
0.8307808507196568 0.3190488450873375 
0.9502957382808254 0.09851155893449579 
0.7520239507997905 0.43643697101323653 
0.400853651962482 0.8404197192545382 
0.8653852871389983 0.2539535445297282 
0.8653852871389983 0.2539535445297282 
0.44197002873410385 0.8061116361588176 
0.6579863836315459 0.5686626143920612 
0.06928501922840513 0.9961236668917586 
0.2668469322100321 0.9300143752254503 
0.6878584273657469 0.5287573601914721 
0.28119689670117876 0.9219762340497066 
0.4841625677843605 0.767881550644628 
0.7520239507997905 0.43643697101323653 
0.2668469322100321 0.9300143752254503 
0.4220728801500712 0.8230476883091471 
0.3090250341130247 0.9060624372376547 
0.9512018587974942 0.09825813037878887 
0.6913274098776236 0.5236821224247067 
0.04792734880045074 0.9986816461761051 
0.6622556259759225 0.5629927682037958 
