1.867979853774074E-12 1.0006277052323937 
0.9997545000052086 0.0016335641554273434 
0.9692621371541826 0.062058431740752526 
0.509522344308312 0.7411735913682004 
0.9557369225490211 0.08763693052704165 
0.43979175972373497 0.8077256421021114 
0.26186182779108674 0.9323733064096807 
0.5902493122309307 0.6528971197730278 
0.7731246283270954 0.4036933511227645 
0.48671599338491556 0.7637253789742003 
0.9296898411719712 0.13708461547399642 
0.7877193121244288 0.38142743352277175 
0.3072209985769033 0.9067736841251287 
0.11049623540540587 0.988688575035638 
0.3768160375234313 0.8586755224087558 
0.5563843442630783 0.6913629230171789 
0.8029842960901551 0.35680635838867275 
0.9434745378633663 0.11126413347303646 
0.46287944912954493 0.7867583268514524 
0.9816621330222968 0.03720198480723916 
0.20516188150240855 0.9603831380004152 
0.8585767739872909 0.2643155259698488 
0.28807487138747384 0.9181949198901801 
0.4866283323156629 0.7742465639185125 
0.6867867585288935 0.5298812864974457 
0.3882787204521909 0.8501835245834106 
0.8119654453161528 0.34203483696369796 
0.7194550007904227 0.4834436136943262 
0.4053043939645089 0.8363905801590416 
0.5764966040622278 0.6685964049135977 
0.24020424941344043 0.942962706742677 
0.07365638277294394 0.9954316188452016 
0.8988360204729482 0.19377090776656347 
0.7129435813843148 0.4930927233980459 
0.6776679851805755 0.5417117724759443 
0.4649975315924295 0.7849794964365423 
0.3227512317973961 0.8968570980021556 
0.4301511159901674 0.8163467117350408 
0.6045858289868873 0.6398904550281365 
0.8274094926682107 0.31680976624221324 
0.5671168804491404 0.6792836461490842 
0.6487686770346406 0.5802120614740875 
0.5348335146524643 0.7148038058866039 
0.8391309737328556 0.2970811672399497 
0.18497190067358427 0.9668051841445349 
0.8705303097389001 0.24345612587736556 
0.3470226049619727 0.8802775818156173 
0.7376544232268782 0.45692750785462855 
0.25118752908266245 0.938129568388389 
0.12992118753427556 0.9837842395153696 
0.6949973285036108 0.5186963175429765 
0.7044476097579065 0.5050881636040073 
0.8792571163238281 0.22868001979078814 
0.6571982527663622 0.5696119474753412 
0.6487686770346406 0.5802120614740875 
0.22004666996536235 0.955843519360827 
0.7572515665942378 0.4278918273855543 
0.3994761710393824 0.8412667225483835 
0.2909487791053405 0.9164122361818455 
0.3326412774403804 0.890335544785934 
0.14833072647859635 0.9788713671537109 
0.9847673954433843 0.03120178895295661 
0.5444903783599653 0.7048476424904632 
0.8947950688651946 0.21138015328025184 
0.9133520152771398 0.1720367756341714 
0.6622072260120306 0.5626132672561679 
0.755005591175197 0.43624179420275394 
0.03849237866501609 0.9991220941452453 
0.8455253390747544 0.2863248573751173 
0.17984749614980605 0.9685786102364486 
0.9269122010184501 0.14958257716817028 
0.16354132595407045 0.9739400329175959 
0.6242090632745974 0.6118275246284872 
0.9476384097004675 0.10340110950393892 
0.628380796589372 0.6060865375454152 
0.0204275712466066 1.0002057335015904 
0.6143516465891024 0.6243758907451872 
0.9133520152771398 0.1720367756341714 
0.05579570522277061 0.9975552951848667 
0.5221500720482991 0.7281464963733724 
0.5221500720482991 0.7281464963733724 
0.7290288947653956 0.47004657379194104 
0.9918635490339538 0.017622780870556114 
0.08827406641093982 0.9928999739453886 
0.8878945783332334 0.2130279749556133 
0.8821735158908777 0.22342545028348057 
0.7455628744233717 0.4451796013224287 
0.42059384242316594 0.824602027800745 
0.8707221560564518 0.24318864029134504 
0.628380796589372 0.6060865375454152 
0.13574941319018635 0.9821572209936051 
0.9189371294968619 0.15703699404761542 
0.35217342580389466 0.8768928474244629 
0.7030445858011148 0.5144991320123136 
0.360599794404996 0.8707078221992897 
0.8198650278974113 0.3290319368691531 
0.8987527714250146 0.19421029256998748 
0.42059384242316594 0.824602027800745 
0.7936427248531217 0.37185818641715407 
0.8182948975612994 0.3328802694126526 
