0.9999913726672518 0.0013193605218616584 
1.3303507047372256E-11 1.0007449748166093 
0.4855024751999017 0.7658743311622849 
0.05904924968486547 0.9969481118204475 
0.6287645860325464 0.6056588454389855 
0.72501099746216 0.4759241613266339 
0.4559591169378839 0.7938568870793754 
0.8690092452127444 0.2458381892983165 
0.10578947449828477 0.9895479079413833 
0.7065261498760592 0.5022740104428515 
0.8334673871369813 0.3065868960975236 
0.8214260457721586 0.32839862838361944 
0.6145258715916346 0.6237265980092574 
0.20832339873242187 0.9576777399304907 
0.22781527301096455 0.9490626601315463 
0.40246260422171726 0.8388326643305534 
0.5313956959561564 0.7188437102422115 
0.7536029901212176 0.43399485479697597 
0.9447381673735743 0.1111772087775108 
0.9297518885114835 0.1366147936895114 
0.778137418517423 0.3957785079634555 
0.7965798455215873 0.36700624357392436 
0.8596874251778893 0.26248886093051504 
0.3794994218777987 0.8568342308514296 
0.8058710988666835 0.35159336294210647 
0.12436875645961698 0.9854209409484469 
0.9875226396375038 0.02633087867195487 
0.6770141872450018 0.5426796208023552 
0.4205928878366925 0.8239587931823967 
0.87991554788245 0.22685804227850864 
0.3002183586769041 0.9107045432919334 
0.24689158476228812 0.9397572349495898 
0.39272735310320955 0.8465238466265228 
0.9349009966811408 0.1275292133340279 
0.5879228166590454 0.6556971684274651 
0.6445819299211298 0.5857312172281053 
0.5546276496001744 0.6938236591959307 
0.9780029134651218 0.04865249866987992 
0.8135038901321349 0.3391811986482647 
0.650569401394579 0.577763443867164 
0.6032710858523085 0.6505474409596014 
0.7444538795956663 0.44742181129597086 
0.6052189602067719 0.6346038910818921 
0.5654687758249279 0.682335161005575 
0.7634343236785524 0.4182473433894432 
0.8879788371841919 0.21557217779477938 
0.8978304417416869 0.1951859880515047 
0.493838256914994 0.7576033504943797 
0.9512366290958961 0.09661319129953568 
0.19122840544000988 0.9721694714601149 
0.4467838345056277 0.8075379733428785 
0.3135216059443149 0.9027108185143713 
0.6666996039358155 0.5637564141016881 
0.6940817238312439 0.5206906002990459 
0.9096101334079805 0.17479238119758306 
0.7331295245264189 0.46404356917084977 
0.9007208221511313 0.19302484149995439 
0.5442947615851692 0.709297742108251 
0.19238105574177516 0.9649175996214551 
0.2705719891919048 0.9276520040179733 
0.964209843154272 0.07188114182810079 
0.7023119261113695 0.5077795381966947 
0.1484396859263118 0.9788351875427955 
0.43485586203611565 0.8115740885000614 
0.572346826827842 0.6734820320786207 
0.6658344889248978 0.5649084194288138 
0.9756874568427835 0.05330893657687751 
0.9689918665535396 0.06974638219179347 
0.34353653305465065 0.8829361068469546 
0.9915931969154819 0.017913786941593235 
0.5082530972559932 0.742737790497471 
0.5028434611106327 0.748344004549164 
0.5186701247747776 0.7331332322062386 
0.9183916557203003 0.15786778462053477 
0.7378731735633125 0.4566006066223599 
0.8421247087601706 0.2917426137916294 
0.851762036265637 0.2771881630711612 
0.14635430017969514 0.9840845408302826 
0.6850329441265338 0.5383956929355695 
0.6887722898815605 0.5273041989097544 
0.7873589708389745 0.38134539047575233 
0.2705719891919048 0.9276520040179733 
0.2846632960929263 0.9197826230349108 
0.166707474929917 0.9732081276708127 
0.546844433026662 0.7026293939027438 
0.3695332962140939 0.8681291181631404 
0.9112247062988489 0.17134227180092784 
0.04367807999860274 0.9988454687988686 
0.7695301045626325 0.4095887957762455 
0.9976006120629249 0.006410655450787713 
0.33626616805875764 0.8876236514696114 
0.3212025376754254 0.8981340371099465 
0.9183916557203003 0.15786778462053477 
0.03612531471737562 0.9993891558331712 
0.2871349585905887 0.9181885122944891 
0.16630829433514951 0.9732639542001295 
0.7891335708278844 0.38039709520201936 
0.841309980932494 0.29407756003139945 
0.452883407826861 0.7959140891555226 
0.35511815106837896 0.8744627511729411 
