0.9999553856060003 0.0024389999339036535 
8.112834119209515E-18 1.001114080710297 
0.5953516968316277 0.6472674341023985 
0.9464900761357465 0.10928098507075609 
0.9706297317724385 0.06002426061435815 
0.49443914907949393 0.7576946083679039 
0.5558520948561251 0.6926881361248274 
0.2586753597911191 0.9346439487577745 
0.5739808141211364 0.6747767955359243 
0.3398123555138238 0.8864038974773728 
0.6212269518270255 0.6206555439908744 
0.3941378954524351 0.8462124970457267 
0.2935748643503714 0.9159692733319895 
0.8735826978387023 0.2403209716911254 
0.2778648129118049 0.9245598704764825 
0.19496088136450912 0.963593496787667 
0.7417832248671183 0.4519006509701408 
0.931514478522003 0.13541125991383338 
0.22105877418981662 0.9525502034097183 
0.5855404729887181 0.6587666997171945 
0.9025829241463385 0.1883462671680431 
0.705831117742818 0.5125557588482607 
0.5200158463129785 0.7314711935013237 
0.5200158463129785 0.7314711935013237 
0.7321636220842074 0.465320630961783 
0.009500875118737262 1.0007791940018251 
0.8978886120664814 0.19617769054033618 
0.8365343323839978 0.30250723061657875 
0.044426243409035726 0.9998148800760859 
0.1230136799754055 0.9859085643797197 
0.4647969106425454 0.7861034187307521 
0.9280152868654139 0.14083465534231598 
0.08214493139580101 0.9946824404522016 
0.958670596113408 0.08582417375559268 
0.6911692520635271 0.5245511840150265 
0.6421790103870184 0.5909111509348912 
0.4840469535935097 0.7673176928988156 
0.8056904093863082 0.35359477034435205 
0.5413196617851367 0.7095555130195201 
0.15890047167857357 0.9759507660257845 
0.9148856142403058 0.16463665194344593 
0.42826006456886423 0.8288005976656111 
0.8442383313024773 0.28858028054640944 
0.5413196617851367 0.7095555130195201 
0.4119927557388968 0.8314259282562244 
0.8860954909427142 0.21745640926522572 
0.7228136403424846 0.4799413496387699 
0.9572614978397574 0.08916908364474858 
0.9816221839372679 0.03835849265483521 
0.7603542376520309 0.4240213555486857 
0.8848698539303421 0.21885301327196338 
0.7681139220825459 0.41158370027919744 
0.9162359059990124 0.16314238802168113 
0.6766444313909936 0.5445965731516114 
0.3605036284695476 0.8719447460822866 
0.716107710477033 0.5011362976704871 
0.06318629389431438 0.9971343093389409 
0.4513717891933175 0.798497387265837 
0.8196549653360297 0.32993468753322064 
0.3126210875806928 0.9033383069130749 
0.996713024886768 0.01060654305414965 
0.7882717752551911 0.38028114482939107 
0.17809302322904028 0.9703425191717369 
0.7534825944311381 0.4347522591967055 
0.38173272065751596 0.8581004676693192 
0.6236748738592665 0.6174652751695027 
0.7821760264808149 0.39046235598598117 
0.8587838215379374 0.2642528507491328 
0.10553058109608543 0.9905398184207004 
0.4345532652288525 0.813401936673362 
0.3742272896724715 0.8613980958705076 
0.6550478227815446 0.5728699118466786 
0.10032925196967896 0.9915860080861625 
0.14115021822573975 0.9814744151786222 
0.46143739154074953 0.7892930109786712 
0.6647486039748436 0.561074309188738 
0.8132366144509414 0.34112068092756587 
0.4436636444086648 0.8051715464721328 
0.850047460534208 0.279070393896385 
0.23484366950420765 0.9461347470174544 
0.6550478227815446 0.5728699118466786 
0.6678944796547591 0.5564153733508687 
0.1830548275723618 0.9679641249029252 
0.8535359701609279 0.27314053904195734 
0.31796343965238094 0.900421343463507 
0.8657364019773531 0.2537089931503104 
0.8275532732620723 0.3169065466082659 
0.8275532732620723 0.3169065466082659 
0.051883651517949214 0.9983627708174712 
0.9829722207795717 0.0367431875870045 
0.9894227747289336 0.025115924123912493 
0.6370766575988328 0.5967215020293033 
0.6847417984079084 0.5332937873976702 
0.4848942250530387 0.7661306780609787 
0.6826762231166845 0.5363219385384603 
0.7743396187213581 0.4029259967266687 
0.6328034210614055 0.6024417186901418 
0.1488583674116193 0.9792117614863904 
0.35440788277177704 0.876333426632661 
0.9894227747289336 0.025115924123912493 
