0.9999054411749521 0.0017219873781715985 
5.7178711053615355E-16 1.000668714647225 
0.7661810230978973 0.41488403325193396 
0.7883891911187463 0.3913391117893731 
0.6844132618926283 0.5334343842250139 
0.7589574049620688 0.4253925449013076 
0.6027659937525784 0.6569962576878093 
0.9132607804834602 0.16769598674547037 
0.157198214091942 0.9766089808351006 
0.9110297385304456 0.171791949907269 
0.8144818394127278 0.3379472905091624 
0.3840047960566829 0.8549199380890846 
0.6651325110509289 0.5592841027335284 
0.7022851332049223 0.5079909139456503 
0.8968727533829812 0.19777463993758493 
0.8425627746532005 0.29203471580049944 
0.6777299330182409 0.5422486536290942 
0.4336028978279905 0.813767518576366 
0.26990100701046327 0.9284647745983029 
0.18978281663613303 0.9651980323258627 
0.17847923953973002 0.9690920456178889 
0.5755444526617346 0.6703363250934677 
0.6581316630688817 0.5686993420740614 
0.5219624762040607 0.7286054531926214 
0.9575315638326034 0.08513293143192927 
0.9752559582077343 0.0507631077175019 
0.4874247660976058 0.7640736393089671 
0.7437363610412485 0.4482205949901959 
0.5808020775171518 0.6643023476640186 
0.31054782986104357 0.9048467643325362 
0.7896334309743411 0.37831502587293164 
0.7125556988423559 0.4941621783154891 
0.8868369346220573 0.2153980611723699 
0.9384398251321165 0.12099679223534746 
0.8074094369531374 0.3504203799814345 
0.1300080673927616 0.9841385850864344 
0.9410407738788971 0.1163863555860551 
0.2579286070692524 0.9348418649287933 
0.9275716367940632 0.14108085466314738 
0.6467339055913692 0.5836323528132835 
0.8334298383532264 0.30700819096148874 
0.6239807440411821 0.611531452588028 
0.08628351694963862 0.9936908239129139 
0.3214279041268228 0.8975486223833249 
0.9823819086299699 0.03694465507881335 
0.6032431429271693 0.6373029722804806 
0.3696369537516469 0.8647228871931543 
0.14324921068101149 0.980397839609311 
0.9909297162322694 0.020365064609619964 
0.9275716367940632 0.14108085466314738 
0.7314181282825511 0.4661888771995472 
0.5603113056449297 0.6873476896174635 
0.4055701130134041 0.8365769504486731 
0.33942197746502767 0.8859765797190858 
0.286943853685784 0.9192802688957105 
0.9517517096980981 0.0963230737638681 
0.5226622415392144 0.7277953536372266 
0.4463475864737585 0.8017405866700191 
0.6128530186462454 0.6282493374005134 
0.286943853685784 0.9192802688957105 
0.02115198500843929 1.0004016574715782 
0.8506073209738364 0.27846480916220984 
0.9667288227317683 0.0676318917861794 
0.11304512671637523 0.9882467979419567 
0.04699543471669754 0.9993503784932382 
0.4216447106028371 0.8236464049585308 
0.35323689417290394 0.8765899700386801 
0.4637985623310954 0.7862950979992553 
0.874136493437679 0.2385762351970324 
0.49783442572452224 0.753389789131253 
0.7236476014280316 0.47869588850083156 
0.8250082191269619 0.32190441777639184 
0.3573531503007418 0.8734447923402123 
0.8947298055544886 0.20130371875716502 
0.8641314742903877 0.2551480207095367 
0.2297922202142922 0.9484105569925674 
0.0709524558338287 0.9960988714525851 
0.7371321564087271 0.45825860739589913 
0.059100383126090145 0.9975305517006312 
0.8506073209738364 0.27846480916220984 
0.7994706282157489 0.3626023473530521 
0.030567686833846197 0.9997858816661149 
0.8684092577281011 0.24761095944207345 
0.7198816894778453 0.48329118537371824 
0.6372919477610021 0.5975731970135933 
0.5375668449155809 0.7122161983693646 
0.5375668449155809 0.7122161983693646 
0.21052039963447244 0.9567163082679973 
0.9683591277815353 0.06472232722883163 
0.9871649522953204 0.027382931634990074 
0.5017571319958585 0.7492181583093532 
0.5017571319958585 0.7492181583093532 
0.5482200800335919 0.7007727574357161 
0.45021029808289026 0.7984152317232776 
0.37806979089133047 0.8593935326144968 
0.703561322848663 0.5067256070555877 
0.24493223317077828 0.9413038349984731 
0.6416672822518857 0.5895077514604754 
0.5596115403097759 0.6882823539214882 
0.4768983831519853 0.7739471900618982 
