0.9999908418019479 0.0019025275457769946 
1.3978955857254816E-11 1.0005999523061055 
0.03762250263397543 0.9993967211822299 
0.7633457826739742 0.4197037696455968 
0.37812874978459665 0.8589448905060066 
0.26028471036878625 0.9332666702466662 
0.24497357593938796 0.9409272322803368 
0.6046584548241564 0.6358729654087081 
0.18032933909479731 0.9687628494756879 
0.5431354860833751 0.7063544856505807 
0.283383456553178 0.9211090305642665 
0.15981741627210722 0.9756633564755477 
0.652690454152638 0.5760224881100096 
0.31700599469255114 0.9008065412969216 
0.2964002549878362 0.9136376766116722 
0.9788822512472308 0.043935648211645674 
0.8204814946396913 0.33523440122434167 
0.22321890736026556 0.9531556519434986 
0.06602172478577556 0.99679917243604 
0.7473288847405923 0.4434434504621826 
0.8333338952224856 0.30794301631381615 
0.49241291507170537 0.7589465827448321 
0.6386486601872472 0.5941140939374608 
0.4550852675327046 0.7996848658492526 
0.728330546219434 0.47108465091598045 
0.43804732022336146 0.809707667148466 
0.1395501605981262 0.9837216591026567 
0.8690715668374764 0.24617222816157666 
0.7718106602283032 0.4058822738128634 
0.5932647474460124 0.6492732432876342 
0.3294396848635992 0.8925860462385397 
0.5063320050101586 0.745679717328836 
0.12385798977432258 0.9854101765582071 
0.34348814654719606 0.8833662526091288 
0.4277208578302536 0.8184893102061529 
0.9863747617009856 0.029129557674203995 
0.553058780784985 0.6950262019802433 
0.6931219049926023 0.521211503875527 
0.9928850130884523 0.016169701705477643 
0.20104299900149836 0.9607519618963023 
0.5672326097069699 0.6799991932886768 
0.8245971479416664 0.3210683298277718 
0.6671269287532571 0.5566728569434167 
0.6223413698154249 0.6140486921133038 
0.5140379884801841 0.7372627119518381 
0.7207109865821475 0.48186218735743297 
0.7396680390957692 0.45435918365759487 
0.08040937981114732 0.9945290205455755 
0.3914641495377126 0.8476125931634386 
0.9608489453729333 0.0787552542490542 
0.860580513063553 0.2610292726844722 
0.5855465545096268 0.6667003232742689 
0.8770970654589192 0.23282623389309026 
0.9178780430765162 0.16014180021662053 
0.7023544377861798 0.5087467174552309 
0.6187363294034831 0.6183584828019707 
0.895064831454135 0.20039018031918854 
0.8872534179491667 0.21442919408286318 
0.7871217524865477 0.38201246665094213 
0.9408673746762748 0.11657241362967456 
0.6432909401523206 0.5881535734841294 
0.6710565325009799 0.5513237701862862 
0.468555210248115 0.781812863590518 
0.9331156011049015 0.13105681543764877 
0.8430819203197342 0.2921793982383857 
0.1030749951063532 0.9903915659826945 
0.7120695180816992 0.49367257019818594 
0.8062832031012879 0.3522311607895797 
0.6832973145026245 0.5345003199932674 
0.9226182371712897 0.15030166347041732 
0.5638006274249162 0.6852580354755968 
0.4148404945732469 0.8288463698465267 
0.8499143502820523 0.2789422787016611 
0.8557032558100411 0.2702004241233376 
0.8864878372453338 0.22630819294746213 
0.957521668501286 0.09617947345857239 
0.7806817907093798 0.3927924588290349 
0.969572868765807 0.06204229699859371 
0.8062832031012879 0.3522311607895797 
0.47869921522610703 0.7720777997176725 
0.4823042556380487 0.7686255186322585 
0.09912503021724273 0.9911264328021975 
0.9025701889932515 0.18686925849688854 
0.9490306188934898 0.1124555974928159 
0.5250088211219774 0.7254359275929766 
0.5879116025727533 0.6633291681091658 
0.9668438691471919 0.06774399048821245 
0.7080613935441871 0.4994377123368047 
0.7957490670233464 0.3682047664717664 
0.7957490670233464 0.3682047664717664 
0.3990202792715453 0.8420521343840133 
0.40996237699803284 0.8419911822681839 
0.35636347511883326 0.874547824271703 
0.9336298520069566 0.1301107613256544 
0.6849654455136218 0.5327295202239731 
0.35523653135383987 0.875311042145223 
0.9094438391219886 0.1746713116657694 
0.9000885895647529 0.19108674091194305 
0.9094438391219886 0.1746713116657694 
0.8457048405114419 0.28911200242751584 
