6.636194849612027E-11 1.0015130311148221 
0.9999529577220241 0.003071501073426485 
0.4397519083140382 0.8087357855345961 
0.9569153657166143 0.0876686639118414 
0.8039908565289793 0.35603246958465323 
0.28218159318221026 0.9219619061985512 
0.6884075298062808 0.5280458077735554 
0.16777426122699368 0.9749047535696733 
0.5545601846179768 0.6949590081369222 
0.8394210373135933 0.29752747801034457 
0.3066465402065631 0.9077344813168662 
0.5778031417971049 0.6677289806723953 
0.767066933352034 0.41438050724763387 
0.564910571462842 0.6829587936662909 
0.6241107161820281 0.6150794669826155 
0.34442778248386374 0.8835148512098047 
0.9413416604779581 0.11815750749067908 
0.7743751537357224 0.40410206240530744 
0.3066465402065631 0.9077344813168662 
0.4064832524324845 0.8367399950538601 
0.6992070465162121 0.5132076446880279 
0.9050923737322571 0.1844532074261215 
0.4605720702537522 0.7916285640742518 
0.6092069031297438 0.6305354644084115 
0.655762024439678 0.5773215322260548 
0.8529974034877841 0.2753635902621999 
0.1179818322556116 0.9873831018709361 
0.5374988867402455 0.7130500711589705 
0.5913502872767628 0.6524578874201913 
0.8612004585071659 0.26076837097676947 
0.9112850382809008 0.17267529934591438 
0.9822063845970052 0.04069705963082954 
0.7537457425775176 0.4346235411563337 
0.20072146018453504 0.9615204588387961 
0.7863529365211932 0.38481572017149357 
0.34442778248386374 0.8835148512098047 
0.3600068986692647 0.8720899658886062 
0.6434034908221149 0.5885520396832173 
0.4698139870830922 0.7817308506041529 
0.674877967050672 0.5471180640892722 
0.21724440590044658 0.954504769556573 
0.7397815177432829 0.4552095267906695 
0.7916485619459714 0.37575182590139844 
0.8159476677904576 0.337350826295496 
0.8825169132692614 0.22401702811982346 
0.712177183588678 0.4951114483672029 
0.1040001605819633 0.9912923906630986 
0.9630180662569295 0.07544574777715041 
0.5238500796813647 0.7274862602192113 
0.5046478313635409 0.7563402747093155 
0.9332423224868397 0.13170768277595865 
0.9743852958193656 0.05416291450805239 
0.750758478446437 0.43841260943891536 
0.36727580297024154 0.8668794059315277 
0.833474020178646 0.3088211183751906 
0.723713886760472 0.47873179002178917 
0.7355928125708062 0.46124969753229383 
0.13882050765458792 0.9823902841657794 
0.4912942080868749 0.7608771463439259 
0.9693720357493247 0.06302201392478997 
0.92779781438623 0.14263350445649528 
0.42450798963838987 0.823076730777202 
0.3802099850688385 0.8578701709581789 
0.8713459926570645 0.24328758028761474 
0.8949822936480998 0.2028013699515044 
0.7082894607086339 0.5007121208886783 
0.8949822936480998 0.2028013699515044 
0.6434034908221149 0.5885520396832173 
0.9215664092651656 0.16003067433044257 
0.9887588185013991 0.027717188715151893 
0.20072146018453504 0.9615204588387961 
0.08749960467025675 0.9942687477379759 
0.42450798963838987 0.823076730777202 
0.5136804036318656 0.7473064619517278 
0.04215138753421244 0.9995795048927759 
0.26860805769401674 0.9303208204364333 
0.24939548525024924 0.9396169540317328 
0.873200855283807 0.24093196407598633 
0.38565279152211573 0.8529002098034362 
0.22945107128970454 0.9522217382367567 
0.662612419727127 0.5635865011273344 
0.059924522081167775 0.9977480073747589 
0.8820084621198799 0.22723219571383654 
0.5886524033432324 0.6555165058842715 
0.9997636187999357 0.007026978911580328 
0.6214355539868203 0.6158325269139137 
0.9218032544853203 0.15271499357259588 
0.02196857857241867 1.0011533174825789 
0.15843265147023178 0.9768118191918364 
0.6650056988000835 0.5601303148319479 
0.8217423547369681 0.3360131603551782 
0.6722450026688277 0.5500016686236782 
0.8557862958124555 0.2698805662904461 
0.2631524994194382 0.9364733815954698 
0.23533476257316185 0.9461287765045092 
0.8244901703906822 0.3227430862720028 
0.5336111638602015 0.7173489525049422 
0.9410038957836354 0.12065533135481324 
0.4838448849425141 0.7684171063512238 
0.07166734141590458 0.9961702830751182 
