0.9996962815227738 0.002383451520460757 
0.9996962815227738 0.002383451520460757 
3.0817160361845886E-11 1.0008100638911581 
0.7125831658931027 0.49449523535257306 
0.7676198094222011 0.4127079448709976 
0.64657659075359 0.5845376644239717 
0.6899286603623072 0.5263277946001903 
0.12739473984252747 0.9850547634193666 
0.44755562371844126 0.8024445976673544 
0.9765536614003679 0.04900007531775382 
0.9949351967826702 0.016478681714673402 
0.2959701772628079 0.9138453552464677 
0.753233695372465 0.43480491188839643 
0.6000132531871625 0.6416424172156013 
0.4329105492364097 0.8145663577753086 
0.7301503306038717 0.4696107936100344 
0.5773086572075065 0.6681429258985846 
0.6133823169760928 0.6249003927495425 
0.21481831320244563 0.9556997658898547 
0.9510055378445741 0.09875929816825253 
0.26005748436499787 0.9341776286328213 
0.7841554503317474 0.38734160616003904 
0.3558146237432011 0.8748062987486062 
0.39902555215693253 0.8428339472109343 
0.1507574540239484 0.9781305570024909 
0.74465296912068 0.4477929141150781 
0.7292716686101048 0.48085703742545394 
0.6545595429591987 0.572933930669052 
0.2819550767869727 0.921774573968013 
0.6818581044645071 0.5372520779155191 
0.4962390039581013 0.7550008585046244 
0.8278246125000088 0.318366963411364 
0.09672301789793236 0.9918224251494605 
0.04743856043093514 0.9993978868210924 
0.46495534456814175 0.7863811253319415 
0.9438938156986727 0.11620727283143431 
0.6212205347708337 0.6156864828548383 
0.5488264543035597 0.7008677770530507 
0.18262341377221503 0.967932587563029 
0.8383806963343888 0.29940035696255635 
0.9370527182743948 0.12392891703924105 
0.6212205347708337 0.6156864828548383 
0.016018579854576942 1.0007078872347142 
0.2702470377818834 0.9299047467123687 
0.6719829182812198 0.549627012305618 
0.34195194396589096 0.8847194837352624 
0.03393811986174883 1.0004197056587878 
0.23927693709959544 0.944344274835337 
0.3270437168866275 0.8949802922161989 
0.9155454952211443 0.17102661352206322 
0.20206631156149973 0.9607993518842043 
0.42106982846297336 0.8246580956335972 
0.8853782681481289 0.21852157888918516 
0.09491365925411999 0.9922763709745528 
0.7977390422051733 0.36581204746908713 
0.37439327068810113 0.8619546694755568 
0.38620571032269335 0.8529481818186317 
0.16161248484247243 0.9754565502897449 
0.5293787224197024 0.7251057929423761 
0.9638523041471485 0.07295105663623742 
0.5581151743591127 0.6897258447632341 
0.9579059675565553 0.08419117500542916 
0.5581151743591127 0.6897258447632341 
0.42106982846297336 0.8246580956335972 
0.6719829182812198 0.549627012305618 
0.8354592867327617 0.30432836468170366 
0.8971070022312686 0.2121345367087824 
0.8190753347511389 0.33209098382413066 
0.8997352312828761 0.20336768109145453 
0.9286507136069604 0.14113756350727402 
0.17455303228840752 0.9707229444827927 
0.9718471290261875 0.05802679978642178 
0.06991220776468116 0.9969011479044998 
0.5397735356340022 0.7102915849144754 
0.31670463256555614 0.9013823210921392 
0.8729205786761051 0.2419208852248549 
0.06991220776468116 0.9969011479044998 
0.8088218877837596 0.34736323658218876 
0.8658635425325377 0.2520163407633898 
0.8805488390920947 0.22753555272262005 
0.5096479806079639 0.7422107463897684 
0.9306804974639648 0.13813400669805861 
0.9082581348335046 0.1775472345925892 
0.33626732464610326 0.8883374243932844 
0.8593435986514487 0.26342971118768044 
0.581281139100279 0.6647238875084784 
0.5911904697173618 0.652400900283192 
0.919960848658749 0.1560137224418136 
0.48469957044840706 0.7675736470145315 
0.48584105419518236 0.7663800592087333 
0.2381084489710717 0.9448958853548949 
0.31670463256555614 0.9013823210921392 
0.8205372521112976 0.3297571039184729 
0.5890100598049517 0.6552159429769985 
0.8049339850029237 0.35486354295769285 
0.8776952508989158 0.23674176434323724 
0.7475873434017559 0.44334793933597305 
0.5059594464673624 0.7458485048876833 
0.5198914172462319 0.7317684353489855 
0.8533070700702678 0.2739456962175456 
