1.1032306388970937E-10 1.0012330320719274 
0.9998646762757529 0.002479772926303249 
0.7387715015420452 0.45639462906278866 
0.610608922859768 0.6290258595662743 
0.4173876244809974 0.8282046641338201 
0.8913116593916469 0.20812597518874082 
0.042601633221455104 0.9996204369925308 
0.7190038665741292 0.48587699689450087 
0.9258073324269226 0.14951526396468937 
0.4390650549123587 0.8095862370005972 
0.9040825127155669 0.1841757033599368 
0.34602490350570264 0.8819575266977173 
0.3911047865450391 0.8500702604637237 
0.5379584612775093 0.7120287003736699 
0.3113651778644328 0.9044039601433334 
0.8777992289161871 0.23550864117714362 
0.0748941020661861 0.9955025997889252 
0.9742222623330259 0.05336924919643788 
0.6919077638111206 0.5239734123191793 
0.3721671406134976 0.8644383312559151 
0.9357563849640932 0.1351251184356467 
0.7760529946201788 0.3990946616112012 
0.12545259886955357 0.9854647762100837 
0.9823450502855801 0.03690471402471126 
0.553910553955634 0.6954793013949568 
0.2593382877178531 0.9344141440871307 
0.019490402983062927 1.0011891577641372 
0.9571349777181299 0.08513501645013724 
0.3636501425458101 0.8690865958679009 
0.8615013185057336 0.259873853259865 
0.6322564382245089 0.6021790760978606 
0.2164272108863723 0.9554433940647284 
0.8816197959928951 0.22618378485821397 
0.8643359579882988 0.2567605992972585 
0.573873361506437 0.6747933556073915 
0.8095565918452974 0.3484453085672703 
0.8236710543272255 0.32513133580427167 
0.8476932236759442 0.28365180583289923 
0.14106540593734004 0.9814564508039941 
0.752092131458138 0.436441305117922 
0.9507231350822607 0.09851439464036779 
0.1037077415216286 0.9902102438387894 
0.6804468810197961 0.539542957081243 
0.5132709397636136 0.7387408315834385 
0.4827433236041198 0.7711898989976385 
0.27628311951874224 0.9246314786861598 
0.702541347972543 0.5083011703967629 
0.7658613866450182 0.4163324857426293 
0.9895085235058445 0.023853274209929557 
0.6585375142379943 0.5682890299866863 
0.7866478794558005 0.383656265936023 
0.5856286157193764 0.6585605109742816 
0.1556645590772514 0.9769519253912408 
0.7541276187810839 0.4338227123742359 
0.18511073708227088 0.9669986816821748 
0.22931496776833094 0.9532951069811301 
0.3276886145650562 0.8942589297319191 
0.5856286157193764 0.6585605109742816 
0.9946242795427415 0.013639483843846174 
0.4631109226661888 0.7883910485558043 
0.6496060450122167 0.5800389804263072 
0.33293627352573824 0.8937344870229951 
0.2382756697793778 0.9448925562515005 
0.9405226548960826 0.11782375015446873 
0.9114848268636504 0.1715610887595566 
0.28442889925649595 0.9225046006516393 
0.45210253450310856 0.798814416233199 
0.8383023859608726 0.2996162261116343 
0.5614234377971489 0.6866741841818543 
0.7137165145641624 0.49233294398815364 
0.4670956533633435 0.7828270171286119 
0.5806973570911345 0.6657817873495191 
0.8285733409485305 0.31630295667987435 
0.7683275709491718 0.4115627879723265 
0.19774432498739405 0.9628710590693522 
0.47990845870402565 0.7769837518953466 
0.9114848268636504 0.1715610887595566 
0.664875236442492 0.5598474232426673 
0.5232804958100141 0.7288506856269388 
0.9656757062048746 0.06961062701944304 
0.6209968242211455 0.6162457502402281 
0.8342118289884733 0.30594789576924025 
0.29724456808956545 0.9131022446216315 
0.6830400303685924 0.5354512391176037 
0.40153894704319815 0.8403340360818642 
0.6230487918874447 0.6149081801287327 
0.9668447458650253 0.06825297701084386 
0.5279280439824433 0.7226556407564181 
0.1556645590772514 0.9769519253912408 
0.664875236442492 0.5598474232426673 
0.4502127798234117 0.804235629210096 
0.8451532717714616 0.2882853232686469 
0.40153894704319815 0.8403340360818642 
0.8070288958030708 0.36020875828676974 
0.18511073708227088 0.9669986816821748 
0.7995841539767196 0.36319675906744675 
0.5044527084616219 0.74703965978253 
0.4959432685830291 0.7560158389972036 
0.4959432685830291 0.7560158389972036 
0.24802218033256518 0.9407019742531728 
