9.303512570014678E-14 1.0016225015828701 
0.9997010136594077 0.0031251465012512294 
0.4206442363414823 0.8249678641421211 
0.5536922721980181 0.6952417614986404 
0.740754170439176 0.4534418010853212 
0.603929626496902 0.6374591569154412 
0.19147742652140415 0.9654034110755378 
0.7834652070071663 0.3888439412315302 
0.6420392372940904 0.5905083688359536 
0.8085981484578773 0.34875084655806565 
0.5362277288079134 0.7233604937687769 
0.2965448539756767 0.9137559171848345 
0.9019713772783418 0.18945063494330552 
0.9345455566037703 0.13335960637859864 
0.5944368315296065 0.6484461625930553 
0.9810108986400976 0.04108313865789258 
0.3882476183181027 0.8509326043786081 
0.37075780369326206 0.8646955418822435 
0.4382819865216136 0.8100443069703692 
0.4558780831009369 0.7943194066311924 
0.6234793870438116 0.614047909683613 
0.3882476183181027 0.8509326043786081 
0.6222559079078596 0.61504677721406 
0.47659115065346824 0.7758380061098575 
0.3247340629832771 0.8967017398476188 
0.8917956984823865 0.20834182980074895 
0.8509262203448467 0.2954307476994072 
0.714732747089633 0.49171024806937197 
0.863692972842805 0.25703507345326704 
0.1766929401049359 0.9703533677468296 
0.4625503541140946 0.7888848457104259 
0.030953054952840175 1.0002995252762459 
0.7939303927148403 0.37192078180901905 
0.6917194144372276 0.5236641402738953 
0.1619001397151023 0.9755200750411255 
0.8359082200841079 0.3043648368163026 
0.830258930151134 0.31351736007382247 
0.3618986348300964 0.870289631925376 
0.5687681503708671 0.6784620251322587 
0.04582332062911787 0.9993302855329301 
0.2588322561185523 0.9349098107790972 
0.09524860027197196 0.9925284519512262 
0.9096447385184916 0.1754840896863534 
0.8513119645681314 0.2781401410941874 
0.2207274477902686 0.9533074537958655 
0.8722915903231979 0.24125311884482042 
0.9146324050500327 0.16576155204895224 
0.3379665603035329 0.8871537595548318 
0.07519862503897307 0.9958067366751802 
0.7696713827933754 0.41053142188025543 
0.923356759271271 0.15445311540654677 
0.8579586196680147 0.26692752520175045 
0.7696713827933754 0.41053142188025543 
0.527918977756051 0.7235833570467852 
0.065915043560894 0.9975439596721962 
0.989769607204595 0.022192978430633968 
0.4315044217236416 0.8154408409231292 
0.7573741081857583 0.43008262113524576 
0.7067616282480225 0.5028397269299958 
0.6593711067513783 0.5672892457627524 
0.9273812371762107 0.1445307256850162 
0.7236723119944377 0.47945852034314324 
0.8195682415008647 0.34334999564575797 
0.1456592921460919 0.9803870428035281 
0.5819300323072774 0.6630492098773652 
0.00901415875682432 1.0015146463178264 
0.27794186750570443 0.9241960611576097 
0.27794186750570443 0.9241960611576097 
0.8809745156991269 0.22656909046005203 
0.7012156054662629 0.5105445010490876 
0.8865163927578222 0.2159127123247476 
0.5055649701707775 0.7465971555823385 
0.3483712761825398 0.8801491513041363 
0.653472297441237 0.5754043116771839 
0.9654208211585565 0.0716254798144276 
0.9738981957235255 0.05562335895571283 
0.9583579071576458 0.09080043927099993 
0.24168034456660636 0.943573985367506 
0.6782140014326333 0.5422711511035664 
0.12166365130656531 0.9871592286153625 
0.6475880902183895 0.5835726728824111 
0.7928347572434304 0.3740930403341645 
0.9644506524363042 0.07395121701197523 
0.48410034019353454 0.7674833492333757 
0.3114012885826477 0.9049087593029318 
0.25355860316725115 0.9372936308067685 
0.6698681047547432 0.5535110224128402 
0.5157694144188438 0.7359366084275125 
0.6782140014326333 0.5422711511035664 
0.5718904614833035 0.6757205519292426 
0.6671968874677474 0.5567884345791868 
0.2207274477902686 0.9533074537958655 
0.727984069737727 0.47313060792467976 
0.8213827366898538 0.328050799713837 
0.87959772156249 0.23811355238091086 
0.7571029266118032 0.4304215188386569 
0.9435757625294655 0.11304466632636513 
0.5799692004713448 0.6653345620880003 
0.6949813586975261 0.5201661575755865 
0.12166365130656531 0.9871592286153625 
