0.9999626789802041 0.001246145154520938 
9.021375922194788E-16 1.0006657526592984 
0.9999626789802041 0.001246145154520938 
0.3981106377104637 0.8424172795574021 
0.8415921498306007 0.29256947231267943 
0.48972851910807286 0.7608815387537744 
0.684645514398612 0.5322670521391253 
0.6189506008546122 0.6178942746271588 
0.24547967038620944 0.9410030503425879 
0.4184669446413817 0.8272457349140679 
0.4648450768813598 0.7846352225826544 
0.49939311240405226 0.7517337723764166 
0.7691274387145213 0.4097927310283974 
0.8542709044780953 0.2711502817953484 
0.860304020396923 0.2617500037074323 
0.8140161762773266 0.33902922963398024 
0.9383699360835451 0.12094313507709255 
0.515670784928763 0.7348776240098968 
0.04459182074804302 0.998794602038469 
0.9083757523340613 0.1792632533793424 
0.6928026649137751 0.5217271244929003 
0.5927233440595467 0.649361980179351 
0.33719711144576037 0.8870202162494084 
0.3771705739545005 0.8587955099240264 
0.31189231003733864 0.9037814797296733 
0.871893361734936 0.24056516397884217 
0.7137155512279505 0.49191752394855925 
0.7738380779311128 0.40227070758805383 
0.7842454632117194 0.3855938716869853 
0.06641001488311005 0.9960913530407666 
0.10146570876419686 0.9903963074077535 
0.9631804489130397 0.08356393498126545 
0.9775399312731242 0.04596291861056782 
0.9672414515125568 0.07548844177576619 
0.4325614719166753 0.8136857334272739 
0.9952894598046538 0.01126671085426701 
0.4491116792340331 0.7990842631472782 
0.7025896950721334 0.5077245367131735 
0.628277763500317 0.6062218260324503 
0.9723964620940645 0.056231954630949474 
0.36068023590665466 0.8707779718902349 
0.8948839072737819 0.20068688110147181 
0.5557093731382505 0.6928941829524404 
0.9410279444158689 0.115280757176354 
0.7933175208238012 0.37513383748037615 
0.3204031237838612 0.8993460312351843 
0.1758470497842603 0.9699821741891971 
0.8948839072737819 0.20068688110147181 
0.7536372646210728 0.4329277038159643 
0.8746194389353015 0.23630277189905394 
0.5617332907980491 0.6856729216277765 
0.12389228326521903 0.9857206465757037 
0.6022056136020328 0.639275343743323 
0.8026731953689958 0.3602094487255319 
0.667598124555422 0.5559046090085891 
0.12732319296256833 0.9849735502893162 
0.36068023590665466 0.8707779718902349 
0.07804007354321688 0.9944578809091023 
0.2669274403635686 0.9322934398075079 
0.8278757473657653 0.31719398334705173 
0.2947803210898429 0.9138516281850905 
0.6554199239800715 0.5716240774961513 
0.883794350691129 0.220752795370919 
0.9516647050041852 0.09755091520163114 
0.7536372646210728 0.4329277038159643 
0.19146762862483402 0.9640497113700596 
0.5702238964811867 0.675957809490696 
0.20669082833636904 0.9580852397536396 
0.9252227732148093 0.14551570657501842 
0.33167465091070547 0.8907134884641607 
0.5458078272685388 0.7030868347065853 
0.6607678720175684 0.5655750702369591 
0.9880713289155227 0.025477419414349674 
0.4297623794990268 0.8159788270342723 
0.094352935355765 0.9938618389872449 
0.5458078272685388 0.7030868347065853 
0.21195295615580334 0.9559285853862701 
0.9111653162865363 0.1742752571282213 
0.636613583177759 0.5961075598823161 
0.7073171882567111 0.5008223685893403 
0.6022056136020328 0.639275343743323 
0.021209273264869877 1.0000679210225725 
0.667598124555422 0.5559046090085891 
0.5755062760092048 0.670802315986395 
0.883794350691129 0.220752795370919 
0.7296127658469412 0.47219120585366936 
0.5218783168831046 0.7283044730315104 
0.8026731953689958 0.3602094487255319 
0.22592052378765315 0.9499961955124347 
0.3746849816946902 0.8605163065701168 
0.4617739285055829 0.7874230795913005 
0.5286411371161547 0.7214356855817297 
0.6543671445805843 0.59116670321814 
0.9880713289155227 0.025477419414349674 
0.02611533919912401 1.0000214338524438 
0.7447824061857198 0.44644549923822313 
0.7234971363158742 0.4776427162966732 
0.4520509602354833 0.7971061599520244 
0.5286411371161547 0.7214356855817297 
0.29345247873049485 0.915222272411945 
