0.9998812662206622 0.002831164286756095 
2.693807832029028E-13 1.000910466911431 
0.4059371518369907 0.8384317414455996 
0.36655315524778304 0.8679959780706893 
0.43643902870793677 0.8109500687509544 
0.6451762294668779 0.5937178744212046 
0.45835900855631695 0.7916305161888431 
0.9009763993833922 0.1918931906174601 
0.5699864600719031 0.6774100283465372 
0.30915285210898424 0.9058993965923646 
0.2361894198459312 0.9458003541515833 
0.5164744781379678 0.7350416299713701 
0.11969078730519081 0.9868265252013267 
0.6228493559690553 0.6145041655470805 
0.6856931185426044 0.5319135334197358 
0.5045478620111412 0.7471409662752582 
0.7944234294801182 0.3715595801468358 
0.952667814577733 0.0951397567104686 
0.3368944148131485 0.887881269918802 
0.31989886152736524 0.8999473207803778 
0.18388024508679407 0.9689191101278118 
0.1648098022944982 0.9746173492315241 
0.9666891635833459 0.06997970974848465 
0.6661080689008687 0.5691468034799313 
0.28500807975413134 0.9204189658126831 
0.5364530364657669 0.7144193677734575 
0.8781859906222513 0.2323179765470228 
0.8698969741685665 0.24600792954782652 
0.6985907693795489 0.5155436991187419 
0.19809702421434955 0.9624266410053426 
0.5811148322786017 0.6644614829683386 
0.5315250253109223 0.719048447685793 
0.9613036573577788 0.07850265457934509 
0.8627458936992131 0.25897678603578717 
0.7707176408436108 0.4088949463477746 
0.8289636862173123 0.3144117239374569 
0.421678891112581 0.8239882252418672 
0.4917170781319925 0.759716910469759 
0.7808542934201402 0.3914400157534113 
0.34773558875116406 0.8811021618173409 
0.1423027832837519 0.9813914627879614 
0.5549463252348877 0.6941973740131655 
0.6121286789218912 0.6280203492168821 
0.976688849685186 0.049697825439917034 
0.8897784286257255 0.2104440473846518 
0.8000659768022548 0.3619711257177563 
0.2581573049191017 0.9347490312712071 
0.5522617893585292 0.6963671952190691 
0.8527036318863199 0.2756987974374473 
0.7607654245355888 0.42418668136978405 
0.26871215545859867 0.9294437385430604 
0.8406110620262451 0.29614794316234183 
0.09900037942434131 0.9912435813130163 
0.8424635848520989 0.292283804504123 
0.053435603666874 0.9987503268425569 
0.9101626922675652 0.17416599726508267 
0.35905452284302714 0.8729493647686687 
0.7039310778501101 0.5080573327312251 
0.9819393687978902 0.03899327809377368 
0.992160514417974 0.018734345417515487 
0.6768844328884709 0.544149000851277 
0.9449440246751315 0.10931745900894281 
0.48402705519531375 0.7701439357319243 
0.9891698326265018 0.025461202786941778 
0.22094089983411971 0.9528403373915264 
0.599827505287053 0.6434803829138306 
0.41574883773660243 0.828696878429882 
0.028920940942485818 1.0003916477701045 
0.9147354051169705 0.16561800166968216 
0.8299798721593056 0.3138367245885803 
0.9393732920145301 0.12770184940261256 
0.46992929752528656 0.7813911297505365 
0.14884400314825952 0.97920970728833 
0.7328224671164603 0.4748723986604065 
0.8154536511445354 0.3379244526271973 
0.0770875269613222 0.9961940489932573 
0.8866675551341237 0.22063712343098077 
0.6032373264178056 0.6391148387888527 
0.6515054584318515 0.577219429680373 
0.7793667567032092 0.39377527592718325 
0.80788297809677 0.3500045153515907 
0.7347160928808922 0.46422168324878516 
0.09275728575046213 0.9925451998842786 
0.8554188628005124 0.27056234916918714 
0.02908009221427471 0.999941759287799 
0.7507962761368934 0.4385239637194446 
0.6707030490601503 0.5524991989140926 
0.2823329499378884 0.9228156010999936 
0.7415611097188415 0.45126912349195963 
0.7647879266834858 0.41795926966866775 
0.21255317475063695 0.9562980445958994 
0.6217522082404088 0.6221074318892466 
0.9420847268748515 0.11550959516980765 
0.9302451253138855 0.13782079630632682 
0.9232793014883549 0.1521449026849515 
0.9995888582193466 0.004619292507389622 
0.7164355430056916 0.501556330629036 
0.6496529356093024 0.5804269467432563 
0.7504134652087976 0.43976856816411125 
0.46765273209760094 0.7834692152492195 
