3.9803227439096967E-17 1.0009657131700422 
0.9998971665291011 0.002057886656521599 
0.6856213146361526 0.5315541567799916 
0.7137334091609664 0.4928915708321271 
0.12781089861016426 0.9848783271370012 
0.8838568611065057 0.22079749973972715 
0.5435466142142135 0.7057950332584944 
0.9880321996509794 0.025315305385441713 
0.9275742185965488 0.14151799848559604 
0.031427901468479236 0.9998742905174531 
0.06930741959481915 0.9966714318684898 
0.9546985120852434 0.09031400176690856 
0.45182613967963775 0.7975098668431579 
0.9647936725321595 0.07055087609814956 
0.6111986434399336 0.6276265442324849 
0.5997612885686522 0.6416178429820535 
0.10490503267424972 0.9897820102597197 
0.4851285675287598 0.765708859637397 
0.7242271052075915 0.4772836223158373 
0.3822989606698178 0.860253051627446 
0.7450905779791017 0.44667629437390693 
0.7769172586017079 0.39859308023767925 
0.9739515570657845 0.05298789768673835 
0.3053538881839116 0.908743656417252 
0.25287903572722836 0.9376160773368195 
0.8134864889170459 0.3405429819745173 
0.7855920636983375 0.3848828757110738 
0.3263488341939843 0.8942246624413938 
0.9466545787479848 0.1070311367768153 
0.4159205241394978 0.8278131726012103 
0.23303787143644927 0.9469403401525452 
0.8728033830138159 0.24009360362537757 
0.15544753571220665 0.9767846138206153 
0.7581888110949707 0.4269281640184681 
0.4754168986875196 0.775253890166663 
0.2053942229577011 0.9589727989406842 
0.5004258091759175 0.7515319157444447 
0.43244000640701863 0.8138734353804657 
0.7581888110949707 0.4269281640184681 
0.8945946215428198 0.20139419661475588 
0.39507893541054795 0.8450850718346864 
0.37326295107789986 0.8711185375705467 
0.6745114194823425 0.5469401851911108 
0.9096819030866435 0.17481910727269592 
0.7330634671051338 0.46393163331605125 
0.6235035889677247 0.6147779351347592 
0.2844773072857195 0.9205508591569197 
0.43725678101406196 0.8101677001788448 
0.3126718255809559 0.9033930316896671 
0.6583791457070124 0.5685958538458571 
0.9044198137586277 0.18457074198769405 
0.5765852754176903 0.6687631050699829 
0.8045455619190487 0.3539184649836889 
0.01665760812273409 1.0007766754993082 
0.5657178801319235 0.6812377328215623 
0.6484108395394731 0.5810145154262857 
0.8688178047157298 0.24738625578348322 
0.5882237795301678 0.6550717603613948 
0.8533537659835019 0.27426513435587907 
0.5190493424112453 0.7318858813556166 
0.9399080668757845 0.11842713986299458 
0.9172955566525284 0.16049869790598242 
0.7390070391759558 0.45558957242807924 
0.9197048660306164 0.15539715184837652 
0.5312072345918895 0.7196893761555236 
0.26212508330426587 0.9319642234254962 
0.08685791485588923 0.9933179499256196 
0.8009994138716295 0.36067896470964594 
0.3428313431551739 0.8898351714211082 
0.2197676053062591 0.9524786720995541 
0.17289081484060398 0.9716049444382536 
0.9726056765774097 0.05609938761142235 
0.6638014722840596 0.5612150192383482 
0.8979250712020614 0.19651614106199497 
0.18912117993810684 0.9655253924070739 
0.5356672947907761 0.7194794468102705 
0.5163804607974631 0.7349184593301137 
0.669891300172896 0.553426305728904 
0.3572702343146118 0.8799576650141937 
0.3575536766381444 0.8734319988617739 
0.34311478547870655 0.8839245919256122 
0.5614842005748204 0.6857237859045402 
0.8309075480524932 0.3109382310660701 
0.822254995713474 0.325512823283232 
0.8214753656281865 0.3268877812532503 
0.9399080668757845 0.11842713986299458 
0.6396141228702937 0.5927717244622529 
0.8304152456459866 0.31202743549005996 
0.4648142767125874 0.785159509244425 
0.4648142767125874 0.785159509244425 
0.1920703361190973 0.9644394955962294 
0.4092125103614255 0.8333703162153333 
0.8608897850896924 0.26043577849859967 
0.5069081852866748 0.7448650635062639 
0.5614842005748204 0.6857237859045402 
0.6275909587052004 0.6077848645256373 
0.7769277013089623 0.3982528071439797 
0.8500333306865252 0.27989401255781915 
0.8611727371684991 0.25960784931383496 
0.7937941233675838 0.37138220932385485 
