0.32543087635578655
0.3253280532072089
0.32645592386479105
0.32638483722383466
0.3260609752056505
0.3257596347440129
0.32615496172177877
0.3259008793441587
0.3260531785313474
0.3258709568118125
0.32547084410557175
0.32657458060944766
0.32627164162704664
0.32663042469642445
0.32636251802264454
0.3262248659860706
0.3254750959653053
0.3251428341089259
0.32552442805058074
0.32534951024293735
0.32516102585368856
0.32568977742174354
0.3266313332234307
0.32589623797062567
0.3260327519037176
0.3256132503925006
0.3247406244967366
0.32572696101127335
0.3253531034412935
0.32567560330813083
