0.4564714551907038
0.49034484158360814
0.40420572431321117
0.4032322671926984
0.4125931949349625
0.4702698935126097
0.4484685188154248
0.39095449237041735
0.444125865179877
0.40695564069596546
0.3905209990122488
0.35014440092572735
0.41840779345969514
0.39897239493533315
0.40457267457045715
0.4138875747227496
0.4634571341328612
0.4780018253899123
0.4891249560262495
0.4372811841605802
0.44288671795169127
0.4021744688170536
0.3978955846543148
0.5329780162741673
0.38989029207243914
0.42786100964235757
0.4352568892074015
0.4409280013043524
0.43114948175607004
0.430175895431871
