0.012413468037164255
0.013088388869980205
0.010969166157490162
0.013431782736651243
0.012989896891908659
0.013983853855888295
0.012416980881614359
0.01487058476058123
0.011230971869877981
0.013072330538470456
0.010007410190214672
0.011842148598063373
0.011601856037961045
0.013736871487495361
0.010224369756808571
0.009973671405819617
0.0109593964950494
0.010505744230641767
0.01060714899343601
0.013078149862234545
0.011204999013824546
0.010299446923505373
0.011503432533052638
0.015085997756823288
0.01799937747054714
0.01130562483737485
0.013826834783610131
0.016054371791451083
0.012552799116543278
0.011387681030077035
