1.1565951505654814E-9 1.0008562262641425 
0.9993635579221111 0.002817984033390788 
0.9731781786384044 0.0551165547198087 
0.9578752798282224 0.08394994872859453 
0.24367303316038305 0.941051593944269 
0.07391527682931814 0.9953310291475498 
0.2660893359419633 0.9298741140516827 
0.045021349989554205 0.9988593021002302 
0.633913992493583 0.5996387079402894 
0.8092922067523565 0.34623033588403185 
0.6187804084024858 0.6188331808289662 
0.5298064516981469 0.7203885552334881 
0.9342863498662788 0.12911855968280636 
0.6790953835429289 0.5402022680271888 
0.9265370453447809 0.1431763400188112 
0.8368021906951945 0.3008932014682984 
0.4866544036049852 0.7642189356025398 
0.018141791304379318 1.0003143633825833 
0.6005722358618761 0.6445284871432739 
0.09824677111431768 0.9911413350749728 
0.6923265222399353 0.522167591892792 
0.725500591140903 0.47497404185798897 
0.409920151037786 0.833063070216445 
0.609623732048499 0.6300995903366681 
0.47142884182136713 0.7787182702473868 
0.5884934769095301 0.6551752676496714 
0.6525774884377953 0.5756977139616349 
0.9829572254117503 0.03533501902719133 
0.9054941273714456 0.18232772013467677 
0.5455519879941007 0.7033909613539625 
0.15979185023061754 0.975563872442948 
0.5791034012096645 0.6658422903876372 
0.6670034859910702 0.567050920421609 
0.22468691532646784 0.950609540582098 
0.40004668775751423 0.8407719120965289 
0.18219800968056388 0.9678293925601169 
0.766579303294779 0.41397628002898906 
0.6744592309781687 0.556821832532893 
0.8013493126730815 0.3590229937630093 
0.20735367362858995 0.9581288038314155 
0.8231783441143368 0.3234518293555036 
0.8587564468962396 0.2641666894807165 
0.4580567139650906 0.7913811295320247 
0.8226485711880839 0.32460275459332527 
0.7120533113591828 0.4944286667991489 
0.4452555827592208 0.8027467800075522 
0.1263574431608187 0.9849990640271524 
0.7942656811757665 0.3700750409525603 
0.9454369782551455 0.10803919005705853 
0.18874352532676747 0.9651944744754049 
0.5695716174616124 0.6770425247103142 
0.11260926455595019 0.9880473520952603 
0.3103539475523507 0.9047023837725151 
0.7547852555212526 0.43162463824289093 
0.7375510531326009 0.4572604038593141 
0.8699925449140365 0.24492296088486093 
0.42484826652376273 0.8204088957487533 
0.3397407070252622 0.885525164057699 
0.8662386458641789 0.2515990774333817 
0.8524952603729581 0.2750112677116305 
0.35635795392180447 0.8740558325308321 
0.9160817529843852 0.16278643828082096 
0.28399948990978297 0.9206390087255794 
0.9160605225555152 0.16287246416333967 
0.3278005547246856 0.8935216464571277 
0.7307974208633164 0.4673496133094689 
0.9535512845827968 0.09769684435730375 
0.9927731873947477 0.015720993515617794 
0.5100593508957664 0.7409593810319814 
0.7594123157006347 0.424813372711049 
0.700532320887167 0.5109263944277063 
0.4973589804962061 0.7538400924527262 
0.8978711456838633 0.195641581827185 
0.3205894829046889 0.8988940072268671 
0.5192658490360058 0.731788078466246 
0.5522676150905169 0.7015755209073501 
0.5605023130726248 0.6901015460063993 
0.7107413687560656 0.4966763704803009 
0.2990926918585744 0.911329600471224 
0.7835116506661014 0.3876384601680349 
0.4387500700340165 0.8084344237284137 
0.3666067499972747 0.8666264114829324 
0.8910671912162227 0.20789479100250113 
0.8777152890729836 0.23087153667396726 
0.4646152587661774 0.78505589370232 
0.5016381638960579 0.7500590855520053 
0.21637629633987243 0.9539549175971729 
0.38788201331062977 0.8509101103148382 
0.8424055079250117 0.2914208903871572 
0.7747807538202771 0.4012349416951416 
0.8842712813844643 0.21906058061083608 
0.643408794774313 0.5871455285918541 
0.37694599729002265 0.8590267895729586 
0.7459485827781194 0.4448748500225425 
0.7762205416408148 0.39920691741400227 
0.5627856919355362 0.6839919761179006 
0.43094266721760655 0.8151746464773713 
0.1412127536982451 0.9809487323292189 
0.2932675334663123 0.9150758389163165 
0.9012512943268567 0.18938877757492825 
