9.345166644173713E-12 1.0006198070817227 
0.9999538531578948 0.0010487087881324963 
0.5641181333762535 0.6828771343687227 
0.8613068222822798 0.2592332141489485 
0.6990984735704382 0.512041766831289 
0.12444157805862333 0.9851736989674845 
0.15734195508140425 0.9764563942558849 
0.5448735930660207 0.7041743029875178 
0.9183233506314388 0.1580291821132367 
0.645867582231403 0.583708534910336 
0.47812673892678226 0.7726137557599081 
0.8797589128463693 0.2277939459476435 
0.20442314333155087 0.9602423811279147 
0.45976434712051684 0.7892797503046289 
0.8283440206180958 0.31506615012433725 
0.5985800416499979 0.6424664680123564 
0.4096994916687887 0.8327513185757585 
0.513175653731704 0.737118860286058 
0.9648084361760322 0.07030331677764129 
0.18626696305803875 0.9660906682613374 
0.5023700377766387 0.7484272808667652 
0.6870511713940395 0.5290401332144259 
0.769279696374123 0.4099210401693989 
0.7626117169624171 0.43000778001490836 
0.7282985019390206 0.47054822079905717 
0.7860429846949815 0.3829410413816489 
0.36563399631251936 0.8668558410257375 
0.10763368067307061 0.9893241017362218 
0.27065016361425587 0.9275195323443836 
0.5847574291121124 0.6587822077047252 
0.39653186934781187 0.8436443659821751 
0.6293397517976449 0.6048139809654168 
0.17135603768475025 0.971429493730894 
0.9702508621400721 0.06139780292282437 
0.9544506207646587 0.09038919860764667 
0.3791285128621308 0.8569124582337403 
0.7138814278339481 0.49114480768638513 
0.8163497562399011 0.3346775672369063 
0.4219827930349388 0.8227002491266269 
0.9453596960209889 0.11221137696788228 
0.9901208704028985 0.02069978952492405 
0.9328572126830208 0.13081350565536307 
0.34300728070614406 0.8831639437349103 
0.5374506751732389 0.7120973325162904 
0.3281875479723174 0.8932161887111906 
0.9781846799418625 0.04505134048458223 
0.6533761010689543 0.5739855115809469 
0.715118079813689 0.4896493947012247 
0.5768448996149415 0.6681647704697162 
0.22301246868176283 0.9511398534169628 
0.2395539966433966 0.9433767519960004 
0.7959030949077659 0.3681483888626667 
0.9081355768688402 0.17663808943415635 
0.054523737178759524 0.9975278043728909 
0.6613388066383525 0.5640641864309864 
0.2972785792620698 0.9121920682096688 
0.38779823009202435 0.8505993200441848 
0.9277657547108068 0.14046592474205388 
0.8890169302979404 0.21085896756369327 
0.8374326684662764 0.30752135621140525 
0.9976296313445064 0.00577917062620468 
0.30513503204460535 0.9093985671197262 
0.7499555466090972 0.438688934409904 
0.7321370275794625 0.46516861683539734 
0.9017269063724341 0.18765291028948045 
0.25570349484214544 0.935905898291576 
0.43210451387295157 0.816885047388611 
0.7840678412106183 0.3977051405588325 
0.31545485846114635 0.9015530143527716 
0.49160888789663637 0.7592793398383468 
0.7753224376241322 0.4002659367240028 
0.8434812660298234 0.2895553295247407 
0.6672427095632036 0.5560633067125108 
0.35520951074418267 0.8743502558982119 
0.8808199262166763 0.22616768771203746 
0.6179285642109908 0.6189923707637458 
0.6284544043619082 0.6059415059740239 
0.8558350933844798 0.2688573225935177 
0.2845279455248576 0.9197617788330144 
0.9895220367454942 0.03588298773647249 
0.8939230023821438 0.20233616864134724 
0.44307166053732533 0.8045842039588412 
0.5249173210252942 0.7252824877059353 
0.8394731074074601 0.29635376329249913 
0.681281714309467 0.5368291685062213 
0.8138827068425736 0.33888483991874363 
0.9515841137596339 0.09568974584418347 
0.0341636276116026 0.999464921444775 
0.2518498047587346 0.9371628345523929 
0.5272356680661603 0.7228779909447945 
0.43716206807367886 0.8097476412672178 
0.6725643353770048 0.5484154947988393 
0.9461450877743773 0.1058658734541107 
0.849596622702337 0.2795231259687035 
0.7409199236680176 0.45203822145947736 
0.09048838358153621 0.9924309284531597 
0.07000967168024386 0.995941101678333 
0.7399382169385941 0.4536511044927087 
0.2817324667019257 0.9216137766230588 
0.7526166824359459 0.43499679056796314 
