3.982989517376563E-14 1.0007893724045636 
0.9998826496916129 0.001643954114007187 
0.8335462737154083 0.306799473428756 
0.7640971690745685 0.4179169835222663 
0.7239200507195152 0.476848367946321 
0.9785121123761722 0.04696351356201419 
0.7785909105961558 0.3949360280350228 
0.6742618339708565 0.5462322120971276 
0.12421351415335957 0.9889746940871728 
0.8954069378280195 0.19982485965078992 
0.6387434983251835 0.593042361562886 
0.5991300124527638 0.6514531955826446 
0.20668917750021376 0.9580588439688864 
0.5868939537757092 0.6569698723774043 
0.14637072655984382 0.9795342721319996 
0.9632416754767165 0.07617084382611262 
0.1887331594799611 0.9678959384348952 
0.2318823930520891 0.9470073775437766 
0.38651080415339373 0.8515291267995939 
0.9023839368683281 0.18739970473299306 
0.9125278072920667 0.1684918070126229 
0.7533817036793526 0.4336978863069027 
0.5342402810275794 0.7154499593975371 
0.5220808914461126 0.7283457608632673 
0.9922193557794661 0.017547803245589143 
0.8499876112162461 0.27972233213135905 
0.32284561305239645 0.8968900571972843 
0.9288624581846925 0.1385511407918087 
0.2555670863958273 0.935753683858793 
0.561762458130461 0.6858491974844843 
0.7120733605429852 0.49441564335656335 
0.40130182121270913 0.8400134158604905 
0.4428788446121918 0.8051960158370085 
0.07936052292209064 0.9944486266992711 
0.8613793413325184 0.25944327895747155 
0.6868076348142813 0.530355571776421 
0.4961802495770253 0.7553407527741853 
0.6631672481369324 0.5612285196395757 
0.6098850926161004 0.6290871972521931 
0.6246034187056013 0.6114776972123253 
0.5518817218017149 0.6968882523635507 
0.7910735054214703 0.3754430352218309 
0.883627150653129 0.2209786704640636 
0.22243851880021898 0.9513897483539278 
0.5441403975411421 0.7048110296649556 
0.17134852673605228 0.9718341324110409 
0.7355108773143861 0.4603818974342271 
0.46067629325962406 0.7901058925655821 
0.9536707805881782 0.0939484647732137 
0.8039970889838296 0.3548796582929705 
0.8003955230843351 0.3610095598304968 
0.5719694497724361 0.6740849820843952 
0.44751536763502825 0.8011087680721607 
0.16002166388126918 0.9753686012384775 
0.04034343316539868 0.9990093341790137 
0.4255661238839703 0.8196344578791742 
0.5062201361234137 0.744837138363751 
0.5131150770416703 0.7398227389385019 
0.6585365543498386 0.5675251972082955 
0.7870014687263809 0.3841692775672603 
0.8531462157875677 0.27436402525956166 
0.3703201425049156 0.8637423209331264 
0.9848817759605047 0.031876191215347356 
0.8226748957620144 0.32499247653853347 
0.7451279520519015 0.446256592094476 
0.3559331582765657 0.8741758918543613 
0.10314174042034904 0.9901761364524742 
0.8135640494727074 0.3396132421892267 
0.47792170684710755 0.7724702857178507 
0.3742017811447373 0.8614029837295861 
0.0634968937412566 0.996668108218267 
0.0977484833172906 0.9913050910400288 
0.6130169625949424 0.6284313808190474 
0.9197905352588179 0.1557800157182172 
0.8668821458999918 0.24962795456525988 
0.33752443257606635 0.8869506150971411 
0.9610168690063241 0.07860050736664481 
0.3078342420423801 0.9063961170832846 
0.27040687821286835 0.927781485391432 
0.6903891259427667 0.524536169392471 
0.6494636018154878 0.5797350377792693 
0.41586857452692094 0.8282431842682438 
0.05461131086083082 0.9977993639914878 
0.01993811656233635 1.0003802974049505 
0.33410999194622315 0.8891638008602021 
0.6226584546745639 0.6138963875578892 
0.6472669589606901 0.5821560451570866 
0.35045647494868337 0.8780610585321023 
0.4706380679424546 0.7791537233177867 
0.2602415865288124 0.9333884199124373 
0.8150205075433501 0.3371739068791711 
0.6983996820812047 0.5155354937939515 
0.8780504037228123 0.2394196641491599 
0.5712303164958366 0.6747080650438666 
0.02422497576664162 1.0000378576071154 
0.9844304614953445 0.0401017969249575 
0.8713830288875244 0.24198639863242116 
0.48735444496406544 0.7632455270310367 
0.46606899332098484 0.7837256992524223 
0.30629106096064046 0.9072365400159627 
