1.1042134487177192E-17 1.0004471080080974 
0.9998225248564921 0.0015409429941478836 
0.7246005007622488 0.47590698486898103 
0.5779034338682836 0.6669605352765927 
0.26099262017167957 0.9361536415150463 
0.5970372199141125 0.6451362294885059 
0.8342964026915748 0.30485251325379714 
0.7431554901341462 0.44878172005635275 
0.22313846560524842 0.9508509478645931 
0.9448876069717873 0.1081625220131687 
0.5294486680587885 0.7203961288833677 
0.8445056258384586 0.2879272577844964 
0.9572844501924411 0.08454561927222419 
0.4473301945809129 0.800650583477492 
0.3117339399016292 0.9035164611377207 
0.33670822684764373 0.8871961894725419 
0.9795656351401982 0.0414722230576508 
0.42224345860700346 0.8224797068209622 
0.6681198831126764 0.5547315958881093 
0.45264917363523227 0.7962105893415211 
0.19556681922630806 0.9637543901695155 
0.8852420234592323 0.21768545371957046 
0.7872315892536641 0.3816792616895762 
0.5494233592016595 0.6987297534386845 
0.9051864331728275 0.1815872274471642 
0.986843382943226 0.027274750476310276 
0.7997566599746917 0.3622195868302244 
0.03845411757283258 0.9989829142118232 
0.7076829390964215 0.5002853434729775 
0.47350576348479456 0.7765745750135752 
0.19007290731932644 0.9646466737990316 
0.781515668076828 0.39013087686325765 
0.01795090119195042 1.0002173196034128 
0.5044186717136675 0.7540162743230455 
0.2397338423104659 0.9434229929987531 
0.37651748441432636 0.8587682334925479 
0.12119214518908974 0.9860594407582869 
0.16452470318793963 0.9735429124471788 
0.6618124776921461 0.5628015599741782 
0.10471135461822687 0.9898261536238713 
0.8755338075711 0.23480524902466252 
0.5110223082209817 0.7397991845597428 
0.769988484597117 0.40813207697413284 
0.8924276500610024 0.20505223575104364 
0.34140313965020247 0.8839799099603661 
0.8984363549681441 0.19391459280913106 
0.5613003578734309 0.6857542006870739 
0.40252911946033454 0.8385401315971873 
0.7569570091102842 0.42840149763486607 
0.5681803585378793 0.6778525766443203 
0.27938353060409615 0.9240556216092324 
0.296744264090314 0.912950269452157 
0.9358020096332059 0.12528410615122143 
0.6822042445518672 0.5358001010665732 
0.9250121775497626 0.14574195668400608 
0.6213717252850732 0.6146435409651866 
0.14547574729535429 0.9798045229027444 
0.9622172786045977 0.07565211397347668 
0.6087727739393164 0.6306066423123277 
0.8245495216966993 0.3214932794517325 
0.08614076662100262 0.993290341565115 
0.3587081896230985 0.8723706870956677 
0.7462855523440586 0.4441855737843562 
0.06266790014491262 0.9967264859262963 
0.9272246262750561 0.14160958808821267 
0.6852355365953943 0.5312587196423383 
0.9706508862352827 0.0591694090380259 
0.9151312874287026 0.16328537734419446 
0.3899503710107757 0.8493539381308082 
0.771337724288681 0.40579533342186946 
0.6327820805394286 0.6004396685440359 
0.2820841796102894 0.921929715778575 
0.8187821897950058 0.33125305982833186 
0.9144914253726957 0.16503547174392913 
0.4953142678026383 0.7639012362646935 
0.5189822938400972 0.7314095887226625 
0.363653564171842 0.8684699547322259 
0.4096022104992809 0.8331923338186967 
0.6523555311457989 0.5765180262030485 
0.8630049579765773 0.2563414817932809 
0.6980384154428005 0.5137822109721857 
0.0587384082966807 0.9975778494253498 
0.7560180070183672 0.42980486740908297 
0.9391504190818933 0.11915319782188791 
0.8535456096886705 0.27218725843277136 
0.6262466445662923 0.6144515595566841 
0.6956243095995761 0.5170120974401522 
0.1618718973717756 0.9744784448684819 
0.5513079924505553 0.696955525905738 
0.8532649466737595 0.27279622279680493 
0.4828094155287063 0.7680122424414259 
0.9947586238341053 0.011866204074999732 
0.23208023823312765 0.9469846907055645 
0.8634921517423922 0.2554944949512739 
0.8114740976604489 0.3426075681383518 
0.3863772582341594 0.8520688863400563 
0.4175485458044447 0.8264564940902076 
0.6030973752709403 0.6378506946826703 
0.7070578415155434 0.5011234362870514 
0.8716414046908992 0.24165845495548008 
