1.414457741644094E-14 1.0006451639540475 
0.9998630496802461 0.0016304304734568236 
0.9826149941153631 0.0361396449521474 
0.9465293921491931 0.1055255332795933 
0.9297895975429415 0.14453008041688437 
0.7360655684618181 0.4594468253365586 
0.5978295264955421 0.6436726734741854 
0.6175687752347647 0.6195854288615554 
0.2891246623256649 0.9172219520504133 
0.7156941636862579 0.488897424494322 
0.7758520724995752 0.399231556123385 
0.9286115690857493 0.15625001367977764 
0.31033581278727895 0.9042628727119038 
0.7620695396402891 0.42034672499243836 
0.26995027825039514 0.9278646214505517 
0.4812485705398999 0.7716543773344772 
0.015958610948312635 1.0003566165199147 
0.5878040224632578 0.6552400119457386 
0.9070622687116967 0.17803969295700547 
0.8836051654562451 0.22038369556946588 
0.12326231831711973 0.9855496614788534 
0.227444504806049 0.9488417471027826 
0.04581722269753155 0.998481607235079 
0.4138508670317463 0.8295594557978491 
0.6728603221417144 0.5484279174213375 
0.15150975708351083 0.9777338880585513 
0.9687082514384704 0.06299675910962933 
0.8414701459790046 0.2929951312271864 
0.5148357720389476 0.7383240259391368 
0.5773274185798997 0.6703810784540449 
0.9955513183536913 0.010134727986393668 
0.5439205788988674 0.7049258517560932 
0.5685679541145661 0.677495051466545 
0.7885185943130131 0.3873932220289226 
0.526001388291133 0.7240093986647506 
0.42857785806315274 0.817125314686964 
0.4515705051226776 0.7972892948902013 
0.39597171161466743 0.844188968613398 
0.8230933764280571 0.32368440830760237 
0.46728913599832533 0.7825196786754968 
0.34021814728859445 0.8849556955198801 
0.5329859939473655 0.7169080220756462 
0.8917602277440679 0.20565711204982604 
0.6369212171476433 0.5952300757439571 
0.8542567937967499 0.27150333495931983 
0.24646499079856732 0.9406358929256683 
0.5055139204879922 0.7452354149280935 
0.6485591109868573 0.5802743086063419 
0.8466125158838755 0.2847901143591725 
0.5568834829714844 0.6907273127652176 
0.6267708341883377 0.6082731904987962 
0.38278294217880593 0.854713753294465 
0.32341260976016906 0.8962373519924289 
0.8754110321517575 0.23471433129836905 
0.4042961917479966 0.8374528426309186 
0.49293925457803534 0.7578521088997202 
0.7540548154231126 0.4323726364648978 
0.4604409062073463 0.7889265416765334 
0.8156490546645426 0.337438427709555 
0.44013893817952465 0.8077974476013375 
0.6928035199971836 0.5258814231593854 
0.35279281319855127 0.8761817784004212 
0.8669409767892813 0.24948672414740464 
0.959355723576037 0.08070608083589423 
0.7024684607185565 0.5103286213830557 
0.10191993304099722 0.9903396054609694 
0.8309210538065019 0.310823252074449 
0.7429059180399321 0.44927443851137366 
0.803490155177857 0.3555422943627765 
0.3321658533090124 0.8931028697056578 
0.15636706904197956 0.9761068988234193 
0.3691743188906289 0.8643423288842 
0.25569615798746886 0.9353267840530509 
0.09180222192773674 0.9921527228588262 
0.5556980517708722 0.6982534535483418 
0.9682839721031291 0.06379627589726665 
0.6617685327385547 0.5632378514416782 
0.057654508410918515 0.9971300404550342 
0.11574462014776171 0.9873298875217096 
0.9026660204144309 0.19323702688488342 
0.17239605040679834 0.9709058868141526 
0.07862286543308514 0.9945735573730572 
0.1756567142456238 0.9698186809439461 
0.6963331991369611 0.5168445692937813 
0.49614960120141716 0.7545693472556436 
0.683348762243894 0.5339601432767302 
0.6801557976907114 0.5383304194459553 
0.06981140893959037 0.9957176327830318 
0.8967348031788113 0.19656100473719143 
0.8716841228598826 0.2414217135457858 
0.3771624597946151 0.8587706396194003 
0.6324991644156813 0.6010857204272684 
0.7082058619284449 0.49972537555924496 
0.19134389827303583 0.9643364773623632 
0.6537568945316585 0.5733661990035691 
0.4382422607340135 0.8144461584685598 
0.7968397898663672 0.3677096673562306 
0.8295605125242308 0.3130489639928084 
0.8070710307096225 0.3497287934091815 
0.7913403961350075 0.37451551043533043 
