0.9998620572217054 0.0024827890599194886 
2.024091723745104E-11 1.0008074243306984 
0.9659407177725502 0.06928775137882916 
0.6774125921346865 0.5427145330901118 
0.6624457422438408 0.5629411608703687 
0.4689022117876437 0.7817520519321756 
0.36209595166735364 0.8704005473960051 
0.9911392474644694 0.020568711916354673 
0.5212555743729904 0.7297052460705897 
0.028550641674510824 1.0005650974773286 
0.4565617017848329 0.7929141547928797 
0.709599585994785 0.49793477643706313 
0.9784396297027956 0.04495962267183882 
0.7955548792058585 0.36866624402164055 
0.500924356233192 0.7503654858818776 
0.7785618031674394 0.3961832081664039 
0.7561315184419768 0.4296426618614545 
0.32094975659606123 0.897842385571172 
0.1438459543729022 0.9802908367548008 
0.42024195172675 0.8249749406781244 
0.6873060708113472 0.5289939094758405 
0.7928023763304034 0.3827660551327165 
0.6076653330058016 0.6323445384996801 
0.5582885383387797 0.689916392845179 
0.26600893957495386 0.930405594783615 
0.6531674923396884 0.5751953441229711 
0.6435939765319297 0.5872715804833571 
0.9524886413278207 0.09469931676591047 
0.8404025405814254 0.2956179271532492 
0.43752450035242274 0.8099874188973565 
0.2784484844556844 0.9234585863178565 
0.5997101922807353 0.6504604304270055 
0.9195010441440976 0.15693220507628275 
0.8075842278246586 0.3491033912321138 
0.7191858115553228 0.48437515119968144 
0.24993030465316665 0.9383379482604788 
0.9743472204222856 0.05303965372326561 
0.48669214597452487 0.7671774916074617 
0.8646934292343327 0.2543384076255609 
0.9288681967746164 0.1396177472714509 
0.9149319461773149 0.1654981464021126 
0.2924369670339884 0.9154970698229554 
0.4443240637625654 0.807684171051176 
0.7669655238952082 0.41334050244049386 
0.5747655008182393 0.6725072958657347 
0.34419950209837563 0.8831576853164559 
0.8974133631282603 0.19680249284646473 
0.9514981645581422 0.09686540621180958 
0.5692583940880621 0.6807218456873659 
0.33320210731472905 0.8898029932865508 
0.7256403589077539 0.4751124909034213 
0.5842593347826696 0.6600617596761988 
0.9408121217792718 0.11708324670423088 
0.07272239049495624 0.9962969453967063 
0.09591920979629176 0.9917516844104313 
0.30493473885546374 0.9081593343189631 
0.882068570680328 0.22365661508272 
0.6286344550576889 0.6182665152181314 
0.6987125843476665 0.5135357858421282 
0.8899289345234076 0.2143776648746689 
0.3888351784320718 0.8500852825162423 
0.8703754242590058 0.24570502076921666 
0.7326874196460913 0.4647420555167818 
0.7705852673580943 0.4083824906477987 
0.1633130112562997 0.974329690637604 
0.5425074518626842 0.7073001680015496 
0.6345665171115628 0.5996801883845784 
0.8177395915222933 0.3332136247053524 
0.07857383911009058 0.9952801619727728 
0.6967076992896843 0.5164404288618171 
0.5324464235038748 0.7177289820394795 
0.04916509656383509 0.9985913466748069 
0.11499979812362077 0.9880763385175905 
0.9055211139708812 0.1818664905347561 
0.9067342311005917 0.1802871455629494 
0.5470923550092714 0.7026776583435167 
0.18402699248976961 0.9672311537724579 
0.8566202734154942 0.26821364471058107 
0.8932443335994446 0.2045192509816409 
0.19105047226376232 0.9648258132051768 
0.5894323681443727 0.6542545642784174 
0.20999721797524784 0.9569615758907141 
0.7483721977846903 0.4417983054906734 
0.1724376491389874 0.9715880972857937 
0.6317631908235382 0.6033417221864077 
0.3757386243214879 0.8602767753977213 
0.2387135821250949 0.944150700579134 
0.8245525712550283 0.3218352048167062 
0.3761233274213471 0.8599058265993703 
0.9348747430834047 0.1311013085140325 
0.10571412106202543 0.990096601300747 
0.8324185026413845 0.3083762701944149 
0.8483383704616323 0.2824646900166018 
0.04884884625714886 0.9987991489133135 
0.20258733396539197 0.9607154214442767 
0.3974852723302544 0.8429261291180202 
0.12716362084429356 0.9847288305590439 
0.6172187593463679 0.6238531943146076 
0.8318323613565839 0.30967817790797764 
0.8554684300901507 0.2703822154931329 
