3.389945340025963E-9 1.000481515520638 
0.999963641584278 0.0012252312222436324 
0.16389101062426292 0.9737555892056915 
0.28468024314474305 0.9197398423180516 
0.9001324311417375 0.1910805451396683 
0.9132698951123439 0.16726982448782327 
0.8204376554523418 0.3278656206134025 
0.993051777350811 0.01500705661573467 
0.38504745954606695 0.8523778745311238 
0.8344766845016037 0.3068780203547596 
0.19301600663034135 0.9671277461906013 
0.13506513482906096 0.9827037572463522 
0.6851020094375178 0.5317372419552813 
0.09886103243350187 0.992088188477343 
0.33947601628177815 0.8854229144975921 
0.2509819322560543 0.9376054559031204 
0.76174768866667 0.42641367237819494 
0.6243033973824674 0.6111428697422494 
0.43310104146759565 0.8131609107991171 
0.9231823068886075 0.1529817309027797 
0.6460634847338778 0.583346136482562 
0.36374198218147985 0.8684495488747683 
0.6738678578369047 0.5500351444796882 
0.8909549128502314 0.20708676934381906 
0.7839322814888888 0.38651999302442985 
0.36072277052294965 0.8707106056181593 
0.9800411150443441 0.04079371655943074 
0.31337956704524095 0.9028067785267175 
0.5627382507929957 0.6841579330400732 
0.9442516847205087 0.10965249202414648 
0.0741525222047772 0.9951998646904948 
0.746220100661062 0.4438603888209402 
0.44834924639167983 0.7996243990971188 
0.9633777509742825 0.07343471855474336 
0.6101297861511079 0.6287295613239011 
0.41166532765626185 0.8312906043933386 
0.026089286985839233 1.0001053012588046 
0.9290599219474444 0.138403585773169 
0.5990854237375995 0.641776941180716 
0.730691858194228 0.46696362423534277 
0.46463355031475206 0.7848736873732487 
0.7891586602355809 0.37826925397565553 
0.05225109366098846 0.9978032090856022 
0.8629924175265531 0.25666178340949347 
0.8849370322392056 0.21771006570213053 
0.6559856050174111 0.5707154620041681 
0.6156180211404685 0.621849784217264 
0.5772952456273629 0.6676626217451104 
0.7666824644720412 0.414422038223054 
0.47693700733040834 0.7733934986212903 
0.811132519123419 0.34358090351212156 
0.5911305243137681 0.6546048278258436 
0.8789810226672395 0.228329887073183 
0.49763977732237685 0.7531659234912249 
0.21979054651300062 0.952321957482995 
0.7731187797853125 0.40370432714509225 
0.972866277838348 0.05498291974227079 
0.6952118079929926 0.5176156129918011 
0.8744325369793018 0.23913745799626226 
0.9535623727983191 0.09170409026513358 
0.23052831870607532 0.9474881815778159 
0.11886407951459024 0.9865885239587172 
0.6671096869946077 0.5561088514853285 
0.8003321225943884 0.3606478720147052 
0.6358799703437615 0.596519339829652 
0.7985107322829386 0.3674401377223832 
0.7007466013032142 0.5097756654778854 
0.03523125713896613 0.999517491402082 
0.7101680356587622 0.4964124658456758 
0.5210574865110957 0.7293160788646972 
0.7210338963642997 0.48112251914999965 
0.8576662786399751 0.2682482482626191 
6.807111317462256E-4 1.0004727106706393 
0.20438691465237174 0.9591316580027137 
0.3972852962018161 0.8428928792884395 
0.8431930310983189 0.29023601989658815 
0.5804296981159893 0.6640119486717023 
0.5078816601352241 0.7430343188242302 
0.48075520437704383 0.7696969569091204 
0.399953748029917 0.8408719786891395 
0.6631309571916363 0.5683421993178096 
0.30084474562843566 0.9102432305386986 
0.9558457120319535 0.08756962378203859 
0.8416813972769277 0.29287332970154834 
0.24351308664338878 0.946642694346628 
0.5606399445179282 0.6895339832871482 
0.9371554547956523 0.13220130135910882 
0.42435267889740813 0.8207785895643466 
0.0655010783113521 0.9962303256652592 
0.5396967108301206 0.7097798208938151 
0.3265769337972249 0.8968392052262975 
0.7216647465497569 0.4805597868110537 
0.5503227364296681 0.6984899296335506 
0.6369802473880064 0.5950227068713639 
0.4200921478588473 0.8249639608777654 
0.49009665319656254 0.7605261341862863 
0.7097322440132856 0.497483434804099 
0.45938569372946797 0.7896709939257642 
0.8514159314314651 0.27624146972425534 
0.20910698941637695 0.9567675547947337 
