2.6523614034268395E-12 1.0004668800996193 
0.9996487336764421 0.0016460919007277787 
0.9290082763909442 0.1379063498457039 
0.02288302994012925 1.0002629571413795 
0.48413278516384084 0.7663371993232021 
0.7711846142665034 0.4062432611595892 
0.7607952413668578 0.42195789239324394 
0.8262706421667299 0.3181294180047783 
0.20056586676847238 0.9602810681287756 
0.6443133462148036 0.5920062847647338 
0.17578677745048327 0.9697870429122675 
0.9198920864331244 0.15478257838079623 
0.3542911245578951 0.8752395653443575 
0.9450439046721616 0.10805343323322911 
0.06024579608996028 0.9969450355391274 
0.32664178386194925 0.8940317202343739 
0.3412047210826813 0.8848588988922065 
0.6065209548894536 0.6330636656239806 
0.6493340056767272 0.5796904334413099 
0.8411033306878688 0.29352457661537784 
0.36911943116905044 0.8650674692522978 
0.11912414572812838 0.9864535708708898 
0.7149771598788396 0.48992929735469 
0.549729207892713 0.6986115188722483 
0.5574834528419683 0.689801160724109 
0.2766899934379635 0.923953974133577 
0.8709447563064538 0.24282354887120178 
0.46478959193323444 0.7845702172066146 
0.9841771706043292 0.032487219855365804 
0.5757371966341142 0.6692560603010487 
0.8019444187530117 0.3574861180162088 
0.6618266930887493 0.5636388313696344 
0.5697628443812889 0.6761266802964341 
0.2958120860149168 0.9133794127693721 
0.9001652307290948 0.19042693722146706 
0.8896159230587289 0.2098788791133511 
0.6954847665925995 0.5183979953276232 
0.5109849243320148 0.7395607926073073 
0.5906958619825754 0.6516562461299975 
0.7238945234764519 0.4770313714868769 
0.8222226747154836 0.32531415040323286 
0.7829879329514288 0.38788221245592824 
0.9736524922355413 0.05306450952570379 
0.6204217929875653 0.615752827754989 
0.8595486352136981 0.2621157655148049 
0.7056064498913626 0.5029194640252294 
0.38584161141842355 0.8517608496907231 
0.588245316212858 0.6545354612128753 
0.6278111763707004 0.6066080174358804 
0.5284930838318376 0.7294508190438029 
0.24735793757686764 0.9396419872741981 
0.9770044038942052 0.04646022379757352 
0.5367721132026404 0.7125972222552466 
0.13772253416691388 0.9815177300854324 
0.9657847922173046 0.06844124413327742 
0.38416882469853664 0.8595898337742022 
0.42737792865667323 0.8180662476170831 
0.28857911982972945 0.9177184315336389 
0.8110477004684329 0.3431122355969228 
0.7911269396469061 0.3749624909013181 
0.07727707475593171 0.9945171646320421 
0.741728099998421 0.45112799418720084 
0.5007295307986388 0.7554761125136098 
0.16006332245601057 0.9749749759081092 
0.8132851359189102 0.339244730480234 
0.14299569545721474 0.9801437811665419 
0.6821336444662711 0.5468629215451987 
0.8769000385722348 0.23242563821221832 
0.7959058398717077 0.3674077226662798 
0.9121616591805353 0.16912684501170974 
0.8853728589873984 0.21752813621010728 
0.4544058822331115 0.7992794144251684 
0.6660460327413557 0.5570005155757185 
0.8521407743479557 0.2748086138909908 
0.9972986630232544 0.02611130990462581 
0.49933319102872203 0.7569621422965899 
0.9607866235628402 0.07935588724889586 
0.39854445126280924 0.8417808558150697 
0.9028054915577686 0.18592822646485743 
0.3118346135025064 0.9037335172453552 
0.7508442755801694 0.437222495445245 
0.673372365468334 0.5473161441603218 
0.9100151218329233 0.17312874682348242 
0.09139663912914048 0.9922184730268611 
0.7016161346722901 0.5089160733836817 
0.4244284009689839 0.820444102010889 
0.44061922539778375 0.8066205482803174 
0.5350257727892954 0.7144016428744503 
0.2611010169642955 0.9322972746683581 
0.9540803924428539 0.0910448826360302 
0.31254976522605904 0.9031365300428899 
0.4135732521810227 0.8296610680969944 
0.21102072833252314 0.9561862052224172 
0.10169335909193508 0.9902032499016129 
0.8499512326581196 0.2862989553647397 
0.40110787025877054 0.8398315251966721 
0.7503626461501328 0.43799499755821925 
0.23995100925684898 0.9431610776178943 
0.4112865947834641 0.8314861817497096 
0.7290174454994615 0.4695882441712388 
