0.999970169969599 0.0022641908066721537 
2.024185959490787E-9 1.0013102919004266 
0.5506632493106705 0.6989913966658297 
0.4806055241500978 0.7706154254728685 
0.46632993703854525 0.7857804987185797 
0.3975913795722813 0.8436161859441983 
0.8208178252288706 0.3287115721865741 
0.5331521859415222 0.7180567509298025 
0.6511314717927621 0.5783048926945943 
0.12322481805759916 0.9857787501895227 
0.6149725569961302 0.6235222510347734 
0.29872676353980243 0.9117934737702534 
0.8326024904730798 0.30900395470753766 
0.9804726141974918 0.04280748769978299 
0.8584346588882186 0.2662964189842253 
0.3171897403216956 0.9007024473323624 
0.6775593126749835 0.5428985092933724 
0.4952385329191395 0.7568140236057326 
0.188959166085153 0.96597949234266 
0.7487424178342101 0.44165707836772605 
0.5973365826400909 0.6447575891403541 
0.9299841072280584 0.13736723540636156 
0.8455321450793152 0.2868577065735259 
0.9376046408394986 0.12391405930774037 
0.14049970039489007 0.9817368771410299 
0.8915003065182817 0.2077113186692608 
0.729047281645387 0.47054020589064743 
0.8994133521817718 0.1930735306304254 
0.041183041854748526 0.9991066636142755 
0.9733495212316791 0.05526538304427124 
0.6316573564576934 0.6030491626326975 
0.07106903924008667 0.9967603424841681 
0.581473236217603 0.6637128603575356 
0.665229480344537 0.5601425126207011 
0.2261144194700744 0.9507257009494415 
0.9664492088965124 0.0691405093920546 
0.3372807448286899 0.8874745657664008 
0.8840833843968903 0.22021002134066825 
0.9605778234084541 0.08055607887940901 
0.9451975829982575 0.10975716264686015 
0.9223413018766803 0.15224041977586356 
0.38069888426991616 0.8578464965601671 
0.9070348791792029 0.18190369916403 
0.8723171789185848 0.24351272399408277 
0.23666621303611152 0.9458427453859244 
0.7575733957336247 0.4280472125266562 
0.3714944173981777 0.8631657396169353 
0.807471295413578 0.350036971331105 
0.8778577936039078 0.23136376035052497 
0.7082626205407773 0.5003871863462398 
0.3564600765357319 0.8744567040419515 
0.990173231972503 0.021978777520646888 
0.15684225306217878 0.9768151003759504 
0.5647677465214802 0.6840015480212366 
0.3295972193283614 0.8936417411013794 
0.8018178430826709 0.3694471507427982 
0.5794788947127311 0.6665881355240423 
0.058183505512011735 0.9980837500487116 
0.35165720895600333 0.8777418131170219 
0.4508918130738361 0.7986756157711524 
0.09782850807977778 0.9919301436903095 
0.09574233782299513 0.9963074407497636 
0.7798561494722365 0.3936495229623428 
0.20990661460776242 0.9576197618733614 
0.9126543989459814 0.16962338936154023 
0.2852159513610704 0.920598124541242 
0.17168666234036162 0.9718236963609057 
0.25188383180971896 0.9401640156966276 
0.4255958662229079 0.823290800879231 
0.411562175465967 0.832074334829221 
0.6678818610027984 0.5564257811398603 
0.6080184323846918 0.6320776216140077 
0.739736460514005 0.45478665858160433 
0.20466823718738686 0.9600479834013086 
0.4448469134811031 0.8038369348710229 
0.7666990469777004 0.42400651455998695 
0.01933520981181608 1.0004954664148153 
0.717742927839728 0.4871228887972284 
0.7226292703481747 0.48648124719906916 
0.5615693690914915 0.6868931844639772 
0.7729746575592642 0.405047151177261 
0.435099252885084 0.8154440656667096 
0.5036620396714325 0.7481864355788336 
0.6868640429515265 0.5298957975301889 
0.9186427310089995 0.1627734720228101 
0.7375615479675691 0.45982770176932053 
0.8400087055039209 0.297634998667039 
0.6894507270494616 0.5274837602541814 
0.5239845264631364 0.7272006725645015 
0.7691994986058607 0.41072067279681973 
0.27998815849589676 0.9236198897859951 
0.7059092455787669 0.5101727975027754 
0.8116522261515161 0.3437143421171372 
0.5088898325366292 0.7430849524801959 
0.5161386787477507 0.7364744240988265 
0.26914716885168094 0.9296650228540111 
0.7917804280024922 0.37570293450274145 
0.6016623456296527 0.6397127604712478 
0.9532151199545316 0.09305139621962272 
0.4136894178000566 0.8300127444025539 
