0.9998676683431051 0.001834930208347583 
7.50487039801016E-12 1.0008500435850387 
0.2889315415470137 0.9175938268758645 
0.6728054486433673 0.5484061035265078 
0.7882929523402973 0.3809974922570679 
0.4141704962879126 0.82941893132951 
0.6571089640264399 0.569310793551064 
0.5457114488633938 0.7031219444254334 
0.7743728376538183 0.4023662040095991 
0.8983461867392305 0.19418418613347918 
0.2746931311675254 0.9252434572670177 
0.6917810261581618 0.5227439576853483 
0.25423996903932583 0.936197075590079 
0.7615439798826114 0.42715803214990444 
0.313460239495788 0.9029612299132892 
0.05895893220918458 0.9973884512708385 
0.8850789107899599 0.21790422088950379 
0.8178158205735847 0.3393015203602182 
0.1191707876099925 0.9863299219201174 
0.8052451116213849 0.3527927119480636 
0.5817643742544272 0.6628755867328172 
0.558460056785256 0.6891046462770832 
0.7059174878013857 0.5030441377593322 
0.9948502248980394 0.014245971939912155 
0.7970412023893441 0.36568826810792754 
0.7241097547940576 0.4776713100952972 
0.6831373082759624 0.5346541631929665 
0.022060341327005684 1.0001338930476613 
0.6265719901520715 0.6086550766203 
0.5311310749072196 0.7187672129487552 
0.8372803627010763 0.30057373550534855 
0.9514658554292028 0.09672359359007496 
0.3253922067674648 0.8950533380619684 
0.4758328717525114 0.7753139837128201 
0.171780497756827 0.9714471547847111 
0.21360218031404193 0.9554505764861809 
0.8445551010308929 0.28828247901250037 
0.767539255657923 0.4160768599096613 
0.6483420971742142 0.5812049200410799 
0.6016911966120544 0.6394526515984877 
0.09663222132735237 0.9915014594373426 
0.829497205926275 0.3132795231438166 
0.7384837062469325 0.4555366744325112 
0.34280154343490443 0.8833946370112272 
0.8513144668796951 0.2766618262607494 
0.3959741655364285 0.8442165439166981 
0.9632538711480139 0.07378816268563944 
0.7472366546704133 0.44463288901881737 
0.9561960898489625 0.08778766117591864 
0.7309151970380108 0.4672727792208731 
0.7051361725215773 0.5043355798568512 
0.06704427718420758 0.9965311702094665 
0.8574998150298345 0.2657559372802197 
0.9813844146873628 0.03849695536765817 
0.6184312447072415 0.6198676872241335 
0.9882082762044345 0.03559703878616667 
0.2281052604800387 0.9488896871223913 
0.933440187027937 0.13009285604218318 
0.42755049702643577 0.8181478395352917 
0.13493085133252838 0.9826047304213684 
0.5692076002072222 0.6774809344828868 
0.48647557378678896 0.7642900692404216 
0.9423191198845955 0.11371904278696326 
0.24113530263487049 0.9426482936322628 
0.3836009014833789 0.8540297284767919 
0.8678513204487901 0.24899893951467847 
0.9253166133068129 0.1452421503326261 
0.8812023154856948 0.22523097074823023 
0.6369076374101402 0.5958391677964529 
0.5933746647062847 0.6544853338389294 
0.9726336737125957 0.055709059319254885 
0.4389785377142608 0.8080261700020828 
0.9681348048995408 0.06452827626977414 
0.18442023990037815 0.9669677724221165 
0.505209081675342 0.7457898608565474 
0.4666524866778925 0.783145410343593 
0.2016002602824355 0.9605132248767433 
0.14318352690214609 0.9802905900535666 
0.514611064633871 0.7366167541253992 
0.0885722376263649 0.9935960478055338 
0.3776733932565334 0.8585968661504624 
0.9064147076619041 0.17987380670150732 
0.36380475272215007 0.8688466534830878 
0.5941360796110726 0.6482228274402317 
0.930348691862096 0.1355762843642885 
0.9412744718249251 0.11590266124958568 
0.9050849542336349 0.18242772982616118 
0.5678348647030456 0.6786971108610734 
0.6111336736010587 0.6277216084711614 
0.49731608720659315 0.7536675460779805 
0.6408644456578579 0.5905646894737099 
0.1557288736205408 0.9767008218816389 
0.8234414121121229 0.32329647567971825 
0.4449783278901158 0.8027869935886595 
0.43085494775547123 0.8155042433714775 
0.45642456861669206 0.7927675974813704 
0.9135947047806524 0.16673300105412217 
0.4506008640960855 0.7978596543398436 
0.4905941481691795 0.7609408516108508 
0.0189499208832464 1.0003260557535916 
