3.2109649400086733E-9 1.0005108127544216 
0.9997066769850084 0.0014841543817497548 
0.23768019713875493 0.9441330984017886 
0.5992512153240949 0.6418240293956021 
0.5789950222652103 0.6663253427546381 
0.26485132669444966 0.9305701395064943 
0.5187456484096649 0.7315962802645107 
0.6124920059604533 0.6254379704561283 
0.6226586816857616 0.613056305254994 
0.3323900900671155 0.8905178971109087 
0.3749049893235136 0.8632309593184166 
0.04278059786906213 0.9986883028572703 
0.2142736703210794 0.9547153460788174 
0.9038877246059611 0.18406716232040632 
0.023221615834565584 1.0000100585943479 
0.8204983913861491 0.3319878649542663 
0.4992005619686744 0.7517106756608763 
0.9499277203972532 0.10289432335580888 
0.38462800008053505 0.8527085555430509 
0.7583938620601031 0.4255867990711795 
0.35237804788564275 0.8768216890046121 
0.5519228405941159 0.6962552016607336 
0.7685988809749591 0.41153951604975353 
0.20475147420188183 0.9588998166289212 
0.13394903687497328 0.9826196812651068 
0.46056869783852783 0.7887140063392548 
0.864409963955618 0.2542456846675694 
0.8899130096592004 0.20905563000182495 
0.5606202296201118 0.6866471071375921 
0.17696114549811415 0.9718909337248693 
0.43116359053499015 0.8148405904306042 
0.9585015319503167 0.08241643839138142 
0.6651621564593407 0.5582441375819752 
0.570119790361266 0.6754981260222217 
0.3096107088940971 0.9047714594256349 
0.39677664108756167 0.8433601561892728 
0.6804292449570812 0.5376591589785789 
0.8769713494761662 0.2319542649512603 
0.5411606941089123 0.7081194310861662 
0.8273910463921027 0.3163060999445526 
0.6357133591789699 0.5968454143836538 
0.6512371343534111 0.5768906835558245 
0.27815633309628757 0.9233826646877493 
0.9947934260060416 0.011634737734900742 
0.3224129107544402 0.8965860802340152 
0.839690503124577 0.29598865256514545 
0.35667441225135005 0.8733602174618165 
0.8779277479760318 0.22999392181714245 
0.7933982689331637 0.37159969940573406 
0.9710568839842211 0.0580488657126632 
0.7517190825186271 0.43610127411088445 
0.06792810509426167 0.9969763087170056 
0.2985557885138658 0.9112552943549673 
0.77612142888023 0.4025663579140868 
0.15492441312753225 0.9769295065716547 
0.4462881699721929 0.8016289684533612 
0.6903222397247806 0.5243051378495647 
0.8948345552800518 0.20059387220657757 
0.4979091772591615 0.7530785894436927 
0.8337586458172871 0.3079140405664724 
0.28891415808215454 0.9173885177680514 
0.4825093019792507 0.7677462167000609 
0.7848066461261388 0.3850337789684029 
0.7381850796234554 0.4573619643546404 
0.8036800711331586 0.35501671808843294 
0.4060976114232637 0.8356711775538069 
0.5261386391030656 0.7238554376321605 
0.6641664433183849 0.5602012960532329 
0.46702553605006447 0.7828783459159323 
0.5337548265330853 0.7157691549415789 
0.11302314250514034 0.9876422863488247 
0.652037182074214 0.5759113233427434 
0.6348989657565806 0.5978536783367414 
0.9860501546518718 0.028817834276724935 
0.18633183579396156 0.9671923457262949 
0.8465596284359266 0.2843611040450926 
0.4764563691645225 0.7738077921177561 
0.44326902225829373 0.8042826585477341 
0.9771984962077498 0.0462107074897339 
0.9275215051194794 0.14110820343436145 
0.9127155775391369 0.1676606140952784 
0.4139378699130761 0.8295858156963233 
0.7086975391634762 0.49854162373578137 
0.9641807451149695 0.07166980555911752 
0.798519081540027 0.3635856728656624 
0.7313382686155921 0.46605504094455086 
0.15025919498782622 0.9782441510036131 
0.698968747022694 0.5123448340968184 
0.7814545531914572 0.3912662791070097 
0.11891947030405928 0.9865163430753371 
0.7133116274398921 0.4935969904885153 
0.9113343169770096 0.17042954588343637 
0.7267629741014192 0.4727080577636053 
0.9211693433045047 0.15236406039168707 
0.09405027241555058 0.9916024356532757 
0.9380327697340411 0.12142880681888824 
0.7013597135726832 0.5089478813728108 
0.9872504909962649 0.026063978526930508 
0.8562440142211983 0.2676156207866103 
0.8119904904546483 0.3434256609743253 
