2.144576061960772E-10 1.0005311110154385 
0.9998608167324546 0.0013499930132868244 
0.5080256701538628 0.7430385692879515 
0.3377482279161545 0.88686397174628 
0.26307565353886153 0.9315785589862433 
0.5977173880238734 0.6434809420121309 
0.8313050112534603 0.3105059202040377 
0.940324802348137 0.11715007246715577 
0.8858504317990664 0.21650988882342537 
0.7639674977099186 0.4180579940623098 
0.36560961218308596 0.8675853554177021 
0.8782468317189911 0.2296078817828982 
0.07226222390062925 0.9953559494283967 
0.16357265785921332 0.9765604080240708 
0.9493481799221969 0.10009812257727199 
0.28160532520734005 0.9220913772590141 
0.6614121431618558 0.5689480507415753 
0.5884464362963499 0.654404476694775 
0.5213805862352169 0.7291807503391549 
0.8689986649243853 0.24705622779868805 
0.6131731569622295 0.6252920273287746 
0.9312376781612127 0.1344404636564199 
0.019575139158282018 1.0003077342734177 
0.8227753320525668 0.32425656500935246 
0.7990364947674933 0.3626801769310488 
0.09320842471665614 0.9921119427501113 
0.6762353341952847 0.5441912847392659 
0.7279978298088834 0.4708522118706244 
0.43472556494727693 0.8119123617542615 
0.5412134712625195 0.7086599397944005 
0.8615591276857779 0.2587578146232921 
0.7031656134403352 0.5129247788796921 
0.4008704908895228 0.8409402864406506 
0.9568004846952718 0.08641459545311549 
0.8428205729033206 0.29110763391315553 
0.8107337471851803 0.3448135697084666 
0.6683690078776421 0.5544232944852096 
0.9122521516680607 0.16944944557915514 
0.9636017901950704 0.07338689793342767 
0.7739576518971001 0.40248665128220845 
0.22724748392973 0.9491788574845524 
0.8535193190242362 0.2730804357209372 
0.4444928357309642 0.8037886691686936 
0.48917650423179615 0.7615984641629332 
0.7850485318212732 0.3847338714527441 
0.3933909495144407 0.8469844733802626 
0.20128510781724385 0.9600181800493179 
0.9796880215277437 0.04204048597293409 
0.5785830169192305 0.6703978604623151 
0.18647674580646825 0.9659372383292703 
0.793504627189808 0.37194412195753923 
0.4156770977569725 0.8279788036891264 
0.754900423779071 0.4313259310102832 
0.7092401538814346 0.4985411226641794 
0.46995412414153487 0.7800241205779144 
0.6895962706259712 0.532654261790172 
0.7497026961861895 0.4395035918708841 
0.17519862252483265 0.9702309590735707 
0.9044856677670687 0.18405616699876212 
0.8143591185041827 0.33804398670407815 
0.7369238279784293 0.458332362514218 
0.11229182804634524 0.9882958467839521 
0.13469477898551813 0.9825404917982159 
0.3281381991777976 0.8932562319783236 
0.5743487662851652 0.6765949307491973 
0.7413541188712058 0.45162098362862 
0.6373618216383269 0.5949548437661781 
0.1390233962869753 0.9813004485850364 
0.8959348871585682 0.19864731668663427 
0.31829809310459534 0.8994730006017126 
0.2932610571184839 0.9148820743509086 
0.6291384260532221 0.6054323330844009 
0.99034569183183 0.020460115844888657 
0.4592612013418061 0.7897719379564964 
0.04335580956682569 0.9989435705326944 
0.7799848569471128 0.39561768467479724 
0.4549709433798613 0.7944178490787904 
0.05168728948433965 0.9979208281029294 
0.9975661594830934 0.006736307483296524 
0.9711007748659122 0.058179512840819916 
0.5510923631526522 0.6979356636485895 
0.2446870140347619 0.940699360338052 
0.9245899054769215 0.14658594500373917 
0.3794145466693964 0.856603552009438 
0.4218120361041101 0.8232241405142386 
0.6483728838151709 0.580664079038612 
0.9181520035116577 0.15854429515233676 
0.7187827574408648 0.4847979545445967 
0.6894765133622638 0.5332056372115339 
0.61847630862423 0.6187632753398965 
0.23105276004115172 0.9473640496361367 
0.377616444830282 0.8585553941794554 
0.6240081762018733 0.6114939280289038 
0.30971076269952375 0.9048401851151734 
0.9835145180221053 0.03407553591548621 
0.6442882371818904 0.5895280006014274 
0.7194874398296153 0.483159535788789 
0.5544259803927684 0.6937193697963245 
0.10884736570389819 0.9890659759995636 
0.4793357399427041 0.771281303912548 
