2.78329996960803E-10 1.0006604129060062 
0.9999033731074549 0.00148654185458234 
0.5977767440886285 0.6436817261040619 
0.053625107006835954 0.9979312138955245 
0.5355006351102628 0.7202992775597001 
2.712786447277571E-4 1.0005740093240238 
0.5807223657391074 0.663997759734995 
0.9169705913259729 0.16389005983165472 
0.4402365605370814 0.8071540950040537 
0.9589108393925381 0.08119220832074797 
0.6772677168030128 0.5424079272204196 
0.45756487794158673 0.7915594787563832 
0.5209866708980138 0.7295884978242967 
0.6474310572947216 0.5821868804021315 
0.5095271353203024 0.7414037257278495 
0.9496177819169265 0.1002653614249906 
0.3886481173647709 0.8499526205827901 
0.3797634939738621 0.8623666384255505 
0.7607009254774942 0.42254579465277003 
0.4769544575116333 0.7732114668870292 
0.6151804854494782 0.6233667873757472 
0.7769553156782528 0.3972850329199008 
0.5619272482840996 0.6864081213933174 
0.8913096611663405 0.21647595862435212 
0.9666660473604984 0.06673742469951637 
0.8811260111071677 0.2255011555387254 
0.49820503726408594 0.7532050454434235 
0.5724080268441734 0.6737258988784977 
0.5491336265726678 0.6991291940858106 
0.2824948487106976 0.9211374628308803 
0.23467907225031304 0.9463089149067747 
0.9902581232873743 0.022794249795895172 
0.6648761743784303 0.5592907726521348 
0.2573315592718513 0.9344238856539346 
0.8343374540803659 0.30510586455923766 
0.8079570692127359 0.34837904312999424 
0.15845971551838012 0.9758951299213575 
0.34019219587246496 0.8849403883850697 
0.8444342785524919 0.2970912639731215 
0.7110478911125044 0.49534018128673946 
0.28756527013098704 0.918139200556435 
0.1720337456749182 0.9710773066997502 
0.46598651144687264 0.7842018562407368 
0.9433367258875531 0.11196611936769386 
0.6386738408796692 0.5931573826357123 
0.1863043149395616 0.9657510895640361 
0.3625566382612561 0.8695016270248642 
0.8153135178768394 0.33634997275704587 
0.8266966425907095 0.31808319751645336 
0.7955623253240252 0.3687189722171052 
0.7247080625821272 0.47583179486980076 
0.08046467271558921 0.9940538171686839 
0.872742622298359 0.23995265959411194 
0.24765144433643665 0.9395686289998957 
0.8008877857027099 0.3604661524539814 
0.3071266920696185 0.9063444251963915 
0.32469339435277594 0.8957794141668598 
0.4023748471044657 0.8392962684057547 
0.7528590340905167 0.43431125782221625 
0.9058900296146553 0.1808577367349107 
0.20717237186027745 0.9578983621835159 
0.7448812824201019 0.44665865276405525 
0.06492557209009725 0.9965198358421197 
0.6592007700416394 0.5666406740044473 
0.9251000624084134 0.1462045831555924 
0.42941687233520054 0.8169090735463534 
0.8213663262309081 0.32677657267094784 
0.7002018509499731 0.517276306174718 
0.19861858934836482 0.9615954529083163 
0.685799645530508 0.5309227163454785 
0.14303048475351546 0.9804940067935238 
0.6892445006329156 0.5260355005987943 
0.42418204427848305 0.8210338339602622 
0.9363089538694186 0.1251817266267078 
0.8965012559669516 0.19796570553618245 
0.9271117786745747 0.14198844679723038 
0.11703570890553479 0.9871779138345472 
0.6175678971829981 0.6195430361452351 
0.7405495412242783 0.4528892682893082 
0.9736123983354183 0.053755967016079965 
0.34773640662646665 0.8804279569381002 
0.7337237508890373 0.4628839185517959 
0.3561466883746499 0.8743648183146702 
0.5519919957926959 0.6965965005716761 
0.8489417332477873 0.28132768153867377 
0.10138430454192411 0.9905179416010458 
0.6270478594266895 0.6077605408197184 
0.7863562585188175 0.3834777191897056 
0.12423689092252738 0.9855744275927429 
0.9759670663948761 0.04882954898442587 
0.7875678553371901 0.381326295871788 
0.13663102882715594 0.982157944335936 
0.8978550674816637 0.19509823578670457 
0.8603976315700433 0.26111965381448515 
0.7778094537132045 0.3962083955085435 
0.6313844243791774 0.6023402224230332 
0.8661048356829121 0.2528176664173772 
0.3207371321760283 0.898063172954411 
0.4884015033814293 0.7626499335400166 
0.9047551531560342 0.18279693840612032 
