9.680613165399423E-5
1.0364899721454731E-4
9.334697051947327E-5
9.813520624182941E-5
9.51835028036297E-5
1.0068239512388655E-4
9.861596890702018E-5
1.0068631083051277E-4
9.423044638390824E-5
1.0477563157153617E-4
9.228477235273056E-5
9.674117807601169E-5
9.093985670671283E-5
1.0186058375448976E-4
8.982796021224853E-5
9.6994661377469E-5
9.37025876552497E-5
9.133156106434999E-5
9.18393988202242E-5
1.0279831839608623E-4
9.31142640721249E-5
9.490663325566335E-5
9.717358743480867E-5
9.811023163734122E-5
1.0276937110937837E-4
1.0290337115015742E-4
9.44840760914813E-5
1.0610492229374081E-4
9.23066923699967E-5
9.669285649132905E-5
