0.31975423380117507
0.05843723042358456
0.2686955616192481
0.08872699235985274
0.09827973077341091
0.05093532326201636
0.06679610499294718
0.052870193490899164
0.056729612313988764
0.06687878487039502
0.09160743080551179
0.06914242591450875
0.08140305140767401
0.08323964736337824
0.08637501914574156
0.06412338645114482
0.062423301368865286
0.052853720935920785
0.0777060919138899
0.2600332639589765
0.3152446261791744
0.0955597379359654
0.06587356847010499
0.0971287614016016
0.11669926282737876
0.06940736547608638
0.06745064174858798
0.06660513576164573
0.059433946158040596
0.06664241056753695
