0.0 0.0 1.1318861004989351 
0.011909136451356045 1.99820547757175 0.0 
0.0 0.0 1.1318861004989351 
2.0084027405318334 0.0 0.0 
0.0 1.3900616794166247 0.147741788794449 
0.011899966780394206 1.9966669204464436 0.0016060340270892372 
1.5105788521497783 7.242832101869226E-6 0.0 
2.0065495546174814 4.842556028310269E-6 0.0 
1.1011951464911884 0.0 1.2021275982046769E-4 
1.486901940073601 0.023848498533339386 5.942229556750081E-6 
0.0 1.3815100986700874 0.15458038248922568 
0.015605058396657802 1.0901629455448625 0.0 
0.08744582128458703 0.7270294307349042 0.2288392485253646 
0.7343721283019857 1.664030589111622E-5 0.7616151356581861 
0.24875215629764588 0.14144208453852872 0.6418269914614113 
0.33952566553502544 0.19230075219298132 0.5432878086484318 
0.3683929585150666 0.1782459326245757 0.47724260526983064 
1.0305483501561183 0.0024473885203927857 0.06919179191045063 
1.3913703266054104E-5 1.567081608151595E-6 1.1063231059362038 
0.0018441142402448908 0.16962297671071716 0.8439911482897672 
0.4246710847743405 0.03501028641863717 0.5926069639716303 
0.01915040080173787 0.7986163891497154 0.35430625477313255 
0.4361716073779151 0.49331936426046885 0.14017890550745565 
0.10546164303311173 0.9241802469202138 0.011313488965125266 
0.19164340417500633 0.21768501110436106 0.6696519209188643 
0.3914181683646275 0.4427022729389429 0.23900243369720506 
1.2259933789155313E-5 2.3282520244731554E-6 1.0425341589882406 
0.7764594504155816 0.0017583824179789273 0.2965093245374972 
8.255158985903845E-6 0.9989273037330526 0.05238604383664422 
0.38586334557068613 0.436419650221338 0.3142612366190607 
0.4864572360748658 0.552819819348443 0.039483288799930294 
2.76015793928008E-6 0.6437692930019586 0.891343005899346 
0.3152446261791744 0.20635060916203588 0.5559729597869871 
0.6751286812709437 0.010494394747693826 0.4032222372992718 
0.15918913218005284 0.7793438764678284 0.0942130213997449 
1.4213692537970766E-4 0.21955148602637298 0.9632130516874639 
0.6343126180427123 0.3984730939685583 9.286433669414102E-4 
0.046400696278360104 0.8718922594397744 0.10194894066846288 
0.42204953856139926 0.21995300243816726 0.4354179821127265 
0.10402711247079482 0.16882068693659963 0.8484495156526265 
0.3852623691259638 0.02316442313564191 0.617504792675517 
0.024325076481668182 0.7858662383614597 0.35102409872725393 
0.014901468549166628 0.12389163984356369 0.9138944796263437 
0.2188379893377563 0.18636925377164595 0.6753755312553884 
6.012134024798309E-4 0.13335405247384094 0.9249728191241 
9.306558637540489E-7 0.6437711225040342 0.891343005899346 
0.07453994933459013 0.005996170611058668 1.0203473499247013 
0.28355038616251493 0.015010011952169704 0.7434827819031858 
0.39656671788289194 0.17092223837643944 0.47563148109427444 
0.14344828700954426 0.16294086449256837 0.7502251243920391 
0.9882602172796048 0.015324053668765646 0.052094691926702054 
0.7965153445420674 0.08380607716639088 0.17294354361302888 
0.15602879351808327 0.23223639963176276 0.7134758591086738 
0.021764133951166838 1.0299362075483292 3.499020482010261E-4 
0.39422331433098706 0.3038791592302487 0.3905966539898042 
0.5306780605807264 0.3017469766878637 0.1892442242322888 
0.08063938938521756 0.8433378499235578 0.09250222164874429 
0.9291315238398042 0.002104126023110987 0.09348048859265685 
0.8426013169884693 0.059702263512296745 0.12483929203542433 
0.3969495971219726 0.010291970724466127 0.6847072331264692 
0.04491884331961719 0.062282861388294856 0.9806119732511694 
0.6567197088667531 0.320072000871786 0.0796700858082419 
0.26510764768973316 0.5422706875383594 0.23544831412949369 
0.5063843580972864 0.39121450778842487 0.12418836561280482 
0.7121423689130811 0.3263964625774773 0.01057740758598304 
0.025937722977135855 0.03596431888101233 0.9947622190047454 
0.4127750532345121 0.23378778478620216 0.4296466613404768 
0.5420465079732463 0.4718823937584581 0.005973502264737345 
0.7555083343199179 0.2666129044003664 0.0032253204729451286 
0.37574085928457185 0.021160155009223258 0.7076772502840313 
0.9737261776495658 0.04853381193155589 0.019825000388516086 
0.7970470626887232 2.8365327516032395E-5 0.419546708961812 
0.08784512743402241 0.9022551052139443 0.026608732872285032 
0.8777363269396037 0.003150428260510552 0.1969665690908968 
0.8818595567776883 0.0019970731748253302 0.14085950850305845 
0.7522350344622842 0.26545778281881216 0.007653741912132901 
0.32503887568452183 0.37209300818959834 0.3911091669462838 
9.707023427054193E-4 1.0868634331183158 0.0030948305100169404 
0.5759036728101791 0.3978673313192372 0.10379514916345822 
7.793018541330552E-7 0.6050981463151353 0.9223431538382536 
0.3425999084362078 0.18447143895258122 0.5508803871155782 
0.0 0.8448296477250246 0.20113205860978317 
0.03481895829012144 1.6377778421286035E-4 1.034411762408877 
0.523491696875544 0.3104037449206997 0.18399338381536834 
0.4919955326652561 0.38171445478800015 0.17164469430610169 
0.12479946629133373 0.008088124754468497 0.9176004311001429 
0.5729164659704954 0.35990423379126785 0.13093276746231866 
0.5970178035727799 0.32168998698210804 0.17804267232317167 
0.3137897160231667 0.5833685512120288 0.15321355682182106 
1.1080026177856972E-4 0.5266078152906808 1.0061032540390453 
0.5529709143901013 0.36660502902193715 0.1791026321545973 
0.5039417796606859 0.535335275762623 0.039483288799930294 
0.9537420377449728 0.023138356535266975 0.07967731918765812 
0.002390108818895704 0.16681983064440925 0.8948608353978312 
0.4903553270395844 0.4563804609933151 0.13083146719820452 
0.7137988184961578 0.3460928090152163 3.151493347430585E-4 
0.37901485113261363 0.5255284351208659 0.1544747445880276 
0.29197164566913686 0.5972202854894882 0.15185309375782818 
0.0037736154195400096 0.8475890904624859 0.17671209641894497 
0.8132743168094947 0.0670471048989636 0.17294354361302888 
