0.0 0.5161324963204645 0.0 
0.5067649205198972 0.0 0.0 
0.0 0.0 0.5055023274434962 
0.0 0.4959413066331565 0.008897890019882717 
0.32979794824054975 0.09609871970558292 0.0864250915394458 
0.03612833780689661 0.04854662170017427 0.4245793520194478 
0.008624114955649149 0.1064585319591203 0.40783700610644447 
0.004657949290920635 0.07508837811141333 0.4513129009686992 
0.4862360800873294 0.00494385428898488 0.013083430572672273 
0.3969866508504488 0.1088560227806312 0.019551259534149712 
0.11459341000566753 0.23936787681563054 0.16269839147084325 
0.07779133554514307 0.41670490525850157 0.026824948188695692 
0.4477321003129797 0.08466619609084569 0.0028101031435341685 
0.06125473807633784 0.4347392728954581 0.03136496302553083 
0.0017422159245087747 0.21763386789282463 0.30045029498160386 
0.01514767855910482 0.1869872595952148 0.3213486941387558 
0.24053802735355675 0.035952442110835224 0.24157174054491445 
0.18198643051092345 0.262588569514151 0.06278407168724623 
0.3487236980185265 0.05945922883510683 0.10302843495471645 
0.007471520035323165 0.03376579355165279 0.48093540203235263 
0.2166200586605228 0.01967276546338797 0.27352421280794764 
0.0048534055176931885 0.3982277393658722 0.10815511900242882 
0.46263838686825903 0.011049460343001952 0.053840289585789354 
0.3093630002300197 0.06095729509111983 0.14798130970220133 
0.034058697173955675 0.45577286783311294 0.03904045856855264 
0.380128450350491 0.05379940329495769 0.07413400250458362 
0.0846363498709394 0.30891010742457314 0.11698993679609673 
0.20457371148817544 0.026614507025001607 0.2753493567220777 
0.22491176480434186 0.02024924988593916 0.2664216793392184 
0.36186951587776117 0.06828882625346056 0.08387885469906373 
0.0755532375143884 0.26357452331333464 0.17675767316325783 
0.1851761689750761 0.24882621146784428 0.07850342959683308 
0.2766113086159541 0.06598334227286368 0.18032151698871135 
0.03188836383859568 0.4715058975230348 0.029825809681441422 
0.04846058863273151 0.36149334492161606 0.10692509969079542 
0.1658426508138887 0.27398373578853435 0.07508194985181048 
0.46317807360697066 7.46524452110131E-4 0.08325868397353374 
0.06795180055055995 0.1485749923110506 0.28717068445315747 
0.09047449124435926 0.43194692591744044 0.011015463016761515 
0.13115802897373474 0.16544391283990761 0.2350065336400948 
0.0977844196653004 0.32912191918394285 0.08997269439589974 
0.016935252876424636 0.37136090833130225 0.12129001625761032 
0.013166113022856543 0.28471632149305864 0.23366178884235558 
0.05199369627263599 0.27074638265840345 0.1885873314712004 
0.41208265517024684 0.04769882103386262 0.06386401028869756 
0.14877883129157862 0.27593903588516167 0.09351742941514384 
0.15893331202157704 0.3487181275818123 3.9876294864529235E-4 
0.296765282287143 0.08143156898674468 0.13191420465414272 
0.41641558818967905 0.11458411973382332 0.005907353160843411 
0.24734509098107174 0.06673493652081178 0.19981419547391302 
0.0311895158607287 0.1690417568770996 0.3339415241759723 
0.3190233569741679 0.07775229876921352 0.12481799606397977 
0.3771182872524067 0.009062948004952736 0.13469913969335642 
0.04490991392275645 0.10955287499876457 0.36131463578802997 
0.11155395075901418 1.8751523351294867E-4 0.39599632238288995 
0.03943809856280918 0.15528894272982677 0.3094349934562976 
0.4336740732351864 0.010357688877565727 0.08129226602151379 
0.2611170535956036 0.06345298144161182 0.2103408675595144 
0.12621040507296136 0.23415142493565078 0.1450696829497194 
0.12661364921683957 0.1785521043375682 0.2273821110753761 
0.01867040261674854 0.0035233138588219243 0.493560279307848 
0.2861292233951576 1.0012889456593736E-4 0.2500806735277973 
0.2948816840000736 0.05760218765844142 0.1538627670967352 
0.027184274814769805 0.13117504693952983 0.37042928632063704 
0.001548247278782379 0.19340372166036437 0.30960468199844593 
0.011163556749194217 0.013917412201018022 0.49603601854925766 
0.06375923265270322 0.2389314305833965 0.21731282567674556 
0.3703165892524663 0.07459944965310701 0.06283223411095465 
0.15177011147663103 0.2100608838792654 0.14458895518319742 
0.007557136157429616 0.048812081273150475 0.46423840685870155 
0.23298687379586958 0.023096312535724205 0.2574327496830249 
0.07149208866288922 0.08728290939258795 0.364186065061045 
0.13645921452762544 0.2990730322296927 0.06876136768604435 
0.03535620230930018 0.1402172364584763 0.3433734591911393 
0.194484641909426 0.24665335325727544 0.07530585212654457 
0.001513820777098877 0.12293458490155663 0.3878542194939444 
0.12520199665808696 0.16651705219021243 0.22835849358377372 
0.001115314362635008 0.5154577943390768 0.0 
0.4284729643363617 0.07726799895671914 0.04118699046874087 
0.4961857371465737 0.011431917476919263 0.0 
0.05820186447022065 0.37948266833626054 0.08371624811659417 
0.1560321404655136 0.33466718140908797 0.025927813537238116 
0.07723949465117326 0.14329830986142986 0.2951267842272689 
0.02384113704849185 0.3020785662043278 0.195609950250241 
0.06557003898723361 0.3937346925680175 0.06050689193577721 
0.01622253971495913 0.2002556519230766 0.30655572746826104 
0.09398954902611271 0.3827389953246969 0.04217422492708575 
0.03636157417078306 0.4657264335169135 0.029748414930517855 
0.14190704074644647 0.17887823349310975 0.20295951366576584 
0.031679735250948346 0.2936585200077416 0.19526097775158668 
0.28124947593063293 0.03233705609528839 0.19918994886543084 
0.048523122989238464 0.19847483947305317 0.2589495269860186 
0.004377185885854603 0.3899202933146681 0.12654214584816265 
0.09441074488017207 0.13690252585254342 0.27539485495758687 
0.14564703898630824 0.042439602945269106 0.33309989305366294 
0.10921573982205361 0.12720006454939206 0.281469783157353 
0.26349414743395055 0.06285435184853458 0.21149341915667805 
0.08662390907214453 0.3181329592644747 0.10692594443364473 
0.10186420702721513 0.33819046187064983 0.0678788939027122 
0.1060790360679727 0.12927111172726374 0.28129793921754626 
