0.0 0.0 0.5070704822685119 
0.5756707652446769 1.8496217830883733E-13 0.0 
0.0 0.0 0.5070704822685119 
6.029062813850033E-13 1.0747997159051466 0.0 
0.5756707652446769 1.8496217830883733E-13 0.0 
1.541245365730841E-9 0.5694071446272755 0.0 
2.150646264771212E-12 1.0718621211636972 0.003909097186035789 
1.6190450567624734E-4 0.5140765719797746 0.0 
0.07404399073816492 0.001368514794281893 0.43248171017543524 
0.4945579583218258 0.011628344109497648 0.00768638415553419 
0.542608900612071 7.831419632738849E-16 0.02094649130777324 
0.21407036227830703 0.013526569681339647 0.2869077593005176 
0.007629881053763995 0.3173850213534477 0.1869049123395408 
1.1235124470106969E-4 0.4734698660144528 0.04344553757747549 
0.05162332572748346 0.17759844184583143 0.32213131848061416 
0.012597014470683902 0.033462187748828746 0.46096849122962263 
0.5228782466453622 7.546649090517076E-16 0.05086017245609151 
0.31737361940141 0.0023652738145419367 0.21911957781864544 
0.29872765568645737 0.002964208235618519 0.20610398465079102 
0.4282870277671797 0.04345926075106007 0.042345581500822 
0.058959115333321425 0.14158871061484218 0.31366796821007076 
0.5466386774541602 1.6197233855086453E-4 0.0010873297021095389 
0.03019062466304556 0.25345128959108687 0.23966485198083268 
0.27856996904065573 0.002518430267258333 0.22703544511614315 
0.16638313029629798 0.019047728528035556 0.3389136594295713 
0.037457258949008275 0.09480782342731389 0.374111490957877 
2.352919234582973E-6 0.045376746122507326 0.4718180091557779 
0.023741533757698583 0.3710468233378156 0.11243095015093912 
0.2367098280844186 0.02631199825305998 0.24337884124713766 
0.1155645036725448 0.34391151975793977 0.055182704959886406 
0.17688007778179182 0.2831660780011047 0.07782508104158613 
0.29129978691842096 0.0028920072181463897 0.22234601131197923 
0.09590469060893453 0.00856593784754221 0.40303648999373504 
0.059494789033375135 0.19699951933428222 0.2571189896894339 
0.39808446432653116 5.554629374429173E-12 0.1720871905496597 
0.06906632168369418 0.40868215200279545 0.02920457500018575 
0.17729341434038393 0.16246253452695752 0.1674177719880942 
0.13499566291645826 0.23530900833125207 0.13722392311710366 
5.967813935693728E-10 0.2204785797476758 0.3894790298577477 
0.0013704757022095957 0.2147499509917676 0.30492904522139147 
0.06729681672463599 0.3564230757747534 0.08295905471625425 
0.4076911825712034 0.06179953104517653 0.036674812055139915 
0.16270568637046898 0.04835576885118579 0.2964644865177511 
0.01738897821986988 0.12660054455011494 0.36199695141229976 
0.0847796129179195 0.2986973379291208 0.13218224605647663 
0.17840322776602496 0.2727587030673227 0.1280581043190909 
0.09147265873778547 0.3530147759841641 0.10086881404789601 
0.36696829068859854 0.028995719748244643 0.11807060902308071 
0.3059073635870267 0.004797851644940274 0.19525800204906837 
0.003014028607002687 4.010293605336616E-4 0.5041009159916682 
0.24886316353709406 0.004133093853792918 0.26079111044208664 
0.3487573239410447 0.08931160929193958 0.07451444344166211 
0.454268210687077 0.010681027335602347 0.048923448564178344 
0.003968130409162945 0.0360671644540148 0.48618358455442773 
0.10423143458217017 0.29240842237127146 0.11827213645415424 
0.196549429812722 0.015640936001696183 0.3020254283438162 
0.39265980184161625 0.05224506126914716 0.0625829451932108 
0.14227326652364902 0.22776427617590478 0.13810724432819907 
0.18635829279157262 0.02808331057523254 0.29307437059239944 
0.04783893722674106 0.12806826755809042 0.33091246252310197 
0.2644278564724842 0.021042539701553106 0.2524210457408906 
0.2481679370282078 0.023805029844432796 0.23463654133081838 
0.12550927171528525 0.32829105703135714 0.054570368414510656 
0.47265998695398614 0.03761315722744129 1.3100445175760424E-7 
0.4412672388540641 0.010375340667966556 0.062451887786747706 
0.14824757523063584 1.452343884309571E-5 0.35974360705650965 
0.002176824143365898 0.08954595902035054 0.4157811200124039 
0.37992468088091996 0.026912323591312886 0.10574637220241352 
0.23128767174864903 5.21029168329405E-4 0.2750207905321889 
0.3988870497127697 0.06194809250254315 0.045314350878630325 
0.5069500666620994 5.228129923093551E-5 0.002752413189595966 
0.0024316510386073764 0.16719246625295664 0.34733685611707776 
0.015678496149890312 0.11414737112241014 0.37616060690998415 
0.1284557797962957 0.3824291321557595 0.003851433399041061 
0.3433590921381297 0.01479722548264596 0.15553294868396375 
0.0878071342562505 0.33886864399708744 0.10665824066127232 
0.062470623155662965 0.2237077767297744 0.22990688040327614 
5.343441079767758E-4 0.4190941412908023 0.08731535794634059 
0.30579354106814827 0.0030343214482442967 0.19893338404792701 
0.4716552746326238 0.03797467893271931 1.3083932287516829E-7 
0.09546273115095487 0.44104702242676613 0.0012693918776533761 
0.014528672701398564 0.08596967495307685 0.4077285332399154 
0.22530939558321203 0.02504475826356154 0.25604651373784265 
0.35335900450309954 0.08705358731543805 0.07491309397784815 
0.3625109430968122 1.584844206306744E-6 0.14944804620749888 
1.2038553273799985E-7 0.04002327989024239 0.4860391381812971 
0.4105148650911814 0.05500851410651656 0.041573423274252876 
0.1340774321868432 0.3219833038294441 0.05952483016171292 
0.017121917171250573 0.14007010065373027 0.34974879329699954 
0.14100086887027372 0.004400987949595995 0.3595559196026842 
0.326097074683569 0.03417918708827366 0.1466269467961783 
0.18303071102005303 0.021697988485384487 0.3188091269740652 
5.199569060653895E-6 0.09054740614068993 0.426640366533479 
0.029653490482101395 0.10556657275670649 0.3824696477469165 
0.22670384139911576 0.05953716710182012 0.2507839713829792 
0.3905911254348516 0.028248344007866088 0.09524750899524835 
0.38240233238107 0.016479812729281295 0.11310324895868488 
0.23195279136819152 0.0017286624662372773 0.2722256664372133 
0.059264872925994756 0.4016722071094839 0.05385275673557769 
0.44706500706798097 0.010511661280594654 0.05652913265272059 
