1.9381363500661154E-17 0.0 0.6188941843391245 
6.995200099550993E-16 0.5623240008392305 0.0 
6.694159052889217E-29 1.7054329428953582E-17 0.5445863136029789 
0.5218367211167969 0.0 0.0 
0.14409337499379624 0.24288107241300036 0.13589616657878503 
0.11395008145511137 0.3321510455063908 0.0932436340873518 
0.1795370905041819 0.27007009743333615 0.07833253655279317 
0.13113952855640726 0.2163528986471204 0.17610199220582862 
0.4425074975734436 0.09831974537299622 0.002222115121963447 
0.39057429284936496 0.043419768035185644 0.09071752665010313 
0.40955659202706973 0.030285927527190937 0.09896012887539818 
1.8619047010626523E-4 0.5273239801356248 0.0036530611360621637 
0.4593903157395803 0.052151451914656165 0.03174518858823556 
0.3675652617359218 0.03450717546879469 0.12109338053670533 
0.0058621979433981656 0.11860790776416151 0.4037787685962338 
0.10219361659787232 0.14390629769328156 0.28714767392126117 
0.38267742355552153 0.13548124588302496 0.01933344182214867 
0.06314479417542668 0.24776345480937884 0.20014373137816943 
0.11676808885744693 0.340365204662558 0.0715814900598369 
0.12041155996532064 0.17047722313962616 0.23018724308306926 
0.49341622629268567 0.024648212367938474 0.010150575648450103 
0.2007701217274802 0.2533138974061413 0.05870286003912219 
0.2693864742233826 0.01926568361947487 0.23963207144898427 
0.0557696372589408 0.3939549311254321 0.08095708962093195 
0.22316753179585336 0.3163400568598814 0.0028688311082105474 
0.42829737277611857 0.04761340650545772 0.04595225041209324 
0.025286698371610763 0.2090327693700887 0.2971369749079583 
0.30219025995814164 0.09560699773585604 0.1260205234414513 
0.07695807148319077 0.10913506144158074 0.35123159101374285 
0.0025534434659381204 0.03963086573492207 0.4981194834442642 
0.472310665124589 0.005453418470204277 0.05939764597927121 
1.4451126538477955E-16 0.11616844659343639 0.44993949268140326 
0.3491746533422426 0.17462085095994895 0.013806034903475643 
0.013512160291044165 0.5019751946598625 0.01266376152429909 
0.03887365028485919 0.4614453944185502 0.024854572513002503 
0.027757813632602334 0.4319861293019904 0.0637432291010262 
0.21258735719155386 0.2504334855805969 0.0741394006481359 
0.08570527610685734 0.00316723685075372 0.4333319787397974 
0.06804320291093399 0.08382799690224821 0.3847394695160689 
0.3182950672420453 0.07478809076441086 0.1299575132062257 
0.38780072138740407 0.07017370107446583 0.10884285642068833 
0.07398648815510178 0.22069814665486714 0.254134419761978 
0.030694668140464836 0.350555471432774 0.16792972211249427 
0.021636927865940313 0.18466308438766083 0.3269272848886564 
5.920991066582412E-5 0.003034305294065153 0.5198112717229711 
0.004228119014136782 0.048215607860884635 0.48746974076560734 
0.04882192386442789 0.06014772831646648 0.41626119154376073 
0.48160193549730423 5.884697024947197E-5 0.041114125821238086 
0.13323228124009837 0.16810065228257018 0.24301720248847125 
0.05952212216230946 0.15723915282792464 0.31015608044279747 
0.33865735093423294 0.0815182122672144 0.10192654531105326 
0.06431243553125736 0.07915650218747482 0.39789225931777245 
0.25877899140034166 0.013307382425692649 0.2684733718634936 
0.10154645916193115 0.3828678928925734 0.048238162747274126 
0.25147829543896655 0.011311751493288124 0.2760400391252628 
0.30780781446638106 0.054190721834397895 0.17216780329447512 
0.0012503167045848549 0.41486298182995457 0.11357521925483305 
0.2590212500284479 0.06101504921854276 0.2033381942008346 
0.32668669848015497 4.1456602156791087E-4 0.2214380940820761 
0.19377436690007507 0.2267285817746944 0.11538719782135079 
0.08610230367341376 0.10872144530218233 0.3414519046182797 
0.13988826875196037 0.3695418118517878 0.03326393304525461 
0.23507748268928338 0.011743107355388832 0.28147197191670165 
0.061475250544892925 0.1885572541414309 0.2920032464669227 
0.04471979971117688 0.06347911337104041 0.4133169885554636 
0.5011010779519035 4.269744400202172E-4 0.03956204563693818 
0.02158091257118494 0.033076802425811805 0.46941089533764097 
0.35567243640355783 0.1344273436780137 0.050064203386339795 
0.16674738333431935 0.1979485616834469 0.16659403014103294 
0.013181915165685888 0.48970662638384327 0.025262574925676587 
0.01994241119259939 0.4327293701996904 0.05727596592879206 
0.22026971473841045 0.2858189477775745 0.018883087924021037 
0.4227073076563912 0.017119852753211845 0.09895667322282445 
0.06851264504893691 0.40112269510887494 0.06104631784749302 
0.0026461034072525016 0.448099855515828 0.07629616490463359 
0.16674738333431935 0.1979485616834469 0.16659403014103294 
0.32019523148091694 0.0026361099823942642 0.2164799493883956 
0.09264042477638612 0.15320818529733085 0.28685445390250797 
0.035341507923809676 0.4863242001806551 4.936468378102093E-4 
0.0408513463266448 0.4514566876861798 0.05028977882717051 
0.09350437053500642 0.27891905394867567 0.17581920704447937 
0.040600258137138696 0.058306497752175994 0.4291616180335701 
0.19377436690007507 0.2267285817746944 0.11538719782135079 
0.05781062751864582 0.005120321463690508 0.46453500384256474 
0.28394800671735027 0.08808632535386597 0.15234988687928544 
0.2777384795435546 0.08787093994544648 0.1577530473679899 
0.01941902169836475 3.0375585264784936E-4 0.5126250104672262 
0.41653882566466943 0.09787190159947082 0.008012954465614938 
0.05708973214040968 0.47193289675587746 0.01806056547461327 
0.11445403658829882 0.03462300269881086 0.3732949256255944 
0.1565305835138567 0.21252405463708532 0.1625579544662941 
0.226590901958493 0.30459050366442153 0.0031840784060386384 
0.03209356530053832 0.13544296519764473 0.35775127110586286 
0.24378390019669932 0.29660625598747303 0.0019862635797730627 
0.23999426017900718 0.29180031778598015 0.0047954051359779945 
0.29214858307432034 0.0899850293885621 0.14246020229961442 
0.5084630866866419 0.0028846504722953685 0.03173314747047231 
0.29131038548899624 0.09037028184067154 0.14281257625366672 
0.029167440363092892 0.3623069407344412 0.17294002278840326 
0.3401793148816215 0.06131563372587052 0.11877451557462905 
