0.0 0.5001896502448906 0.0027116505656410352 
2.5553376243289246E-17 0.0 0.5084331559411677 
0.0 0.5019351250311939 0.0 
0.5044899818097743 0.0 0.0 
1.0438692823051107E-17 1.539470012472087E-17 0.5140046223267021 
9.219798166235131E-5 0.014068343826024126 0.48875030237849043 
0.3200874478317095 0.0 0.18439541918841854 
0.015524193297934552 0.04803309860967983 0.448249022212774 
0.3351311969556627 0.04120928123193193 0.13031968510540945 
0.13331483281535217 0.32445423950854513 0.04570199627269712 
0.4549236855747692 0.007218404992443686 0.0478242079458737 
0.05294556971251902 0.1054942498902956 0.3452719366362186 
0.48397699092619373 2.781308643436872E-4 0.020242258772580245 
0.01711570728326261 0.44580943325707656 0.04720440766144796 
0.0885068478874654 0.2087798031318099 0.21549325878567438 
0.0874678964493636 0.3758280994601068 0.04205631710070586 
0.44339466566790636 0.02762729520503834 0.03960354114774446 
0.19253010540739748 0.15663612027544258 0.16030214844732152 
0.12520739513788592 0.3030344778030392 0.07679552548528572 
0.2275168123318169 0.27504607478930926 0.0012617504060016618 
0.2743297490270369 0.16879734554994208 0.06334192710108935 
0.3926870484020492 0.09567826971756686 0.0134691410240853 
0.04884648423058568 0.09732680641011883 0.35753846559832864 
0.1448595221056296 0.3508061169306108 0.009137590091573918 
0.2175259127143309 0.2289694778817807 0.057941908381610355 
0.29961760069198334 0.17645227394824264 0.037503996974088134 
0.022155068175197197 0.42000800968417124 0.07283969607057117 
0.24052663415520834 0.2366148188626487 0.03745457304860314 
0.0261964887114037 0.2484143710863214 0.23733827294243817 
0.18591236597363942 0.12214329567714045 0.198279077282054 
0.12543100165709434 0.3559163142041151 0.024907828566992685 
0.17104661943119537 0.010779312828714405 0.3265542795416965 
0.30359874687961436 0.1990284162552019 0.0 
0.24825369290159835 0.10058869942540828 0.15525736713086957 
0.057598033042359165 0.06157283236980125 0.3871550857802714 
0.06475972491444087 0.06808599411653926 0.3818564178969109 
0.10144553406680641 0.1234229709248154 0.28952951273000677 
0.025945078570653077 0.46312224935337865 0.024844232942088238 
0.3456054371884732 0.021955196742608724 0.14313809433454155 
0.1418257206612329 0.08482038187384665 0.27883371672914065 
0.0885241461279321 0.16045112174919823 0.2623276896812264 
0.16089395779510052 0.4037165849089573 0.0 
0.0 0.4773366861349842 0.025538072743473014 
0.1867621850296342 0.29173328339372806 0.036167016318727284 
0.04345584361762564 0.41208026698626854 0.05090752746309433 
0.015719472653441934 0.046883690573112674 0.4415198612382648 
0.12498409592718181 0.15688192416690738 0.22481820658428814 
0.36572108507887535 0.0519338682171733 0.09268651217933441 
0.1468087600367171 0.3330482693664399 0.03482001353553633 
0.09715137926420177 0.11840474863078843 0.30119698831784075 
0.14108739803472933 0.0906566130549919 0.27553312831348437 
0.17592832094227406 0.2697942314268736 0.05885783291364536 
0.19893837935240266 0.0013932555979989279 0.31229041437288374 
0.09789609812207732 1.340399618972998E-4 0.4120567070790186 
0.3534631180513507 0.15226951133832842 0.008643365773417098 
0.4104077139502471 0.06569447318926919 0.036171999452171255 
0.4933251405537926 0.0054269279789598 0.005797766906141562 
0.11031629728464039 0.26022635964396684 0.14348453846417786 
0.009605811323468137 0.13646434358032553 0.3693446475953649 
0.3645928866762439 0.004191647493660538 0.13807057417928637 
0.2642583993887119 0.14962517082210092 0.09905400452484801 
0.006448429399426577 0.45350112541197785 0.04895239802515535 
0.01489578741218554 0.07248747454927319 0.42804007215657786 
0.3181116509142761 0.13155274207905598 0.055229997749761055 
0.05742538702812041 0.03258497443628503 0.4178402558254008 
0.0449053577727554 0.08947409688882918 0.36933230157744856 
0.25484079124433684 0.18446095992212647 0.069200028339535 
0.3500745588299559 0.04304678608860378 0.11193059281571979 
0.11260649585156474 0.11222436437997887 0.2851396440753451 
0.023733144947919643 0.05744038663208707 0.42386418559540895 
0.025659282993976316 0.24332019140793545 0.24449274447830546 
0.16590508163874507 0.33277522927208913 0.003830505662841145 
0.2296193270555955 0.22884011116144343 0.051751994964567186 
0.07584532338447407 0.3882323202371413 0.04339154502156784 
0.2899634899195705 0.18619848444994722 0.0321769314872019 
0.2822658273165122 0.029466822281089346 0.19972695309570743 
0.3738014297791539 0.01567951883772925 0.11568194961907212 
0.11852121642000138 0.0045221831551409564 0.39665036468444503 
0.19257651764549372 0.29532501242979325 0.016678855207506046 
0.13007037531053936 0.07431874547927786 0.3079583593907573 
0.1540737006081124 0.11355281404297927 0.24633891559216517 
0.2568376125006282 0.13365771632463833 0.12130727450344787 
0.14941768749849868 0.009416263244754095 0.34947220458460015 
0.3790670430313789 0.036946410399244824 0.09011470272652426 
0.018397338404526804 0.4835377866266671 0.0 
0.011385809031446086 0.49197664310700956 0.0 
0.09343809553612002 0.22041217890672574 0.20012162122949206 
0.1081202102049542 0.07074542857435585 0.3294674001593027 
0.03528898279270242 0.41962729405347265 0.050838259180494706 
0.0021889668342389584 0.0014322890838792527 0.5047117830204945 
0.00922801655903322 0.3962276215702351 0.10660146661516565 
0.08616742455381372 0.21604735387616195 0.20208340486268572 
0.28857486031937385 0.11821208369822143 0.09797268524894223 
0.12408400696199083 0.1309097984444118 0.25452664330271896 
0.2668290009934076 0.21131825534561008 0.0358734721450699 
0.06850717138050444 0.1864871354948464 0.2545271438529495 
0.4261160802473168 2.448794796693214E-4 0.07832788607419568 
0.2068620980047961 0.1426034898743967 0.15683903368801744 
0.029775478091831124 0.3940512283185302 0.08495084027077665 
0.024553811883418167 0.22457498260743888 0.2615387034351631 
