0.0 0.5740386478383925 0.0 
2.610212342220476E-15 0.0 3.685155385125424 
8.429952075653143E-16 4.2336179027189524E-20 3.7056841235282176 
75.49412614981313 3.486717190340073E-12 4.777473073302534E-13 
0.5135650744049872 1.1512281196153328E-11 0.0 
0.0 0.5740386478383925 0.0 
22.76096802960769 0.0 8.546229710155962E-12 
1.949813343295227E-24 3.0597169516848177E-16 2.626903427377868 
5.034067175117582E-24 7.899638560066611E-16 1.7572594693990515 
1.949813343295227E-24 3.0597169516848177E-16 2.626903427377868 
2.501556041439129E-23 3.925531360168741E-15 1.2171810442210673 
1.8545325891869877 0.0 1.2661625062052572E-9 
13.914357661530937 0.0 2.6181338613547885E-11 
0.0 6.131371083050541E-7 1.7381329158095307 
14.557563456711486 0.0 1.3865501735127106E-11 
8.152108846042035E-5 0.00477950727101149 1.0236935294055656 
22.76096802960769 0.0 8.546229710155962E-12 
7.882200049128606E-5 0.5255247909330867 0.0 
0.0 0.5687027127283203 0.0024494172238030856 
1.373465014609585E-10 0.021552905062413887 0.8108670386656981 
2.284790443756405E-4 0.005801902227429489 0.5575952759855883 
9.969964624169269E-11 0.015645225668993578 0.8154253248616148 
0.0078061926854130215 0.04475249935912212 0.46138035938474403 
0.06095418182814844 0.24121293828860918 0.2228088619884 
0.01057110468327648 0.5162290080439002 0.0 
0.052411051204109854 0.2531911092340837 0.2180250261903673 
0.24055778049008608 0.08119702974814047 0.25189037647781604 
0.2661062457436317 0.14696968936846008 0.10099633075981997 
3.9860271808589827E-4 0.30079503569524996 0.22393449817501238 
1.3762603473417443E-4 0.19818284470336212 0.3126681323779615 
0.029821743770974695 0.45199741203010474 0.04364307865357461 
0.30214179966705507 0.09603817313062135 0.18171575532167378 
4.4394963677494807E-5 0.3830283387727773 0.14125236498338037 
0.2558303476147811 0.031054372360319354 0.23726811187725277 
0.01700226852385948 0.501046355316669 1.2243859314282686E-5 
3.653740295038282E-4 0.2757198816266914 0.24904288093215302 
0.0075442131843620934 0.3106485577324667 0.1939017905145573 
0.1245140990120759 0.46628264515628415 4.053912058185488E-10 
0.4561028558117581 0.06857619383384589 0.0 
0.06018087015655662 0.29072611442710566 0.17272020204489855 
0.38587000528455784 0.13054032522486836 0.010904396111204596 
0.09352084734057477 0.41187663545809794 0.031477421490224526 
0.004072910571894877 0.44178968397919477 0.07574418607847871 
8.746224903475848E-4 0.4886176330132346 0.03365295399970147 
0.051962293572636715 0.22877474827414007 0.24625880939708383 
0.023097778989401678 0.10466324132443541 0.44783970697505654 
0.4686821552465099 0.0532982363054906 0.008808121776338737 
0.21985040079683776 0.08724703516572152 0.22170083934015122 
0.0068191536611169 0.17302447611295518 0.40085810791103504 
0.1040490458068623 0.4782405814795147 3.975520829997703E-10 
0.006329949123579143 0.37111915987196475 0.147109176933611 
0.04130862340467788 0.4067273746827343 0.07809280044677415 
0.08938284384835829 0.39365238916057177 0.03912700034973898 
0.0646868906882887 0.2848885532218529 0.1711394459238976 
0.30276070270796235 0.12263600318652813 0.09912284897150772 
0.04778996300167938 0.4599377959362303 0.002305235792970073 
0.04246651722114833 0.18549626194785399 0.2987627881991776 
0.013037929723646558 0.15205795761151897 0.3679864841707559 
0.12791911471323977 0.16720766814692967 0.23027702043328616 
0.1673131306678983 0.3392848228660556 0.007344175241703073 
0.6894119762839531 0.0 0.3439159673032942 
0.08602580716046004 0.378867611055583 0.0748687939550586 
0.08930118198393505 0.39785960379219387 0.037324193300793035 
0.34686155723252177 0.1173437164563921 0.06646281583214378 
0.016841434549846466 0.3648490466738054 0.15396434241509033 
6.581378124063646E-4 0.027914382556125966 0.48197480248386215 
0.014105084598453074 0.16051892272901072 0.3625226486740328 
0.07727774310301538 0.4231491770676442 0.062288085424300275 
0.021316110113128905 0.49765749432648737 0.006753399356689016 
0.07156367544154896 0.3152653669655762 0.14263744785828109 
0.42240910719803265 0.059894795470418614 0.028066774135354626 
0.018489311539742707 0.2670961562773613 0.23317647983190018 
9.741719287909586E-6 0.22025738055769806 0.3134697864146313 
0.08176595069698506 0.35236874793461725 0.08895813373327702 
0.04728908607464901 0.20656152827642943 0.2728749530171014 
0.49550839197702556 0.013765807839253493 0.014498476951995387 
0.0059375527461406775 0.34811331715684596 0.17050741602616826 
0.018861319653062182 0.2632484959752743 0.2303386591658435 
0.0031586416541965986 0.18375837761702685 0.3282592529682576 
0.01366313687659992 0.10503222480226686 0.41606192454464114 
0.1581441782060335 0.330737150119202 0.028647647252616384 
0.08056461538352214 0.43152486668762 0.060827801769903045 
0.03540582877893496 0.33528108094518666 0.15604469361880052 
0.14823642681622765 0.3224027122187334 0.054580737852344755 
0.1241203629997326 0.21671312852546384 0.1876459359596324 
3.909049270104097E-4 0.0023764049025649697 0.5280086931912628 
0.4205875050944714 0.06323637290566725 0.04212767707116321 
0.011612748268886652 0.02334993927732568 0.4975456899412601 
0.09875022804674417 0.2054137137371383 0.2195830811127872 
0.15990498987210283 0.3242622736636426 0.03709484232260973 
0.31242040820498973 0.1089595848004685 0.10289069895612273 
5.3932807795990666E-5 0.006162046410071936 0.5543743690491522 
0.10438961964681544 0.21215034837110178 0.2136447358815657 
0.3853289895455933 0.13035729889592598 0.011628438179111512 
0.4661147267500042 1.6976906728999013E-4 0.11353062963782408 
0.4208181924144877 0.11168002272064727 0.0 
1.039090851435235E-6 0.023493535620826154 0.5306428696529216 
0.0012644344426047855 0.1785791953314673 0.40085810791103504 
0.09882820797247127 0.4352508659360108 6.67277545180741E-4 
0.01080493254996125 0.42392675810734204 0.08688300159029243 
