0.0 0.5129582062192934 0.0 
0.0 0.0 0.5110528876014815 
0.5126573394514384 0.0 0.0 
0.061939775817788804 0.035623901646343444 0.4133570576350302 
0.0715939562848876 0.32503245033162337 0.12060295709913195 
0.19593708480893557 0.026697750481803572 0.2901797794043722 
0.37370180400147157 0.12517076698646076 0.014460560902759169 
0.022536568157692418 0.40023816707544235 0.09407344618273913 
0.3434151860613266 0.1406406892154574 0.02828110483666362 
0.31276985096475407 0.1554879861130632 0.0739909258468953 
0.16437133969452752 5.365456163489845E-4 0.3444719521821522 
0.10954928855215387 0.23622245204616393 0.16902801916414492 
0.17106578642774742 0.07088248447275554 0.27205746393068764 
0.22155570060226482 0.06470243349901832 0.22435267626204866 
0.15485956522374295 0.0019638665021635754 0.36735158539304824 
0.0454791044638996 0.01710384184678904 0.44867818959259576 
0.08191161403477462 0.26564363267737445 0.16540561454204747 
0.38801684112100254 0.11045898161056993 0.011305275114001218 
0.14626357701139345 0.30345192100227125 0.06724520452303002 
0.3329214560054484 0.13634313486316932 0.04357896730250956 
0.25044706575299003 0.050227397558627596 0.2154596696130324 
4.0458191792784256E-4 0.472837664770577 0.06914749328801795 
0.09971468749681678 0.19047278804522486 0.2469842375429742 
0.07496187774812847 0.42760580274247384 0.012808035325998996 
0.07948944283158471 0.2256468136702297 0.20990211239705311 
0.018220963661896187 0.17161762417048532 0.31904302683689456 
9.408095173577067E-6 0.14702447087654824 0.39300981316222905 
0.30066060649675513 0.16327112463097893 0.07830863790033411 
0.029562868061778658 0.012249612152832282 0.4701993674826021 
0.36194231588310327 0.1243319628058972 0.026023770694962613 
0.31867156385512624 0.15842191804131953 0.06117365508682639 
0.21243978642314557 0.01393199162441873 0.2841154696731165 
0.25829296374111493 0.05202668059352886 0.20541543941234888 
0.003978057794383729 0.4555473046371188 0.05034508484827808 
0.4311288553549048 0.028448391895915994 0.055284166901013634 
0.09603644536094956 0.2600401857507576 0.1587209535198357 
0.32634225969561453 0.001065255714253532 0.18204789997714826 
0.4741371941172518 0.005568192715632788 0.03667102836423224 
0.17105253927133673 0.33396596227920067 0.005300512865300918 
0.16274591979754044 0.349988668096696 0.0 
0.048761482804187656 0.3784723148407681 0.10143750276879598 
0.1280751666695681 0.27902786640101535 0.11222925558124647 
0.5045322533612372 0.006402338163130346 0.004385288053578857 
0.001624492162118057 0.019581614948398347 0.4883670998999773 
0.24089881350128284 0.21860660041837443 0.05527552581642371 
0.0771602139630184 0.41880235115518716 0.014391997683867364 
0.08736627576190885 0.1468282833637657 0.2789948675052806 
0.13488807403662365 0.03939229104212038 0.33634996323291194 
0.032935393759647 0.2911914061029419 0.1869418026699823 
0.2823035551372597 0.09506627742626717 0.13343537760787824 
0.014725633901670903 0.49630752600356814 0.0016442126857466731 
0.019398022565445087 0.3557546793257943 0.13819713448884383 
0.29337992251643763 0.08835363257028063 0.13168628025794524 
0.0029620721702534073 0.10312088612251613 0.4027056916168384 
0.46459447607005055 0.030894326453626393 0.024626119644813465 
1.163441849957303E-4 0.21420994221376918 0.2983167122078952 
0.11875215693868497 0.24818389787396125 0.14384852682982943 
0.0010688463623641283 0.38241466042706346 0.12618621833812033 
0.03467341293807559 0.4627200716127066 0.01754816142361565 
0.3994347647856104 0.11307307865199771 1.648713998168795E-4 
0.26882562514030667 0.05924379875388723 0.18216167333060598 
2.474947706191354E-4 0.40642343306324097 0.1065160762705601 
0.05194175094740091 0.029473389633250337 0.433601333382574 
0.26230916201362897 0.01753379711880732 0.2652876772196391 
0.27622037685746526 0.05563771119445316 0.18426534210432677 
0.0 0.4432764131950874 0.06968179302420603 
0.1101928431418946 0.20201509455180017 0.19724762054389736 
0.4127017426444514 0.09349010491478953 0.0053128279301856455 
0.01442985818273656 0.39224106965112354 0.1065160762705601 
0.452987445034434 0.04250135748924294 0.024626119644813465 
0.00853408831491893 0.0034950116102944917 0.498481450628908 
0.140114252160628 0.3677963798925755 0.009161906278782344 
0.14054554113278372 3.7100434406774324E-4 0.3761478798025491 
0.0014937906387736787 0.1727923725802285 0.3343511314009709 
0.08582587928179858 0.20001921893251795 0.2548013158751348 
0.19807324183277353 0.04563231139600262 0.26607554461679755 
0.028111631625195914 0.04257755232063778 0.43924881243705793 
0.0023305976109748313 0.05018114462172588 0.45745601129129765 
0.0024632305181665733 0.2849311238122666 0.22401281693847355 
0.33530702920712335 0.1666919447004017 0.04024978901718754 
0.026030522894545903 0.24517344845044806 0.23674477459730492 
0.008969616336296426 0.2787098672809325 0.25386785584932325 
0.006371144617930056 0.2073685231296388 0.2975002087808772 
0.2816050579185004 0.1831847052931307 0.07838886726146418 
0.16847234692763766 0.06980787195708921 0.27313204132602564 
0.48022404254391726 0.031241517856138733 1.645361021904978E-4 
0.45486478260064467 0.0053418605426860015 0.056169772053786184 
0.42653461399273623 0.07501179863004097 0.010515593513571344 
0.0016094837539256345 0.18617502965372273 0.32567931827665325 
0.025391359736865095 0.4650939756291038 0.020135287247663985 
0.0053621141677943455 0.5015625208927705 0.002956128885004038 
0.20741544235542386 0.2934135979114847 0.011963163037770484 
0.09914484876213384 0.2589879553534229 0.15303793743838853 
0.10851018609307563 0.3966522586187574 0.009220043592221354 
0.053673903764132704 0.4469980769341936 0.017663827553974727 
0.14907831027207677 0.0018905509602812213 0.3731987585710366 
0.003047263319339072 0.10608671081501764 0.399420219906132 
0.4939476372922502 0.0 0.019258555610631303 
0.48898352202385914 0.02375083682403981 0.0 
0.09896998054014787 0.21659495146698315 0.1969449036431785 
