0.0 0.5038669055795637 0.0 
0.0 0.5038669055795637 0.0 
0.0 0.0 0.5035011949389485 
0.0 0.0 0.5035011949389485 
0.503542608817142 0.0 0.0 
0.48334534257476797 0.007351930380029478 0.013104877493775592 
0.30039549477209543 0.07747499722151671 0.12575611019854052 
0.0016028232849257485 0.48448522338531813 0.017721887869700588 
0.11007701074721132 0.3927385247008236 0.001563415839318821 
0.009375227697473612 0.030638377189655668 0.46475252075009404 
0.3826284624083289 0.0992816319137564 0.021930798877539504 
0.005546723187606771 0.021142781095788755 0.47695612422710026 
0.0117088119850556 0.4302374652503469 0.06276455950711392 
0.011928412680628322 0.41162544707259374 0.08094308168609159 
0.04879752284036568 0.44424601040528044 0.010433590838926006 
0.2287674808716518 0.22294582428853718 0.05527574030297925 
0.43797105090909255 0.028892151184378448 0.036920448712084566 
0.3267924676311213 0.08479371680645496 0.09276129867468956 
0.01677024561988243 0.1314176622402793 0.3568048236605415 
0.012797221032703998 0.04364155505418406 0.44786758417483075 
0.023313151559214533 0.462876303053977 0.017504324655218458 
0.2820479048812758 0.174538962255776 0.06438942623131706 
0.28771377405006676 0.165675089180354 0.0675475612652115 
0.46275372309339174 0.0030992945240715564 0.039028351400598287 
0.0033474489702732847 0.010316602892091888 0.4905453175254879 
0.03444961312898947 0.3065869705224803 0.16245019972406943 
0.15808118203466198 0.3426691647579113 0.0028175905264866195 
0.2302754072990244 0.06365284937136878 0.21356578353013536 
0.14620751555636977 0.09545417162184867 0.2633062907612999 
0.019525198011694295 0.3009849186834314 0.1829975182046985 
0.24581763580798377 0.06794904036188787 0.193513798509789 
0.2007378075311236 0.08126205859974214 0.22127314858909647 
0.12458925354323304 0.0813403055561029 0.2977665802197178 
0.08651344163047991 0.32446829863660287 0.0926250719781887 
0.022785873304495958 0.08685429487985627 0.39404261198740204 
0.0526390016271851 0.05209067049854128 0.40408783095893075 
0.06202161159674226 0.20240470050012974 0.24011451162855763 
0.23753362364305328 0.21414897641184863 0.05302176900922164 
0.40463553511549427 0.011451524076427085 0.08750158503044181 
0.03772097277807621 0.1583806187142721 0.3079745499881319 
0.06409731840875108 0.281379664741616 0.16364818758777747 
0.1311669730230163 0.13542997557037065 0.23768444582382903 
0.2315149080001148 0.036188784201193355 0.2366205691174474 
0.35004821436434713 0.09675867529746969 0.06058930630826062 
0.42204671281229755 0.035293638647002315 0.04677387339128226 
0.052102698285596695 0.1404084978560162 0.3112012347077879 
0.0954934246533999 0.2919431005369794 0.11722845953435446 
0.24354877008147272 0.18679352056774026 0.07305163457728951 
0.44965128220232176 0.016201735415141517 0.039028351400598287 
0.03945490251177344 0.3833371765356123 0.08079750190567045 
0.0698965385509156 5.93956496695931E-4 0.43318550451739996 
0.20251152657947383 0.1958021939563739 0.10541869667975948 
0.2940247901944679 0.1902277336478477 0.01942372945724044 
0.07291381260080365 0.011825887286594507 0.41906880086785536 
0.14265103095613776 0.1157686078048484 0.24974315857232476 
0.35816434835008537 0.09117968275458409 0.054215265105673115 
0.34272451558759454 0.1383719462987184 0.024645643479545 
0.07762678105286566 0.2731606325272641 0.15357421310640337 
0.07699310034062647 0.0577390916855366 0.3810090031983315 
0.20778113237933293 0.1149537009598714 0.18096349737722414 
0.05582483289323506 0.04846729298237211 0.3995898765445786 
0.1831317348851063 0.18266367929123395 0.13803932990224993 
0.25427682483612674 0.24812674285294573 0.0014850868056489777 
0.42369116399659157 0.04171273525678854 0.038990725049214865 
0.03215942168786932 0.12457203606806437 0.34700713527255683 
0.4532072800537524 0.045319697759564105 0.005819733890190232 
0.08808181771543397 0.3202033362023451 0.09456257928773414 
4.1877441016169184E-4 0.21710307697354816 0.2864479586453932 
0.18603084556829969 0.1797525098424081 0.13803477931505598 
0.1792582070449646 0.04651260707930731 0.27825354086950943 
0.12239137753733496 0.26638596326328656 0.1153597108153274 
0.14835962990528512 0.11125867429205843 0.24521318381188353 
0.03667939371195216 0.367794554291798 0.09994056387092283 
0.40761845572914485 0.00836038055214205 0.08747882614859742 
0.15895465294700728 0.10679377547845509 0.23899100565137685 
0.02762437814610815 0.15437828518006896 0.3218079682307004 
0.09691640121448547 0.3754132628644843 0.03154255939725032 
0.3687712887059377 0.10062027744627225 0.03841770398305167 
0.19362426069417113 0.18540313606169104 0.12486889691210878 
0.08838154860398033 0.36299600650048375 0.0672479090904905 
0.20168709839270976 0.23708945591639768 0.06554152486232066 
0.14592345919547806 0.026697639960132944 0.3310261146440736 
0.2123355375990461 0.0 0.29115746828957567 
0.0 0.5030322603915691 2.706093943680329E-4 
0.10378602376778542 0.3523809328835894 0.047999977126874205 
0.15335641088372448 0.3473587367464351 0.0028173924700555203 
0.1446331469073977 0.11287876042619743 0.25060393353086924 
0.1809061452017493 0.04694020200642995 0.2761749175604152 
0.04094128462863635 0.45210224861700976 0.010433590838926006 
0.26630385273354695 0.19970805826974175 0.04932847283117256 
0.26930929515514596 0.14870671729450868 0.08526929798932832 
0.03326468552201448 0.27843746759957605 0.19237378021441023 
0.028825885724822694 0.2591989390651003 0.21575585668818195 
0.06554267665115003 5.569588911678849E-4 0.4378253111106155 
0.07928484172397283 0.27038009081944586 0.15464142771830017 
0.06797644047549867 0.06386432207822662 0.3727896852446231 
0.33058663629629764 0.09137919774040734 0.08531824917971394 
0.21738542888142298 0.2560065835437752 0.030191125277169387 
0.033330261923006026 0.14724829158544459 0.3229070961576067 
0.10099195861425819 0.37772131094986483 0.025539732973090368 
