1.01531960752218 0.0 0.0 
2.1607374962605617E-17 1.0159600237646167 0.0 
0.0 0.0 1.0033020353483408 
0.22255535982054347 0.34785329872069365 0.44423994191623084 
0.061666488366457384 0.7460690840257668 0.19806516955765585 
0.11733755079121994 0.39533681438254714 0.5007514550683967 
0.014105940655044006 0.1848909020229853 0.8209999930970312 
0.7233871373414079 0.23842186746577926 0.05400815566587714 
0.7175177621144134 0.11776848925090715 0.17645304959989883 
0.026572604750684004 0.06656819167369381 0.9203950253079693 
0.048549636355520655 0.13632041050263044 0.861845380726603 
0.43335814685378354 0.029571261794599877 0.549146976909519 
2.0477485838048313E-17 0.9628336174416252 0.05300166427541116 
0.8831173651797422 0.04559141453595659 0.08790915073169514 
0.6027325105285161 0.1663147454223405 0.2374678783110857 
0.031698428522377635 0.7791697045509213 0.21076427872908735 
0.45661704547324383 0.031158390097421843 0.5243009499872369 
0.7766915519566683 0.08946777170096298 0.14686696834186536 
0.17345077044336707 0.45209276169809126 0.3880172702565137 
0.23102094905324183 0.6564313014059678 0.16187133097958892 
0.1002090772365505 0.5879933563810872 0.3239317050041515 
0.5811104921012415 0.03631714701730554 0.40559538814537766 
7.871909870971334E-4 0.029154150984090663 0.973481387111582 
0.29970736988670016 0.014655749102200554 0.6970256575328476 
0.9436554274072452 0.017978401270218058 0.046169178557500454 
0.5131397007720893 0.006174598767631546 0.4941003273739566 
0.09773369198390534 0.28605510114871 0.630736882117817 
0.013218972705556532 0.8941287810353566 0.10256834992974694 
0.1006378554996273 0.9154898367050103 0.0 
0.8270449315633369 0.04071054069808332 0.14898020528790906 
0.5559798989408876 0.05868276962463998 0.3972296536228066 
0.24293271795023041 0.6733377573211732 0.10337118370772724 
0.803656867876847 0.06250514239974257 0.1468674238880573 
2.1579134298491107E-17 1.0146321722400997 0.0019700438491239806 
0.02302626516678623 0.29965689282380414 0.6889535368776323 
0.010672635105181698 0.8061523956310217 0.2204117877325969 
0.6806702650763081 0.08235701094338713 0.25946875147112003 
0.9718335579996543 0.009038692593153425 0.03687894927546947 
0.1605144907689583 0.4333962445051811 0.41967344583901867 
0.2725949323256152 0.6253799299028526 0.12312053238884241 
0.12500926323567974 0.009722708922373629 0.8779622382456214 
0.15339486536593008 0.2572225158602755 0.6028739871029608 
0.6251165206140309 0.13249434939580354 0.25788275000604893 
0.6532194802237005 0.20815147032791984 0.14441616287870235 
0.05368849565272929 0.15259966963331884 0.7996351610959481 
0.13625763804984067 0.2165329868152527 0.6618998343551861 
0.1251586061784133 0.42168772337146937 0.46654170745050144 
0.05752656430641761 0.004474180757317425 0.9527104023128437 
0.8598863247779046 0.12232953176645762 0.03150863285378625 
0.20379090568770017 0.5790588688320544 0.2664738069190441 
0.9112071275926346 0.01590618725260161 0.07963439000744739 
0.05664291547435586 0.16099706433132852 0.786915140688659 
0.01395654743795597 0.9440181946147929 0.05304797338644228 
0.8455827049855541 0.024128830883517485 0.13821671854345474 
0.1707627444074098 0.5628670025800281 0.27892966406326797 
0.4422648775266059 0.0036897749326073987 0.5765272403169143 
1.0027266681178855 0.008161053850451785 0.0047923957367933655 
0.7369118445607347 0.08754767305214405 0.19669963485942715 
0.02563672143034953 0.328206689850233 0.6547314885686965 
0.7612960176328487 0.00822382641859959 0.2376138049660399 
0.07581659363314182 0.18993145701637038 0.7688468660062385 
0.07878428143814843 0.8502771134141013 0.07877307465110457 
0.3227903373850482 0.615780341451612 0.07215100830299896 
0.39080789113029296 0.03039543847933039 0.5885488917362149 
0.11873787692030424 0.53553832960701 0.35786554566016404 
0.1587309811067845 0.47792903870489895 0.37742877993364354 
0.3611269819498198 0.6525448263907858 0.015216607668060359 
0.4860693816997826 0.0016266889393066703 0.5337172061500951 
0.12018982606994427 0.8637686977387319 0.031564536108301774 
0.10930679421264373 0.49300172367598044 0.40983323429885404 
0.45540015581000204 0.0015240507308321083 0.5650341508156548 
0.25887012068953724 0.031091504160758017 0.7318382588322324 
0.3250736220005434 0.613573123719942 0.0721568558139965 
0.9060712493430848 0.05255778392417525 0.05277235582010255 
0.14911470886518266 0.5058454763151593 0.3582396573754362 
0.16848979311795334 0.32126406421159753 0.5414173570671686 
0.1988114550009104 0.5004760130207198 0.31463100152632795 
0.6965834471847128 0.04353375787408994 0.2832358923782709 
0.26880187178647225 0.01834235857612294 0.7247273969125337 
0.07581659363314182 0.18993145701637038 0.7688468660062385 
0.15595943752080868 0.46958409462064965 0.3880172702565137 
0.1431847990162815 0.373205671297912 0.49833491906245325 
0.5575274830447083 0.05488946103702308 0.3995134240786201 
0.6680971266141968 0.041629101792655165 0.2981477912505873 
0.7711609341402718 0.06029055740740876 0.19516970440280249 
0.15778663851261746 0.4260309224224241 0.42957769400900747 
0.024312921731521137 0.06090736113966222 0.9295981499848734 
0.3736142361996886 0.6408501168425883 0.014829069265908896 
0.3372791785938132 0.04006993166520235 0.6428240884351138 
0.3295248342244243 0.0010545800698401422 0.6773307152960854 
0.19913666940711075 0.8160964700506025 0.0069811722849948115 
0.2883705665582271 0.7225198095663482 0.004792408319562711 
0.3096886758251292 0.01514383691799641 0.68510741780223 
0.14044902597903944 0.35726566680695354 0.5334532437326687 
0.15378084168588552 0.27868588458785915 0.5907973837723175 
0.3380689065408391 0.5704885977404047 0.09836839452791918 
4.425896846326159E-4 0.011761840944939006 0.9986148415803343 
0.26810060173693107 0.7127753970573157 0.03687909020078432 
0.13082565425852316 0.36733965960527987 0.5431599508852787 
0.1877881730497454 0.5337533268540909 0.2828804582572135 
