0.0 3.4028030008202695E-18 0.5648651166648584 
4.6291959133999965E-18 0.0 0.768446274749623 
4.616839064449013E-18 1.2484189057559774E-20 0.7684674132005238 
0.0 6.151648883724603 9.50353065322763E-12 
0.5230451932459186 0.0 0.0 
1.0260881177220644E-16 2.096420080910253 1.8619950744904787E-15 
0.0 6.151648883724603 9.50353065322763E-12 
0.002460349932600016 0.0 0.7667776763034405 
0.0 3.4028030008202695E-18 0.5648651166648584 
6.503653205302283E-17 1.3287737128406327 6.35826358491117E-13 
3.537430799067818E-7 0.6194996759231953 0.0 
0.16143286299385057 0.01964532902462053 0.33235272093697665 
5.0093981387911784E-17 1.023479628119121 0.0031693443399219328 
0.17864454904709437 1.8138819346557653E-4 0.3389411490913391 
0.26497255990105256 0.03490052434972908 0.21125985521410465 
0.1882846474692079 1.9022418728792487E-4 0.318118856717298 
0.2783969144108808 0.033879093027354736 0.20562195908963332 
0.3133706274395986 0.06679618302495269 0.14358981261667678 
0.08322981329399955 0.011254525228770748 0.4091142500161186 
0.0 1.0317519651209321 8.583445087230458E-4 
0.5029272715772027 2.4738276402864805E-5 0.009320591987484547 
0.04657545617226722 0.3002273629754619 0.15827911619730134 
8.835779485275588E-20 3.272615904463283E-18 0.5579214548459106 
0.05580873242170465 0.33096415954805153 0.11675280485868747 
6.503653205297954E-17 1.3287737128397483 1.5203773667307313E-12 
4.8635267679306284E-4 6.845454475974616E-6 0.5251594905964485 
0.42471667425360904 0.0492739206749865 0.03293985111876406 
0.0747428132848881 0.3093383570856513 0.1270820738601991 
0.33699755659249303 0.0012232067100228087 0.1741972677485821 
0.19505102974486327 0.009702914386339486 0.3111474812463042 
0.1058202786127855 0.010053303557818472 0.40205826896180935 
0.4933973434297683 0.00729871649358232 0.009504494418026792 
0.37422990468071077 0.04554134438280386 0.08902882464755364 
0.3297181971121772 0.02017579743533632 0.16358600470234114 
0.13598210339160915 0.0011951442768958803 0.3749593652312774 
0.47179776334184537 0.005832057822851169 0.03820938866196587 
0.2274171354444857 0.02451034296390378 0.26674251969010776 
0.1316000515141975 0.018615930835891387 0.36200862795310196 
0.12601352257365395 0.01805292247426536 0.36816254303691986 
0.2550312838764053 0.026007694029352085 0.24139475176199054 
0.1504310798900907 0.01615413272455861 0.3452088140033901 
0.0017900074438006552 0.1626690014274511 0.35133551460123813 
0.23346191735900432 0.02841079626650193 0.2563594113783191 
0.11328734795837365 0.016233408054380265 0.382086780528038 
0.5186440771036107 0.0021337967217605843 2.4243758625235005E-4 
0.024458419531602948 0.20989924903439786 0.2925764273677053 
0.03897990060091091 5.25608976341482E-4 0.47927221011737686 
0.21186180425965867 0.06113716247070528 0.25886443807335857 
0.4034048379277817 0.0 0.10935711504812205 
0.3597251506308164 0.020943735410816927 0.1436701363193752 
0.14654376320172863 0.019750700743177318 0.3426865854043711 
0.02032171211855422 0.003873728277527666 0.4912261907900703 
0.01912104796696387 0.3647624425026572 0.12701666692617794 
0.02798083923376327 0.11776873362948795 0.37801892354394373 
0.2920584757333172 0.03539996892536665 0.18102465466733378 
0.09357510357413511 4.7936882929900586E-4 0.4255102890538461 
0.25076300355553727 7.898534062426446E-4 0.2662580190813984 
0.43839102383558975 0.006485020316617722 0.06725902629980539 
0.3784613057631043 0.04828730809616343 0.07981889080740909 
0.2866915610043298 9.453066374931397E-4 0.2190335001012661 
0.08993384682965004 0.0044398314048717915 0.4246147421153417 
0.3257534527142107 0.007134438189364273 0.19623194029309177 
0.3191995224956862 0.020338885772480542 0.1748759077901864 
0.3540220469065374 0.09237687926925577 0.07528116262122278 
0.20301211194205693 0.027209696971895972 0.28308039677669333 
0.05965141632724963 9.340086532189008E-4 0.4511515927242475 
0.2969090307098351 0.014769893341639433 0.19996822484560142 
0.036972355498637414 0.2660804270718055 0.22438120103216647 
0.036731524549378246 0.39725755294868964 0.10114228703159353 
0.03516341296009826 0.4600079948318712 0.020145409366059196 
0.11904438244576146 9.45142988197783E-6 0.3911491796889147 
0.28693969119709434 0.03477952874446466 0.18676387938445865 
0.38864470162235365 0.11430306854330374 0.01591921918268545 
0.002096243586576614 0.5158796055476914 0.08735196669623464 
0.44278794870323007 0.06343459294859559 0.0060322537781632825 
0.3460989975875847 0.017086127780062896 0.1480458366489142 
0.3020698211904193 0.04478649359239721 0.1583035313443952 
0.4647633420728916 0.013317668132622125 0.030125362612129156 
0.21949704110057375 0.010654676578873848 0.27715432718800237 
0.1983385937337724 0.026418241682764947 0.2901083095781761 
0.4850037087376941 0.0071745513338303665 0.01802229426985299 
0.3854292279945874 0.08220161543023159 0.05722946516281857 
1.321246861848039E-4 0.3558268373028201 0.23438553515568494 
1.9785237563095802E-4 0.010364974370413291 0.5050497643550109 
9.482415656254545E-5 4.160046904935099E-4 0.523902865963776 
0.4329485028416962 0.0 0.09305076871365851 
0.48133300852503236 0.04786130622216167 0.0 
0.4540538155780594 0.006716716489993209 0.04516157361599513 
0.06602281731467542 9.328933654660225E-4 0.4456966409652621 
0.20632151132884702 0.008399811830204254 0.2979022667386577 
0.2419182234993331 0.023874643280836074 0.24449435084895438 
0.4490748687826681 0.015028090897397501 0.054728705813014186 
0.4145602806276353 0.03961668119259871 0.08463477914144109 
0.3460989975875847 0.017086127780062896 0.1480458366489142 
0.007362745421647774 0.0 0.5037395970677075 
0.21949704110057375 0.010654676578873848 0.27715432718800237 
0.11786976290275966 0.0016317752365330018 0.3907179287521442 
0.007336285506689471 0.10772668896445539 0.4344541043164749 
0.39829195401565687 0.034792385671453804 0.09210877360667591 
0.3586208702339803 0.09616688029125993 0.053986140428310424 
