1.0049894824180612 0.0 0.0 
0.0 0.0 1.610723987171891 
1.0049894824180612 0.0 0.0 
0.0 1.0135155250407308 0.0 
0.0 0.0 1.610723987171891 
0.0 0.017648177091055133 1.4861519532817011 
1.871981286252477E-5 8.184723705793324E-7 1.0064683069273335 
0.02340511891928092 0.0 0.9835407779175603 
0.7281883329683853 0.0 0.2771080452321518 
0.0 0.02206279247834667 0.7014097410580818 
0.8847144182988999 9.596494098850424E-6 0.11988054607993565 
0.25591049269001487 0.7495749446681849 0.0 
0.3701512877041791 0.6330829579397341 0.0 
0.6232029794809274 0.012765893968410512 4.235844380948294E-6 
0.7281883329683853 0.0 0.2771080452321518 
0.0033901383977169943 0.5409527195569397 0.010386944067267798 
0.006218368068836623 0.6209139425214457 0.003050588830001256 
0.03710632173549886 0.9762447234859563 0.0 
0.5504871083816094 1.302482447961707E-4 3.0326255636487577E-4 
0.0 0.906592144446621 0.5973726095118319 
0.002334164750174168 0.2679496591040317 0.23498227890658666 
0.17114237895024284 0.8354453987435471 0.0 
0.3180384505080756 0.14668213361572643 0.1431650104198421 
0.6189259715065387 0.012678282336083962 2.1494034284131755E-5 
0.9429846416423315 0.06253551595903747 0.0 
0.09106772244971363 0.9226932641118153 0.0 
7.834193274834596E-8 1.4799626233805449E-6 0.6216153807883161 
0.0 0.015102751888084964 1.571333026162902 
0.28360082346883625 0.21925531572648288 2.092592035745897E-4 
0.9636182242707549 0.04095995917211705 0.0 
0.8847144182988999 9.596494098850424E-6 0.11988054607993565 
0.011646286025733964 0.16815464463863716 0.32758010820244493 
0.13081246908585925 0.031339199914902596 0.37335466674488793 
0.07136977991583703 0.40982614920767 0.06685979432786084 
0.2230051799141571 0.7905810945484059 0.0 
0.1506585332491116 0.11647598152356076 0.23770285377141376 
0.5083389303205867 0.001709321905595926 1.8436350367223375E-4 
0.17699758693927883 0.3080462427882078 0.051843854672779764 
0.3422547692731194 0.08199516996379838 0.11039001886723679 
0.44281101477467055 0.02935020907856814 0.032325834399361514 
0.2448574146416068 0.7588918284365153 0.0 
0.06512620328977267 1.744652912317246E-4 0.4406309066023778 
0.0 0.017648177091055133 1.4861519532817011 
0.0 0.02206279247834667 0.7014097410580818 
0.06534934750608654 0.04838783547248058 0.394104162429932 
0.27127071129411573 0.4175619319479057 1.459586776735382E-7 
0.3459230011827349 0.0561357026401474 0.10124569795718648 
0.10955881982260945 0.43614969326803493 7.051495843109718E-5 
0.0 0.9928377116598537 0.02086829376967249 
0.38133939184659515 0.07073186695013217 0.05159152358080639 
0.30092680683333245 0.13935319966487214 0.16785838567013975 
0.03372193602820327 8.378222206917784E-4 0.4699351526485062 
0.46018932359368786 0.0351363675879997 0.012521394422863378 
0.41239098030666793 0.09842780292005944 0.0024847995358420524 
0.048572740418149615 0.49265311216532187 3.604082287464958E-6 
0.9928784169777992 0.0 0.012111065440262003 
0.4310307454582581 0.011396937898468292 0.062189468407081866 
0.3672235412931462 0.08812388154410845 0.04685492959183795 
0.022592072837869466 0.527259095034785 4.244563137734444E-8 
0.19883441346791375 0.8053364407584241 0.0 
0.09297411158779083 0.3154503762613488 0.21226128002653266 
0.35390924976720484 0.004685826866460069 0.1539131550649176 
0.17114237895024284 0.8354453987435471 0.0 
0.004976066210442883 0.4968681259731036 0.003887251050112062 
0.21163908459894723 0.16605736463840928 0.1252113528973652 
0.12187366671272894 0.34719761009009376 0.20133081814953718 
0.396575801659027 0.10564164924859734 1.2036441183985428E-4 
0.12042567672088068 0.3691689529843594 0.017786409161575978 
6.603522138095886E-6 0.21908556510495011 0.39163384841074395 
0.4836249923468121 0.03222425150071915 0.003406161997200114 
0.007670655440667605 4.888071162425811E-4 0.4962840013777123 
0.0018504427717496493 2.62273663623181E-4 0.5763472370247688 
0.22530941226786194 0.17418950240942005 0.10394979150259401 
0.0021897883431770087 5.170502119007399E-4 0.5309191555891707 
0.5366603219475451 0.008986681189718482 7.050701028350245E-5 
0.16273121731236986 0.2849732599695071 0.170688992697051 
0.15409241766038004 0.011765261712631685 0.3419097331379056 
0.10373677738056672 0.3519668529011981 0.16440900843248887 
0.1895024365067766 0.3298096577166889 0.017984464853450368 
0.10309797168685635 0.3863910392713249 0.012551261016298184 
0.07913011290268711 0.33038827401428017 0.2128297876044688 
0.0 0.906592144446621 0.5973726095118319 
0.05896839172048373 0.4709857650909194 1.0347797640254421E-4 
0.14781059980754913 0.01791862785961316 0.3416449344946706 
0.05662097082830291 0.47328018061720095 1.0346762666204074E-4 
0.10560137720425851 0.3957733136629549 6.655811072659768E-4 
0.28607999945193496 0.13194261460323067 0.18957408829866368 
0.0 0.9224883799834174 0.5830440622806947 
0.28607999945193496 0.13194261460323067 0.18957408829866368 
0.2631871039463926 0.19470289444461597 0.04711655882828066 
0.0 0.0030811266312701846 1.5810047324364924 
0.3124865241781828 0.18762947412895645 0.0069441244955096995 
0.004496548556685391 0.44898752553143473 0.1728924854185045 
0.057020830108105464 0.1969733551524139 0.2720114607172031 
0.9438684139051512 0.06157820228539011 0.0 
0.16269326424611494 0.28490679694418763 0.17143265154428772 
0.028317286470261254 0.37272377140589763 0.21662482249020995 
0.23610032043619802 5.5862620330993416E-5 0.5228639553605031 
0.2424923897727017 5.737501871238818E-5 0.5169586171751637 
0.37335969610027964 0.0073147838351554145 0.12746597483651928 
