0.6215278625180005 0.0 0.0 
0.6215278625180005 0.0 0.0 
0.0 0.36693744548110835 0.3976148702184649 
0.0 0.7856246503403881 0.0 
0.0 0.0 0.8582135115525631 
0.0 0.5464700589978354 0.0025832300366043634 
0.2687541129884648 0.0 0.7584388399650055 
2.0629167793880466E-5 0.0017922124159315566 0.5889999053274809 
0.18475863932050776 0.09516578191801915 0.29094179388351826 
0.11072610957430623 0.22211419984437514 0.34573977399747635 
0.03783808539402141 0.040809100080792395 0.4801138377603516 
0.08825559005712447 0.23056623045687574 0.3601522648406993 
0.19854769086279792 0.10226826912379203 0.23792471522477845 
0.06286604886758128 0.06244551438849645 0.40288968377661094 
0.4815619334076178 0.0 0.551710416427894 
0.1616397421686932 0.17433155897042124 0.18930245657949904 
0.25569784669884543 0.009629591429417583 0.27983234023226317 
0.22607018937531725 0.0 0.7934743730248588 
0.13666671833221283 0.38578042232302145 0.004249427725201223 
0.29348574299932956 0.21906789124271317 0.02221880140931081 
0.3927443804548777 0.01563910612799981 0.13638819371662714 
0.4184348381205623 0.0019172629470396152 0.12441957923190271 
0.582808001127121 2.627856025657532E-9 0.009465729739497566 
0.3602326854795274 0.01434888287019052 0.17385387563360108 
0.14572476060742548 0.4204900353375459 3.0565130742258423E-4 
0.189997376570517 0.0 0.8371954891793756 
0.5136637722624422 0.01074299950754636 0.004958403400259851 
0.09317817712013178 0.23966935718776763 0.34574727889245066 
0.12369142474775806 0.013566233304813782 0.3966394957077709 
0.02874454282279115 0.32797247200628027 0.16122944570520795 
0.04574077927764754 0.04760121824924053 0.4446844973220759 
0.005652119212744695 0.2591135986465584 0.28320780908224397 
0.2481948351645811 0.23090123948121874 0.06421259663710464 
0.05242076305551842 0.049803803123334184 0.42429506328633 
0.2379523302660048 0.2782985852818939 0.012901303095714575 
0.33735427559398007 0.10330373139429033 0.08307010275793124 
0.1279125791108956 0.3690928342325679 0.07925631490299934 
0.5661337026879657 0.004924367835334204 0.0 
0.00443117058545566 4.245121935014358E-5 0.56634969417882 
0.3504558695565511 0.15985439331649137 0.0318649299778149 
0.19885141549844235 0.0 0.8220467430084016 
0.08169078765880719 4.3316144742959576E-4 0.49356730953680344 
0.024618772554545997 0.43523922581346197 0.09440133436003809 
0.32469284010410543 0.20277111917811225 0.018769126591619216 
0.11339355227802858 0.3954753230467711 0.12918780169318397 
0.21244220178123677 0.15919261957572964 0.15763597090144035 
0.3885087182945495 0.015470441792252973 0.13957189096005038 
0.5963357888925711 0.0 0.016416610460495498 
0.26579252419121857 0.2339637019766447 0.04355076709691674 
0.00908149053082639 0.008134726117140336 0.5206335974299614 
0.5548344236191687 3.2685074448804703E-9 3.6742463347104335E-4 
0.27949509449763843 1.4997030130166008E-7 0.29032728284770415 
0.059321767003186324 0.056534577873159186 0.4145130153000289 
0.5345834264284045 8.531280040326442E-5 0.07530316235418703 
0.31038218110422655 0.19416966630377896 0.03111179868550344 
0.22320684120683035 0.20635676966847546 0.1155026921652027 
0.15628226362452452 0.16168573818612492 0.20567985555898582 
0.27029764459970806 0.18651752110888417 0.1228301935392563 
0.0015249765239650482 0.12986241902008863 0.4092298519598953 
0.017819603130339826 0.29409971676685837 0.21696687343152726 
0.317244804579773 0.13893433775405645 0.08599605051702794 
0.4567863182809827 0.012879970228903054 0.07570715690748804 
0.017872823086776488 0.47236222768170605 0.025821292648798566 
3.683858825944296E-4 0.5141689427074868 5.3437259006105134E-5 
0.024510966579723154 0.43333330670575665 0.10130926092922665 
0.6098070491387265 0.0 1.3759655086808315E-8 
0.0013931571265711892 0.11863707518671088 0.420587015190667 
0.2362758639448415 0.2792702974651656 5.354203130870941E-5 
0.15237240203834254 0.15764069275290662 0.2136347625783861 
0.0012169685795957708 0.0029447043547369514 0.5430930039575064 
0.5013173168538558 2.689947356372933E-7 0.08109937557706612 
0.37743473378444137 2.3602485428051077E-9 0.1773219329925226 
0.3205571567148331 0.1403849507937322 0.08112978865455528 
0.209497491531133 0.10790831034882443 0.21979832891215484 
0.22440153659446868 0.0 0.8030505547271876 
0.44017901312001145 0.011416266227366715 0.12163470740460998 
8.011967351372287E-4 0.33936667321726577 0.23051374995301865 
0.008637188447814286 0.31357734777979296 0.22951191794212428 
0.0011165295579454824 0.48769825169131475 0.025746485278663526 
0.43970087974674144 0.01350455128202385 0.12206839291373577 
0.17651827652484778 0.0 0.8514881251879961 
0.2524750932342889 0.2510294535367918 0.039804124511823816 
0.26253219952195794 0.2483475377045213 0.04189955468939278 
0.015752009183561837 0.4978683814521508 0.0024279456827622737 
0.04742784024508407 0.04935689794204289 0.4411791645781431 
0.3746442858392704 0.0035649559505411066 0.17540246450535313 
0.2073773399017915 0.2164717231424642 0.11396614288057368 
0.462318310610072 0.013035955409836956 0.07001917939746484 
0.4013686807968474 0.0012621719862016103 0.13154047690112491 
0.0 0.46044002034337617 0.0652061350228007 
0.026972293491978754 0.4085556765469632 0.09591103681959381 
0.4073567256733395 6.721082243345196E-4 0.13950664538075258 
0.4697212253389675 7.496160778917645E-5 0.07552833870979707 
0.2049433970795179 0.1055625799352948 0.22823469819655567 
0.018471137929212664 0.3048528294153665 0.2031703411072729 
0.12094726227475645 0.348994353299355 0.10632011267235135 
0.12094726227475645 0.348994353299355 0.10632011267235135 
0.03180364552182235 1.1393715568161611E-11 0.5175805921515303 
0.5379962921348856 0.015484606039161807 0.0014870123838762665 
0.07058354858186995 3.6476336125695525E-9 0.5003054787046701 
