0.5089864837262255 0.0 0.0 
0.5089864837262255 0.0 0.0 
0.0 0.4883520658724737 0.024176375668930286 
0.0 0.0 0.5077389644462578 
0.0 0.5065847614616033 0.0 
0.04496026749110725 0.29304011687163695 0.17175772466873274 
0.05529996600917751 0.25096851001817116 0.20552073734515525 
0.0030374206560453395 0.14539546642496398 0.359675184051575 
0.32143478825888516 0.10304968099681934 0.08445032568269328 
0.42031820500174333 0.0498737192350426 0.0446749615822123 
0.08724166334846528 0.39425772697011047 0.029208167932102038 
0.12229936672990015 0.13726083009041573 0.24738532957068418 
0.07587193474359896 0.3346535775154961 0.09722765837747564 
0.0016248814082797367 0.4077806869535954 0.10214407316764293 
0.3382743570753292 0.12858698011309364 0.050607376136729956 
0.1313853949400359 0.0024932624496205864 0.3761860590277008 
0.02730998969911972 0.16357264397971433 0.31748172199542785 
0.10187493710855715 0.03065553925807478 0.3820469942846239 
0.005025726950900344 0.021345016850041313 0.48578451060704453 
0.039594327402111565 0.1864108530904361 0.28297627091449423 
0.017671833302586946 0.35649912075118034 0.14506611605101552 
0.21527055744266216 0.069014192249182 0.22605586572866795 
0.34801217422288544 0.10472154557317029 0.06037120696868416 
0.009663342104572498 0.08343233604072582 0.41422314931966553 
0.14175522791003686 0.21063040439774947 0.15936818594317276 
0.04162566680602686 0.44426347274398065 0.030298418287447327 
0.07215332107822846 0.43216089169976885 0.0042457882786039 
0.04949595460844504 0.20830684118630918 0.2560287668387497 
0.06351046975517649 0.41804486170677385 0.029211561370064483 
0.021505112345364282 0.46998527629072884 0.01641065886327704 
0.3330710876143815 0.042161012553876984 0.1358991734886917 
0.22319639670989078 0.23189584037099442 0.05385432594019868 
0.07155258453118954 0.2996219503007017 0.13897640406724265 
0.4343892726959414 0.05375526108229506 0.02023999742167552 
0.2782676792337564 0.06876034465469806 0.1816698379404091 
0.1740900876135728 0.19708136450409125 0.1389752498271269 
3.9898544290029833E-4 0.2066259401600763 0.3069378040505728 
0.15905912267277408 0.18807579658390425 0.1641169870817603 
0.14387261964892545 0.04054204317404321 0.32927462952618186 
0.06818757652089483 0.31559489624502945 0.12754573757407597 
0.09797032478251745 0.004556633061527253 0.4056901494759519 
0.17146095001309836 0.21710109658949991 0.12266819328280863 
0.0 0.05807426056228623 0.45289100264563203 
0.19056333833991973 0.024193548490457465 0.29283682328997995 
0.07725736748286598 0.3235103703378342 0.10938320107843368 
0.04284472664657002 0.27557395991909267 0.19102998170337823 
0.16330908194334084 0.02337623223874674 0.32366716651709526 
0.052612134259719015 0.01547779361737016 0.44124132128222754 
0.2613314301326681 0.05445870417542919 0.1953593298314398 
0.2026938631535393 0.3127664591408488 0.0014827934029883537 
0.36096243588048116 0.002115645257122273 0.14576879748412316 
0.4703107391848327 0.017377941730351863 0.02045519698450667 
0.006733880917933235 0.032146570900005604 0.4739508135801223 
0.09411044546700313 0.371416960926035 0.05520813260333672 
0.08365253485180334 0.3820091807604455 0.0551050880834888 
0.00880837552244491 0.07605063947945982 0.42399052930540526 
0.11785763024462367 0.12339040485110554 0.2733227260968935 
0.0 0.4556843303080568 0.055711258640547164 
0.15766700899381797 0.015863665053547953 0.33681952485795197 
0.2853851298282121 0.11337302349981002 0.11288753649841171 
0.4040677934511171 0.047945493301725095 0.06379844979767732 
0.3019806954374629 0.019650631930026457 0.1865079487297516 
0.03581146878600895 0.005993060993087474 0.46671243027927256 
0.19491365036056835 0.004487084392739998 0.31703746888319567 
0.008237624998443594 0.07114525052951318 0.42881434414819697 
0.11045689556635259 0.3800580436243504 0.017084561528010512 
0.24212229038616115 0.025235555550574648 0.23857462968912252 
2.732965285685462E-4 0.004459281163576539 0.5041895271594047 
0.001620466868713129 0.14970199426239714 0.3668388105063855 
0.39825661441212634 6.04432710469697E-4 0.11030223311927906 
0.37160369694785644 0.11583693556213395 0.02292497934659829 
0.3128796398625423 0.004324655921363762 0.19176039450211135 
0.15291109721059246 0.17824809363120225 0.1802646302873582 
0.06334009963273399 0.2670882908660035 0.17986682325890094 
0.26263923311753856 0.20538267879611632 0.04175763762568004 
0.2254523215955986 0.016645675656020344 0.26639503909942375 
0.22914482903531525 0.0689527620988038 0.21713091411763297 
0.38562236328861493 0.042729195789419534 0.08840561177666315 
0.24492673287917485 0.26470765867288537 0.0 
0.4034847885691022 0.04544609754561628 0.06506401712529261 
0.010666997875180802 0.46514521198976494 0.035541573856911174 
0.4800334254141436 0.00772615527268837 0.020566802565600714 
0.4563496776633698 0.05622437577127432 0.0 
0.499729790195735 3.450676096263218E-4 0.008389710008953444 
1.1121005481758447E-5 0.3743991899588951 0.15325516051838597 
0.2645363217784843 0.036775873520699796 0.21123699971653676 
0.19056333833991973 0.024193548490457465 0.29283682328997995 
0.017671833302586946 0.35649912075118034 0.14506611605101552 
0.37623340224602697 0.044642746488664155 0.08881882796382433 
0.024889755525121793 0.49678914907826205 0.0 
0.15462659099751003 0.17581009650840124 0.17987133968777272 
0.001601830716476875 0.4857549046475507 0.02412710079948963 
0.29965498057340867 0.09606723131762414 0.11575605717912034 
0.09175393567148814 0.02760999375207378 0.39517201725698753 
0.45142419974931897 0.056645199646766536 0.0028917860894507545 
0.23219238825296468 0.2728391968763125 0.003942293918491815 
0.1582917512803457 0.2271584179017931 0.12622690199354755 
0.09201093915758543 0.027352990265976488 0.39517201725698753 
0.02689249573867967 0.037402336726319166 0.4451137266831286 
0.25153879181347616 0.19670218447778615 0.06267351968956708 
