0.5046664994357126 0.0 0.0 
0.0 0.0 0.5036982199608904 
0.0 0.5077114170743187 0.0 
0.5046664994357126 0.0 0.0 
0.0643100065885105 0.2558655058653576 0.18489397828506116 
0.42097709637055236 0.08172718273279879 0.004905773445261086 
0.0313744351668672 0.1701488129882757 0.31197339928686996 
0.04767063695371822 0.41547127572783166 0.041982814394883244 
0.008348026175694731 0.13105861649975994 0.3672078272537901 
0.11867796488647821 0.3408207370027574 0.05211695519623749 
0.408956074422231 0.03597815031509023 0.0614710297548599 
0.27911922970230213 0.07535942832714021 0.16320664401302706 
0.3453129590067931 0.1409866613773775 0.019688916726564247 
0.0010572919305930513 0.3956793133777515 0.1090596539735316 
0.004935231301230726 0.4777082035302912 0.04073739578247292 
0.160600547228386 5.253051164222423E-6 0.37835018840784446 
0.050096421844151216 0.17899721782917713 0.2765440930819753 
0.11660711517106948 0.033655543103324755 0.35688409484664024 
0.46571065231846304 0.02533974942853397 0.016586183578835036 
0.030188958651832208 0.44417652560765325 0.030516930960545616 
0.08204554726304548 0.007705343306254875 0.4205709531528827 
0.026984981977521683 0.20826129582925962 0.2694665190390592 
0.47948558307837524 0.021846434643501386 0.009534487890162723 
0.01369483408900754 0.4597185446434079 0.03164214492213593 
0.18545082872582938 0.008982057189177946 0.3187588302097423 
0.0 0.3703815409654909 0.13683290781573224 
0.007437351206371377 0.2362663887460711 0.2614794930264246 
6.650113962194329E-5 0.19064927293678868 0.32597196618203694 
0.008845511550428148 0.28490454830624623 0.21825661167517577 
0.2914867871725289 0.12211719741526081 0.09110950539590898 
0.37946399598713637 0.018133163046203448 0.11382792728967386 
0.1731603033425734 0.008386782405905582 0.33160643517162713 
0.0850678453961862 0.2754710848468894 0.1499789369822703 
0.051375962761463 0.008353459103062849 0.4443800087258674 
0.3131144321291248 0.06484748903272358 0.12590202985409932 
0.0910842187714453 0.3298340513898941 0.08233604303238412 
0.27219804696632016 0.05637351094087546 0.17529694038903773 
0.21521725514068038 0.034169048071740094 0.25460354858657064 
0.19331219413196732 0.08884756698122775 0.22958585329775671 
0.15057237731440876 0.013660592937838709 0.34467507665849084 
5.165546002222077E-18 0.11879135120330493 0.38918227485731505 
0.07657131132041524 0.22999678079576708 0.2027561176505989 
0.29931667026572273 0.08716324308206087 0.12097505152306195 
0.018270528441496355 0.003546983504415231 0.4834237106725346 
0.0520756695850058 0.3169707665158793 0.13488918750554738 
0.39845763101907306 0.07847152776127098 0.02931190467573654 
0.3656487843401619 0.11378363660800422 0.02557560745798433 
0.24735407173261578 8.045391454317791E-4 0.2586005285096545 
0.041237752247748005 0.2093608307535473 0.25376405861537776 
0.14956184352852542 0.06873961557575195 0.2872433690316953 
0.0012603074152809973 0.4247864304811281 0.07806448233517498 
0.03408243768194302 0.3061278757260928 0.16771366573858207 
0.22305876338564642 0.053294840445927506 0.23518195828812824 
0.005955701899721817 0.020713359867633636 0.48460654549399634 
0.010401250988312651 0.030741223184002447 0.46392322811834796 
0.20216367064174762 0.05984603235565583 0.24520094539323964 
0.13078736075734881 0.05603263104236601 0.3220222251812495 
0.0733133049759632 0.006885250968523935 0.4292022892432365 
0.0438123357552223 0.17450657078534063 0.2863938903052775 
0.2703192219821755 0.14726164236553288 0.086476058325071 
2.0717864686091723E-4 0.10914536588193212 0.39864981419918344 
0.03388764024855134 0.15010419422358526 0.32114802955474525 
0.30399782328364716 0.08852642969656999 0.1160275512446817 
0.09757243247292399 0.32466000779143284 0.09845493392725117 
0.14913046394355944 0.015062358604246342 0.3445908188320334 
0.056127763755338796 0.01162432699063403 0.4363364705578549 
0.10850876802830008 0.36781624349299036 0.030642991477484696 
0.37506300340718296 0.10126329724244157 0.029105840939987394 
0.010367472928746065 0.030910227436617123 0.4618969998905625 
0.011080814963596487 0.1994945389979604 0.2995524259086602 
0.20248311081613715 0.05994059547350746 0.24221617243638693 
0.49814479253117816 0.00461684208918276 0.0018715368423480652 
0.4542751554405672 0.02125198693800475 0.035724137010929524 
0.011080814963596487 0.1994945389979604 0.2995524259086602 
0.4894356568176139 0.015228465780749522 0.0 
0.10576244517251228 0.3494859898360422 0.04842592128262898 
0.29477200024961503 0.12349352399862756 0.08661784329307697 
0.13619464243909288 0.04023124127835732 0.3307094041898282 
0.2366575151675694 0.04639910520361724 0.2218320164353793 
0.43946613699030207 0.021000440620459995 0.05095850871225163 
0.23834250905484297 0.05490079920656464 0.21549891853999828 
0.08045051959675206 0.2624822948980842 0.1703011614202027 
0.0957475793866088 0.005369046178858356 0.4029548653996624 
0.06471128878250937 0.22861763716725883 0.21556183734745202 
0.35414950397280626 0.018280191593129283 0.13426485124465726 
0.05937172898009854 0.2990802209893157 0.14550389760844917 
0.36270402253817696 0.00989637588398336 0.1314176128162333 
0.22960241802323095 0.05287741866950706 0.22923165576988025 
0.32822927970596216 0.09274852547208406 0.09816238176226785 
0.01201421839860506 0.4298298137091239 0.0654427503438809 
0.39932069452717806 0.035130472122030076 0.07147287875226493 
0.14176317879449496 0.34641383327830855 0.018947234802563884 
0.0024643165345395244 0.27754211020055103 0.2236926114748683 
0.25471040139364215 0.05275173631754947 0.1964031898543415 
0.3404059615727047 0.08059434528748988 0.08235209027396523 
0.3179324986294612 0.03248633414573092 0.16085082969123662 
0.3157245191978308 0.0020496948776144797 0.1957842687860191 
0.2613992610867186 0.04398361379811139 0.2076601480953226 
0.45217258996490434 0.036764126520041615 0.019255539402316713 
0.440604980640316 0.02105486169283635 0.04416674918970938 
