0.0 0.0 1.0041769229807258 
1.0052642942698693 0.0 0.0 
3.618694530509986E-17 1.0916039709838117 0.0 
0.0 0.0 1.0041769229807258 
3.317591825630151E-17 1.00077427935066 0.01469879741976298 
0.052850295220203146 0.45002446214734115 0.5604909606976233 
0.4511232509950638 0.42261611764775886 0.1618426511157399 
0.003293192489970032 0.1130512859288343 0.8991523180356134 
0.004413333899617599 1.086467662755479 0.0 
0.01700496153543193 0.010484755143572411 0.9793685945810902 
0.06430088575342463 0.9125172060753695 0.07829504612926924 
0.4635829977162906 0.05153213614542399 0.5134159179623514 
0.9444531652275683 0.018937225679144618 0.04121088150116565 
0.08427272473641137 0.8648389842420426 0.05802757274111676 
0.005893227606859646 0.9776658605106047 0.11290255698960716 
0.8839166693462316 0.10733248116722835 0.015553344124954183 
0.9277348632634242 0.057792061939502065 0.019076837561495513 
0.01893128066740168 0.1612013587551546 0.8438535794398039 
0.0658333023003604 0.3552757476640579 0.5848441654338178 
0.7278673982116397 0.1518539494488246 0.17560689991509515 
0.012593530925561362 0.5104782650839228 0.48470257138626827 
0.29131374327972315 0.48653426105480985 0.2615966797982953 
0.703081888380994 0.23464633380085073 0.07523104507989194 
0.18850209721932037 0.2111429455164341 0.6054556178865941 
0.3149422964180798 0.245435483487445 0.4445815391724885 
0.006852550296364369 0.07692480129002385 0.929997094302349 
0.9797057968205161 0.010421234987871612 0.015406172376528162 
0.4082621981860525 0.4572982706273155 0.1399761846584928 
0.2533427466004859 0.04497063031930453 0.7390416698272885 
0.21776828200047157 0.0316904654377279 0.8160267151020723 
0.49068692655249946 0.30669433139770796 0.2077538787599479 
0.7835112383614956 0.37311588041804467 0.0058930471783512715 
0.20336837296277177 0.19051723014562266 0.6411849295416782 
0.12512427932598882 0.5639359561833488 0.3178611363469239 
0.24298340475380276 0.22082748607989272 0.5674548556678347 
0.8047914913875641 0.05013346114324905 0.14967881023360868 
0.27325742352997257 0.09779902722726336 0.6334633913636404 
0.8546629811264972 0.18407265437491652 0.04399439390466193 
0.3879142662196314 0.3974860051150522 0.24811482132316 
0.2240370891055716 0.39143305446762483 0.4039720509367706 
0.10793168686379483 0.5737662176881976 0.33015704159603465 
2.0623779278832794E-5 0.8040413075991516 0.2828212810267567 
0.08865643584687986 0.6124260893702007 0.30997465081413483 
0.6851811059572065 0.30410003995993184 0.015522464852361388 
0.13681146042291265 0.7563144021106689 0.13762489359005092 
0.3526516219811611 0.033040557542391276 0.6202761505279903 
0.09264321465190294 0.49249250530456534 0.4216269653955008 
0.6534759382739799 0.381737622572727 0.02725903585652712 
0.024519517262726952 0.5897524871492603 0.39231987286580833 
0.046071769108735304 0.2642234079186407 0.6943061381387884 
0.023372708929942712 0.5286062035122197 0.452827700340642 
0.13895477869672468 0.08685098510027008 0.7843722681343018 
0.04103007918222738 0.2125247868987044 0.7596862934494436 
0.5475777627641392 0.34780935562057486 0.11647017705482993 
0.5031984394262995 0.5494049625674281 0.010511904696692782 
0.867798031683921 0.054058373339166896 0.08283397770440286 
0.10676822710712516 0.0707612295854084 0.8416670050242087 
0.02522735799559263 0.6067777339451127 0.3745867853370902 
0.12813718509195934 0.6747387652774854 0.20468351150293068 
0.8255651698118035 0.08512045496024562 0.09413134550552828 
0.4294058648441089 0.1536846660007729 0.42162112753282827 
0.32068851751650723 0.02626285412316883 0.6627287974696296 
0.7573918488735065 0.08378669189816683 0.16393448821758358 
0.3369150057296298 0.27340159243504475 0.39556583066388895 
0.17938936267196526 0.7761170744973583 0.051620873405327436 
0.7728039366127151 0.005353367001154144 0.2273240305816319 
0.001047184245016008 0.6457063693886317 0.3598545397372827 
0.47617259194514044 0.32524061382074937 0.203104746799319 
0.35953464076686753 0.14252925575750636 0.5030008167625996 
0.29666934741701856 0.023256186102140967 0.6877694378650498 
0.1944647630332602 0.1215464224774253 0.7206866451523055 
0.41052092976078963 0.252215811707645 0.34341711921911794 
0.05580634925687537 0.9446561038336848 0.014694217494876878 
0.16034302343855278 0.6529330315673904 0.2453860152771571 
0.03153159141153187 0.7131306378181651 0.26041875472466763 
0.011520531748846622 0.7947898767574398 0.20003529768226258 
0.027736489042244915 0.2861763947092011 0.715901314364284 
0.6438773615048593 0.06617139547945364 0.2985841483610169 
0.17806938484788873 0.1452985587323691 0.6797581459362235 
0.5237351993652105 0.39620478628360595 0.12600796395747932 
0.027437500590082733 0.9418959668556239 0.04615406349524343 
0.17068798233999424 0.035042658211816666 0.800113518310046 
0.37392528882741244 0.12926373064332936 0.5041280393430303 
0.01411802676043562 0.0688681263280437 0.921214144135765 
0.8140072605115508 0.17550904443177254 0.05661726703333584 
0.4741016431226497 0.29632802217423404 0.23470547141327155 
0.6073233405535633 0.3934084918717452 0.004232572965497918 
0.2232530228405975 0.13961087891505936 0.6602215038916154 
0.6125640111392041 0.3461370381550257 0.13298465411556462 
0.05995252506209538 0.8212634675698531 0.13233334266342264 
0.5638965487488024 0.1155854443437307 0.35593004285731183 
0.6268324373415265 0.15043881604688747 0.25625523697643 
0.2805421531272325 0.09362805214551376 0.6387791579841741 
0.509646608727046 0.5125839081526492 0.00972085558868024 
0.03364778247326242 0.17887203882620964 0.7940678761601875 
0.09043390108725755 0.7342854539538665 0.1820825233479719 
0.5207470142310983 0.3199365035180085 0.16422501473348852 
0.07618646002789209 0.007575072255430583 0.929821487105341 
0.17183545247169452 0.6997313665854271 0.1870952512259786 
0.5842429120461691 0.06004275208359369 0.36434724121556705 
