7.86148859083555E-18 0.0 2.4683822154441533 
0.0 46.89764266387254 0.0 
0.5349811772839992 0.0 0.0 
7.86148859083555E-18 0.0 2.4683822154441533 
0.0 1.5777111337331053 0.357379073124509 
0.0 46.80704020887078 0.002536503246599119 
5.966755612238409E-20 5.9980957410357705E-18 1.9020411993609816 
0.0032218655017927926 0.0 0.5670496827041429 
0.32913152152273967 0.0038355319992559845 0.22577521629688324 
0.4273308139369922 0.10052553105172873 0.057496571956126584 
0.271944430905402 0.14887423414705597 0.09338828014661102 
0.37937642250206843 0.09017169078849832 0.10303669422325351 
0.24082112753789775 0.005658740245386129 0.2671074673908972 
0.15917096933747174 2.1707099852297557E-5 0.4193499537748399 
0.2832557550983262 0.013986155972876167 0.227142054961879 
0.4021885743757057 0.20276175218172374 3.648170541743601E-7 
0.5157219270433773 0.007052850226276739 4.91331526961711E-4 
0.35195218553632573 0.16136294077067542 8.918188920677972E-4 
0.4021885743757057 0.20276175218172374 3.648170541743601E-7 
0.3037269384429322 0.17155105260828174 0.03916431011656908 
0.03359823633883563 0.08826458518051097 0.3995825940870115 
0.5300632519760154 4.902802551164145E-4 0.00948262420297712 
0.4819254355360171 0.042172033754101085 0.004334972215469955 
0.44664308128333335 0.0 0.07724632299362219 
0.43079579561244247 0.10134063520909124 0.009510915471571794 
0.23097992017549773 0.05704805440972526 0.2187729777167655 
0.49736611995627966 0.010302933639107855 0.03408695288478839 
0.3172097375431985 0.08974780066579849 0.11418246583469903 
0.04384983836943175 0.12722499528292947 0.3443280419483506 
0.11702270928374876 0.11913450049141917 0.27838612576761473 
0.12865311097320958 0.36151997516707585 0.036914340901986205 
0.017453508998324686 0.26969514424985025 0.3029739625740885 
0.3176249159123366 0.0054651126903550624 0.2430048367627264 
0.08334759786227572 0.9409742797333813 0.0 
0.46871673314736856 0.016264844015166757 0.03711198734743759 
0.45172543023413586 0.0184539650068578 0.04454444144626453 
0.19285212210089053 0.043469333971847476 0.28899746288857653 
0.0016145195451317737 0.3651202991842531 0.15814171013830505 
0.3046369144963792 0.060936516387196424 0.14660229105261613 
0.03026814615873256 0.28120271144634224 0.21119927482950207 
0.2151579225638178 0.05061386569914797 0.26107307671185187 
3.589675125845938E-4 0.027047557597108293 0.47848706277198505 
0.15140921236899552 0.007738147057281201 0.361181787104463 
0.14648418981741715 0.007486441443281562 0.36597795163010655 
0.011327324703653132 0.0029518169805403767 0.4934871597091259 
1.625933684988032E-18 3.053468404970407E-21 0.5114760229137367 
0.11391131014351337 0.3845984932454812 0.012421182347928795 
0.16497349707921188 0.005724711764848189 0.3508005892421125 
0.5053424757656744 2.8439870227877224E-4 0.01188366282633202 
0.37068528194676437 0.1048059842762821 0.039181884620600585 
0.13228613623943122 0.034096072476558416 0.34944871109999487 
0.47575673844632443 0.011179184444422105 0.02663039654557346 
0.1996311318678795 0.049081374729910324 0.2721415898704692 
0.3619880428557112 6.884965021757111E-4 0.14813928877243032 
0.22363939932837637 0.011042513574353471 0.2824455717822347 
0.3605357832043749 0.10435399794978581 0.10593386589766017 
0.06689970765475259 0.12144448190187446 0.3327958144870689 
0.08842898673836153 0.1345198685853124 0.3007237829850843 
0.13882366789687586 0.28090085558207534 0.14494697239059928 
0.16942242201476426 0.015043898868534663 0.3367891777918112 
0.07553924838649995 0.1020204666216331 0.3445570736126521 
0.24078009601667402 0.005699771766609845 0.2671074673908972 
0.008440693750711497 0.8797079904644164 4.930215592530864E-16 
0.1736442870453485 0.2456404172909844 0.09440737187800038 
0.1074111597922044 0.37922555804661884 0.03885406027753165 
0.46060935858667174 0.04089990289404935 0.03791802983399872 
0.4607166710151743 0.005351084496771421 0.04481928384128996 
0.3525775295083994 0.11028222143465322 0.10797264077056294 
0.3692668544516756 0.0928563425005785 0.10780643852208757 
0.27609651769900023 0.0010541644086267394 0.24335272903945004 
0.17987384998342026 0.32652887859637914 0.0340122633722431 
0.09804264922932829 0.28230292061238477 0.1559585230830086 
0.22262191073544946 0.025332062739730273 0.27604834195025124 
0.03015510072039977 0.35309635184308763 0.13652890204468024 
0.021821365677395496 0.005686486388471189 0.4802561173108284 
0.02717381077300373 0.07884152088060295 0.40909116505980625 
0.09443269872544814 0.3507264772921263 0.07851645898025844 
0.14019917428017573 0.3939648378558692 9.175420051007998E-5 
0.10479439103663866 0.36998680116578686 0.05038709703006561 
0.10049156094536897 0.3802719612269627 0.05102198368019014 
0.022813599694370485 0.49159304642203855 0.028302237671536154 
0.07108510860505556 0.17378876348178732 0.26981384430219624 
6.864987151516689E-4 1.0946143605687912 0.0033617298654361923 
0.00644529927644366 9.56959010607951E-5 0.5100153332035633 
0.14608816596948127 0.1634112311133889 0.213580036731207 
0.06137280091204154 0.11141136891201765 0.35038741573873866 
0.18546121726385945 0.3366717469041185 0.001409416244133635 
0.28202595510815726 0.0 0.27436102454435457 
0.20469439053895983 0.22725472768983146 0.09104013961046527 
0.20684741449298885 0.007675627478437963 0.29903414804553935 
0.003762709441589357 0.518833701891246 1.7597137945298336E-4 
0.5004769159326027 0.02229786133705131 4.91331526961711E-4 
0.05518034023508957 0.5013360811183798 3.089286722843086E-16 
0.18790885794576245 3.789073279434159E-4 0.3230580714517568 
0.18063104232966867 0.004244412270829884 0.3287118805736825 
0.27409882352468146 0.006456646663511554 0.2509673837879029 
0.028436001993524668 1.6674058082768276E-4 0.49595351154803524 
0.0627489511627378 0.13837045023949288 0.3358867953676425 
0.09268870980254243 0.13025882503501846 0.3007220018520136 
0.47854928214203113 0.10103204757293979 5.966345762350802E-4 
