3.357970007919759E-19 0.0 0.5254543934919305 
0.0 0.39949594786213716 0.12925263056458114 
0.0 0.5282002353827943 4.157175075930993E-4 
0.5229868177898496 0.0 0.0 
2.0848217498361817E-21 3.4104632623232865E-19 0.5369308505612675 
0.1677533529207101 0.023431641954766137 0.328531722933439 
0.24815535526689883 0.01997268035039259 0.25158868219162384 
0.06496084367424547 0.19401239138209886 0.2907305402157698 
0.34762877209704196 0.007222226540024515 0.17025013813285628 
0.051730073917845246 0.0018659501027866578 0.4658288056264648 
0.0183519959653815 0.4879073640684869 0.006971343578564048 
0.17494094029770693 0.22640207200685541 0.11556734561059402 
0.13512658965570917 0.24768426070793986 0.14539340843902857 
0.07827470622676405 0.09858506156949169 0.3435812242839727 
0.31638619131538526 0.017435217613267866 0.1875824206290559 
0.04686663671517683 0.08031946603342859 0.4024958222342885 
0.050869278776774184 0.08717914480799559 0.38372186878765524 
0.002234872364052962 0.030398112762530082 0.4982283789808987 
0.10963929322353862 0.1880256959792205 0.22959261510374848 
0.16502397145971093 0.3267322058204946 0.03094075814006885 
0.29234130443706535 0.016559085524583437 0.2167232852602042 
0.03844868452838312 0.15329788119725815 0.3356420230599072 
0.33352122509792054 0.17673550667226073 0.010489299456877864 
0.44540989008904724 0.021772149540486826 0.07127938884645468 
0.20156706814277436 0.2608606184362055 0.0555553241294757 
0.09389520444973894 0.3431645927762688 0.07962573854073954 
0.2749283262964066 0.25901609208058907 0.001902255750664056 
0.06438151693302152 0.45860053056214317 0.00477222283844847 
0.10339665981937501 0.12982251679310713 0.28368342637162136 
0.2965364792265198 0.05695990389420221 0.16869796416826205 
0.1768034476406959 0.30095661626828935 0.044367728002434124 
0.024268048292415585 0.41389754165887666 0.08532455013253384 
0.06384082673362576 0.035764002132687316 0.4289275504888709 
0.26954883250984774 0.17575558145686926 0.07864279865466103 
0.352270787339739 0.07388711401719773 0.09368739799459187 
0.05246941463552033 0.08992143797779356 0.3793794397591111 
0.0034350388762834 0.39230169288304473 0.12389135381874361 
0.11676434770255395 0.2521624586409239 0.15225518399799 
0.13851186874075047 0.37096055835831493 0.01599935081867509 
0.012456961774282708 0.4200081056033599 0.08339392940211812 
0.20860501654508548 0.0500761835254722 0.2674352982586407 
0.22989282824946572 0.29092280997525816 3.073023502896715E-4 
0.41370228149704236 0.03965626238296887 0.07341612714406559 
0.12721204654075371 0.006218271669007932 0.40553215377579804 
0.02145596085248591 0.15283447019285415 0.35157744983283196 
0.4205091130925673 0.040800790677594505 0.05776511827800323 
0.18011576372676943 0.23309913642537067 0.10369545776301622 
0.3628258693309591 0.13704121414946405 0.02435692903547118 
0.18614335266669282 0.273460058971624 0.058706270772627245 
0.014878597501452559 0.5016577608451246 1.059811031135653E-4 
0.46003930992215214 0.006180822990504677 0.06053026944012527 
0.0363237365459332 0.0038476304556854697 0.48773024875545684 
0.1208168547984146 0.3841626358038334 0.014804583909771246 
0.08602449883888777 0.005668560164560552 0.42449325058929893 
0.30774621190170726 0.0019362325643144547 0.21727197159064643 
0.49160589950776507 0.028935703946654623 0.005152882001376464 
0.43433324345190355 0.06887222337989259 0.02080354040167588 
0.24350725320063762 0.20593723182597465 0.06744894607752461 
0.37237024725279455 0.16261809189412732 5.136344599887967E-4 
0.0016677351322582888 0.4447511442791524 0.07328415831972289 
0.08923706221585533 0.23899345757733095 0.20347182251430726 
0.02669104201756496 0.013480482007857219 0.48773215521930074 
0.1903295575358168 0.046374683703667374 0.28182556818341165 
0.03580755694124975 0.14075849572268617 0.3518123253881604 
0.3908356161692992 0.037706100381489346 0.0942114606532938 
0.02371790507484451 0.053171226966843045 0.44825088799906054 
0.23110229903833107 0.05547671542836952 0.2395374838624978 
0.07641680867962725 0.45250125287084614 0.002357014128498069 
0.15559635389546636 0.3080663946952928 0.0596290169128378 
0.3227127360944608 0.21182887563738712 5.227148502203872E-4 
0.20642614650813484 0.17720492297382479 0.13750053673454712 
0.32123076315340937 0.10400603184887432 0.10267833473978956 
0.19050086045300982 0.12421344654026438 0.20923172467441345 
0.16958871064456538 0.32947745847108123 0.025134066898058395 
0.15087323138489658 0.012142969151886382 0.3567088787164692 
0.3806816047594109 0.1258797498545226 0.00705862150872507 
0.0 0.5142608825584102 0.010315918434937633 
0.4879579929795802 0.00327184623418719 0.03643158598328898 
0.05228856119539619 0.10078550742215361 0.3700074354665717 
0.19810136143336662 0.2808436222313316 0.04744485613200509 
0.22409111649719365 0.11271735136551449 0.1892609221583914 
0.37143858953473496 0.07735965959385098 0.06735196428846839 
0.17450859837452407 0.30731446990798345 0.0379114603300397 
0.23611638715891795 0.08909396886145103 0.2010157827133625 
0.259976854720899 0.062408128553155195 0.209419248036363 
0.12318303230103314 0.04339980098692969 0.36451331511774426 
0.5082427221926488 0.010083023463332147 0.005464170300059694 
0.17621849264823247 0.11490082650501417 0.2322627177358725 
0.03346373407134792 0.04399502134267619 0.4480892244872396 
0.0025371042223213134 0.0032380153864815095 0.5151962710896959 
0.21758071721479982 0.2159064994931455 0.08887925334996535 
0.14990898355910987 0.31461797355397153 0.05647002630220759 
0.257514681629232 0.27702693010261586 5.227148502203872E-4 
0.06853278530738867 0.19044044974895566 0.2907305402157698 
0.008580555664383767 0.4930603599380007 0.028005623975991854 
0.14086699642173858 0.3650291902979924 0.026867105760233784 
0.5115694613604391 0.0 0.01666087325796737 
0.04684761446094573 0.34249645660220085 0.1259680996739452 
0.2725719287257143 0.16091528798223104 0.08887925334996535 
0.05689866895856389 0.025605565653846828 0.44065616563549065 
