3.3582078674042413E-16 0.0 2.707442387700364 
0.512212950956858 0.0 0.0 
0.512212950956858 0.0 0.0 
0.0 0.501237702970025 0.0 
4.3762598832641325E-20 1.4973537174404484E-17 1.1539458716138924 
1.0969458176927187E-17 1.184081807666555E-23 0.8429061703441594 
0.04362668788265356 0.21904685566255 0.24543592973839823 
6.154527894353368E-4 0.0030901497426798494 0.5609973856158204 
4.10388810673816E-5 0.005539616137383969 0.8212138644091798 
0.10745316890380405 0.400409689834341 0.015675288520938337 
0.2800607463184033 0.22972162521825712 3.798872985920946E-7 
0.20651524253602654 0.25510390122688875 0.06406496653974418 
0.05209608203587621 0.3789606894397451 0.0747201715883407 
0.06019414696375936 0.04502691588351939 0.4019893077849703 
0.24443499275681455 0.1644241599640127 0.09747825559347806 
0.12690341280833617 0.37223587584018275 0.005775943920128489 
0.46092652668051565 0.013855437584159726 0.02660698185082382 
0.4442195326716297 0.0027180892108527627 0.05491161795895135 
0.34435623557704037 0.12012149272565059 0.04749319073357281 
0.19331043332068856 0.30822382455834135 0.0031824700614603526 
0.2670569644778431 0.13893212800035032 0.09652771088743302 
0.11196067949273884 0.19581857722383253 0.19822921168660224 
0.2526158244716618 0.16044325444240265 0.10166541123669927 
0.394587005956528 0.08907700263481483 0.024725705717311388 
0.08062967255741427 0.2365047252783158 0.18777817856958362 
0.14913408299219216 0.2476470624524329 0.10714036308687636 
0.37390788645150197 0.10780234640780942 0.026186733015953395 
0.15947461128866672 0.3326206624516536 0.017087825282171322 
0.4170445808846774 0.07289090314344045 0.030859998886264117 
0.016280943333219496 0.4916086407961119 2.0416431887851902E-8 
0.38500542264015636 0.10214824829995636 0.026488816636535618 
0.4358498386300771 0.07118285773678781 0.011661027493742877 
0.25719107820725096 0.09122160245715003 0.17761687478927618 
0.4075983979912567 0.020985825231092277 0.07813108223211435 
0.2351299509131428 0.18590988004387557 0.08385171676159232 
0.21214313618770855 0.14255482826982022 0.15197469251085846 
0.22832195972655495 0.281254001959042 9.070238636418255E-5 
0.2939794658866446 0.1871255512664872 0.024747497097827358 
0.07174178396036351 0.4334989621029188 8.129392816352047E-6 
0.311853429904218 0.17404179049754584 0.02553788829139574 
0.08882548552436828 0.319834161542123 0.0974306904037635 
0.3665312529461147 0.05987389545142581 0.08300512986503772 
0.42861292252621364 0.050005744525665745 0.026822311261707334 
0.18424442115315584 0.29040746713352433 0.026317990259683944 
0.3363113642531134 0.15104457393716209 0.027141746649778028 
0.2611881390507717 0.13587896514035963 0.10544969917449509 
0.13944662084101137 0.23156038731939402 0.13291435742779442 
0.30644011372368 0.20541788545849432 0.0 
0.35614776065936365 0.07739679928499282 0.07431207013096372 
0.13398000383146746 0.42523223990903336 3.2847872665016206E-6 
0.1439094693029218 0.34390777135718786 0.023386719092871513 
0.1135138441534538 0.19853505318158396 0.19401530029114994 
0.007271825575905969 0.4795969188339497 0.027280231467381556 
0.027423554734489566 0.4600613989900987 0.0164251315678474 
0.15305498602820364 0.35309520802474825 3.6111137157617847E-4 
0.006747880366860058 0.004885917734019069 0.5137357508517904 
0.35112321388280526 0.1279454832748452 0.03217996590860398 
0.21897351441101723 0.14714466988402233 0.14013393512398617 
0.3018229152345961 0.19966979627911258 0.0028368231569797244 
0.37556225093757833 0.08161588914955216 0.04929796793422773 
0.4745067610030874 0.02426369880854046 0.002104791883137321 
0.04054535727877769 0.02935755665340879 0.44569428586557014 
0.03709508919320593 0.026859331268559626 0.45164277933599106 
0.5000190329876063 4.733430624352913E-4 0.024250023590589892 
0.17204752537399925 0.3009101211805589 0.033037655534976104 
0.05857096606619974 0.44684294233589494 3.893080321757484E-7 
0.3672864779617433 0.05429269571944799 0.08206569313552974 
0.1631107333958854 0.27089832917149925 0.07081847845714775 
0.04937198129706819 0.2693080026420117 0.18701133148226123 
0.22276353891551834 0.12113861077053337 0.17531745671273868 
0.01129195199267208 0.4963455752022309 2.0406299561073748E-8 
0.14313620033136454 0.3630139937215874 3.6111137157617847E-4 
0.47238035125064404 0.026229476988538277 0.005318635051709728 
0.03443462598359695 0.47207357956283114 0.003150645092476939 
0.0012909232454572054 0.45583550097424475 0.04929239136144211 
0.17967680783599016 0.29841167420602216 0.026806005453819982 
0.06519169896094869 0.43667032211882584 0.0031661995041280156 
0.02169360889241 0.4649941387548131 0.0166666508689746 
0.022272332226792344 0.0847083034134073 0.40862380494450484 
0.32655427112204505 0.18224615986477252 0.00196281372783347 
0.3627054029179958 0.045737755107343854 0.10303528926807186 
0.35102281942456165 0.03467438484641947 0.1379804481584957 
0.38804034369128637 0.1029534625927206 0.02309468392639963 
0.32836786495066256 0.03726948130773248 0.13546925395462384 
0.0930993530061506 0.273081065666363 0.13873215773280012 
0.28919384157506 0.21072701540326072 0.004935180442298941 
0.10015194916101315 0.4076505293219304 8.594566575070961E-5 
0.1570230210020208 0.2433887872277461 0.10708266835471286 
0.4863599951308816 0.016451846413077755 0.0 
0.43389475844179504 0.013042863440687462 0.05491161795895135 
0.0691406758662312 0.4130342865024741 0.022853258215197257 
0.17421179289864827 0.30469541249290755 0.026554253330955197 
0.28919384157506 0.21072701540326072 0.004935180442298941 
0.05078798013791941 0.4418338783944608 0.017109621408430798 
0.001159465003750095 0.005805389142550849 0.49770657422005304 
0.08464924430040702 0.4250185310443369 7.082812538570455E-6 
0.31789984430362833 1.286383666746564E-4 0.18710413397832576 
0.10015194916101315 0.4076505293219304 8.594566575070961E-5 
0.4863599951308816 0.016451846413077755 0.0 
0.044795083104556786 0.3692018742836804 0.09978793739452739 
