0.03225049371940877
0.7535405643850069
0.0679129582722728
0.7029854619673911
0.6728208952241755
0.7478161647113596
0.7420335458987876
0.7588859945224632
0.7558883517061146
0.7308786375685792
0.6805527803910126
0.7266053513026336
0.723401431107576
0.737897640849615
0.6856817925097546
0.737914049527788
0.7582461930515524
0.7545425078169782
0.6912862210994706
0.07835465631479661
0.04260706948024501
0.7027064209643599
0.7535845533249168
0.7059434429779029
0.6723458623455956
0.7309151944489215
0.7435517765497478
0.7164016475412972
0.7464403168981495
0.72039594072656
