0.9502647510425593
0.8409008817027176
0.8543927105636957
0.8476253980889817
0.9994531072791679
0.7588293278640337
0.9464782932817988
0.8164838027417487
0.8733499482962851
0.6934315230233149
1.2593921087735467
0.9110281280593455
1.012171842413973
0.8916291192035739
0.9714704629504828
0.8101188855160929
0.8722448345136407
0.7730623056693773
0.8045439859890295
0.7470097558438772
0.8863165621775352
0.9188229821015121
0.7755868213555135
1.020545616806755
1.317106129633555
0.7564115783043932
0.914559904354886
0.8791333010000499
0.8131405850446289
1.5440906636805893
