0.0 0.0012733742502465742 0.4998675383641491 0.5000527777493377 0.5000709620208221 0.5001803233157601 0.4998828696103969 
1.0 0.9999999999996787 0.4999373156609736 0.500077661409246 0.5000390376885807 0.5008601535235735 0.4998769213465133 
0.0 0.0012733742502465742 0.4998675383641491 0.5000527777493377 0.5000709620208221 0.5001803233157601 0.4998828696103969 
1.0 5.609475630321742E-13 0.4999182623487215 0.5000774576635371 0.5000355172413296 0.40090566649884624 0.4998764692372631 
1.0 0.9999999999996787 0.4999373156609736 0.500077661409246 0.5000390376885807 0.5008601535235735 0.4998769213465133 
1.0 2.7067545184525947E-9 0.5005606431079149 0.5000855809105276 0.5001092340273419 0.49940387170118183 0.49988162067553055 
0.9963662374310175 2.006457941094128E-12 0.4998656859012944 0.5000774576635371 0.5000352992607715 0.40090566649884624 0.49988272031702424 
1.0 3.148432353463307E-4 0.4997235934072296 0.5000518650331323 0.5000142710455036 0.4997740538128323 0.4998823148545317 
0.14848073319232424 0.9818529462107173 0.49998005512008303 0.500051159430022 0.4999684698942763 0.4997517214002844 0.4998804405979729 
0.9850422403132824 0.9770275409396814 0.4997486723684493 0.5000879572587763 0.4999603477640765 0.49977020720674215 0.4998766639947488 
0.9628315306567904 0.9999999999999986 0.500560280791378 0.5000770370778574 0.5000151052959823 0.499446578771434 0.4998683354940176 
0.4423612375665591 0.9405678733677397 0.49972976619739534 0.5000750744461746 0.5000355282997048 0.4997705098405389 0.49988041277740103 
0.6348941631962363 0.023475480654128605 0.4998355000382149 0.500075928154921 0.5000960599180858 0.5002519977760533 0.4998768830121971 
0.9159705892554967 2.3723704270675518E-4 0.4999194040848778 0.5000524126500474 0.49996645771655984 0.4996153841977626 0.49988104639995085 
0.4157440547106944 0.22521127148612585 0.4997146278741899 0.500108075203391 0.5000318004277776 0.4993597160238405 0.4998734404494022 
0.09084159073479342 0.27349614981709924 0.4998959889769486 0.5000516356422458 0.5000967145968122 0.4998176993051469 0.49987712573214865 
0.9113530299474369 0.9999999999999986 0.500560280791378 0.5000772839944843 0.499967726414724 0.49946923361508977 0.4996203007695378 
0.5933633976321459 0.9926024832614141 0.499961994467278 0.5000472404680577 0.500072676459153 0.49939120691599886 0.4998817733455773 
0.5941203827679268 0.990174716026203 0.4999576852179177 0.5000504227339384 0.500074228489464 0.49976520404999136 0.4998817733455773 
0.9176303225739557 0.9078757760075525 0.4997417092126985 0.5000877070730069 0.4999615920669651 0.49977020720674215 0.4998815765869108 
0.390007129742987 0.2939902990948444 0.4997235630438853 0.5000518477804765 0.5000139654880813 0.49977457665267383 0.4998823152187253 
0.9980154160288165 0.9997037817372524 0.4997113390531103 0.5000762421870106 0.500097782218926 0.49939120691599886 0.49987477951827686 
0.5420184346073924 0.10643922194092902 0.5004365989341484 0.5000519154303062 0.5000390885363393 0.4998390033053791 0.49987639620097174 
0.5531887597727659 0.9910404332819884 0.49997519649859257 0.5000774813668496 0.5000401959002889 0.49975552752574653 0.49988054183926656 
0.3536431723208019 0.8972785401049117 0.5004200604148523 0.5000783837638619 0.5000355282997048 0.49978314281776876 0.4998748455443771 
0.2611990548959098 0.28319839428545807 0.4999433408720785 0.5000760866640112 0.5000702332625635 0.4998085169818046 0.4998817709192798 
0.08774043458961384 5.1850285357552895E-5 0.4999345495251534 0.5000756010349834 0.5000336712126539 0.49961446367622825 0.4998800376346313 
0.7783385834397862 0.060137370646811183 0.49991362248942345 0.5000518898944449 0.5000716627679596 0.5002005811158944 0.4998673782478532 
0.5193947069462134 0.8999626813506362 0.49991065905205384 0.5000508675120835 0.5000330706113933 0.5001970953073143 0.49988037334551527 
0.8927780645390511 0.25151367596883734 0.499751780696554 0.5000879165293222 0.5001070629702267 0.4997708762360036 0.4998769197769216 
0.8553090856818174 0.38448332967978216 0.499936124539866 0.5000528547538888 0.5005727077823007 0.5001816982494872 0.4998747992696898 
0.5695455221929006 0.9901696536892396 0.49971910184409823 0.5000504328131065 0.4999681068186621 0.49975805467886036 0.49983727444049564 
0.20585056772307259 0.9180062571260319 0.4998959624445188 0.5000776451484232 0.5000938230874139 0.4998094211430694 0.4998814697574018 
0.49939187582940353 0.23195364221531056 0.499751780696554 0.5000879165293222 0.4999704132422864 0.4997708762360036 0.4998769197769216 
0.6981835398580961 0.9999999999860466 0.4997050645675752 0.5000762301832936 0.5004830359534065 0.49939120691599886 0.4998819219182351 
0.9423919531091808 0.14456628432688037 0.4998603461701593 0.5000519059863945 0.5000348514545109 0.4998232720788481 0.49987442466292303 
0.669900538802138 0.5218257838646663 0.49991913228083534 0.5000758256493191 0.4999627836519653 0.5002079760920832 0.4998746178708905 
0.7296232672587775 0.3645529570599306 0.49991913228083534 0.5000519594735423 0.5000998525014375 0.5002033568254081 0.4998747850587505 
0.36146541441030156 2.7067545184525947E-9 0.5005570394208284 0.5000863426986298 0.5001073346565569 0.5008777721757388 0.49988162067553055 
0.4147790917041376 0.006341259468963412 0.5004082387096783 0.5000782584550294 0.5000355282997048 0.49984194847654456 0.4998810403781489 
0.8362689920863305 0.15882383129966682 0.49991800287302196 0.5001071626702889 0.5000694109004027 0.4998257873285892 0.49988057320633794 
0.9275438365612036 0.8683690022979393 0.499932137411503 0.5001076363632686 0.5000859831611727 0.4998424470194341 0.49988154504043397 
0.4158633832554442 0.7708924692080654 0.4999323198129509 0.5001079195119554 0.5000415254338488 0.4997889574304106 0.49988284483977796 
0.28457188110153264 0.12076557992103215 0.49994348436652597 0.5000504100470035 0.5000765134369844 0.4998126999414743 0.49988187028372577 
0.7436635536605997 0.2210813785043786 0.49972217039550615 0.5001067917905849 0.5000436061545258 0.49976671119694605 0.49988310432374566 
0.7789128542741297 0.39543058838429435 0.4997113390531103 0.5000762301832936 0.5005717496394355 0.49939120691599886 0.49987477951827686 
0.815040509253493 0.2057935761333871 0.4997227886953654 0.5000729906628869 0.5000694116943766 0.4994015817539573 0.49988054183926656 
0.770306114504247 0.9267718303078721 0.49972406640781514 0.5000773953143641 0.5000335940395741 0.49978799609509067 0.4998819852900738 
0.6140865672047202 0.9845581876012017 0.4999723937437197 0.5000519047899925 0.5000364001339632 0.4998293273533322 0.49983727444049564 
0.006728966461676061 0.8825702625414094 0.4999323198129509 0.5001079195119554 0.5000407010534489 0.4997890360043824 0.49988284483977796 
0.49241432006777786 0.9836634189911863 0.49974791002338087 0.5000504328131065 0.4999681068186621 0.49975805467886036 0.4998817651014692 
0.8546296137711877 0.7961243025548225 0.49975142581539267 0.5000733509192993 0.5000284281264115 0.4997875023666446 0.4998804139560907 
0.9047946118928253 0.9770275409396814 0.4997486723684493 0.5000879572587763 0.4999603477640765 0.49977020720674215 0.4998766639947488 
0.0760810689792942 0.09911580326120223 0.49992391731314373 0.5000764060825558 0.5000354315408142 0.49951318039659 0.4998748534349157 
0.770306114504247 0.2627860835337208 0.4997242335601208 0.5000773953143641 0.5000335940395741 0.49976778605491656 0.4998819852900738 
0.41264847992810394 0.9262881896561894 0.4997235630438853 0.5000518477804765 0.5000139654880813 0.49977457665267383 0.4998823152187253 
0.8766808893353257 0.8825702625414094 0.4999323198129509 0.5001070124981445 0.4999604236532077 0.4997890360043824 0.49988284483977796 
0.7282128089200368 0.38448332967978216 0.4999152355965303 0.5000518914278168 0.5000737932142374 0.5002269025254331 0.4998747992696898 
0.42253173174809766 0.8690398218707791 0.4999323198129509 0.5001079195119554 0.5000407010534489 0.4997890360043824 0.49988284483977796 
0.3470804629962274 0.2719555306745811 0.49993850296378806 0.500077650594825 0.5000938230874139 0.49980921336256795 0.4998814697574018 
0.5307212086471286 0.9262881896561894 0.5002869358094495 0.5000518477804765 0.5000139654880813 0.4994664364830994 0.4998823152187253 
0.5368493138573581 0.9124728089039077 0.49986617034948105 0.5000527777493377 0.49996694421841414 0.5001773614127826 0.4998829987868457 
0.8926563456170018 0.27657377874082 0.4999564335164565 0.5000870680310965 0.5000826066882108 0.4997672368296013 0.49988046097609456 
0.9999997432660926 0.9262881896561894 0.49983987017662856 0.5000518650331323 0.5000142710455036 0.5002483021412097 0.4998823152187253 
0.8785205993099368 0.9770275409396814 0.49974187332609943 0.5000876283419605 0.4999603477640765 0.49977020720674215 0.49988145958946545 
0.2918512469414064 0.9999020421336712 0.4998600761687821 0.5000470055624158 0.5001023179835995 0.49981327292803124 0.4998818892790311 
0.18073315808939827 0.023732643823950197 0.49996197391793157 0.5000775013465933 0.5000390575171778 0.5002303047109738 0.4998817851591018 
0.7936991775105219 0.9338498629783573 0.49975142581539267 0.5000733509192993 0.5000284281264115 0.4997875023666446 0.4998804139560907 
0.4573701902274323 0.9977523312702744 0.4998600761687821 0.5000754509831156 0.5000340441941661 0.4998303476862142 0.4998818890048989 
0.910472396995526 0.8655742871414968 0.499932137411503 0.5001082795713194 0.5000859831611727 0.4998435631297172 0.4998813375375342 
0.9946005149939521 0.9998968815441562 0.4999194040848778 0.5000754411966857 0.5000998995173817 0.5002469198243804 0.499874894764148 
0.32811783870865113 0.014335526559750067 0.4999194040848778 0.5000511458039139 0.49997012219519316 0.4996153841977626 0.4998823681371045 
0.25657971881977604 0.12076557992103215 0.49994348436652597 0.5000504100470035 0.5000765134369844 0.4998126999414743 0.49988187028372577 
0.9925176579547457 0.2514378029006087 0.49974606129495125 0.5000751226247429 0.5001070629702267 0.4997708762360036 0.4998769197769216 
0.6972236741429285 0.958685007761573 0.499858239155634 0.5000873844216558 0.5002075891509141 0.4997706638953786 0.49987666182712126 
0.800016055832454 0.2057935761333871 0.49971888163957023 0.5000770475571374 0.5000145884351618 0.4995120216840049 0.4998804405279091 
0.5545176559295406 0.21829258665458728 0.4997190491321261 0.5000506393624896 0.4999681068186621 0.49976782730722924 0.49983727444049564 
0.827761281466244 0.0012733742502465742 0.4998675383641491 0.5000527777493377 0.5000693724873397 0.5001773614127826 0.4998828696103969 
0.6082147162786131 0.990174716026203 0.4999576852179177 0.500046819199352 0.500074228489464 0.49976520404999136 0.4998817733455773 
0.9999997432660926 0.9254857791088406 0.4998407009839517 0.5000518650331323 0.5000142710455036 0.49976461625612273 0.4998823152187253 
0.9976395665611419 0.1779328903423668 0.4999486436262639 0.5000774813668496 0.5000401959002889 0.4994015817539573 0.49988054183926656 
0.19774307781126377 0.14456628432688037 0.4998603461701593 0.5000519059863945 0.5000944889697316 0.499809396097095 0.4998740684415492 
0.49437958887552425 0.8999626813506362 0.49991065905205384 0.5000508675120835 0.5000330706113933 0.5001970953073143 0.49988037334551527 
0.8546296137711877 0.8023362888967839 0.49972261763611 0.5000733509192993 0.5000284281264115 0.4997875023666446 0.49983592329511717 
0.7080868063794602 0.9999956281670724 0.499858239155634 0.5000873844216558 0.5002075891509141 0.49981268182295024 0.49987666182712126 
0.0760810689792942 3.0078786886796654E-6 0.4999344953742868 0.5000764060825558 0.5000391809841601 0.49951318039659 0.499876321565689 
0.9180167907358232 0.8818351202869328 0.4998675383641491 0.5001063927867714 0.5000709620208221 0.49984529194019145 0.49988153508583505 
0.8845490757179912 0.2939902990948444 0.4997235630438853 0.500077100677783 0.5000139654880813 0.4997521463553403 0.4998823152187253 
0.31007962739688993 0.10892357899695826 0.4999117979381843 0.5000471140247194 0.5000407488698604 0.49978893319537515 0.49988133555917763 
0.2879485446288007 0.9697322438251381 0.4999453711895446 0.5000554547718976 0.5000702332150255 0.49984105567222314 0.4998818810445877 
0.7107397540244559 0.905130615821925 0.4998600761687821 0.50005077973796 0.4999638563540458 0.49982326901195806 0.4998766639947488 
0.39104853393712313 0.894015892555366 0.5004125513395127 0.5000783837638619 0.5000355282997048 0.4997833741498215 0.4998823311026069 
0.17508475669534967 5.74204245134606E-5 0.4999345495251534 0.5000753395337232 0.5000336712126539 0.49961446367622825 0.49988004769562855 
0.2611990548959098 0.21929800779438552 0.4999433408720785 0.5000457662396277 0.5000702332625635 0.49960638160992366 0.49988176926377087 
0.5330124653844046 0.7920033631322765 0.5002893467935269 0.5000513231155744 0.49996702842298485 0.49947809388908737 0.4998769164433923 
0.8147249142846327 0.9325556780848481 0.4997226944069956 0.5000741531551122 0.5000284281264115 0.4997875023666446 0.499880413760797 
0.7790889149008926 0.958685007761573 0.49985261926062713 0.5000765028650805 0.5002075891509141 0.499811591194807 0.49987666182712126 
0.46190584095546183 0.9926024832614141 0.49985967032610396 0.5000465910975543 0.5000339345560986 0.4998489057995933 0.4998817733455773 
0.8953888501891156 0.12857475671393825 0.49974953068558264 0.5000879165293222 0.5001069841696181 0.4997708919474363 0.49987598978357334 
0.8900437759258467 0.9770275409396814 0.4997417092126985 0.5000879572587763 0.4999603477640765 0.49977020720674215 0.4998815765869108 
