6.024098320872584E-18 0.0 0.5001421658466079 0.5003278003789792 0.5001274087500086 0.49928535438330507 0.5000486052845126 
6.024098320872584E-18 1.0 0.49986328933509133 0.5002451774869177 0.5001130781893964 0.49837943323274003 0.5000547316530823 
6.024098320872584E-18 0.997303236699208 0.4998628161344771 0.5002451774869177 0.5001134510511457 0.49837943323274003 0.5000547316530823 
0.9999999999984551 0.0 0.4997163076102677 0.5063074725786696 0.5035824929502326 0.5997371787823478 0.5000329960770868 
1.0 1.0 0.5001888413805979 0.5001439641729702 0.5001443900042486 0.4999943856300661 0.49960487930083664 
0.9999999999999991 4.894477624334447E-17 0.5002662776119464 0.50014579191405 0.5009888762787238 0.6031043544096285 0.4996641077155208 
0.9999999999984551 0.0 0.4997163076102677 0.5063074725786696 0.5035824929502326 0.5997371787823478 0.5000329960770868 
0.0031984247380992814 1.0 0.49986328933509133 0.5002458526717747 0.5001430849250508 0.49837943323274003 0.5000547316530823 
6.024098320872584E-18 0.0 0.5001421658466079 0.5003278003789792 0.5001274087500086 0.49928535438330507 0.5000486052845126 
0.9999999999995215 4.894477624334447E-17 0.5002662776119464 0.50014579191405 0.49995783238306646 0.6017114329888581 0.49963113883256893 
1.0 5.710138223840656E-7 0.49971773871763 0.5002440309357257 0.5001215696557781 0.4990284730267217 0.4996644267726895 
0.3526826831990615 0.8915091386453837 0.5001783216548862 0.5002470557036662 0.5001002718579075 0.4998266889756805 0.5000555904175716 
0.9969129230876931 4.894477624334447E-17 0.5002614040819946 0.50014579191405 0.49995783238306646 0.5997371787823478 0.49963113883256893 
0.3453791134300278 0.9989856717864055 0.49973297295265323 0.5001428634434244 0.5000658138280925 0.49972047655412494 0.4999241535861083 
0.5866831524587788 0.8836156821579157 0.5001783216548862 0.5002470638168508 0.5001002718579075 0.4999157083959176 0.5000524031660641 
0.37204343658480565 0.998990718573696 0.5001888956961266 0.5001428634434244 0.5000656195768843 0.4999808897876876 0.49992245965558096 
0.6029682053625741 0.8915091386453837 0.5001783216548862 0.5002470557036662 0.5001002718579075 0.4997256351415998 0.5000555904175716 
0.725846306683538 0.8242976998877678 0.5001352864890449 0.5002316987166663 0.5001093786395577 0.5003895532680833 0.4999300746386624 
0.187618354524983 0.8808847539737132 0.5001265749039414 0.500055007285746 0.5001002718579075 0.4999853022590588 0.49991558718495893 
0.9991687624065744 0.0 0.4997232609038202 0.49972912133018077 0.49995783238306646 0.5997371787823478 0.49963113883256893 
0.981805406039701 0.9999508138432331 0.5001682964951409 0.5002649032012757 0.5001454353117317 0.4999943856300661 0.5000678687037321 
0.6866268517618274 0.134299531609134 0.5001678123954628 0.5000455585387208 0.5001016232021954 0.5000690519204102 0.5000783134200102 
6.024098320872584E-18 0.026289344326239972 0.5001421652464766 0.5001330871703589 0.5001274087500086 0.4992718901206649 0.5000486052845126 
0.7681294011525566 0.14429328833642413 0.5001262471904462 0.5000453524757763 0.5001010959852087 0.49998092898378216 0.49991558718495893 
0.9999999999988558 4.894477624334447E-17 0.5002662776119464 0.50014579191405 0.49995783238306646 0.6017114329888581 0.49963113883256893 
9.382585533097287E-4 0.9861202749119087 0.5001779503125579 0.5002634000153572 0.5000805682601448 0.5003833410819812 0.5000728422600159 
0.9350209651529064 0.8960445181778145 0.5001734043322692 0.5001517204052375 0.5001125072337377 0.4999800017815652 0.5000635540966486 
0.751386518309923 0.1946016078132144 0.5001801895622598 0.5002471266896944 0.5000618792153072 0.5001124307326588 0.500055155121809 
0.6600485205579909 0.9963834073991231 0.5001732899646968 0.5002714144898339 0.500114831057618 0.500059102844414 0.5000733815204187 
0.39688578875581826 0.95261183159372 0.5001699245471977 0.5001501761742774 0.5001363556483657 0.4997075299383027 0.5000740113470215 
0.22372360749248454 0.9132390371515683 0.49989661116797246 0.5001316442495845 0.5001275067557127 0.5003635515756722 0.49992820559380713 
0.9813710621496752 0.9854228601385446 0.5001693745738747 0.5002390197348946 0.500112540016549 0.4999823832715889 0.5000671454394161 
0.8250219894855787 0.8915091386453837 0.5001784079077592 0.5001575237972539 0.5001002718579075 0.49985973455535987 0.5000524115494767 
0.6814169881176975 0.9423374000418959 0.5001412260185725 0.5002639183493969 0.5000705735043609 0.5001882636216164 0.49991942421449254 
0.267852842802607 0.9912875910749864 0.5001777943529665 0.500263124135727 0.500114831057618 0.500059102844414 0.5000733815204187 
0.9259277155864026 0.9877895860676585 0.5001316726599485 0.5002391704217496 0.5000785039145783 0.49972255338602856 0.5000522202763091 
0.4857182395974011 0.9027087353918136 0.5001813825154349 0.5002321365608761 0.5000630799858904 0.5003035128332494 0.5000786691854012 
0.2932619388614978 0.8760722358257083 0.5001635283182345 0.5002639603675936 0.5001358542155668 0.49994492011356195 0.49992322962106256 
0.2812539867893184 0.8746903037118698 0.5001635283182345 0.5002640443361147 0.5001358542155668 0.49994492011356195 0.49992322962106256 
0.5379418707985981 0.9074587652461737 0.5001639212442793 0.5001301223598347 0.5001073807560303 0.49997970629599153 0.49958593274990404 
0.32549268641420603 0.9030278109862794 0.5001891681194633 0.5002650659885608 0.5001018387382659 0.4999943856300661 0.5000547068807578 
0.31884597720049906 0.010884216414085157 0.5001827837472386 0.500267693677899 0.5001505612416091 0.5001653680216271 0.49993022640927914 
0.5053193366265614 0.8915091386453837 0.5001783216548862 0.5002467441499364 0.5001002718579075 0.4997192614870147 0.5000555904175716 
0.2531642846555816 0.8746655860101545 0.5001635283182345 0.5002631785957317 0.5001133486504025 0.49994492011356195 0.4999247333484563 
0.9995346868808329 0.9959026740017067 0.5001335753436411 0.5001486659812147 0.5001448477729497 0.499992229793024 0.49961026260445884 
0.44475707754444777 0.10436364076012672 0.5001852324329839 0.5003287482003098 0.5001358610163243 0.5000618275705815 0.4996712110782786 
0.07615113000709961 0.9866952994160558 0.5001901441843595 0.5002650866213715 0.49995571144686374 0.4997213314234082 0.500064205962319 
0.513287743177425 0.7760535023156724 0.5001777819196745 0.5004427474944726 0.5001002718579075 0.4997136238307231 0.500054754156965 
0.7867292719098036 1.0 0.5001891681194633 0.5002645031887137 0.5001439925850969 0.4999943856300661 0.5000522534079356 
0.725997627122137 0.9449817513887218 0.5001352864890449 0.5002469725536988 0.5001093517865379 0.5003889499782856 0.50006286590846 
0.3267203448095177 0.8812305576827812 0.5001784496102729 0.500131583357801 0.5001327783644455 0.4998577637658492 0.4999372945871669 
0.04694300536126189 0.8398984182922762 0.5001659043826397 0.5002572239443449 0.5001287960127212 0.4998008227659331 0.49992107866155033 
0.751386518309923 0.04980950846198745 0.5001801580361122 0.5002412530151927 0.5000656436278836 0.5001124307326588 0.5000527028792137 
0.2782709801429918 0.19197887639791678 0.5001807063441467 0.5002470819093044 0.5000787262883765 0.5003673397239368 0.4999233820481931 
0.6439908132496878 0.8918947747331277 0.5001352250752142 0.5001502246191734 0.500067744282165 0.5001905318090311 0.49993547052590515 
0.18102550323010597 0.9949032851171307 0.49972545478218294 0.5001400018402751 0.5001455867009369 0.49972047655412494 0.5000619017136426 
0.48580064382580457 0.9968600897012962 0.49986424039052263 0.5002321365608761 0.5001133324448207 0.5003035128332494 0.5000556066929426 
0.8686693605254523 0.9854228601385446 0.5001634402763163 0.5002643260165167 0.5001355331066604 0.4999823832715889 0.49991263213759163 
0.8424318771494627 0.8868483539771086 0.5001690065898865 0.5001416210744919 0.500112540016549 0.499965570867139 0.5000635540966486 
0.5677001971184377 0.9967135414689946 0.5001801086669342 0.5001458105623287 0.5000705223686768 0.500059102844414 0.5000733815204187 
0.18184158746914253 0.9529547699323676 0.49973635066657596 0.5001400018402751 0.5001455867009369 0.49972047655412494 0.5000621212443455 
0.6291351623519947 0.9785680453260138 0.5001800940852824 0.5002693194023254 0.5001153698827397 0.4998569257361856 0.4996048301685957 
0.6600485205579909 0.9400984239861991 0.5001732899646968 0.5002642254029975 0.5000703822735122 0.5001891902640662 0.5000733815204187 
0.8556947749437406 0.7930620486464219 0.49974416088691304 0.5003103519399965 0.5001358542155668 0.5001867022059352 0.5000668798608239 
0.44851124028230177 0.8818109496217806 0.5001784954830556 0.5002411820291646 0.5000964553046982 0.4998282740685436 0.4999232522363114 
0.11839171856710923 0.9845836081281925 0.500180101406887 0.5002638213321849 0.5000657586440607 0.49991776102709284 0.49992425735675955 
0.609167713967214 0.95261183159372 0.5001883140698803 0.5001501761742774 0.5001363556483657 0.5001896063390253 0.5000734381841423 
0.5745795530664468 0.12199972290319888 0.5001776574557807 0.5002702255098777 0.5000790704421155 0.50015150716096 0.4996204711357282 
0.8109954046134267 0.08463697925563984 0.5001423920684152 0.5002439853323821 0.5001161750168754 0.5000448776227642 0.4994896240613193 
0.9609067496047168 0.07101260776928997 0.5001652379352299 0.5002516669575312 0.5001280945989659 0.4998008227659331 0.49990837147326594 
0.23334600288592583 0.9999206121333997 0.5001585271545789 0.5002639915224089 0.5000636211055507 0.4999855365320871 0.4999348203093707 
0.6327038604979993 0.8918947747331277 0.5001352250752142 0.5001502246191734 0.500067744282165 0.5001905318090311 0.49993547052590515 
0.969319267732413 0.7727337204305421 0.5001889297102025 0.5002467441499364 0.5000998678107139 0.4997203732994748 0.49992045324646606 
0.8556947749437406 0.004046990974734099 0.49974416088691304 0.5002441652840877 0.5001365468485962 0.4990418581231899 0.5000719866775635 
0.9882241145773955 0.8746903037118698 0.5001635283182345 0.5002645345546703 0.5001358624720463 0.49994492011356195 0.49992322962106256 
0.7104130077236634 0.9529547699323676 0.500179546522261 0.5002471639833561 0.5001148657393257 0.5000586952397799 0.5000614100510657 
0.6866268517618274 0.8708788288302025 0.5001678123954628 0.5000535218019698 0.5001016232021954 0.5000690519204102 0.5000783134200102 
0.9407221864513319 0.9721434906462877 0.5001691693510113 0.5000511021280525 0.5001141616799419 0.5001805464424568 0.4999209625115671 
0.45367430569368067 0.953705856787419 0.500138602789137 0.5001501761742774 0.5001438585243773 0.5000575822725014 0.4999093684706661 
0.43653534833639807 0.8824585617883232 0.5001654624901521 0.5002463226045729 0.5001287960127212 0.4998008227659331 0.49992107866155033 
0.9646760590193436 0.9854228601385446 0.5001693745738747 0.5002390197348946 0.500112540016549 0.4999823832715889 0.5000671454394161 
0.8909624823473143 0.8242168655339195 0.5001716963004212 0.5002316987166663 0.5001093786395577 0.5003895532680833 0.4999300746386624 
0.6029682053625741 3.7117954678406173E-4 0.5001783216548862 0.5003915386867561 0.5001002718579075 0.5008466692342737 0.5000555904175716 
0.020485975184368677 0.01873100642354597 0.5001635379565207 0.5003279977406995 0.5001358542155668 0.4999448935011022 0.5000478790636506 
9.740951697310707E-4 0.18562803786243498 0.5001845307676075 0.5002405171019936 0.5000801010886802 0.5003833410819812 0.5000444875333854 
0.8230971528943152 1.0 0.49987232900747863 0.5002642531570417 0.5001444691617113 0.49998647817536745 0.49960487930083664 
1.0 0.9095581624964624 0.5001808661653593 0.5002324083768124 0.5001439925850969 0.499858017517509 0.499590070454494 
0.910735900907229 0.9854228601385446 0.5001681150886608 0.5001517204052375 0.5000659848096789 0.4999800017815652 0.5000635540966486 
0.13060646355223204 0.9860670082358978 0.5001818497128698 0.5002640434758991 0.5001133354754614 0.49991248894151963 0.49993042370038526 
0.4188674251255149 0.9608804020642969 0.5001628782802865 0.5000440041801113 0.5001008009749307 0.49971062600828353 0.5000740113470215 
0.5208691450573376 0.910175756144042 0.5001801094580445 0.5002318205244759 0.5001002734840807 0.4999504903818151 0.5000741196577344 
0.8945154865191162 0.9676190582629396 0.5001762713835637 0.5003736899196343 0.5001141616799419 0.4999727183131704 0.49992112090327856 
0.8429232833895113 0.9127725875090088 0.500157515776503 0.5002640108785285 0.5001087906251934 0.5003625424944192 0.49960594916054524 
0.7104130077236634 0.9529547699323676 0.500179546522261 0.5002471639833561 0.5001148657393257 0.5000586952397799 0.5000614100510657 
0.014405618619916849 1.0 0.5001901441843595 0.5002645031887137 0.49995571144686374 0.5000148925356178 0.500064306483267 
0.45367430569368067 0.953705856787419 0.500138602789137 0.5001501761742774 0.5001438585243773 0.5000575822725014 0.4999093684706661 
0.23421595194587097 0.9863451528579408 0.5001585271545789 0.5002639915224089 0.500063715362089 0.49998026444651394 0.4999350176004768 
0.2093892599753301 0.06375887239495309 0.5001807063441467 0.5002439963455365 0.5000775778561599 0.5003778580388949 0.4994896027180523 
0.8246192280987672 0.9196637179340399 0.5001639212442793 0.5001578796242033 0.5001093637758108 0.4998557683592952 0.4995869852273524 
0.8938897192088043 0.7885455793824799 0.49975126291946537 0.5000376815658223 0.5001358542155668 0.4999788740766487 0.49991838035769554 
