1.0 1.0 0.4995793211015205 0.4993219197289469 0.5004531779666859 0.5005978815257468 0.4998232203705872 
1.0 1.0 0.4995793211015205 0.4993219197289469 0.5004531779666859 0.5005978815257468 0.4998232203705872 
0.4799376549469434 0.0 0.5006523850821304 0.4985208498569951 0.5001791737075243 0.49981493683322564 0.4999698515931567 
1.0 0.0 0.5016859188262401 0.4999375908671477 0.5001792135625751 0.4998723814558204 0.4999765026417882 
0.0 0.2524029092405315 0.5005648368209336 0.4982099318368866 0.5001713259251557 0.49972447658694896 0.4999511734867571 
0.9952951196392117 0.0 0.5006523850821304 0.4999602978478548 0.5001855156568938 0.49981458390385897 0.4999709369189873 
0.26163936601757315 1.0 0.5001465234952349 0.49983174419062976 0.5003955222438122 0.5997456078648512 0.49982615307842765 
0.0030683860380519012 0.011379465243447795 0.5001070614671833 0.4993832812498327 0.5001909399529214 0.5006759400431439 0.49981393686344083 
0.4903503024411456 0.660030441442166 0.5001018657108923 0.4993884432213548 0.5003400310915532 0.49988407084814435 0.5004519806247051 
0.4904952525913703 0.33267037207029915 0.5001043450307376 0.49938177221645536 0.5004617462779964 0.5010960757696004 0.4999635212759167 
0.14075281239098458 0.481111754547641 0.5001402063846786 0.49938165996227374 0.5003369589414028 0.499721891948623 0.4999526826866002 
0.46956404874781943 0.2768179101255993 0.5001050592625441 0.49938177221645536 0.5004658873825771 0.5010960757696004 0.4999635266737233 
0.5583687548161617 0.660030441442166 0.5002390239785954 0.4999568034171342 0.5003400310915532 0.49988407084814435 0.5004519806247051 
0.2372420814226563 0.5016779556018524 0.5002513164793202 0.4998315519373317 0.5003478567956872 0.49979395409694666 0.49982505145294037 
0.4660551823382077 1.0 0.5001465234952349 0.49983174419062976 0.5003955222438122 0.6003127223064287 0.4999642410111155 
0.6396118142248648 0.481111754547641 0.5002487741622391 0.49996175837248125 0.5003369589414028 0.4997228561475772 0.4999525296715283 
0.48669665052361244 0.96370676362253 0.5005858901721174 0.4999398146495108 0.5001800573831612 0.4997254567525521 0.4999481418234371 
0.2217364475399788 1.0 0.5002969977624224 0.4998431997223708 0.5001930476501018 0.6001680527644545 0.4999489194885911 
0.9919319244128209 0.26158956131104555 0.5002376377514733 0.49993833686213507 0.500452525446872 0.5000482019762257 0.49994528327984916 
0.9584518574106231 0.572595184957243 0.4996861661452974 0.5000183597497713 0.5001729897960193 0.49983295932676686 0.5004421532768478 
0.749641549572394 0.9617048518321369 0.49967624396466853 0.4999606040392532 0.5003327375047147 0.4998357811024819 0.5004575723544006 
0.771611514086967 0.9954389119450808 0.49967624396466853 0.4999606040392532 0.5003327375047147 0.4998357811024819 0.5004575723544006 
0.9840179815443633 0.9999999954910433 0.499675868883492 0.49938096107129437 0.5004514345029013 0.5000482019762257 0.50049005388254 
0.6830002919379351 0.9616935693515115 0.499675868883492 0.49995525761137505 0.5004512085064162 0.5000482019762257 0.5004213755776505 
0.9994604761241982 0.2573665712218301 0.5002376377514733 0.49938096107129437 0.500452525446872 0.5000482019762257 0.49983589172933857 
0.18496757805245384 1.0 0.5001465234952349 0.49983174419062976 0.5003955222438122 0.5997456078648512 0.4998261556184018 
0.9906333026182442 0.9795139954595049 0.5001806477521864 0.4999382807335836 0.500174450056633 0.499520750542641 0.49997096487784853 
0.4904952525913703 0.2799425187687815 0.5001050592625441 0.49938177221645536 0.5004617462779964 0.5010960757696004 0.4999635266737233 
0.25708632661897357 0.9011622848787227 0.499675868883492 0.49995525761137505 0.5004512085064162 0.5000482019762257 0.4998258787114814 
0.6887140699081247 0.08058080110522542 0.5001452415907859 0.49993201139051024 0.5003472551634756 0.499880965238623 0.49985413792199673 
0.17348959283704282 0.49003428777567637 0.5002816470940589 0.4998390408000573 0.5001901261165236 0.4998002189493416 0.5004514614053411 
0.4831724615184667 0.021347624830146017 0.5006374640044524 0.49989062287360186 0.5001800038567246 0.49981493683322564 0.4999698515931567 
0.8818119422142101 0.5180481500460504 0.4996712415912419 0.49997101144322215 0.5003327375047147 0.49983933334950026 0.5004394955113933 
0.1941514816507187 0.5128000539890069 0.5002734472181772 0.49996175837248125 0.5003369193948846 0.49972329065752796 0.4999525296715283 
0.9756189190158084 0.4609237932555824 0.5002838609792719 0.4998390408000573 0.5003556751712518 0.49979395409694666 0.4998593307227548 
0.8413869692841445 0.7655693763507624 0.5003037103250436 0.4999698758801581 0.5003327375047147 0.4998179521773941 0.4999425683514342 
0.862464725630535 0.2573665712218301 0.5002643301290256 0.49931473644495383 0.5004513070827228 0.5000482019762257 0.49983589172933857 
1.0 0.9913767651846306 0.500109913994901 0.49932207815413493 0.5004531779666859 0.4998931939607666 0.4998232203705872 
0.007837139232998905 0.9905107715398427 0.5002987503233594 0.49982947069303924 0.5003525095111304 0.499520750542641 0.49950502835660004 
0.9412276135131465 0.6867505810749083 0.5002968300471233 0.49997101144322215 0.5003327375047147 0.49983933334950026 0.5004490561332556 
0.19478085433054415 1.0 0.5001465006784886 0.4998322945163175 0.5003379099752205 0.6001680527644545 0.4999489194885911 
0.14265276373973584 0.9947255160992167 0.499675868883492 0.49938096107129437 0.5001893392551886 0.5000482019762257 0.50049005388254 
0.8296802078272677 0.053535597166768145 0.5001173713262685 0.4993835422459207 0.5001877209765867 0.49972329065752796 0.4997904034560681 
0.9656389788956242 0.6155735086544173 0.4996712415912419 0.4998288916991684 0.5003327375047147 0.49983711934160463 0.5004400205883022 
0.7975292691913279 0.22283452137970122 0.5002394447978826 0.4999607244098805 0.5004637285356389 0.5010504759473074 0.4998547593810915 
0.702163857883022 0.5716423477367845 0.5001353715064395 0.49993204037211464 0.4999925572883143 0.4997207144673951 0.5004420858289996 
0.7432221119042237 0.9617048518321369 0.4996871782062346 0.4999606040392532 0.5003327375047147 0.4998358736336948 0.5004516645272582 
0.9732084109701931 1.0 0.4995814351629256 0.4993685152334139 0.5004529661057573 0.5005978815257468 0.4999268543100077 
0.9198413279475453 0.5318443478519894 0.4996712415912419 0.49997101144322215 0.500332711966327 0.49983933334950026 0.5004394955113933 
0.0320093382898749 0.5274962970391601 0.5002514692973881 0.49982065025499295 0.5001791737075243 0.4998161228624112 0.5004711751585661 
0.9993382143224768 0.99999999410904 0.499675868883492 0.4999815738487277 0.500452525446872 0.5000482019762257 0.5004965507841358 
0.4904952525913703 0.9999994634244973 0.5001050592625441 0.49938177221645536 0.5004617462779964 0.49973892914139817 0.4998195945400919 
0.21844464174517447 0.5120286425961476 0.5002734472181772 0.49996175837248125 0.500390517945402 0.49972329065752796 0.4999525296715283 
0.8765465062263347 0.9998404380242497 0.4997318701193921 0.4999375847569891 0.5004756986270924 0.4990993137874956 0.4999754051116915 
0.9419191522284632 0.6151640960165511 0.5001159372359595 0.4999512391381491 0.5003397441485189 0.49983983739537147 0.5004519806247051 
0.7880942345529316 0.5196130108693566 0.5002513164793202 0.4998390408000573 0.500347988202455 0.49979395409694666 0.500451428810653 
0.6072172306936425 0.4915031158311046 0.5002513164793202 0.49982329999342595 0.5003255129296722 0.49990743214056643 0.49982513753519725 
0.7880942345529316 0.591700243095988 0.5006367461369129 0.4998390408000573 0.500347988202455 0.49979395409694666 0.5004601497716645 
0.24303219357257733 0.011606718571826241 0.5001594869073748 0.499929590405058 0.5003280388128026 0.49972329065752796 0.5004435966158883 
0.5897664258051958 0.057128885559935116 0.4996391762021555 0.49984332356395794 0.5003560900790908 0.49991088351194546 0.4999447007856493 
0.8413869692841445 0.6954390833319051 0.5002968300471233 0.49997101144322215 0.5003327375047147 0.49983933334950026 0.5004490561332556 
0.8611829058718665 0.9725763365521348 0.5005858901721174 0.4999375847569891 0.5001847946104094 0.4997251617347724 0.4999481418234371 
0.9499641987194418 0.036457660582937534 0.4996620372808991 0.5000240524617569 0.5001919281767062 0.49991088351194546 0.49994493946473567 
0.9998961558143821 7.15955601518492E-4 0.5002428808536002 0.5000092347772466 0.5001858148290004 0.4998146053470536 0.4998593307227548 
0.8188167386413667 0.053535597166768145 0.5002910531988711 0.49993154190963257 0.5004743216378403 0.49972329065752796 0.5004562178869834 
0.9999999774360516 1.0 0.5002413817664411 0.4993219197289469 0.5004531779666859 0.5005978815257468 0.4998232203705872 
0.22202442276391726 0.011606718571826241 0.5001594869073748 0.499929590405058 0.5003280388128026 0.49972329065752796 0.5004435966158883 
0.9998961558143821 0.45830205252354583 0.5002428808536002 0.4999528910945315 0.5001858148290004 0.49979395409694666 0.4998593307227548 
0.5920259014301963 0.4915031158311046 0.5002513164793202 0.49982329999342595 0.5003255129296722 0.49990743214056643 0.49982513753519725 
0.007604636579753243 0.2924229267408536 0.499710212614077 0.5003398227688345 0.5004649303805535 0.4997525583473767 0.49995844314462273 
0.8607537538423526 0.9999994634244973 0.5005602401873818 0.49938177221645536 0.5001947808181346 0.49973892914139817 0.4998195945400919 
0.6803608809817406 0.9999999937466049 0.499675868883492 0.5000535099395991 0.5004449800017828 0.5000454143892784 0.5004965507841358 
0.8503338962436421 0.6954390833319051 0.5002968300471233 0.49997101144322215 0.500331161723211 0.49983933334950026 0.5004490561332556 
0.5908476567593398 0.660030441442166 0.5002387098058506 0.4999568034171342 0.500332748319055 0.49988457039309786 0.5004403289113536 
0.2184058395421739 1.0 0.5003042374760288 0.499845529742991 0.5003372289791441 0.6001680527644545 0.4999489194885911 
0.7878081917978306 0.9747201382532942 0.5005906525434938 0.4998390408000573 0.5003473287949399 0.49979395409694666 0.500451428810653 
0.5960729381976216 0.00235529809223115 0.49966269201223923 0.49936955720176024 0.5003999794083162 0.4997946844101997 0.49995015728278736 
0.5840113951260385 0.026805706995519013 0.5006932530318523 0.4999981401755157 0.5001754921047277 0.49990187302646005 0.49994633565187413 
0.9499641987194418 0.002284156700605444 0.4996559977821678 0.5000240524617569 0.5001325784421523 0.49991088351194546 0.49994493946473567 
0.7878081917978306 0.9702021415511971 0.5005906525434938 0.4998390408000573 0.5003473287949399 0.49979395409694666 0.5004738024913674 
0.1717093164310422 1.0 0.5001465234952349 0.49983174419062976 0.5003996274011269 0.6001649819773289 0.4998261556184018 
0.9267375497287111 0.5014355775998129 0.4996712415912419 0.49997101144322215 0.5003327375047147 0.49983933334950026 0.5004394955113933 
0.9242020182337628 0.5138825840837258 0.5001621296559975 0.49993221218672956 0.5004632923724616 0.49972329065752796 0.5004609103040537 
0.9952951196392117 0.030668582226779262 0.5002472974800997 0.49984409696373644 0.5001855156568938 0.49979411245060185 0.49998399465900695 
0.17990935393551316 0.49003428777567637 0.5002707128524929 0.4998390408000573 0.5001901261165236 0.4998001264181287 0.5004573692324835 
0.6831669877807186 0.990574117296366 0.499675868883492 0.499832825960929 0.500452525446872 0.5000482019762257 0.5004503836810337 
0.7880942345529316 0.4892716723550677 0.5002798167196238 0.4998390634400634 0.5001803610540364 0.49979395409694666 0.500451428810653 
0.8716124153351852 0.9725763365521348 0.5005858901721174 0.4999375847569891 0.5001847946104094 0.4997251617347724 0.4999481418234371 
0.753748526752835 0.9968651881059852 0.4998487376115684 0.4999607016292103 0.5003326446197097 0.5000402701366085 0.5004575723544006 
0.8759505147005657 0.0 0.4996696382788202 0.5000807746028573 0.5003277300988225 0.4998151703458884 0.4999500600897493 
0.819525786436816 0.061930106324898204 0.5001452415907859 0.49993201139051024 0.5004414020611032 0.49972329065752796 0.49985413792199673 
0.7452098527667972 0.9983527923310854 0.4996734376936207 0.49983351753874783 0.5003327375047147 0.4998357811024819 0.5004575723544006 
0.8614983644484662 0.9998404380242497 0.5005858901721174 0.4999375847569891 0.5001842435811766 0.4997251617347724 0.49995103872512875 
0.576355176621831 0.660030441442166 0.5002390239785954 0.4999568034171342 0.5003400310915532 0.49988407084814435 0.5004519806247051 
0.6141072413400024 0.057128885559935116 0.4996391762021555 0.5000240524617569 0.5003560900790908 0.49991088351194546 0.4999470453032887 
0.8155003057449635 0.2573665712218301 0.5002643301290256 0.49931473644495383 0.5004513070827228 0.5000482019762257 0.49983589172933857 
0.8155003057449635 0.2573665712218301 0.5002643301290256 0.49931473644495383 0.5004513070827228 0.5000482019762257 0.49983589172933857 
0.05788962141914594 0.9999999996417481 0.5001465060577106 0.4998782627858557 0.5003396427768373 0.500561471415593 0.4998176270821229 
0.9973205434844308 0.9720232331590014 0.499675868883492 0.4999815738487277 0.5004530764761047 0.5000482019762257 0.5004936538824442 
0.12363795484737944 0.999999948321762 0.5001455150202668 0.4993817064733154 0.5004617462779964 0.49973892914139817 0.4998179882575509 
