1.0 0.0 0.5001558642285859 0.5000806235519873 0.5003377806623833 0.500091681817183 0.49989958588289257 
1.0 1.0 0.500156500920017 0.5000653696704045 0.5000734870333691 0.4998850710165788 0.4998546248345135 
0.0 0.20979041001341994 0.5001409895040412 0.5000923957042949 0.4999593055886571 0.5000862041737034 0.49986501820548657 
0.9823748035436362 0.0 0.5001558642285859 0.5000806235519873 0.4999863312704627 0.5000891240959281 0.49989958588289257 
0.8313070059209956 0.7743614192404589 0.5002350775697448 0.49978594539394133 0.4999913140698572 0.4998846524334638 0.4998983990493366 
0.16627244500542937 0.42667086016001776 0.5001267948552051 0.500110603655967 0.49998579493668954 0.5000219445308168 0.4997455862363946 
0.220077111751049 0.07493844803583805 0.49982340559699906 0.4997801980283275 0.5003402590490189 0.4998653290498776 0.49986324550008354 
0.15016465799294593 0.058409577502177346 0.5001700811923215 0.49977946980199295 0.5002952442151735 0.5003576594200818 0.49985203063099154 
0.9740543702317224 0.9899347388951008 0.5001414445240675 0.5000827505454973 0.5000755665684019 0.500088735024185 0.4999476854779538 
0.9627874280611438 0.7848026106630501 0.4998318647759427 0.4997776794441061 0.5003401797234577 0.4998546653757468 0.4997935296896745 
0.6850956281150962 0.32374560233622807 0.5001409852511863 0.5000716594222778 0.4999565636213171 0.5003188790196493 0.4997996653577527 
0.9485442971528828 0.15731431126497192 0.5001718790036254 0.4998506326123848 0.5000718041826384 0.500384775620512 0.49989575987832346 
0.9947495159905735 0.840972075487961 0.49982340559699906 0.49977842397369227 0.5003315841552319 0.5003817706397874 0.4998565118182508 
0.9405244537932338 0.12349894700607789 0.4997983971541998 0.5000631112568676 0.5003322824438234 0.4998016022918845 0.49971247382202033 
0.4220179905533141 0.007941685776282958 0.5001499788989975 0.49988748155559304 0.5000884599399991 0.5003840647798422 0.4998984916678818 
0.3861342087600424 0.07493844803583805 0.49982340559699906 0.5001719909434955 0.5003665238901809 0.49985421930980495 0.49985348357095377 
0.5337012893865104 0.8699686026050696 0.5001363645708113 0.5000789545084751 0.49995871062990127 0.500345129977822 0.49980693936488524 
0.8762531800695866 0.40934922229243487 0.4998354979397515 0.5001082744842248 0.5000620779611851 0.499878404454616 0.49986922443668175 
0.7984621574327583 0.8543319063013437 0.49974149267014173 0.5000743098937264 0.4999913140698572 0.4998532048296692 0.49986011856489154 
0.07897255515939011 0.18118348130424547 0.4997526127903641 0.4998960917184726 0.49997847391724565 0.5003618990340867 0.4998546788531264 
0.4634855389414799 0.9167441265458334 0.4997447316713976 0.4998876007516598 0.4999915754992149 0.4998629334300032 0.49994741811401616 
0.788443960957849 0.012040765437180523 0.49974414671161604 0.5000788126582133 0.49994389729344346 0.4998332078020539 0.5001056017912774 
0.8979385442591042 0.9766735405857394 0.49981456107115996 0.499779277370171 0.5003401797234577 0.49980680209727024 0.4997935296896745 
0.7144880350205799 0.8353930479606633 0.5001414445240675 0.5000769638736772 0.4999593055886571 0.500345052313804 0.4998032811500179 
0.9261816529741804 0.06953144633189204 0.49982340559699906 0.4997106343922878 0.5003670945657334 0.49985421930980495 0.49985348357095377 
0.8540846914461305 0.8760176309425949 0.49974142908018165 0.5000673407909005 0.49999157756607804 0.5000853410602862 0.49994618475661634 
0.7708489773696635 0.21506063211080131 0.5001333109843848 0.49977926053882554 0.5000580250666685 0.4998730000156083 0.49985609232684924 
0.45640882298969565 0.8848794839280071 0.5001735795499145 0.49991950078927716 0.4999871080039298 0.5000857201130869 0.4998513988164053 
0.47922069599200373 0.9174042826037385 0.4997229049596687 0.5000653438740921 0.5000775656660219 0.5000894317929433 0.4998508893641345 
0.8368233753971754 0.8412472348783864 0.5002350775697448 0.4997783854647341 0.4999913140698572 0.4998630757445468 0.49986231052557195 
0.6573702967423809 0.22278694415928238 0.49965809427214625 0.4999184175808141 0.500053474129241 0.49987646933618546 0.49986142950463414 
0.8468243128975576 0.42667086016001776 0.49983179769650754 0.5001090810934696 0.49998579493668954 0.4998543124016672 0.4997449888701761 
0.6551617102974258 0.8074011310402005 0.5002447055378536 0.4998837040699335 0.5003767885392469 0.49988193354504384 0.49994741811401616 
0.944064728052909 0.06334669718391484 0.4997403655525228 0.49971153993347917 0.5003791801065934 0.4998565906381593 0.49985348357095377 
0.7931332230299938 0.11820983936554202 0.49965809427214625 0.5000723609185798 0.49995881787466045 0.4998329512992532 0.49986142950463414 
0.8541838526662037 0.3770638958135102 0.5001460295745526 0.49991267063934114 0.5002886527176298 0.4998826436242786 0.49984209085531456 
0.8478413235429018 0.9983908496009193 0.5006378889797681 0.4998835715290933 0.5000609317811144 0.4998851088976677 0.49979873141211995 
0.42987468195378664 0.31382629213000074 0.5001417353023935 0.5000827505454973 0.4999593055886571 0.5000856621038663 0.4999610911848649 
0.9793500160448707 0.17318296737504985 0.5001704401524365 0.5000966890806174 0.5003547035829409 0.5003922537444613 0.499856640096146 
0.5579330569560378 0.4422021925134344 0.4996006747009289 0.5001479468507558 0.49998614159604565 0.5003704571724152 0.4999634784202694 
0.825930849175637 0.22905356694605505 0.49965809427214625 0.5000723609185798 0.49995881787466045 0.4998329512992532 0.49986142950463414 
0.7619833079835439 0.04361426809822305 0.49974149267014173 0.5000673407909005 0.49996855846557114 0.5000703675013174 0.4998593595397825 
0.5604095039052599 0.044199024505263695 0.499601911382557 0.5001443119456194 0.5003251637650254 0.4998777835219786 0.49986038832918156 
0.6311808683934103 0.1611008352134214 0.50024774964042 0.4998506326123848 0.5000853314516343 0.5001134729119586 0.49989575987832346 
0.8780396051602847 0.8962576278025437 0.5002464501719189 0.49977917655569326 0.5003196780642843 0.49986746172332663 0.5001010048591423 
0.8195463913204086 0.3503003824175507 0.4996898465697873 0.4997784312446608 0.49995190760851066 0.4998654892501144 0.4998622364028075 
0.9992151111314547 0.31307566495969397 0.5001414445240675 0.49987705952424444 0.4999593055886571 0.5000862041737034 0.49980682422652156 
0.7414010084252046 0.7846846986894334 0.5002412900506741 0.5000780842557243 0.4999913140698572 0.4998688418323905 0.49985577809360043 
0.9889974381247421 0.7842105786048178 0.5002472170399649 0.49977946980199295 0.5003532580477301 0.5003602991601142 0.500097023164233 
0.6111764123035804 0.787522508032092 0.4997338399234035 0.5001544594967385 0.5000531965642327 0.49985168324978424 0.499854459214585 
0.3748436346715342 0.1557674554741832 0.4998024057429018 0.4998506326123848 0.5003546945599429 0.500384775620512 0.49989575987832346 
0.7606987822196914 0.8040396439556247 0.5002558434533364 0.49977826203292036 0.5002557413593568 0.4998630757445468 0.49985890777833336 
0.7414010084252046 0.9765318788756968 0.5002412900506741 0.5000796821817892 0.4999913140698572 0.5003576798814772 0.49986259020695106 
0.2994756682274402 0.2907490809684535 0.4998237498712033 0.49971042272504285 0.5000861050751095 0.4998876512262068 0.49984243967567216 
0.220077111751049 0.998321883180542 0.49982340559699906 0.500069384446047 0.5000843653185809 0.49988262584469395 0.49985348357095377 
0.38623900228744434 0.20253015863134066 0.5001379521879068 0.5001199263008219 0.4999911641062776 0.5000071794956169 0.5000927703905016 
0.8452530977685708 0.9766735405857394 0.4998318647759427 0.499779277370171 0.5003401797234577 0.4998546653757468 0.4997935296896745 
0.6067740131330045 0.8045014185171584 0.5002540814305889 0.4998837040699335 0.500330736141758 0.500404132480927 0.49994741811401616 
0.7129785554909016 0.35023244573362583 0.5001460295745526 0.49991963974216697 0.5000200137647632 0.5000427237462198 0.4998418957328339 
0.5730297196225782 0.41490123889103336 0.49954479895438286 0.5000598641237005 0.500290456671723 0.49988267866640396 0.4998560992691365 
0.04303159385485461 0.8412472348783864 0.5002345811906278 0.49977695223366747 0.4999917687467616 0.4998630757445468 0.4998103998165923 
0.5337012893865104 0.99965017950198 0.49957166793534286 0.5001079876666764 0.5000615994584076 0.5003626913556846 0.4998069734422587 
0.696131552339371 0.8365820615070689 0.5001733843674872 0.5000804121080319 0.5000113901653902 0.5000942532450714 0.4998631382796634 
0.2994756682274402 0.1716619805744509 0.5001717174308561 0.4997156228101751 0.5000785747114865 0.50038755058202 0.49984243967567216 
0.38638271555211323 0.007941685776282958 0.5001373505484664 0.50013002374396 0.4999923542640714 0.5000034130974038 0.4998984916678818 
0.04812924842569588 0.4451006965223227 0.49960749970953716 0.49988464892898243 0.4999593055886571 0.5000867441971504 0.49980682422652156 
0.5820935237740913 0.21064155719587163 0.5001344419886452 0.5000775142008222 0.49995749431390824 0.49960246846632844 0.49986338965994004 
0.8762531800695866 0.8323291517280194 0.4998239049504722 0.5001082744842248 0.5000631320947063 0.499878404454616 0.49986975702588216 
0.7144880350205799 0.41945027768378484 0.5001414445240675 0.5000778601853575 0.4999851924660748 0.5000385990663594 0.49980702992603265 
0.10827582002383024 0.13406494718037185 0.5002131521740525 0.4998960917184726 0.49998065148921067 0.5003618990340867 0.49985466035834886 
0.49868595767260404 0.9098093363075483 0.4997447316713976 0.49977730176553575 0.4999915754992149 0.499861126672643 0.49994741811401616 
0.3036076856454228 0.4502729619805087 0.5001735795499145 0.4999270800543771 0.49997779504906303 0.49960582035547546 0.4997969793503836 
0.863648149180031 0.3133159841633071 0.5001416924661162 0.5000790695981336 0.4999593055886571 0.4998817506623663 0.4999610911848649 
0.33832640576199446 0.20137557569892062 0.5001745171308072 0.49992213944939157 0.4999911641062776 0.4996170123880313 0.5000927703905016 
0.8541838526662037 0.44087030371512725 0.49981664728218267 0.4998951313369134 0.5002886527176298 0.4998826648494867 0.49984243725596694 
0.2429197110530667 0.012164244040279548 0.49974422335596436 0.5000788126582133 0.5000848635771693 0.4998452227340661 0.4998523539242501 
0.5609145272532136 0.4291869082680126 0.5002282255621564 0.5001479468507558 0.49998614159604565 0.5003575337675927 0.4999634784202694 
1.0 0.0021590639230874703 0.5001329297878122 0.5000806235519873 0.5003538106305235 0.500091681817183 0.49989958588289257 
0.924693937866125 0.8472182311403126 0.5006433479313864 0.49985205881926387 0.499958643900953 0.5001227856092898 0.4998492493216196 
1.0 0.977479275252161 0.4998245330449212 0.5000653438740921 0.5000780652362976 0.49988269968822446 0.4998508945575419 
0.8394397339252447 0.1329767449103671 0.49974487946223217 0.4998973694710269 0.5002946154785785 0.5000961954375588 0.49978772966109325 
0.9498132951987331 0.3179791238949128 0.5001409852511863 0.4998482811644435 0.5000739173312453 0.5003308134315525 0.4998970905991835 
0.4276768452368053 0.35023244573362583 0.5001460295745526 0.49991963974216697 0.5002886527176298 0.4998502246200436 0.49984156245114 
0.6249303391737187 0.07315033982464696 0.49982340559699906 0.5001038236406792 0.5003547035829409 0.4998276488796204 0.499856640096146 
0.8835984245034461 0.14275933706410338 0.5001788708767361 0.49992264713300805 0.49997847391724565 0.5003756051754888 0.4998546788531264 
0.413889393651429 0.07493844803583805 0.49982340559699906 0.5001719909434955 0.5003665238901809 0.4998550447473507 0.4998690314916165 
0.9187242246061331 0.19715527870080451 0.4996600584086128 0.49992339587498413 0.4999447950883148 0.4998420750927282 0.49979501958275524 
0.944064728052909 0.07242071830841318 0.5002308874296806 0.49971153993347917 0.5003791801065934 0.49985628313702296 0.49985348357095377 
0.612483945706673 0.4423739246848128 0.49959989301669416 0.4997417997342125 0.49995921135716187 0.5001029000296041 0.4999616854694049 
0.6249303391737187 0.09737476223249084 0.5001450402525727 0.5001038236406792 0.5003547035829409 0.4998276488796204 0.49985412865628764 
0.6115462461944788 0.8968799588222897 0.4997338399234035 0.5001544594967385 0.5000531965642327 0.49985168324978424 0.4999006891545515 
0.48818892792930046 0.19645151120081134 0.5001722533476346 0.49985397720727465 0.4999940467586904 0.5000852206099987 0.49995596880133875 
0.7570420149266981 0.011101227161608496 0.4997595430534148 0.49977826203292036 0.5002557413593568 0.4998630757445468 0.49985890777833336 
0.45650199593225604 0.4081510091535756 0.4998324902305236 0.5001544594967385 0.5000782270577878 0.49990775091454254 0.4999627580122418 
0.36088162165759685 0.7743614192404589 0.5002350775697448 0.49992969639211515 0.4999913140698572 0.49961783500913365 0.5000907427493112 
0.45650199593225604 0.46196463097052026 0.5001271529046677 0.5001544594967385 0.5000496111723041 0.5003703334698908 0.4999612721580102 
0.6067740131330045 0.8074011310402005 0.5002540814305889 0.4998837040699335 0.5003767885392469 0.5004005303994706 0.49994741811401616 
0.7910308070448079 0.21401467361908502 0.4998227784538459 0.49979650186716873 0.500059760586633 0.4998543705797502 0.4998560741037989 
0.8663626527681091 0.23148080051585007 0.5001955510414153 0.4998539792921491 0.49998397543678547 0.5000949877693942 0.5001072477309636 
0.4555327963295323 0.4507285721369739 0.5001271529046677 0.49989974827970907 0.5000496111723041 0.5003703334698908 0.4999473229702788 
