0.0 0.8919428147517571 0.4999923908505969 0.6000822612178772 0.500387528925327 0.5005565518664687 0.4990722028681803 
1.0 0.005924605675852845 0.5000877412401057 0.5999760434397174 0.4997107367361871 0.6000244083347189 0.3999392365455011 
0.0 0.9610153271176641 0.4999923908505969 0.6000822612178772 0.500387528925327 0.5005565518664687 0.4990722028681803 
1.0 1.0 0.5000874205132589 0.6001092679708142 0.5001964357238928 0.6000244083347189 0.3999267118374162 
0.9039267423643432 0.0 0.5002016327623053 0.6001075275244684 0.49983247851964235 0.4995182206591613 0.40029991062677117 
0.9992010468302959 0.005924605675852845 0.5000910947212446 0.5999760434397174 0.4997107367361871 0.6000244083347189 0.39993927804061213 
1.0 0.9999952052834817 0.5001755982636723 0.5999746119763159 0.5001545229776252 0.5002121813463751 0.399941255828 
1.0 0.9999975866310751 0.5000877412401057 0.5999760434397174 0.5002182141288534 0.6000244083347189 0.3999392365455011 
0.9998908461969492 1.0 0.4995776447360699 0.6000918063733243 0.5001896516063856 0.5005665220817103 0.5006878322488968 
0.9999960667188753 0.9842141376074462 0.5001722447825333 0.5999746119763159 0.5001545229776252 0.5002188672597478 0.399941214332889 
0.8993676581000871 0.0 0.5001708237377992 0.600082461633162 0.499842453584513 0.49951813530058575 0.4003089505900614 
1.0 0.014112416294406627 0.5001741398434791 0.5999738815285494 0.5001349541588501 0.5006733718352813 0.5007558323388545 
0.7806612978101458 0.10736461429339336 0.5000943826144956 0.6001056518097981 0.5001477911909112 0.5005426050057157 0.5003027288497749 
0.4909003021406998 0.9999773412848856 0.500103989604645 0.6000798725981297 0.49973180582802906 0.49950165967604804 0.5021644182246215 
0.3780874158639995 0.6375085284820643 0.5001949896815697 0.6000792181097169 0.4999183896019585 0.4995744951097505 0.5002902734717225 
0.49466968688571145 0.6384144416621851 0.5000942085531844 0.600079597759372 0.4999070739293971 0.4995701743129467 0.4992623468173878 
0.5338888270337774 0.6739237995800748 0.5001926159093179 0.6000796800520336 0.49990616713803826 0.49960195183802686 0.49984804403809097 
0.9372232129376359 0.9976307854633278 0.5002280371895018 0.6000799981284699 0.4998782303596368 0.5008963486478323 0.4996123123320288 
1.3992809308122414E-5 0.8987724704602873 0.5002004208951164 0.6000794377993977 0.4997896552989107 0.5005524624449184 0.4991795811056964 
0.16885686119319898 0.01075491646832855 0.5001958985995975 0.6000963667757924 0.49985874579846556 0.5000414377361776 0.5002783097484189 
0.4368397480345255 0.9238379264145999 0.4997672515883277 0.6000845307838678 0.49983918094387403 0.5005324623982497 0.4996123123320288 
0.6977097490912885 0.02341792432396861 0.5000600413732773 0.6003089063967875 0.500351986162013 0.5010968028489156 0.49946529394421413 
0.8689512451435112 0.4692585734416434 0.500195569107347 0.6001056518097981 0.49922433773800506 0.5000438811641725 0.49979511051476117 
0.9891316292760983 0.1024255559745072 0.4996488535488535 0.6000826372196449 0.5002328195267329 0.4995557741302958 0.49984274015402075 
0.37936596390776584 0.46818983735641556 0.500137634773274 0.6000796818061919 0.49987803113455626 0.5006938025546495 0.4994800643722543 
0.7772832550074638 0.4692585734416434 0.5001955883771185 0.6001056518097981 0.49922433773800506 0.5000438811641725 0.5002773842077783 
1.3992809308122414E-5 0.8404015376402683 0.5002004208951164 0.6000794377993977 0.4997896552989107 0.5005524624449184 0.4998358674154172 
0.7241073490105125 0.9977405009962615 0.5002177256633786 0.6001053311039255 0.49981097308632605 0.5007524388080247 0.5002929312699571 
0.950171247598568 8.263955479830942E-6 0.49975672837971263 0.6001075338863053 0.5002094019716234 0.500304154073075 0.5005493399599569 
0.7234940553502424 0.4692585734416434 0.5002176877840669 0.6001056518097981 0.49922433773800506 0.5007877084620963 0.5003027288497749 
0.963399387999973 0.4680727179883005 0.4997447976773743 0.6000795682489553 0.4998765812872473 0.5007877084620963 0.5002872305139315 
0.4193640400833649 4.287477105804904E-6 0.5001922218209234 0.599965990385037 0.499842764648431 0.49952261866737196 0.40031693758266546 
0.48404846922858236 0.6043855557326014 0.5001937585661035 0.6000796037657412 0.49990616713803826 0.4995748372707541 0.4992623468173878 
0.6296790440594537 0.9846936383637581 0.5000936173684896 0.6003009477910061 0.4999087038169227 0.5006897703842315 0.49946529394421413 
0.9087742594416943 0.1696148464819498 0.5002166357135218 0.6000843777759431 0.49981097308632605 0.49962882842669787 0.500309085708984 
0.185723546634614 6.46977929855172E-4 0.5001958985995975 0.6000884943284471 0.49985354344082983 0.5000414377361776 0.49866771093074036 
0.999101644122373 0.6141764072311161 0.5001937585661035 0.6000835202320164 0.4999183896019585 0.4995555391005936 0.5002902734717225 
0.9000737560087106 0.050529295677840924 0.5001416827479294 0.5999708753692005 0.4999017559732351 0.49957961749750956 0.500025568324324 
0.5958699757686484 0.657395433208549 0.5001397382095351 0.6000795984387612 0.4999062915905878 0.49955580417086587 0.4992623468173878 
0.24333225072673026 0.38126425317240653 0.4997564595791802 0.6001075338863053 0.5002094019716234 0.5008951146873443 0.5005493399599569 
0.3981033416440117 0.9432837816359397 0.4997561358504183 0.6000843132827269 0.4998115347797913 0.49962882842669787 0.4998807841230061 
0.6977097490912885 0.03002386724717987 0.5000879010000069 0.6003121214708427 0.4999087038169227 0.5010964174586856 0.49946529394421413 
0.13184643760634468 0.10736461429339336 0.4996866888126611 0.6000815833011404 0.5001867679493023 0.5005422108858816 0.5003027288497749 
0.3749895451994403 0.5400643573359621 0.5001377512346593 0.600080145200639 0.49987645936973907 0.5006938849268192 0.49946529394421413 
0.12650081509195926 0.004488165497240876 0.49968462634253286 0.600082668428642 0.5001870541470597 0.50052566015316 0.5004133135541838 
0.4193640400833649 1.4456294882420062E-6 0.5001922218209234 0.599965990385037 0.499842764648431 0.49952261866737196 0.40031693758266546 
0.07315589901184859 0.9255468153282616 0.5002019023995579 0.6000794377993977 0.4997896552989107 0.5005524624449184 0.49921436424935306 
0.28651442074556305 0.9497253753446431 0.4999990911409103 0.6000839279736415 0.49971472557697705 0.49948954211979285 0.500261350302434 
0.5440301387431825 0.6988095777174361 0.5001926159093179 0.6000796800520336 0.49990616713803826 0.5005859846271945 0.4998182909154553 
0.28997256472124905 0.46818983735641556 0.5001365334546786 0.6000839037254924 0.49987803113455626 0.5006938025546495 0.49979265352793584 
0.9506529032416962 0.9847306757266286 0.4997489914667946 0.6000922607197756 0.49971472557697705 0.5005763036784245 0.5002636921907256 
0.8358024340435158 0.9048005931699962 0.4997659925263179 0.6000806633465854 0.50019025293153 0.5005324623982497 0.4996123123320288 
0.35241057084504546 0.40186139852579045 0.4997675373263982 0.6000799603645521 0.4999087747036096 0.5008963242365335 0.4996123123320288 
0.9996674093748402 0.020694234937811196 0.4997672515883277 0.6000752960559699 0.49983918094387403 0.5005324623982497 0.4996123123320288 
0.6412262634320037 0.5647069438386781 0.5000853450781698 0.6003009477910061 0.4999087038169227 0.5006897703842315 0.49946529394421413 
0.8147695821304437 0.6375085284820643 0.5000837492864075 0.6000839622865641 0.4997184841858275 0.5001432515343609 0.5003116264956339 
0.9089974512995987 0.08727421624102305 0.5000833662458077 0.6000815366925738 0.4997175960488108 0.5001501356180575 0.4997932583186191 
0.9087742594416943 0.9977405009962615 0.5002166357135218 0.6000843777759431 0.49981097308632605 0.49962882842669787 0.4998807841230061 
0.878459661870432 0.933833507034115 0.5001602478465446 0.599979308748462 0.500173663005451 0.5002641859060996 0.49961151574206847 
0.3729493246236393 0.9747276026391614 0.5001741609099227 0.5999740535775853 0.4998765156936135 0.5006938025546495 0.4993625776595965 
0.09854785509687669 0.41901239762936293 0.5000934364934021 0.6000827520992394 0.49990906857517703 0.5008987754561203 0.49977756114336025 
0.9245878212122115 0.6723231803866756 0.5001112576101127 0.6000796568674942 0.500203678512743 0.49957014694642043 0.499435390137829 
0.7742210421314634 0.3283561573581703 0.5002098218145759 0.6000827520992394 0.4999059538262818 0.5005460074541753 0.5002598348363775 
0.878459661870432 0.5641544094394644 0.5001742606168367 0.599979308748462 0.4997182060952786 0.5002641859060996 0.4997932583186191 
0.9899177925266951 0.6857156875790401 0.4999993239392761 0.600079503905906 0.499896771484886 0.4996026890379081 0.49943914749337703 
0.05858250737807458 0.41901239762936293 0.500094122154976 0.6000827520992394 0.49990825291565605 0.49929861924068414 0.49977756114336025 
0.6007778582185871 0.6384144416621851 0.5001413035943669 0.6000795995532456 0.4999070739293971 0.4995701743129467 0.4992623468173878 
0.9941430648252907 0.534600115498707 0.5001937585661035 0.6000796380181215 0.4997187285431241 0.5001514406456542 0.499781923345436 
0.9968544094247677 0.7391572601170376 0.5001951994476354 0.5999724799762755 0.49987677812332376 0.4995646248470719 0.49987395092475145 
0.3593235780766445 0.9466865685720822 0.49976618923100363 0.6000806633465854 0.5001902589678415 0.5008963486478323 0.4996123123320288 
0.980975639626962 0.9525230250364753 0.49999913625941284 0.6000808903274876 0.49971472166263403 0.49948954211979285 0.5002636921907256 
0.6551544672662972 0.9999644132455737 0.49954364069405893 0.6001115070817093 0.4998587947850508 0.5005023928150933 0.5013001450349793 
0.9738285647371376 0.08872346913714546 0.5000783730409184 0.6000803950057804 0.4997200813756896 0.5001654404505164 0.4997932583186191 
0.8172603222980667 0.9964235717679796 0.5001010595981207 0.6000829190163985 0.5001874628107732 0.5005334622856722 0.4993341912749896 
0.8625380208070514 0.9977405009962615 0.5002166357135218 0.6000843777759431 0.49981097308632605 0.49962882842669787 0.4998807841230061 
0.9925354585300846 0.7391572601170376 0.5001951994476354 0.5999724799762755 0.49987677812332376 0.4995646248470719 0.49987395092475145 
0.6406042883132977 0.46625162785297813 0.500137634773274 0.6003004843965589 0.4999102755817399 0.5006896880120617 0.4994800643722543 
0.9971631237169853 8.923256874027383E-4 0.5000967377469182 0.6000804197092979 0.4997194109665451 0.49929036240587193 0.49943904614341855 
0.90367630901706 0.5914159184941599 0.5001937297662932 0.6000796380181215 0.4999062654576543 0.4995748372707541 0.4992623468173878 
0.39615179767261344 1.2878916506725568E-6 0.499590649616311 0.5999660239618054 0.499857286545929 0.5001546505580566 0.40031693758266546 
0.488956351678521 0.6500067023819687 0.5001940928354689 0.6000795995783819 0.4999070477964636 0.49957025140367806 0.4992623468173878 
0.807706097277139 0.0 0.4996846198527444 0.6000889926663523 0.5001870541470597 0.50052566015316 0.5001943667636053 
0.032712657605731554 0.9953183254773197 0.5000934853523996 0.6000796466100053 0.4999077432364384 0.4995508215183286 0.4993148564843762 
0.819240196781988 0.6277665887559263 0.5000833662458077 0.6000840070145562 0.4997181278647766 0.5001909307579149 0.4997932583186191 
0.8358024340435158 0.5631108030473075 0.49978000529661 0.6000806633465854 0.4997347960213576 0.5005324623982497 0.4997940549085795 
0.12650081509195926 0.9391355905331991 0.49999860809080526 0.600082668428642 0.5001870541470597 0.5005387987943953 0.5004133135541838 
0.876914368322583 0.6141764072311161 0.5001937585661035 0.6000835202320164 0.49990590430577514 0.4995554614079072 0.5006214888096924 
0.8376634627935716 0.6498451517562387 0.5000972712867461 0.600082349974006 0.49972621359121844 0.5009152814300758 0.4997932583186191 
0.8541339806412169 0.3497595992624396 0.500204455814179 0.600082702367382 0.4997066949068507 0.5005635847889618 0.49977756114336025 
0.3436267618577423 2.1035949462760994E-4 0.5002002561830599 0.600073233633163 0.4997184713964925 0.49956592565949204 0.39993061865766366 
0.8369835945310699 0.6013325145700654 0.5000972712867461 0.600082349974006 0.49972621359121844 0.5009258925193623 0.4997932583186191 
0.963399387999973 0.48489647397769686 0.4997447976773743 0.6000795682489553 0.4998765812872473 0.5007877084620963 0.5002872305139315 
0.9245878212122115 0.976314033252438 0.5001123293857586 0.6000824352803833 0.500203678512743 0.49957014694642043 0.499435390137829 
0.15902132025511861 0.014125108882353956 0.5001958985995975 0.6000963667757924 0.49985874579846556 0.5000414377361776 0.5007548905085856 
0.8785862631190057 0.5179431613739147 0.5001937585661035 0.6000796380181215 0.4999062654576543 0.4995748372707541 0.4992623468173878 
0.9997027472926738 0.6734639655302851 0.5001926159093179 0.6000796800520336 0.49990616713803826 0.49960195183802686 0.5006253050347877 
0.8541339806412169 0.41901239762936293 0.5002106109639508 0.6000827520992394 0.49990825291565605 0.49930698451365135 0.49977756114336025 
0.8541339806412169 0.3283561573581703 0.5002098025448043 0.6000827520992394 0.4999059538262818 0.5005460074541753 0.49977756114336025 
0.8281135808178166 0.004432441535750009 0.5000885480358458 0.6000896982066057 0.49990666161474057 0.4995508215183286 0.4997789031648892 
0.8358024340435158 0.9238379264145999 0.4997659925263179 0.6000806633465854 0.50019025293153 0.5005324623982497 0.4996123123320288 
