1.0 1.0 0.5001405779528405 0.49979725217561144 0.5000835092674569 0.5000175196140182 0.5001511863377451 
1.0 1.0 0.5001405779528405 0.49979725217561144 0.5000835092674569 0.5000175196140182 0.5001511863377451 
0.9528292018366414 0.0 0.5001450960246423 0.49975766941376687 0.5000808095267989 0.5000682273098667 0.5001895124981014 
0.0 0.044102627622059465 0.5001408413269692 0.500151758352425 0.5000394039754779 0.5001189332866849 0.5001407416867154 
1.0 0.0 0.5001447896179938 0.5001730738121807 0.5000816427885841 0.5000048726311908 0.5000952702260384 
0.6630603385690782 0.1330183916088557 0.5001570189416724 0.49979830298382477 0.5001017598029451 0.5000157301423133 0.5001512682222409 
0.5984269852214182 0.18056042439130895 0.5002188598641517 0.49979830298382477 0.5001016045793797 0.5000157301423133 0.500142261857149 
0.29212857562004296 0.020463259293660607 0.5001379627664888 0.5002098130997086 0.5000043006239563 0.5000102928213307 0.500137591837505 
0.8340645471235362 0.7572356859663023 0.5001392552748177 0.5001786428454037 0.5001160004316286 0.5001066257383645 0.5001198029348332 
0.9132300740002964 0.8939290177814145 0.500124393719803 0.5001971429178932 0.5000421459831291 0.5000691315341682 0.5002994418490658 
0.9428084283065077 0.18118748455889705 0.5001624738044277 0.4997801011664419 0.5000380043282304 0.5001201070975114 0.5001334661271645 
0.5120080626179956 0.47117920323724966 0.500122631489141 0.5001537597101119 0.5000373723729107 0.5001064909582577 0.5001375504706842 
0.8085139315711585 0.1848166130433177 0.5001454586435615 0.5001753979768401 0.5000727399537381 0.500034682265053 0.5001417753119619 
0.8003242210037813 0.003968879599711497 0.5001405687954733 0.4997705378029004 0.5001062781712807 0.5001121836845822 0.5001437763556132 
0.9022020562141103 0.7245713665486149 0.5001954756082907 0.5002105622940148 0.5000421459831291 0.5000686930658776 0.500296423529633 
0.26247386474800016 0.9813766996305924 0.5001012569850147 0.4997792407325734 0.5001147873541015 0.50010341572504 0.5001380858858303 
0.37548390548676364 0.14307215472031692 0.5000945715499651 0.49976002716544426 0.5000141796702796 0.5000158621658168 0.5001331297811858 
0.2575520381778465 0.7686906430995586 0.500167534235315 0.49970515570838714 0.5000401664051639 0.5001059239344249 0.5001406935989493 
0.05148974568546466 0.19057964344262762 0.5001753629876599 0.4997229201308883 0.5000497183404984 0.500034525963691 0.500109128486175 
0.44403421749019123 0.1751921231001037 0.5001952850691026 0.5001676754207967 0.5001198667744807 0.5000130960091689 0.500100821804922 
0.7206167964437883 0.04722930283906418 0.5001451152641693 0.49983013509865193 0.5000907524678913 0.4997780602376047 0.5002956544207449 
0.5570490396058293 0.7572356859663023 0.5001551691219438 0.5001673068145676 0.5001641013926319 0.5001066257383645 0.5001198029348332 
0.8823414007163402 0.7686906430995586 0.5001237188102342 0.4997079254018036 0.5000400228681536 0.5001042859033512 0.5001400884632211 
0.18350526947815207 0.10380011507613185 0.5001572585365601 0.5001517889373605 0.5000425738999318 0.5000687500115887 0.5001407443104948 
0.6885842757600684 0.4022730069375324 0.5001149267908103 0.49975766941376687 0.5000808095267989 0.5000682273098667 0.5001895124981014 
0.941303470361856 0.08566906196869783 0.500164318749296 0.5001814309138118 0.5001052847970916 0.4999918150857994 0.5003047375369661 
0.9916513523089061 0.14307215472031692 0.5000945715499651 0.49976002716544426 0.5000142858174159 0.5000160563729589 0.5001403411593244 
0.5017262747999678 0.19199153545196807 0.5001542411747982 0.4997967699379047 0.5001643986509696 0.5001255025132451 0.4998205483831097 
0.9428084283065077 0.13188613146980538 0.5001624738044277 0.4997801011664419 0.5000452240007647 0.5001201070975114 0.5001334661271645 
0.9676892596617506 0.043754899063320224 0.5001462172094142 0.500151758352425 0.5000394039754779 0.5001193455851534 0.5001407416867154 
0.734120801264253 0.8876401764801799 0.5002180713652664 0.49982646472644937 0.5000917054590972 0.5000792343687716 0.5001427231620096 
0.8941847143626989 0.4904421093656697 0.5001623728872325 0.49979119737740463 0.5000705142576527 0.5000359775927324 0.5001198854823721 
0.7275778726054235 0.192773420093586 0.5001570420770334 0.4997724119242193 0.5000727399537381 0.5000308553702977 0.5001417672729758 
0.9601876214173862 0.889878391823361 0.5001464571462251 0.49979872467727693 0.5000385112131784 0.5000172933691884 0.500145489725627 
0.6563824992369374 0.8018593890941794 0.5001775268971247 0.4996487944565168 0.5001054548045402 0.5000167610038564 0.5003526621294747 
0.7275778726054235 0.46902876452466224 0.5001565868930578 0.4997724119242193 0.5000727399537381 0.5000324330530291 0.5001417672729758 
0.4028014360934836 0.0019272338426796747 0.5002119937942059 0.4997378287611725 0.5000795895445851 0.5000793917164627 0.5001228415502065 
0.6789899752997339 0.4582054810658869 0.5001544753841193 0.5001696479017329 0.5001653749521264 0.5001051104137707 0.5001513562343248 
0.35900040271352096 0.7801582447217763 0.5001453520108664 0.4996992294784101 0.5000401664051639 0.5001055080868646 0.5001195777372032 
0.7505599437017835 0.17767246124990088 0.5001549626981348 0.5001786428454037 0.5001626333991498 0.5001083434781318 0.5001435512226877 
0.2017385018475757 0.9555567320308244 0.5001007594540333 0.4997701478677392 0.5000466482482872 0.5000155521109445 0.5001334661271645 
0.7600529395320885 0.44127045220260536 0.5001118967078099 0.4997724634093892 0.5000985747406964 0.5000217264051672 0.4998018909761988 
0.11365598553155476 0.0 0.500144884058217 0.49975766941376687 0.500080870606903 0.5000682273098667 0.5001419013662156 
0.42308815603616423 0.8873444812525784 0.5001617733552424 0.49982663488806395 0.5000304440593931 0.4999939664050251 0.5001404020506615 
0.785586592637712 0.192773420093586 0.5001570420770334 0.4997724119242193 0.5000727399537381 0.5000308553702977 0.5001417672729758 
0.6250260456025083 0.13455468681400642 0.5001397781287963 0.49976325202561245 0.5000452240007647 0.5000155521109445 0.5001334661271645 
0.3657968193400936 0.8747826933191637 0.5001076040620126 0.4997792407325734 0.5001147373595055 0.5001016841852288 0.5001449927119856 
0.13368496040538624 0.7726860036434535 0.5001611329519116 0.4997727840234932 0.5000408965423889 0.5000209318352089 0.5001216430104255 
0.6178039036775567 0.8275477975436144 0.500108026027985 0.49977281823095976 0.5000995567570553 0.5000217264051672 0.4998018909761988 
0.997131612051767 0.3932288371902608 0.5001465862847096 0.49978026862310676 0.5000806955162497 0.5000882642097959 0.5002958284055371 
0.7135311159243904 0.9941730295299196 0.5001653862772324 0.4997976646840799 0.500039250826281 0.49999327394399024 0.5001404104381827 
0.9597452653192359 0.9643667314612657 0.5001402678231198 0.4997967701044338 0.5000394726896976 0.5000172933691884 0.5001401397977066 
0.07581529138587079 0.17319451300270966 0.5001623392366499 0.4997223427181111 0.5000739757022871 0.5000350265027064 0.5001407037237771 
0.8939804786327037 0.20215876482156464 0.5001597542079323 0.49978966585014944 0.5003545433615045 0.5000126209979635 0.5001198854823721 
0.8941847143626989 0.17964228547716782 0.5001597542079323 0.49978996810263604 0.5003551685545715 0.5000126209979635 0.5001198854823721 
0.1667664164216206 0.10380011507613185 0.5001572585365601 0.5001793180105579 0.500073414431265 0.5000853043636971 0.5001416623443776 
0.4688335468898149 0.4885330162289479 0.5001905334112388 0.499768951977066 0.5001550543142385 0.5000853697458784 0.5001629224643083 
0.8910603457587777 0.0 0.50015723936234 0.49976957060861305 0.5001039479841183 0.5000325186402237 0.500160373968292 
0.3400227420692355 0.9085829341663371 0.5001076040620126 0.4997792407325734 0.5001147373595055 0.5001019250436944 0.5001447436947223 
0.7793638473985647 0.7156847513872693 0.5001927388115254 0.5002105099987356 0.500073414431265 0.5000835758588873 0.5001552409898224 
0.8763144665448519 0.8939290177814145 0.500124393719803 0.5001943295963789 0.5000486715424592 0.5001064401431885 0.5003052744676828 
0.6329589986386721 0.9389032402693347 0.5000945715499651 0.500218379378193 0.50005226369508 0.5000155396853148 0.5001510661857128 
0.08220872274210478 0.8566408706244032 0.5001766390377936 0.5002062333139655 0.5000224420930218 0.5000055166684216 0.5001094737580044 
0.38610763756288047 0.9774971521629985 0.5000931006352873 0.49976002716544426 0.5002866451180153 0.5000168850199282 0.5001332955820336 
0.15620485995288036 0.10377080628104102 0.5001572585365601 0.5001792174141887 0.5000425738999318 0.5000687500115887 0.5001400913649762 
0.9663424382730472 0.22518558914555104 0.5001619545022435 0.49982663488806395 0.5000304440593931 0.4999939664050251 0.5001404020506615 
0.5284457092935251 0.9056113148198162 0.5000945715499651 0.5001761787037756 0.5000451748729385 0.5000155521109445 0.5001334661271645 
0.009299218184923519 0.05774792224164671 0.5001408167339914 0.4998009363012503 0.5000879484582429 0.5000175196140182 0.5001511863377451 
0.292037381823038 0.01070870019295489 0.5002200958004724 0.5002098130997086 0.5000043006239563 0.5000102928213307 0.5003022168022309 
0.7833656954466932 0.9984846033102753 0.5001141158617378 0.49977247858010865 0.5000401680020425 0.5000600256004545 0.5001509720972125 
0.9550812617190201 0.7623568331477582 0.5001435202952346 0.4997583262230335 0.500040204054311 0.5000682273098667 0.5001403502830757 
0.623234385091921 0.986366338732342 0.5001570189416724 0.49979830298382477 0.5000481672286432 0.5000157301423133 0.5001512682222409 
0.6475239853134747 0.4617449898397746 0.5001938667536521 0.49977257682076903 0.5000343658452705 0.5000877421249038 0.5001323066572514 
0.6475239853134747 0.19169085179736092 0.5001570195743175 0.49976895165067414 0.5000343658452705 0.5000855716580138 0.5001331118241853 
0.9180868717401187 0.5611686684575417 0.5001600399749409 0.500172645224506 0.5001389816905673 0.50000795545544 0.5001556914820394 
0.47610877621632647 0.9312440588315977 0.5001528289064606 0.5001924218479599 0.5000430007645358 0.5000879401740522 0.5001266658217299 
0.5785735612366051 0.7686906430995586 0.5001678287950561 0.49970515570838714 0.5000455456776424 0.5000439134920341 0.5001874021859358 
0.8289223318750595 0.9002473671827225 0.500124393719803 0.5001971429178932 0.5001198705309826 0.5001064401431885 0.5002994418490658 
1.0 0.48059302303611323 0.5001622455392782 0.49979725217561144 0.5000835092674569 0.5000175196140182 0.5001511863377451 
0.8734150538942002 0.8987681646524024 0.5001753629876599 0.4997080116935685 0.5000497183404984 0.5001064834275938 0.500109128486175 
0.9304951386137714 0.022418503884565122 0.5001552320116563 0.500170512312356 0.5001629973976366 0.5001197662332509 0.5001445579989418 
0.9595401630857564 0.9841599107867673 0.5001464571462251 0.49979872467727693 0.5000394726896976 0.5000172933691884 0.5001431901113398 
1.0 0.8903097505725712 0.5001462298003894 0.49975739963276944 0.5000808095267989 0.5000682273098667 0.5001895146020909 
0.983499912206238 0.9993099680892963 0.5001404874132229 0.49979725217561144 0.5000417776844805 0.5000165938472778 0.5001511863377451 
0.7095599981409958 2.9702722270425266E-5 0.5001396997746844 0.4996487944565168 0.5001054548045402 0.5000167610038564 0.5003548454182721 
0.5878698049461228 0.8779476101716239 0.5001945803561333 0.4997792407325734 0.5001147873541015 0.5000414052826493 0.5001600011550682 
0.42308815603616423 0.8873444812525784 0.5001617733552424 0.49982663488806395 0.5000304440593931 0.4999939664050251 0.5001404020506615 
0.7206167964437883 0.04722930283906418 0.5001451152641693 0.49983013509865193 0.5000907524678913 0.4997780602376047 0.5002956544207449 
0.8257412138154921 0.8939290177814145 0.5001621629968499 0.5001971429178932 0.5000835752495328 0.5000851965195532 0.5001370268180998 
1.0 0.047710872158123196 0.5001451152641693 0.4997614971965131 0.500077878550812 0.499784760198213 0.5002986825783561 
0.6475239853134747 0.46794619618241956 0.5001565643903418 0.49976895165067414 0.5000343658452705 0.5000871493407453 0.5001331118241853 
0.9528292018366414 0.003286772502036725 0.5001450960246423 0.49978058023066757 0.5000808095267989 0.5000682273098667 0.5001895124981014 
0.773683332843133 0.7572356859663023 0.5001584642736224 0.5001673068145676 0.5001632643127625 0.5001068840571821 0.5001583013174495 
0.23198365477401567 0.7686906430995586 0.500167534235315 0.4997049772949732 0.5000400228681536 0.5001042859033512 0.5001400884632211 
0.9943404975336769 0.8885089326101954 0.5002180713652664 0.49982646472644937 0.5000817765358241 0.5000792343687716 0.5001427231620096 
0.9922544278188354 0.4597581519451471 0.5001580910233361 0.49979725217561144 0.5001200187162932 0.5000192853337783 0.500100016793893 
0.7533074880539116 0.41066722480940787 0.5001114941432776 0.49975766941376687 0.5000808095267989 0.5000682273098667 0.5001895124981014 
0.23198365477401567 0.7708437515581895 0.500167534235315 0.4997049772949732 0.5000400228681536 0.5001042859033512 0.5001400884632211 
0.12621466858059405 0.418268384995319 0.5001766390377936 0.5002052187182164 0.5000997862598577 0.5000048451164157 0.5001094737580044 
0.8773307076182103 0.5611686684575417 0.5001518008919362 0.5002096557052204 0.5001389816905673 0.50000795545544 0.5001554151499813 
