1.0 1.0 0.5001171815197715 0.5000843802402725 0.5001306667869745 0.5000781573258745 0.4999432209233926 
0.0 0.9275211948523855 0.49985679303270003 0.5001014359325028 0.5000385393003715 0.5000686527367622 0.49997864466235703 
1.0 0.0 0.5001973667692012 0.5001107441280839 0.5000962855297049 0.5000713531437192 0.49988813406773147 
1.0 1.0 0.5001171815197715 0.5000843802402725 0.5001306667869745 0.5000781573258745 0.4999432209233926 
0.633923684413096 0.20085860438117198 0.4998533799876603 0.5001105421585588 0.5000353132090134 0.500072345460246 0.5001055511153139 
0.9903355470983481 0.8374249312566594 0.5001400497114243 0.4998679373563499 0.5000638793064396 0.5001809139271771 0.49994340830554695 
0.3924528994668853 0.1556864304941808 0.500194054654534 0.5001313730747622 0.5002191938876667 0.5000916391443453 0.49984087062893195 
0.9168862418637237 0.10292879061130428 0.49985560180269223 0.5001428728120729 0.5000429093138925 0.5000753780835369 0.4999442164913773 
0.2751730377833949 0.059882556637773254 0.5001054046580375 0.4998663348402239 0.5000476582627899 0.5001822923174184 0.4999499315073577 
0.8981326031084882 0.2582770406064958 0.5002686060285658 0.5001528077587744 0.5000984157229945 0.5000969226440004 0.499944732375728 
0.8786129701270526 0.9191382718730372 0.4998529628740316 0.49986101766891144 0.5000489329671748 0.5000748243225832 0.49987375742397927 
0.6847377289463048 0.7874077137786925 0.49988496670067845 0.5001338581862145 0.5000382622925601 0.5000777314336323 0.5003747647932754 
0.9610882158734451 0.7100827237619478 0.4998534986399619 0.4998960753475555 0.5001376084288592 0.5000781547472002 0.49994221643075265 
0.7843802678011631 0.002664971964891724 0.5001157508844591 0.5001308373224902 0.5001245955546076 0.5000971219965245 0.4999432064379339 
0.9221649066996157 0.010225418901540606 0.5001096593157623 0.5004592617200556 0.50004472222418 0.5000915251522147 0.49994110457979296 
0.29799427717780647 0.9999672922699238 0.5005869753122992 0.5001039738773376 0.5000458873808267 0.5001822923174184 0.4999378747763985 
0.4530786071382751 0.2186722508559611 0.4998749535926803 0.4998373629381051 0.5000855194685196 0.5000851953848576 0.4999791590247595 
0.2962902894471117 0.7760219106342012 0.4998938459349274 0.49983889189082653 0.5000477278759342 0.500177383856187 0.49996247423373946 
0.9673266583648832 0.9483968461518748 0.4998563700961583 0.5001400570309303 0.5000385484073847 0.5001873566877442 0.4999775890464875 
0.9395563599749337 0.06364071513120118 0.5001357726334831 0.4998941034028728 0.5000890123474161 0.5000914052795062 0.4999406877705379 
0.17587115204529702 0.914147444583792 0.5002437858604938 0.5001496221075591 0.5000974346660841 0.5000967716236219 0.4999379194502711 
0.46609929305722547 0.11470949606133918 0.4998765102614817 0.4998644683780401 0.500063836945549 0.5000847893374566 0.4999466734018455 
0.9813366353334517 0.9564232207973178 0.49992337075491533 0.49979937627089277 0.5000961547406828 0.5001840579981844 0.4998557742717125 
0.9373491756051389 0.02892785608568149 0.499911695238059 0.49981586276193996 0.5000624552532063 0.500074764500937 0.5000017314345495 
0.3788698839163324 0.9538038169473847 0.5001929025360894 0.4998792580830794 0.5002191938876667 0.5000918463551658 0.49984087062893195 
0.7302267154563012 0.0 0.5001767472002864 0.5001231565902143 0.5000951248814701 0.5000713531437192 0.49988813406773147 
0.4824066280177536 0.030518001930634045 0.5001165715087629 0.5001104427956721 0.5001341520833971 0.5000646099087871 0.499932672315519 
0.36911224946234344 3.4869239287621534E-4 0.500269064821531 0.5001287804348199 0.5002679599808196 0.5000697244947947 0.49994207133389484 
0.5737231098528786 0.030112373610218235 0.5001967664033649 0.49983794545779664 0.5000462498125468 0.5001799589077021 0.49985137396283086 
0.8194827219719218 0.7047484986466789 0.500128780201667 0.4998642660958271 0.5000129206797885 0.5000956424103945 0.4999415941607647 
0.7774299103939913 0.954393127228852 0.5002658752635981 0.5001400071845647 0.5001304798062991 0.500072904374576 0.49994457533291814 
0.3537870799813618 0.9538038169473847 0.5001936124848054 0.49988146098632086 0.5002191938876667 0.5000921309927576 0.49984145759759846 
0.7062219628131671 0.23594635214242576 0.5001957110995139 0.4998792580830794 0.5002143635091428 0.5000850897734921 0.49997897263155017 
0.11848503170149602 0.860144986468987 0.4999478969264374 0.49987732581346866 0.50008677351041 0.5000717136187901 0.5001057361241434 
0.7501269348596157 0.8284285124983397 0.49985896280653486 0.5000851061908158 0.5000414034049202 0.5000681923396044 0.4999249576083293 
0.8363927722549105 0.21639407274132438 0.49995199756084296 0.5001105763342877 0.5000353132090134 0.5000741402215929 0.5001080802559803 
0.6520978370710179 0.8284285124983397 0.49985896280653486 0.5000851061908158 0.5000414034049202 0.5000681923396044 0.49992465140365305 
0.494824057115905 0.8629874711177068 0.4999599015798259 0.49988142876984865 0.5000353825127307 0.5000919157069403 0.49987737085966927 
0.5513672284968714 0.6851160965309138 0.5002715347792623 0.499850759742539 0.5001145532336976 0.5000846989504876 0.49994852596753603 
0.3227163949346112 0.9168218603313498 0.4999164162721176 0.5001107938292367 0.5002311584833303 0.500076391400814 0.5001080802559803 
0.23385338353989413 4.34841926613119E-17 0.4999334389353721 0.499820659961975 0.5000995564846472 0.500077299438975 0.4998318644975906 
0.60191148631352 0.2497693441997103 0.4999473722935033 0.4998389189294818 0.5000608692671379 0.5001883482147942 0.4998371192787516 
0.7616043592087983 0.7744688919870854 0.4999603932520441 0.4997907766557797 0.5000659479849975 0.5000757812840876 0.4998583593353348 
0.04318236709356549 0.8374249312566594 0.5001370258105972 0.4998679373563499 0.5000638793064396 0.500097868550011 0.49994340830554695 
0.7323285332753253 0.1411087182827313 0.4999329204269656 0.50013081988181 0.5000994128942878 0.5000695126552542 0.4999406054178518 
0.942098919286346 0.8354650238581616 0.500137548503622 0.49981765894696545 0.5000439515493087 0.5000749594550987 0.4999409647369522 
0.9493560378857675 0.7626701248468427 0.49991156993623914 0.4998388078564716 0.5000500335566802 0.500094035975613 0.49992538352272914 
0.4896973563770123 0.9967579640191202 0.5001125314356624 0.49983505006731793 0.5001306667869745 0.5000906180296516 0.4999426162025477 
0.496861905152277 0.16455700488751307 0.4999599015798259 0.5001335437615314 0.5000353825127307 0.5000919183069225 0.49987737085966927 
0.43181424663998824 0.6851160965309138 0.4998765102614817 0.49986554466408406 0.5001145532336976 0.5000847893374566 0.4999498697746226 
0.8451443268822446 0.0029581435630835276 0.4999416539299863 0.4998379414884914 0.500038548389052 0.5000998002690797 0.4999771692129447 
0.6698055759833114 0.10018049523697359 0.5001977620219763 0.5001288490569508 0.5001257196142114 0.5000722415459099 0.49994074992758814 
0.5402431899092592 0.8071498265012368 0.5002632412093719 0.5001378759101486 0.5000612266839419 0.5000759065395383 0.4998621373130402 
0.05216181133734954 0.22331876357990055 0.5002397743870818 0.49983481867308727 0.500128884010005 0.5000972726086377 0.4999422097006392 
0.081459647696762 0.25281053698301126 0.49994765993354284 0.5001465548482316 0.500134109058956 0.5000728222251348 0.4999384008246297 
0.516569799606433 0.7715884882467543 0.5001171815197715 0.5000815374635312 0.5001306667869745 0.5001798475188888 0.4999432209233926 
0.36714719330511786 0.7000715474688746 0.5002487630106438 0.5001180662107343 0.5000354072718757 0.5000967884593218 0.4999443040906838 
0.15743702960471626 0.914147444583792 0.5002402067199894 0.5001532835912103 0.5000418154056341 0.500098070610768 0.49994859907021133 
0.43256067194041503 0.20068044700966892 0.4998765102614817 0.4998644683780401 0.500063836945549 0.5000847893374566 0.4999466734018455 
0.8284398955051967 0.647345807869893 0.5001354966052205 0.49990002403430434 0.5000129206797885 0.5000956424103945 0.49994155649069705 
0.21525991493938867 0.0018945937449710293 0.4999334389353721 0.499820659961975 0.5001003241345048 0.5000781840256603 0.4998318644975906 
0.3642393870984318 0.18418013139427242 0.4999178144269494 0.5001257847011795 0.5000641060085714 0.5000761794986356 0.49986013426030357 
0.7718471347839907 0.7744688919870854 0.49996121603550336 0.5001408764964519 0.5002439306897202 0.5000757812840876 0.49999684464753924 
0.8109135369757964 0.23108701077500005 0.4998950585983977 0.4997948491275815 0.5000862541259379 0.5000736219159551 0.5003788781815209 
0.3227163949346112 0.9082642080785179 0.4999157622061892 0.4998955699132869 0.5002311584833303 0.500076391400814 0.5001080802559803 
0.13440513423024653 0.8284285124983397 0.49985896280653486 0.5000851061908158 0.5000414034049202 0.5000681923396044 0.499911084330083 
0.9395563599749337 0.22780405270288864 0.5001687540827523 0.499838006594988 0.5000890123474161 0.5000853913932373 0.4999748858172155 
0.9424139492821966 0.7874077137786925 0.49988496670067845 0.49982052008404143 0.5000383273167693 0.5000777314336323 0.4999546702497321 
0.08203453063989197 0.2511640143946969 0.49994765993354284 0.4998719054832873 0.500065403746863 0.5000701796443262 0.4999383579632622 
0.4127894270238133 0.05262161385524455 0.5001157872764085 0.49982134022550495 0.500135055300154 0.5001839652367657 0.49992819719391124 
0.5200217369902195 0.7715884882467543 0.49993071367252745 0.500081520022851 0.5000221096010065 0.5001778747398171 0.49994157068882217 
0.996291292471077 0.9908170358053097 0.5001171815197715 0.5000843802402725 0.500129899137117 0.5000772727391891 0.4999432209233926 
0.930124112249482 0.9553085722263865 0.5001963860097383 0.49979937627089277 0.5000961547406828 0.5000776888769703 0.4998591308367196 
0.4127894270238133 0.05262161385524455 0.5001157872764085 0.49982134022550495 0.500135055300154 0.5001839652367657 0.49992819719391124 
1.0 0.969824552412518 0.5001171815197715 0.5000842429879417 0.5001308302759804 0.5000781703664029 0.4999436249429118 
0.9038547015988381 0.23231808621269598 0.5001367092851604 0.5001067154336345 0.500014964403725 0.5000607443709574 0.49994326462338295 
0.8284398955051967 0.7047484986466789 0.5001354966052205 0.49986448369467895 0.5000129206797885 0.5000956424103945 0.49994155649069705 
0.34788721653640253 0.7719651990362791 0.49993345986371673 0.4998384405286304 0.50006256133179 0.5001799358175593 0.49992624572192007 
0.5606317903320766 0.8360783607789434 0.5001372190584782 0.49986971650315143 0.5000440417432495 0.500090992902111 0.4999409647369522 
0.9003597788316812 0.954393127228852 0.5002658752635981 0.5001400071845647 0.5001304798062991 0.500072904374576 0.49994457533291814 
0.5764084300709698 0.8127807262438054 0.5001959579891995 0.4998779295744126 0.5000637980924648 0.5000762072124225 0.4998407682403117 
0.6681802658980737 0.23459557148318172 0.5001978361606761 0.4998792580830794 0.5002143635091428 0.5000948556614938 0.4998407682403117 
0.20059977082191732 0.9469024391505014 0.49992927453039493 0.5001476543310668 0.5000354072718757 0.5000967716236219 0.49993827623547743 
0.5764084300709698 0.22060998100675216 0.5001959579891995 0.4998779295744126 0.5000637980924648 0.5000763442757934 0.499836176628907 
0.7350181641192071 0.9509163962735272 0.5001973667692012 0.5001036337595365 0.5000973931065306 0.5000714420597951 0.49994072782014565 
0.7112764971221647 0.16563371739270655 0.49993333560165654 0.5001307970143736 0.5001006838165344 0.5000695990006816 0.4999406054178518 
0.7392600861756217 0.9734397066511704 0.5001096221139252 0.5001036337595365 0.5000965212664141 0.5000714420597951 0.49994072782014565 
0.5520294948493342 0.812809936140598 0.5002636376793252 0.5001400788133901 0.5000641060085714 0.50007619117713 0.49986013426030357 
0.8109135369757964 0.7796830988919773 0.4998950585983977 0.49983889189082653 0.5000862541259379 0.5000736219159551 0.5003794879051705 
0.8709945683433542 0.027191084467733162 0.49985510498570795 0.4998960753475555 0.500142560961894 0.500076354639122 0.4998741230213278 
0.8587280454409949 0.9191382718730372 0.5001401764876491 0.49986765457689863 0.5000506104390913 0.5000748623547162 0.499878911189056 
0.9626378842674024 0.2903929830545838 0.49989617691877913 0.49979937627089277 0.5000535443346983 0.5000741586619535 0.5001129255668629 
0.5559002608584978 0.00880092847608449 0.4999113657929153 0.49986792031812594 0.5000625454471469 0.5000907979479493 0.5000017314345495 
0.6102069757344096 0.8284285124983397 0.49985896280653486 0.5000851061908158 0.5000414034049202 0.5000682944765302 0.4999249576083293 
0.8363927722549105 0.8085646400389594 0.49995199756084296 0.5001105763342877 0.5000353132090134 0.500074003158222 0.500112671867385 
0.6853894500305923 0.9072928418588386 0.5002450543662326 0.5001496221075591 0.5000348306220455 0.5000981594011688 0.49985563101812996 
0.6187692827209454 0.9935498388892944 0.4999560090342551 0.5001105763342877 0.5000353132090134 0.4996666281977046 0.5001037527402996 
0.5952383352002897 0.8559722321865656 0.5001959579891995 0.49987799624027435 0.5002193486938902 0.5000730156652095 0.4998407565111559 
0.9621097346934221 0.9248080062705343 0.4998529628740316 0.49986101766891144 0.5001431357351137 0.5000748488720349 0.49987375742397927 
0.912684010825253 0.954393127228852 0.49987061939323424 0.5001400130364411 0.5001304798062991 0.500072891332163 0.49998197148194645 
