1.0 1.0 0.500033136231112 0.49993547014455336 0.5000215459672802 0.5997962621350227 0.5001546810915765 
0.0 3.7682813346298335E-5 0.49999858443580025 0.5005236173383866 0.5000097567311661 0.599789084004498 0.39914142100399447 
1.0 1.0 0.500033136231112 0.49993547014455336 0.5000215459672802 0.5997962621350227 0.5001546810915765 
1.0 0.0 0.5000049479220756 0.49997065047213035 0.5000179399243123 0.5997963373642148 0.49966115613632645 
0.0 3.7682813346298335E-5 0.49999858443580025 0.5005236173383866 0.5000097567311661 0.599789084004498 0.39914142100399447 
0.011735719883652736 0.0 0.5001201861152623 0.4999798353756012 0.49999969966001967 0.5997892358074198 0.39999478152278967 
1.941234096967926E-5 0.9581093038199392 0.5000993455293294 0.499937516055437 0.5000833571820564 0.5997681880782914 0.5001213260283852 
0.023243670779934 1.0 0.500035868208181 0.49993547014455336 0.5000199204065617 0.5997962621350227 0.4997911504119619 
0.7243518914012499 1.0 0.500033136231112 0.49993547014455336 0.5000215459672802 0.5997962621350227 0.5001644208687149 
0.030495687749887132 0.0 0.5001162009392315 0.4999741604729063 0.499995931068821 0.5014954300322908 0.5001193728764955 
0.8806689211367232 0.999989153121269 0.5000294882333545 0.49993759766024204 0.5000222784559685 0.5997788275831888 0.5001218692981418 
1.0 0.25451437005630934 0.500025122214831 0.49989383911190644 0.5000226437671005 0.5997962621350227 0.5001492016121386 
1.0 0.36895798694212456 0.500015187346589 0.4999462777841354 0.4999981145371337 0.5998171588652141 0.5001213208161736 
0.9999933395857167 0.9799268572702757 0.5011443199471547 0.4999343890848706 0.49999608081319374 0.5000656511078373 0.4997561463783582 
0.7243518914012499 1.0 0.500033136231112 0.49993547014455336 0.5000215459672802 0.5997962621350227 0.5001644208687149 
0.9812756696514076 0.006227946868735054 0.4999271480417646 0.4998905013451292 0.4999974082035356 0.49928612622730595 0.5001655714288467 
0.9951592008719888 0.009915560024301162 0.5002022532464246 0.4999496911458224 0.5000166885518559 0.501079028742063 0.4996671456240362 
1.0 0.036617440629757025 0.5000106841122679 0.4999366228572819 0.5000167279887383 0.5997963392419857 0.4996684177654665 
0.9994495349315211 0.9997634505283411 0.5001310352021593 0.5005784247541775 0.49962205401856863 0.5000829611784114 0.5001193526315908 
0.6028014566567865 0.0 0.5001201861152623 0.49995446089585516 0.49999981370169905 0.5997892358074198 0.39999478152278967 
0.5349336169146617 0.008635976496444875 0.4999009554512827 0.49988430828464375 0.5000181234506164 0.4998770853117503 0.5001212399287434 
1.0 0.17002230977049015 0.4999252980031328 0.49993547014455336 0.5000217331247474 0.5997962621350227 0.5001887376948272 
0.764486917102683 0.6843648880062301 0.5000202912086931 0.49994924056582385 0.5000178972685925 0.5010284777750426 0.5001784634717343 
0.9999659703006782 0.9799268572702757 0.5011180937918968 0.49988744528485013 0.49999608081319374 0.5001058545661321 0.4997561463783582 
1.0 0.9378077948151595 0.500025122214831 0.4998902880628757 0.5000186133471618 0.599797076444354 0.5001492016121386 
1.0 0.089831551674322 0.4999346882303552 0.4999366228572819 0.5000167279887383 0.5997963392419857 0.4996684177654665 
2.5068566477659537E-6 0.05027382640974973 0.5001948078422178 0.4999366267871361 0.5000247324250522 0.5000399219948479 0.5010899109934727 
0.00951992642692377 0.0 0.5009100942585237 0.4999528256553084 0.5000862115238186 0.5997943516793653 0.40018749215430144 
0.9995840318093023 0.5639800359654755 0.4999260829164397 0.4999366939917895 0.49991750969003873 0.5000648997029441 0.5001027390719718 
1.0 0.9592267084362316 0.4999268975146514 0.49993730752807214 0.5000179110905841 0.5998164083681891 0.5001471565138265 
0.8806689211367232 0.999989153121269 0.5000294882333545 0.49993759766024204 0.5000222784559685 0.5997788275831888 0.5001218692981418 
0.3543706147670363 0.06477322438043287 0.4999261575289957 0.49991974905296394 0.4999986512862779 0.5000700272791933 0.5002407286096653 
0.3028006545897886 0.8067290943841265 0.49992614807694585 0.49988707080676165 0.5000001696826895 0.500065192732415 0.5005806483012785 
0.8780054810725945 0.14831750560699106 0.500110339712286 0.4998899003217728 0.5000200024459495 0.49936196328542115 0.500234366325328 
1.0 0.22001598239123932 0.5000128588825765 0.4999366228572819 0.5000215662838347 0.5997892358074198 0.4996685364826839 
0.5291496458415285 0.5639800359654755 0.49992010167654966 0.49993493401832056 0.49991750969003873 0.5000648997029441 0.5001653913925067 
0.9996386677409704 0.9966487054937737 0.49986318744471897 0.4999357598606967 0.5001200579317179 0.5000697665224644 0.5002479944992235 
0.9034363123253754 0.36491050105455797 0.49995502853673496 0.4999748977595036 0.5000233666132311 0.5005967382119403 0.5001196154335465 
0.7935245632244131 0.8067290943841265 0.4999260829164397 0.4999366939917895 0.5000001696826895 0.5000648997029441 0.5005806483012785 
0.9359233624122509 0.9378385864916111 0.5000340165846421 0.49987482102153447 0.5000013993872502 0.5000790659146657 0.5001495338141104 
1.0 0.2439428137357504 0.500015187346589 0.49989137701403047 0.500018217963897 0.5998171588652141 0.5001034065126201 
0.12907015846428488 0.9973282771061478 0.5002051279364861 0.4999709650946191 0.5000189604854549 0.5000476637765738 0.5001204898847611 
0.011735719883652736 0.0 0.5001201861152623 0.4999798353756012 0.49999969966001967 0.5997892358074198 0.39999478152278967 
0.030495687749887132 0.0 0.5001162009392315 0.4999741604729063 0.499995931068821 0.5014954300322908 0.5001193728764955 
0.22396203855178198 0.5745644985633336 0.5002016985040546 0.4999366664774946 0.5001187380934718 0.5000769091970168 0.5001212548021619 
0.9999997881072447 0.39381221833124525 0.5001195393371728 0.4998898536454517 0.5000189580472537 0.49863173329008414 0.5001205185387012 
0.7988380439370203 0.8603793373793577 0.49994056993669217 0.49993271670843237 0.49991897570951865 0.4999135689682039 0.5001066278120149 
0.9998707994356559 0.2007643589837333 0.5001158856770637 0.49989001158156854 0.49999609580582843 0.49934721585507263 0.5001095180417967 
0.9794138599772523 0.0 0.49993019623356977 0.4999734059604861 0.5000167279887383 0.5997892358074198 0.4996685364826839 
0.8975673299955393 0.8435382352366343 0.49991901696169916 0.4998878683917734 0.5000001696826895 0.500065192732415 0.5001170949006469 
0.7239799561549909 0.6834896029614727 0.5000214907256225 0.49993681081800545 0.5000178692413744 0.5010284777750426 0.5001815044004372 
0.06850368061675738 0.9757572893115198 0.4999345668654042 0.4999094336346481 0.5000861730375369 0.5001057336728271 0.5001201286845263 
0.9753441640647447 0.9290641123334918 0.5002016985040546 0.4999366664774946 0.5001187380934718 0.5000772861935243 0.5001212548021619 
0.9951592008719888 0.8073136576961537 0.49991747544349086 0.4999496911458224 0.5000167991796001 0.49988035965447947 0.4996671456240362 
0.9999933409347125 0.08974578761582422 0.5001298124102146 0.5005793855571096 0.49999609580582843 0.500074709300736 0.4997562113195358 
0.9879490625005128 1.0 0.500033136231112 0.49993547014455336 0.5000215459672802 0.5997962621350227 0.5001546810915765 
0.8767591069988236 0.9742399982478515 0.49994198419946634 0.4998788809975604 0.5000273931408071 0.49988512069491525 0.5001215514678516 
0.906701094956632 0.8064689133518941 0.4999546642613524 0.49993695462533855 0.5000213083419274 0.5000652672721929 0.5001075143822689 
0.9999999228052415 0.04108761453626992 0.5000111318891718 0.4999366228572819 0.5000167270397691 0.499309457804461 0.5001537812134355 
1.0 0.19800854867581819 0.4999571800840199 0.49993547014455336 0.5000217331247474 0.5997962621350227 0.5001220338159772 
0.6580213515238035 0.22764088430988694 0.5001681533711497 0.49995516191490924 0.500019177210253 0.49891339462291306 0.5001061929137867 
0.6996864722449232 0.9869328187368087 0.49983699065058845 0.4999274995985544 0.5000968109092963 0.5000680478482956 0.5002843271356854 
1.0 0.17002230977049015 0.4999252980031328 0.49993547014455336 0.5000217331247474 0.5997962621350227 0.5001887376948272 
0.9923136061597102 0.009915560024301162 0.5002022532464246 0.4999496911458224 0.5000166885518559 0.5000605900861864 0.500103227070129 
0.7510252329236624 0.5603417374621557 0.5000238599208399 0.4999366939917895 0.49991750969003873 0.5000648997029441 0.5001177021564048 
0.6996864722449232 0.259819078122661 0.49983650287395837 0.4999274995985544 0.5001065335519218 0.4987456982558557 0.4996685364826839 
0.9997603914971774 0.7896495849403915 0.49994203279239835 0.49993695462533855 0.5000213083419274 0.5000652672721929 0.5001078253603374 
0.9649446711660725 0.24597017494530696 0.4999261575289957 0.49991974905296394 0.4999986512862779 0.5000700272791933 0.5002407286096653 
0.35874051950453634 3.014038420211902E-5 0.5001497345207833 0.49989295646150267 0.5000215354447421 0.4989697752184735 0.500161202398046 
0.9934402955484711 0.93753164924626 0.500025122214831 0.49993713508770093 0.5000186133471618 0.5004096559426277 0.5001492016121386 
0.016175177478298497 0.9400932214795674 0.5000340165846421 0.49987482102153447 0.5000214771172047 0.49988512069491525 0.5001204727671477 
0.003652312355825693 0.8758595052170843 0.49998885905092 0.49993530496081884 0.4999167962871819 0.5008791840220113 0.5001027741873691 
0.7935245632244131 0.5639800359654755 0.4999260829164397 0.4999366939917895 0.49991750969003873 0.5000648997029441 0.5001201544926247 
0.005072538790803438 0.8089837271857949 0.49991893230878703 0.49988707080676165 0.500020247412644 0.4998712475126645 0.5005515872543158 
0.9998707994356559 0.9835302289977798 0.5001159140757895 0.49989001158156854 0.49999609580582843 0.49934721585507263 0.5001066049850389 
0.7239799561549909 0.3634790929506686 0.5000202912086931 0.4999496911458224 0.5000178972685925 0.501079028742063 0.5001784634717343 
0.3266410472323205 0.9290641123334918 0.5001937540431095 0.4999205391813388 0.5001187380934718 0.5000774919677958 0.5001212548021619 
0.7348723471055585 0.22764088430988694 0.4999420302719061 0.49994910908838974 0.5000178059743622 0.49891339462291306 0.49982720183923424 
0.9665278614768202 0.36491050105455797 0.49995447014295785 0.4999080888808638 0.49999691617420505 0.5005967382119403 0.5001054368978068 
0.9749994936323829 0.2106236695386495 0.5000074313792506 0.49994920488049516 0.5000167604220972 0.500082303230606 0.5001047461863373 
0.6580213515238035 0.1932272528674794 0.5001681533711497 0.4999459338400372 0.5000178195569654 0.49891339462291306 0.49983492473271646 
0.6028014566567865 0.0 0.5001201861152623 0.49995446089585516 0.49999981370169905 0.5997892358074198 0.39999478152278967 
0.9998047797642912 0.11127074099254408 0.5000308640429284 0.4999368290826783 0.5000223260678264 0.49947452688562605 0.5001511785421763 
0.3266410472323205 0.8918800979655831 0.5002012715635045 0.4999205391813388 0.4999155283336453 0.500077564492695 0.5001212548021619 
0.9998047797642912 0.10685194903586831 0.5000308640429284 0.4999368290826783 0.500022325790073 0.49947452688562605 0.5001493923241925 
0.9986742475764976 0.2106236695386495 0.5000074313792506 0.49994920488049516 0.5000167604220972 0.500082303230606 0.5001047461863373 
0.6879935530192087 0.6843648880062301 0.49998877669344216 0.49994924056582385 0.5000178972685925 0.5010284777750426 0.5001709073447803 
0.612732315881631 0.0 0.5001744606618598 0.4999557486018569 0.49999981370169905 0.5997892358074198 0.39999478152278967 
0.6879935530192087 0.6843648880062301 0.49998877669344216 0.49994924056582385 0.5000178972685925 0.5010284777750426 0.5001709073447803 
0.906701094956632 0.5747823819502774 0.4999546642613524 0.4999086061162662 0.5000213083419274 0.4998409210427037 0.5001205542114382 
0.0019450502721383 0.0 0.5008959374408156 0.4999786489491191 0.5000839017738787 0.5997891459365565 0.40019557572830433 
0.9863051259934862 0.6248280903548972 0.4999261575289957 0.4999404396985988 0.49999856000994786 0.5000700272791933 0.5002399851198815 
0.7239799561549909 0.009915560024301162 0.49993471444433474 0.49993728642551716 0.5000166885518559 0.501079028742063 0.4996721484194571 
0.48287349613596464 0.22449659644617356 0.49991563731271027 0.499889503785325 0.5000168927953733 0.49952148661576895 0.5001216114268644 
1.0 0.9387553736878652 0.5000955795340186 0.4999712619918345 0.5000215459672802 0.5997962621350227 0.5001544553022662 
0.7230636636519897 0.3634790929506686 0.4999225142042929 0.4999496911458224 0.5000178972685925 0.501079028742063 0.5001809158079543 
0.6492847842563056 0.07060944487884731 0.4999258578854491 0.49991974905296394 0.5000187670878283 0.4989408606944523 0.5002407286096653 
0.3111329609106848 0.9997634505283411 0.5001051680657541 0.4999733643693954 0.49964320232859255 0.4984279347410998 0.5001210100581255 
0.3193510046108846 0.9997634505283411 0.5001051680657541 0.49992480755544894 0.49964320232859255 0.4984279347410998 0.5001210100581255 
0.7491520825797583 0.9807846750420568 0.500013196150869 0.499891833219339 0.4999165068181895 0.5000642621650094 0.4997561463783582 
