1.0 0.0 0.4998781664144964 0.501714699774671 0.4999087611493742 0.49948065727188495 0.5007212746902626 
3.345386403682911E-17 0.7573254714288414 0.4997645837813976 0.5001016777675827 0.502698864713794 0.5003117928474475 0.5004685718728646 
1.0 0.0 0.4998781664144964 0.501714699774671 0.4999087611493742 0.49948065727188495 0.5007212746902626 
1.0 1.0 0.4999163747824758 0.5016806168912635 0.500058480821626 0.49986338713654 0.5006527173073423 
3.345386403682911E-17 1.0 0.49982854566324314 0.5001013196806173 0.5027268716828382 0.5003094125975933 0.5001340834285692 
0.0016542055360567742 1.0 0.4998520880351528 0.5001330690052525 0.5026459462922628 0.5002883591132754 0.5004685718728646 
3.345386403682911E-17 0.0 0.49987099091878856 0.49850957242488736 0.5000311083865123 0.4998525496448183 0.4993988166139206 
0.9999994582051412 1.0 0.49986514405100885 0.5002095323431771 0.49995485377507093 0.49962392019125823 0.4991088008939527 
0.9999999986746595 0.0 0.49987532319625666 0.500042506638652 0.49985710907644093 0.4995542249851126 0.5000812153276673 
0.9999999999950172 0.0 0.49993650366677556 0.5001326989863376 0.5007016851839339 0.49960322175191624 0.501321277992776 
0.015305042233055344 1.0 0.4997690435155425 0.5005271946838861 0.4998573238305587 0.49966730148936933 0.5006938738523268 
0.9999999999950172 0.0 0.49993650366677556 0.5001326989863376 0.5007016851839339 0.49960322175191624 0.501321277992776 
3.345386403682911E-17 0.0 0.49987099091878856 0.49850957242488736 0.5000311083865123 0.4998525496448183 0.4993988166139206 
0.7051479579410789 0.9792206679356146 0.4998914565050035 0.5005035549515324 0.49991583839383114 0.49976839217963354 0.5001216058298368 
0.5794808694127 0.018880221702716138 0.49993500659978785 0.5003015951718756 0.49991538318862233 0.49983577436897303 0.5001422440559414 
0.9768826249395086 0.18305557796896954 0.49987375376665544 0.5000427631998018 0.4998584046926381 0.49975222690598814 0.5001353111482051 
0.5315641034960912 0.6405693438171302 0.49976628905125203 0.5002104822736742 0.4998172627463987 0.49975596519524973 0.5004458738306296 
0.7462485819852642 0.43912547707921645 0.49993714089741503 0.5001273514382073 0.49991665975752025 0.4998292945322029 0.5001223366344039 
0.9537014899470017 0.6791136371374009 0.4998723647256888 0.5002782508730373 0.4998584278815225 0.4997099504945996 0.5001352917875489 
0.027929841039844694 1.0 0.49976320698757737 0.5001215616095432 0.4998573238305587 0.49966338238057423 0.5006938738523268 
0.9489695046267813 0.5494423650465521 0.4999363187794645 0.5001231829712863 0.5000426682034299 0.4995733103082217 0.500135410558369 
0.9637715758280907 0.13365265916633703 0.49976810821326956 0.5001234996906513 0.49985515739143355 0.49970043132032715 0.5001353200073959 
0.7076076975394214 0.28559776367801326 0.4997680898878102 0.5001232080911981 0.5000526741069609 0.4997694646501918 0.5001361713456739 
0.11509811080089771 0.4369217308144817 0.49993714089741503 0.5001273514382073 0.49991665975752025 0.4998292945322029 0.5000294554611918 
0.9966382890265341 0.39486689317213775 0.4997680898878102 0.5001232081372988 0.5000526741069609 0.49977239331674317 0.5001361713456739 
0.8219847031025227 0.8644360310812786 0.4998280555915344 0.5004701481539248 0.49991284026732535 0.4998344482645597 0.5004626224261519 
0.9999909000264389 0.9715303415460997 0.4998763434913276 0.5003287285725122 0.49990546853351714 0.49946976090928774 0.5002903717182859 
0.11266489580657191 0.8232304978285606 0.4997942435239467 0.5004946906201643 0.4998174970863252 0.4997006206607048 0.5000312985696483 
0.9130468078452875 0.815517390172541 0.4999426475295136 0.500077042134599 0.4998340554558919 0.500316958573105 0.5001353857839453 
0.897521614591925 0.9509500062495297 0.4998531740781877 0.5004528869978517 0.4998803587292707 0.4996049846320651 0.5001123963495815 
0.9999284963176929 0.6150014918780293 0.4997632310234866 0.5001223585632407 0.4998375435883954 0.49976006884322227 0.5001352232422036 
0.33443118739498234 0.7337795640537592 0.5004780782465335 0.5001231336546139 0.49997856938899804 0.49975945260767546 0.5001346588507005 
0.5376871179252284 0.13896412855023793 0.49993650366677556 0.5001326550238383 0.4998815609019567 0.499602187196003 0.5001545047889272 
0.7440677198676877 0.13365265916633703 0.49976809059043587 0.5001235007629553 0.5000526741069609 0.49970043132032715 0.500133463126902 
1.0 0.9730145434998398 0.5004456112821302 0.5000794263000642 0.4998314545836945 0.49966313136954216 0.5006813940437719 
0.5557649311199946 0.7952230614188456 0.4998512548351971 0.5003230654823266 0.49981694716717 0.49970705689257433 0.5001418983064888 
0.7821570022245958 0.9355863001527756 0.49986436320419686 0.5001097049971329 0.4998172617623742 0.4997496900281869 0.5001361715078818 
0.9212019471586307 0.9350414422989425 0.4999028900473611 0.5003433831184158 0.500052070978093 0.4998614358193929 0.5001353105111127 
0.7381292415162677 0.2807571495122085 0.4996912599656151 0.5000854206371795 0.5000783256807535 0.49972100719306983 0.5004499731492492 
0.21055488659821803 0.14982456473929603 0.49976810821326956 0.5001287989336783 0.49995331900255097 0.4994770999497711 0.5001210328183118 
0.500617597586258 0.4943219125153031 0.49986396947783307 0.5002121729908074 0.49981724545974177 0.4994766803473849 0.5004458738306296 
0.9955791837533378 1.0 0.4997690435155425 0.5005271946838861 0.4998573238305587 0.4996646711547711 0.5006938738523268 
0.339574807829201 0.059835721769049166 0.4997963520647772 0.5004669461631926 0.4998304912278283 0.49948680442534843 0.5000346720670685 
0.9712838874048375 0.29209562669610956 0.49993669563177806 0.5001140319385563 0.49981368367917123 0.499507098699887 0.5002737398861689 
0.5149992306975439 0.4918150955862141 0.49986396947783307 0.5002121729908074 0.49981724545974177 0.49947925252258296 0.5004461503656102 
0.9962335435659836 0.6430396775813577 0.49976809059043587 0.5001232081372988 0.5000526741069609 0.49976947835611163 0.5001352241809722 
0.4136485823330971 0.8233367512446328 0.4998623040152748 0.5000802343802099 0.49981693179000414 0.4996984515780995 0.5002288488193734 
0.24162005802418074 0.6054655758594871 0.4999273953460188 0.5000757675761179 0.49998151878495195 0.4995822435541165 0.5002871317947567 
0.8962722748582067 0.13943812049281457 0.49985375829535167 0.5001231820818339 0.5000411661114 0.499712418063072 0.5001352459923885 
0.979858520839608 0.6824161992246228 0.4998723647256888 0.5000427631998018 0.4998584278815225 0.49949657404447817 0.5001352954346443 
0.3875263235387546 0.6579775140822002 0.49993263792633064 0.5002947371427607 0.4998022713979894 0.5003198255286765 0.5001202768510136 
0.46298190194921185 0.990767854373606 0.4998835422710775 0.5002079291748541 0.49995439307074535 0.499659655659709 0.4995413596004425 
0.36895353824669186 0.6579775140822002 0.49993263792633064 0.500347890236938 0.49981489668664447 0.5003198255286765 0.5001202768510136 
0.33443118739498234 0.7203395697585464 0.4999363187794645 0.5001231336546139 0.49997856938899804 0.4997513915173964 0.500135410558369 
0.9599954116552514 0.815517390172541 0.4999426475295136 0.500077042134599 0.49983642137784373 0.5003216321297971 0.5001353857839453 
1.0 0.991084136416465 0.5004456112821302 0.5000794263000642 0.49983160186752923 0.49966313136954216 0.5006813940437719 
0.9346157905844259 0.9658501728436324 0.49985382896777136 0.5004698887425499 0.4999140102645431 0.4998344482645597 0.5001223366344039 
0.9446453881410554 0.007201312902182178 0.4998670618625489 0.500042506638652 0.4998642394460491 0.4995492508143054 0.5000689305501896 
0.9996898993212855 0.9634907609322686 0.49993650366677556 0.5000702552213666 0.49989327465655753 0.49943406077608915 0.5001282495906738 
0.7157525022693789 0.6970329726114971 0.4996912599656151 0.500123214292329 0.5000519510000215 0.49976947835611163 0.500439948519021 
0.5310971794113759 0.9795283642532862 0.49988019851583815 0.5005120234197926 0.49981664605748627 0.49986293014564753 0.4994709095969006 
0.0416016868121204 0.13365265916633703 0.499827433490155 0.5001235007629553 0.5000526741069609 0.5003196830256635 0.500133463126902 
0.7440677198676877 0.17499452751853736 0.49976809059043587 0.5001640393338967 0.5000526741069609 0.49970043132032715 0.500133463126902 
0.9760339765915179 0.9912098638174954 0.49994411356867763 0.5001231829712863 0.49986183513446864 0.4995733103082217 0.500135410558369 
0.9997471040205885 0.13365265916633703 0.49976810821326956 0.5001287989336783 0.49995331900255097 0.4996239678217438 0.5001220716052571 
0.24563885343897224 0.031784583058581395 0.49992809244581 0.5000755707045794 0.5000426682034299 0.4995733103082217 0.5000634444205847 
0.9204871287563438 0.05577548731936144 0.4998981685959649 0.5001386739474245 0.500052070978093 0.4998614358193929 0.5001353105111127 
0.7462485819852642 0.0898468164734379 0.49993714089741503 0.500127339718125 0.49991665975752025 0.49985222411416735 0.5001355929553822 
0.0152031609206279 0.996437414180429 0.4998520880351528 0.5001330690052525 0.4998554714550859 0.5002883591132754 0.5004685718728646 
0.997315419831658 0.5027259682454291 0.4999426475295136 0.500077042134599 0.49984301104659656 0.4997056131588804 0.5001354020377239 
0.7328763329026114 0.07431636942475534 0.5004128340164451 0.5000977250015414 0.5000405861662829 0.49969091757905193 0.5000647010720426 
0.8184567176071749 0.4850354387160605 0.4999575862528829 0.50049516867094 0.5000432794004698 0.49970587172598374 0.500138839577242 
0.9489695046267813 0.01893840963459205 0.4999603734550088 0.5001244418714292 0.5000426682034299 0.4998016418470225 0.500135410558369 
1.0 0.7970189848647399 0.49987855342682014 0.5000974967267536 0.4999087611493742 0.4994700149685998 0.5002749185123728 
0.9310357282920805 0.01893840963459205 0.4999603734550088 0.5001235278151437 0.5000426682034299 0.4998007365884424 0.5001430131815543 
0.9700761631929528 0.4438353730329052 0.4999363187794645 0.5001219197637927 0.5000423920874294 0.4995757459142602 0.500135410558369 
0.9714826922859945 0.029722394139639396 0.49976809059043587 0.5001232081372988 0.5000526741069609 0.4997620228289894 0.5001290264238638 
0.860698362511241 0.9134510263956798 0.4998285484513047 0.5001032962630622 0.4998168426467956 0.5003247183754251 0.500133596765568 
0.9702272480449131 0.28602600015846047 0.4998593955452882 0.5000752636507465 0.4998137266057644 0.499507098699887 0.5002714580056676 
0.9994760308346221 0.6791136371374009 0.4998723647256888 0.5002782508730373 0.4998584278815225 0.4997099504945996 0.500153844506284 
0.9454793981011125 0.4494240755654141 0.4999575862528829 0.5003511781815148 0.5000559046891249 0.49970587172598374 0.500138839577242 
0.8617122372754564 0.9355863001527756 0.499825632266654 0.5001031409451384 0.4998172617623742 0.4997496900281869 0.5001335932342299 
0.7374524992336448 0.3916214651592119 0.4998424800638312 0.5000859164148357 0.49981693179000414 0.49972062945183465 0.5002958540758956 
0.5794808694127 0.018196701451697578 0.4999473394496156 0.5003075921717288 0.49991538318862233 0.49983577436897303 0.5004387213844521 
0.8393568233851598 0.3916214651592119 0.4998424800638312 0.5000859164148357 0.49981693179000414 0.49972062945183465 0.5002958540758956 
0.5794808694127 0.39118589410805454 0.49993500659978785 0.5003015951718756 0.4998167638683508 0.49983577436897303 0.5001422440559414 
0.8811798347845807 0.13943812049281457 0.49986222407268593 0.5001231820818339 0.5000411661114 0.499712418063072 0.5001392635713474 
0.7752354541944833 0.6296837123751158 0.4997617267482215 0.5001106109491991 0.4998585342032811 0.49970183883828284 0.5002892287529557 
0.41604868547441654 0.6611489475758705 0.4999052205255299 0.5001230500710175 0.5000519972959039 0.49971147882235656 0.4995095792374795 
0.9346157905844259 0.98540869568249 0.49985375598849613 0.5004698887425499 0.5000414070791954 0.49983429905904053 0.5001356205156302 
0.34135873395798605 0.42411242189348747 0.49986681268019983 0.5003250505130141 0.500645624991705 0.4997357179436675 0.4995195715987316 
0.833186291576621 0.3916214651592119 0.4998424800638312 0.5000859164148357 0.49981693179000414 0.49972062945183465 0.5002958540758956 
0.953455108810219 0.4850354387160605 0.4999575862528829 0.5002980250873373 0.5000432794004698 0.49970587172598374 0.500138839577242 
0.9722372240324856 0.6198042402810068 0.49993951471092185 0.5002982515923069 0.49984288808392474 0.4997701766813014 0.5001352969041045 
0.999999999982196 0.969055730722338 0.49976261541668904 0.5001327720676945 0.4998963774308444 0.4994341392403588 0.5002864888923322 
0.8417071283351755 0.9991825503763213 0.49977628255300655 0.5001032539190164 0.49981941215079295 0.5003734609079546 0.5003911823043153 
0.7462485819852642 0.5488141657246474 0.49993714089741503 0.5001273514382073 0.49991665975752025 0.4998292945322029 0.5001223366344039 
0.7057323481242075 0.1582855825161003 0.49976819235171044 0.500073949425773 0.4998571207207284 0.4997496477780178 0.5001387347978853 
0.9988040257506771 0.9312412276041775 0.4998763434913276 0.5003287285725122 0.49985716567728256 0.4997071980342309 0.5002903717182859 
0.5348096913902649 0.13365265916633703 0.49976809059043587 0.5001235007629553 0.4998889736780872 0.4996964036352504 0.5001292450170162 
