1.0 0.0 0.4999901574278029 0.5001471865620429 0.500155959960582 0.5000405820340575 0.49971103794408894 
0.0 0.053306326702008015 0.5000039551921209 0.5002152263153412 0.500161519461821 0.49998282281115136 0.49980197906156343 
1.0 1.0 0.49998676459088076 0.499810898262361 0.5001607850232076 0.500037174613349 0.5002549790899657 
0.19095658242407507 0.6348651201730274 0.49994915192571343 0.500139007543946 0.5001595168963884 0.5000235435583053 0.499749625840348 
0.7668288663413243 0.18050728617802336 0.4999506925843358 0.5001849740442431 0.5002340527543496 0.5000413235421984 0.49971478049761536 
0.43414292204426425 0.8800827801860435 0.4999934364586576 0.5001410685743782 0.5002321651909847 0.5000236712795819 0.4997646893233886 
0.9718300651089897 0.7490927057012148 0.4999468885173314 0.5001417063037672 0.5002313894673289 0.5000418768856382 0.49976160884699494 
0.8179863070717774 0.053306326702008015 0.5000030777090563 0.5001852620990727 0.5002349014863806 0.5000435558421054 0.49971854405964694 
0.944799797917376 0.7094536056709594 0.5000043150056026 0.5002192719831732 0.5001894382401013 0.5000452335215791 0.4998027529676427 
0.8635480043369533 0.6679436545400019 0.5000045084552808 0.499391797505316 0.5001643297447433 0.5000449432415691 0.49982987222050695 
0.32374246715867194 0.9967463919912773 0.4999891143958384 0.5001530407138676 0.5001608758314763 0.5000090934242781 0.49978672341324537 
0.6716625912138395 0.31682545358562725 0.49990825876947714 0.4997848215611389 0.500169609539251 0.5000371407309252 0.5002549790899657 
0.47071122850402325 0.7070345482985297 0.499982948603001 0.5001533774098968 0.5002298188302973 0.5000415449095805 0.49974804706947434 
0.5606190239050999 0.7739717206564147 0.49998384909787913 0.5001584267954475 0.5002299259347585 0.5000428236885659 0.49983447894979444 
0.2991814310187116 0.9874772125533129 0.49995065639360015 0.5003906759663841 0.5002289039522456 0.5000451706711457 0.4998120394382472 
0.12240896464801404 0.7267012364378274 0.49999015767166977 0.5001528891110062 0.5001588464151412 0.5000464020511444 0.49974863213107773 
0.6775473003191151 0.23567940582009156 0.4999221659280829 0.5001291787791252 0.5002310626646697 0.5000133640909499 0.4997656014805793 
0.9778232752022793 0.7784065413538588 0.49990291014433735 0.500152961338682 0.5001614684172893 0.4999795156636829 0.49980065421180064 
0.8699220188438659 0.3252357938683919 0.5000044485638148 0.50018639343272 0.5002349014863806 0.5000409169770803 0.4997168937778156 
0.915024832411041 0.7094536056709594 0.49992809636090507 0.5002192719831732 0.5001894382401013 0.5000423666768704 0.4998021714425007 
0.5825510155816663 0.8329509030949125 0.49995002253354265 0.5002932461110807 0.5002086200983948 0.5000418837809362 0.49982787826764 
0.8725132719306029 8.549150477559636E-4 0.4999853401138958 0.499391797505316 0.5001356746397568 0.5000429891443405 0.4998026547988079 
0.5402136197296653 0.34362160982502626 0.5000055644213521 0.49959325341842786 0.5001515100788639 0.5003994843397368 0.49983136275984613 
0.9751481590363548 0.14915777647092493 0.49992156343189637 0.5002739179623068 0.5002103168191456 0.500045405640243 0.49983196941432895 
0.5924534460494354 0.2605047454631536 0.4999027584771275 0.5001293108918008 0.5002349775300706 0.5000225213919904 0.5002653248219251 
0.3730505924364319 0.09598134852322246 0.499986828855126 0.5001581078680889 0.5001596417017785 0.49997998872456706 0.4998028010644202 
0.2722629318948734 6.398590066025852E-5 0.4999859384144317 0.5002183732028052 0.49948711435262255 0.49996599590823737 0.49969429456733416 
0.8555831650072505 0.6480707964637461 0.5000045084552808 0.499391797505316 0.5001643297447433 0.5000453944035899 0.4998302422395989 
0.0816631107320342 0.7070345482985297 0.49999015767166977 0.5001758460768958 0.5001590416488962 0.5000463347649529 0.49974863213107773 
0.9492018938462559 0.7443172130323298 0.49998817018620045 0.5001385853573005 0.5001578610175825 0.5000741498831014 0.49972654027606783 
0.8863507524726937 0.6679436545400019 0.5000045084552808 0.49943368878247296 0.5001891972990822 0.5000449520249258 0.4998296464536093 
0.44344257189246444 0.9384552626454549 0.49999015767166977 0.5001306878098226 0.5001590416488962 0.5000234440619282 0.49974863213107773 
0.6017035763401336 0.8323448690943197 0.49994971608401106 0.5002931386750918 0.5001988318331233 0.500042176834708 0.49982801017957906 
0.9012590646959927 0.008656884079987433 0.4999472909873883 0.5001580966004531 0.5002118487573265 0.5000095794501282 0.4998350315855795 
0.8926232081460466 0.9380987808554633 0.4999894406744311 0.5002166657243008 0.5001644576793861 0.5000234440619282 0.4997245862535506 
0.6916827928914286 0.2697072398745014 0.499989496923673 0.5002631542622386 0.5001540588158816 0.5000186821671813 0.49976248337376944 
0.6426617629751712 0.9967463919912773 0.4999892277760042 0.50015546498732 0.5001608758314763 0.5000101307393626 0.49978672341324537 
0.9289839208666535 0.9883924740716481 0.49999015767166977 0.5002769849659374 0.5001590416488962 0.5000234440619282 0.49974863213107773 
0.9896133345700073 0.3387054904843312 0.49992165493572105 0.500150215147602 0.5002073911533754 0.5000717699921727 0.4998337561402041 
1.0 0.3174077264144127 0.499982640698955 0.499810898262361 0.5001608758314763 0.5000448204016161 0.5002549790899657 
0.8081274646658361 0.1141330182044959 0.5000029433211891 0.4995441498882128 0.5001584284150191 0.5000088851277266 0.4997604527043797 
0.7838970192425546 0.3146013570657001 0.4999884840541718 0.5001418629884399 0.5003016226954965 0.5000402954261624 0.4997120325104372 
0.9914901632415763 0.9874693585649994 0.49992156343189637 0.5002739179623068 0.5002089681678017 0.500045405640243 0.49983196941432895 
0.041615428006754884 0.07660492110371586 0.500003929627123 0.5001760359469926 0.500161519461821 0.4999746253604535 0.49980197906156343 
0.8926232081460466 0.5242567469366162 0.4999894406744311 0.5002166657243008 0.5001644576793861 0.5000234440619282 0.49972606984858137 
0.9718000019342456 0.15557668943144604 0.49992156343189637 0.5001572760099507 0.5002094989041005 0.5000449894670743 0.4998324895264421 
0.45635109956014075 0.3730499807001321 0.4999468846907655 0.5001417063037672 0.5002313894673289 0.500040384978132 0.49976442132602705 
0.34130437503581745 0.7739717206564147 0.499984593142591 0.5001584267954475 0.5001577698932096 0.5000095321060444 0.49976055046922024 
0.6342138770732483 0.10161268297965398 0.49995484097962084 0.4999111735602575 0.5001610725152293 0.5000433810956197 0.49972735019164477 
0.7387744389625492 0.7480819365436064 0.49995002253354265 0.5001794010954073 0.5002086200983948 0.500040498686194 0.49982801017957906 
0.9967928900832173 0.028815417583472433 0.4999852596524818 0.5001664986328008 0.5001562203754003 0.5000406045392614 0.4997272487174738 
0.7307934576090467 0.05170700482138277 0.4999486516787843 0.5001572954618001 0.5002300335015288 0.5000434863732868 0.49976975948869096 
0.7435115061934781 0.7685463292578265 0.49995002253354265 0.5001584267954475 0.5002299259347585 0.5000408475082618 0.49976810920685955 
0.2085010314432454 0.027922224435697113 0.4999491642178203 0.5001581115768188 0.5001643692145444 0.5000116206866784 0.4998148850107598 
0.9526525415918833 0.9376487898489894 0.49999099350615417 0.500131139285317 0.5003612629005452 0.5000234447043455 0.4997646893233886 
0.4180809783441768 5.42836751154574E-4 0.4999472673412854 0.5001580966004531 0.5001916529209531 0.5000097199094234 0.4997481332047733 
0.7183773120808169 0.3236317483146174 0.49995002253354265 0.5001584267954475 0.5002300335015288 0.5000408475082618 0.4998355738089145 
0.7524157074337867 0.002787202952514556 0.5000039551921209 0.5001796025811593 0.5001615090795051 0.49998113055239474 0.49980197906156343 
0.9659220388158543 0.06971022744576291 0.49998993289128124 0.500147768754115 0.5002310704995643 0.5000405997057914 0.49972735019164477 
0.9996784080856163 0.7793729791654144 0.4999501273330027 0.5001584267954475 0.5002094732038411 0.5000449841020359 0.49976580064348114 
0.6429820245739581 0.819416884235472 0.4999470645667678 0.5001609227893865 0.5002086200983948 0.5000425462719066 0.49982801017957906 
0.7924419842695649 6.085873212954285E-4 0.4999501348937788 0.5001795100708922 0.5002340527543496 0.5000450535632642 0.499794998452371 
0.15808259482290793 0.6379863816110041 0.49994915192571343 0.5002807594385155 0.5001991715899909 0.5000454080612353 0.4998299062395551 
0.5133502695887712 0.9373441548318198 0.49995359429833025 0.4995490295834702 0.5001592076471907 0.5004132956264391 0.49976468389158524 
0.6429820245739581 0.8323448690943197 0.49995002253354265 0.5002931386750918 0.5002086200983948 0.5000418837809362 0.49982801017957906 
0.8641569777432968 0.0 0.4999901574278029 0.5001471865620429 0.500155959960582 0.5000405820340575 0.49971103794408894 
0.6128266394300325 0.3529469620660449 0.4999891608369419 0.50015546498732 0.5001608758314763 0.5000101307393626 0.49978672341324537 
0.9896133345700073 0.8153069723157718 0.49992165493572105 0.500150215147602 0.5002073911533754 0.5000717699921727 0.49980089082894935 
0.7924419842695649 0.03548288602678695 0.4999501348937788 0.5001795100708922 0.5002340527543496 0.5000450535632642 0.499794998452371 
0.9526525415918833 0.9142233744278974 0.49999099350615417 0.500131139285317 0.5003612629005452 0.5000234447043455 0.4997646893233886 
0.02356288212291935 0.7094536056709594 0.5000025894085671 0.5001742622772378 0.5001904925625129 0.49997462726904046 0.49980217123346854 
0.9822811973183926 0.27586398732041323 0.49992100942907797 0.5002313893798908 0.5002356832030719 0.5000464466280928 0.4997646025604264 
0.2725318907807396 0.9973672052290787 0.49992153122166333 0.5002313893798908 0.5002356832030719 0.5000464466280928 0.4997646025604264 
0.34265313429134137 0.008570907817258167 0.4999472909873883 0.5001580966004531 0.5001579447609917 0.5000095794501282 0.49981382938509317 
0.5287098753734131 0.3002531084771283 0.49995359429833025 0.49959325341842786 0.5001510087930168 0.5004075371581922 0.4997651414720531 
0.47805921847381067 0.8127563742744682 0.49990291014433735 0.500152961338682 0.5001614684172893 0.4999795156636829 0.49980065421180064 
0.1386230962337548 0.3976793910471047 0.49994304545496904 0.5001468038846236 0.5001520832664231 0.5000114483298271 0.49977068007861436 
0.10297071112797251 0.04438240880767225 0.49998980961677014 0.5001580931052088 0.5001521727140618 0.5000101575606325 0.49977068007861436 
0.5619677831606242 0.008570907817258167 0.4999472909873883 0.5001580966004531 0.5002301008025405 0.5000428710326498 0.49981843817980715 
0.9257724650212324 0.6679436545400019 0.5000045084552808 0.499391797505316 0.5001643297447433 0.5000449432415691 0.49982987222050695 
0.5339199545455748 0.09598134852322246 0.499986828855126 0.5001581078680889 0.5001593153900448 0.49997998872456706 0.4998281159190663 
0.5312176104504656 0.03117920062812307 0.49995359429833025 0.4995824593409112 0.5001517593263456 0.5004075371581922 0.4997651414720531 
0.4180809783441768 0.029807965386446256 0.4999472673412854 0.5001580966004531 0.5001501616367202 0.5000090030102093 0.499748160859841 
0.8556849204594271 0.6058762051312179 0.5000045084552808 0.499391797505316 0.5001910660247376 0.5000453944035899 0.4998302422395989 
0.465925902493092 0.7070345482985297 0.49998358708993984 0.5001533774098968 0.5001509752545912 0.5000755807807012 0.49974845774412524 
0.9996784080856163 0.9389176510111407 0.4999501273330027 0.5001584267954475 0.5002094732038411 0.5000449841020359 0.49978954712868345 
0.8912232038476342 0.9883924740716481 0.49999015767166977 0.5002769849659374 0.5001590416488962 0.5000234440619282 0.49974863213107773 
0.9794642184197292 0.8504389688727396 0.49991997963409207 0.500153333234377 0.5001642077248352 0.5000461934107095 0.49974872089223793 
0.3657210144513273 0.008570907817258167 0.4999472909873883 0.5002736751115686 0.5001579447609917 0.5000093988980268 0.49981658982620014 
0.9605670308719599 0.05176782648949062 0.49992486729303004 0.5001556264892555 0.5001513959544208 0.5000467259595873 0.49977068007861436 
0.9942023133759178 0.010577734434140701 0.499947049410666 0.5001580966004531 0.500211938410606 0.5000095794501282 0.4998349074877555 
0.9766705442074312 0.41414420027417986 0.49994309951652405 0.500159912762719 0.5001565097690491 0.500043654788387 0.49972735019164477 
0.7006128774640792 0.2768382220863055 0.49999122851879957 0.49981897979929896 0.500157245880405 0.500040687763093 0.5002321647319411 
0.982075510341302 0.21480255951127686 0.49992100942907797 0.5002338187277644 0.5002356832030719 0.5000464466280928 0.49983556469680224 
0.9659220388158543 0.10720372985376478 0.49995484097962084 0.5002295276441612 0.5002339831478003 0.5000433810956197 0.49972735019164477 
0.2880163816471219 0.9874772125533129 0.49995142141574184 0.5003906759663841 0.5002289039522456 0.5000451706711457 0.4998120394382472 
0.21459654725739608 0.027922224435697113 0.5000057842328797 0.5001581115768188 0.5001643695154486 0.5000116206866784 0.4998144091873304 
0.9624740389399865 1.0 0.4999891143958384 0.4997981934694875 0.5001608758314763 0.5000447366951762 0.5002549790899657 
1.0 0.9536780861001644 0.49998270763801733 0.499810898262361 0.5001608758314763 0.5000448204016161 0.5002549790899657 
0.6157246360096084 0.3136279431008239 0.49999122851879957 0.49979782888875357 0.5001578268473829 0.5000421122131363 0.4997569855827583 
