3.184874911854353E-18 1.0 0.40028374336366296 0.5000345660269719 0.5001828912008132 0.5968306747823764 0.4998272419080801 
1.0 0.0 0.49707227293349604 0.5234812778786317 0.5014715770024397 0.5002171908965405 0.49914795035640963 
1.0 1.0 0.5004542796391871 0.49977018391338424 0.5000904408837424 0.4997081124947078 0.49995867205846195 
3.184874911854353E-18 1.0 0.40028374336366296 0.5000345660269719 0.5001828912008132 0.5968306747823764 0.4998272419080801 
0.8153165822151229 0.0 0.5001561542742922 0.5038090742911148 0.5002135480248652 0.500144933224704 0.5000468134593518 
0.9999458123011409 0.0 0.49707227293349604 0.5234812778786317 0.5014131786121095 0.500220794016548 0.5000250798677082 
3.184874911854353E-18 0.009849766852127684 0.40042801745355155 0.5000345660269719 0.4998567446010649 0.6019283430439798 0.499974280609685 
0.005649704096107766 1.0 0.4993387267528702 0.49988776345677677 0.4996828805973351 0.4996042029932823 0.500067927272524 
0.5959224342019618 0.9884807461918973 0.49989866274077044 0.4998736770086989 0.5000973648106121 0.5007438903400552 0.5000768350259515 
0.9017745187702824 0.8095589226006619 0.4992270477797666 0.49971215400211894 0.5001863320938605 0.4996172613786767 0.5000545535079205 
0.8183838607810774 0.6462271127434479 0.5000880931240561 0.4997196018036492 0.5001824288520449 0.5001456999855255 0.5000546242803847 
0.8200498985108567 0.8079607004347644 0.4992238488303215 0.49971998529040546 0.5001815680266831 0.5001456253715166 0.49998604487761716 
0.47991811889148556 0.9770417750695909 0.5001020042320208 0.49968612709395954 0.5000908238505051 0.500139244108477 0.4999677014695495 
0.2751615319668746 0.9998636425975234 0.5001200801886986 0.4999233284111685 0.5000683082100328 0.49972095695833657 0.49916769517854304 
0.5668401978798309 0.9529468912291919 0.5000868404941688 0.4998807291107998 0.49963508345867796 0.5003022074724247 0.49997383638781084 
0.9999993969474548 0.6648290888020951 0.49905458996365687 0.49972250908674754 0.5001866252142069 0.5002249543053431 0.5000828583007694 
0.9990610293334463 0.986508816926646 0.5000875609140588 0.4997309252821519 0.5001803846681283 0.49965563300753907 0.5000665353609699 
0.9982656420719433 0.685645459288164 0.5000880931240561 0.4997196018036492 0.5001824288520449 0.5001456999855255 0.5000546242803847 
0.9999993969474548 0.6648290888020951 0.49905458996365687 0.49972250908674754 0.5001866252142069 0.5002249543053431 0.5000828583007694 
0.9238703543086053 0.6390511325196286 0.5000880931240561 0.4997196018036492 0.5001824288520449 0.5001536618625089 0.5000546242803847 
0.23370197123631725 0.2757053867614715 0.5000884671843535 0.49969419616535043 0.5000446716551508 0.4996631593530223 0.4999803788437393 
0.9824407605120526 0.9990759080369239 0.5003770034127334 0.4997123360688289 0.5001939222573054 0.4996258376774475 0.5000545535079205 
0.9917965441275352 0.9195339870440083 0.49960617897511655 0.4997897582822587 0.5001812512730514 0.5001522810939316 0.4998194278780094 
0.8525522326601862 1.0 0.5001677781572558 0.49977041670200695 0.5001683534863628 0.499659284652474 0.500129018700572 
0.9824407605120526 0.8095589226006619 0.4995984637908511 0.49971215400211894 0.5001863320938605 0.4996258376774475 0.5000545535079205 
0.5683256380575923 0.8019357165154608 0.5000879037393414 0.5000433392152576 0.5001868834938521 0.5001536383669789 0.4999728297150549 
0.937080618438818 0.979705413268465 0.4995807761732245 0.4996859383562485 0.500167358023152 0.4996584834530834 0.49993791076018 
0.780898674159113 0.7794664252669338 0.5000611152944922 0.4997155097143702 0.5000984214285216 0.4996584834530834 0.5000556875293786 
0.3319244842259956 0.2563196317848737 0.5000874442595695 0.499694215256262 0.5001742899351433 0.5001550644205212 0.4999796196275869 
0.4589646652911166 0.4955288445148871 0.5000899441354083 0.49969523220627393 0.5001698245943973 0.5001309128232 0.4999817929455237 
0.9299654307651969 0.2624646570994916 0.4996009947757365 0.49969542048714 0.5000959809077704 0.5001133411812541 0.499982886047129 
0.48659150750911073 0.06078213775650232 0.4991926337443198 0.49987335369350877 0.5001891658452748 0.5004512784031859 0.5000742228377092 
0.5707347802812782 0.9830848611639588 0.4992203595803793 0.5000433392152576 0.5001868834938521 0.5001536383669789 0.49996512433583445 
1.0 0.0813685616653172 0.4002892909731906 0.49969399424174704 0.5000904408837424 0.500297313401798 0.49995867205846195 
0.9289169798860283 0.9664629652319436 0.5001392921763094 0.4998672806042251 0.5002071193778527 0.499660343671717 0.5001687161205249 
0.9134595325272854 0.9607512256095376 0.5001178747750403 0.49988957201793904 0.49968330287289275 0.5001101179376557 0.5001029552820737 
0.44986283102082825 0.816058454047152 0.5003289360627842 0.4996865832819327 0.5001606276930137 0.5001542663136723 0.499980417065114 
0.6987068359115575 0.004402416849116075 0.500082248878263 0.4997197694333215 0.4996573621915525 0.500144710135236 0.4998317871840875 
0.7137656378978459 0.8333125133303166 0.49972204810901855 0.499869973910655 0.5000799625282972 0.5001377043099088 0.5000615228581423 
0.5959224342019618 0.09717810003628219 0.49989866274077044 0.4998736770086989 0.5000973648106121 0.5004335685313562 0.5000768350259515 
0.504459293298169 0.8095589226006619 0.5001177574252025 0.49971233797772924 0.5001863320938605 0.4996291164930895 0.5000545535079205 
0.054174486030653 0.013097884943379323 0.5000297284723035 0.5000378470174615 0.5001824288520449 0.5001452739867854 0.5000546242803847 
0.3058590134482783 0.9513774712619985 0.5001105793912957 0.4997149247892418 0.500174339638034 0.4997221092020906 0.5000690234222205 
0.2961266485325419 0.9513774712619985 0.5001105793912957 0.4997149247892418 0.500174339638034 0.4997292197208944 0.5000693643456505 
0.028121483534868895 0.7932777021319194 0.5000874830851303 0.4998837934541834 0.5001824288520449 0.5001456999855255 0.5000546242803847 
3.184874911854353E-18 0.9981255417523641 0.5000295789113018 0.4997314955680117 0.5000952779386335 0.5001777041262564 0.4999490742846672 
0.9756891190891201 0.2285036510197307 0.5000899441354083 0.5000585243127603 0.5000970434298245 0.5001312760345917 0.50026932132488 
0.3273223437340576 0.9664629652319436 0.5001105793912957 0.4998672806042251 0.500174339638034 0.4996377386239263 0.5001620325904569 
0.9770368679090793 0.9994375324638786 0.4999095458075669 0.49973461557845333 0.5001803869938362 0.5001781742534263 0.4998144323875596 
0.9238703543086053 0.7795837868720831 0.5000880931240561 0.49971546338884454 0.5001824288520449 0.5001536618625089 0.5000546242803847 
0.322551833021844 0.7950738078326657 0.500101574322697 0.49968612709395954 0.5001762314983749 0.500139244108477 0.4999677014695495 
0.9481461389936894 0.9770417750695909 0.5001029792024232 0.49968612709395954 0.5000908238505051 0.500139244108477 0.4999748898961296 
0.47750897666779973 0.8026581959978265 0.5001020042320208 0.49968612709395954 0.5000908238505051 0.500139244108477 0.5002731948582807 
0.7099947170496885 0.9981016238232705 0.5001677781572558 0.49977041670200695 0.5000751407077157 0.5001385347762958 0.5000619440144408 
0.4538182940434866 0.9529468912291919 0.5000899436325671 0.4998807291107998 0.49963508345867796 0.5001328339276192 0.49998179241576113 
0.8144192756470665 0.7755295939379203 0.4992203595803793 0.5000429384075057 0.5000908343233055 0.5001662337407777 0.500267929558468 
0.3614080440864313 0.3551992116785674 0.5000611152944922 0.4997155097143702 0.5000984214285216 0.4996584834530834 0.5000556875293786 
0.42574089042288843 0.3966335086582149 0.5001047237599112 0.49968612709395954 0.5000906245639075 0.4996518395308745 0.4999712108152191 
0.7433074390139135 0.3307494800308892 0.499258487549355 0.5000433392152576 0.5000985196779882 0.5001533648587317 0.500264731532534 
0.3538884891423922 0.9184463657295358 0.5000726283080008 0.4997145954659572 0.500167358023152 0.4996859296171845 0.4999566376165743 
0.34007662438354413 0.4254301060521521 0.5001041375490184 0.4997110827284436 0.5000909267921153 0.4996584834530834 0.5000690234222205 
0.47991811889148556 0.9768753049980482 0.5001020042320208 0.49968612709395954 0.5000908238505051 0.500139244108477 0.4999677014695495 
0.9999999999999994 0.009503694483509462 0.499020633456843 0.49972873534784845 0.5014715770024397 0.50022654501366 0.49917345758906206 
0.8162179713307282 0.41414410125025264 0.5001097411232149 0.4996861115662482 0.5000908238505051 0.500139244108477 0.4999786477100449 
0.9260613850983156 0.22072144549474698 0.5001039682901766 0.4996872697226716 0.5001686850543602 0.4996584834530834 0.500066745048883 
0.9297068753388747 0.9184463657295358 0.49958511184727156 0.4996859383562485 0.500167358023152 0.4996859296171845 0.4999566376165743 
0.9122716366067349 0.9885186554240518 0.5000874351227589 0.5000585243127603 0.5000970434298245 0.5001312760345917 0.50026932132488 
0.8108505362731195 0.7617372838965606 0.4992203595803793 0.5000429384075057 0.5000885456615971 0.5001677282347735 0.500267929558468 
0.8108425464972315 0.7990658267903996 0.4992203595803793 0.5000433392152576 0.5000885932686443 0.5001322866220993 0.5002706177245657 
0.5324666009332134 0.9961964213812854 0.4999095458075669 0.4997361664312663 0.4996740398821243 0.5001532250770008 0.4999888075475357 
0.9370626946351233 0.3551992116785674 0.49957359883376284 0.4996868526046615 0.5000984214285216 0.4996584834530834 0.5000556875293786 
0.7091975893145016 0.25777255475890076 0.500085031909543 0.4996942901941832 0.4996641708473077 0.5003920884880989 0.4999784955365834 
0.473192514948849 0.8978356249561533 0.5001105793912957 0.49971552455229995 0.500174339638034 0.4996584858846451 0.5000538317668788 
0.7373334701200828 0.07868228683465833 0.49972204810901855 0.4996944081734879 0.5000799625282972 0.5001373907303718 0.5000663818013619 
0.054174486030653 0.7932777021319194 0.5000848936830791 0.4998800784378624 0.5001824288520449 0.5001452739867854 0.5000515100646057 
0.2058124530170503 0.2563196317848737 0.5000874442595695 0.499694215256262 0.5001758709679573 0.500143057058286 0.4999790255003168 
0.8500666180877723 0.21213243220155487 0.5001677781572558 0.4997751822528529 0.500168259106598 0.499659284652474 0.5001291439240712 
0.9998282579126113 0.2624646570994916 0.4996009947757365 0.4996945281315413 0.5000969069405169 0.5001133411812541 0.5002686360302809 
0.9040553322370168 0.22072144549474698 0.5000875609140588 0.49968806852506426 0.500169794686261 0.4996584834530834 0.500066745048883 
0.9040553322370168 0.2090249287036119 0.5000498338413829 0.49968806852506426 0.49968239651393215 0.4996584834530834 0.5000679131307378 
0.9478500564169965 0.04434934864587231 0.49949972286028205 0.49972139388490094 0.4997185653444879 0.5001499115007552 0.5000544027046341 
0.4757717433103631 0.29029274540096994 0.5000874442595695 0.49967073556713254 0.500090483716651 0.5001550644205212 0.4999787260553074 
0.9969401617032951 6.267672569895272E-4 0.4009316769581139 0.49987969469562304 0.4996589898542223 0.5003008844263374 0.5000666778163074 
0.012662694885579084 0.9853698254678571 0.49990739347054713 0.49968806852506426 0.500169765470563 0.5001688697479956 0.500066745048883 
0.5916871837727008 0.47201437982241157 0.5001102934779644 0.499683061571456 0.5001686561564908 0.5003036766026795 0.4999787260553074 
0.3302629091336983 0.3551992116785674 0.5000611152944922 0.49971552455229995 0.500174339638034 0.4996584834530834 0.5000545535079205 
0.9973079232993054 0.3551992116785674 0.5000865455259398 0.49971552455229995 0.500174339638034 0.4996584834530834 0.5000545535079205 
0.5068881289858632 1.0 0.5003997510697584 0.4997852682648447 0.5004909870246672 0.4996930188452399 0.4998272419080801 
0.8259234998695768 0.47388542284403734 0.5001102934779644 0.49968450563171396 0.5001686561564908 0.5003036766026795 0.4999787260553074 
0.41771986867585226 0.9642200324594488 0.5001020042320208 0.49968612709395954 0.5000908238505051 0.500139244108477 0.4999728354045564 
0.9996633881488919 0.007200029238610545 0.4997066577303345 0.4996982550000255 0.5001701550098098 0.5001455591137725 0.5000581491044163 
0.9990610293334463 0.9573470980112918 0.5000875609140588 0.4997309252821519 0.5001803846681283 0.49965563300753907 0.5000665353609699 
0.9999999999999994 0.0991531213057269 0.4993321346152623 0.49988448507674876 0.4997531157059327 0.50022654501366 0.5000273187654474 
0.3682200024927474 0.9979876157784728 0.5001020042320208 0.4997340814452098 0.5000904441549324 0.5001410077263158 0.5000756315371663 
0.35996887372193237 0.9770417750695909 0.5001020042320208 0.49968612709395954 0.5000908238505051 0.500139244108477 0.4999677014695495 
0.5278333153306148 0.9769862029096046 0.5000580590256106 0.4998839919168513 0.4996828805973351 0.5004441173212534 0.500067927272524 
0.05452750272171736 0.99417046877955 0.4999095458075669 0.4997398133896696 0.4996740398821243 0.5001781742534263 0.49981342088856695 
0.3745197031467734 0.3119984980327305 0.49957408291082606 0.4997141972143608 0.5001001298828851 0.4996860543661705 0.5000556875293786 
0.42574089042288843 0.41574225016695177 0.5001047237599112 0.49968612709395954 0.5000904510992435 0.4996518395308745 0.4999712108152191 
0.9989716352344337 0.825680983163095 0.4992238488303215 0.4997190929348068 0.5001824940594296 0.5001535872484999 0.500271794860769 
