0.0 0.6187288635294279 0.5999777200455269 0.5000005448620508 0.5000060091989329 0.49988073574807906 0.5001726254042598 
1.0 1.0 0.5999752931358716 0.49992410132206727 0.5000205371455736 0.5001432313484395 0.5001688368757662 
1.0 3.315025070171397E-17 0.6008784895005707 0.4999933399156177 0.4999709564682572 0.49982969732660765 0.5001930535026529 
0.0 0.6187288635294279 0.5999777200455269 0.5000005448620508 0.5000060091989329 0.49988073574807906 0.5001726254042598 
0.9855251726943756 3.315025070171397E-17 0.5999135214388818 0.49999050225908853 0.5000059327460519 0.49982969732660765 0.5003589598075415 
0.47290856647376517 0.10509633749934993 0.5993645332466953 0.5001427938567226 0.5004769909243031 0.5001571045465736 0.5001723905794143 
0.8437181719768829 0.5163132933975408 0.5994178725538061 0.50005689321596 0.5000791440071383 0.5001763875037978 0.5001996089939038 
0.11456902554987691 0.028305533143700656 0.6000040785777054 0.4999237571472727 0.5000086017274278 0.4998265369555805 0.5003471813580891 
1.0 0.004045660262805881 0.6008784895005707 0.4999038675937996 0.49996869209077655 0.4998888806556272 0.5001930535026529 
0.027302467856277268 0.6185935538731728 0.600019936020695 0.49990485538305474 0.5000096579334684 0.4998258964907427 0.5001660736156218 
0.9257946438987653 0.06582687840377816 0.5995206190976766 0.49990898739635237 0.49942850479281137 0.4998947111650306 0.5001759201365124 
0.5008260401552047 0.8999599647575913 0.5998796442814409 0.5000507935440572 0.5004769909243031 0.49980314837259254 0.500133429119046 
0.958977872482294 0.9803431445259471 0.5999740539297521 0.4999033101256364 0.5000303017951911 0.49989001280379836 0.5001618251403271 
0.9423837657865538 0.08879115486533784 0.6000014652130113 0.499906010020772 0.5000222134879873 0.4998891231679674 0.5002247856292996 
0.8970300899320723 0.005991737230692774 0.6008573001846389 0.5000016997661693 0.49995647220207273 0.4998213729552152 0.5003485128923407 
0.9845517425634309 0.8917199766460018 0.6000007919819713 0.4999042551483312 0.4999586725036057 0.4998211324600351 0.5001610586887442 
0.9810105851992822 0.9413592257485991 0.5999868875381651 0.4999033101256364 0.5000261872980868 0.4998925674594515 0.5001618704797738 
0.17591314815025744 0.10509633749934993 0.5999158226884037 0.4999222799133997 0.5004300827515816 0.5001529558904038 0.5001730653646271 
0.4186169331917787 0.15633314531217746 0.6000771751432442 0.4999042551483312 0.499968775498765 0.4998931596657994 0.5001579873562153 
0.8335997351359421 0.8273840348962023 0.5992475090588348 0.5000553506448777 0.5000105395532407 0.49981449779170634 0.5001810824976415 
0.5190366146751519 0.02407610393379539 0.599974289207916 0.49992552131147416 0.5000226423427255 0.4998140432779978 0.5002000871971951 
0.7483303500498094 0.37451242615059327 0.5994968801114626 0.49962692134401576 0.5000029140355898 0.4998222843865731 0.5001628683320819 
0.9257314212808785 0.7497714921548474 0.5999783245720358 0.4999921788662588 0.500005986896518 0.49989138073192674 0.5003479558806699 
0.3976169336992557 0.47167380315526164 0.6000219083083955 0.4999109053670185 0.500004688802329 0.499892551789017 0.5001716132172427 
0.557612402081744 0.5620178167506509 0.6000219083083955 0.4999108170612107 0.5000191915290665 0.499901373807999 0.5001716847096535 
0.0826390445390876 0.08179478303629906 0.5999402277916271 0.49999827793775453 0.5000334904456082 0.5001504323583108 0.5003438376859461 
0.98467860403574 0.9894748505463606 0.5999986004886949 0.4999048597453928 0.5000059380393459 0.5001363159955231 0.5001688368757662 
0.8607945476923284 0.47167380315526164 0.6000219083083955 0.5000541762011009 0.5000024535401425 0.49989293088376474 0.5001973997631866 
0.28757114341443335 0.8492503729345128 0.5999728691042284 0.4999990741735188 0.49948266482976433 0.49981364158554753 0.5002792230644466 
0.23412684284162233 0.8729631020632826 0.5994097182714999 0.5000735247511919 0.4994171771322372 0.49989097866739945 0.5001327392659591 
0.793307515405407 0.6153730372518242 0.6000460124394161 0.49995253357119046 0.4999709474377558 0.4998900019686912 0.5001732925758258 
0.9949308000403627 0.6774103992894855 0.5986857380717682 0.4999074143991652 0.5000060091989329 0.49988073574807906 0.5001726254042598 
0.38053986726869343 0.5163132933975408 0.5994178725538061 0.4999136223818775 0.5000813792693247 0.5001760084090501 0.5001738224479599 
0.6843237761842851 0.18158685246653336 0.5999983942528047 0.49990729831672354 0.5000174548952776 0.49982018326961875 0.500170355504732 
0.4497491479835622 0.5238846468590733 0.5994351854913721 0.5000556403538259 0.5000803637040009 0.4998760351751152 0.5001729841238746 
0.8510071176503167 0.9413592257485991 0.5999868875381651 0.4999033101256364 0.5000261872980868 0.4998925674594515 0.5001618704797738 
0.36938688037641154 0.736430866441806 0.6000009638325096 0.4999000891763592 0.5000052559097224 0.49989138073192674 0.5001544868077978 
0.9593671619796167 0.8227916246600495 0.5993978318133397 0.5002303488408983 0.4994171771322372 0.4998908436214302 0.5003627817913877 
0.7599311097769318 0.49390645811774747 0.5994178725538061 0.499924036162309 0.5000209749639588 0.4998839858664349 0.5001996375997776 
0.6037322634747772 0.3640096785278544 0.599991962568061 0.49962682159144134 0.4999992512993055 0.4998286422639528 0.500170355504732 
0.6737110957920494 0.15832773746712167 0.5999945700137713 0.5002394498835901 0.5000516702435678 0.4998246381666392 0.5001726822503383 
0.7397868714883401 2.5649491008082867E-5 0.6008572164269176 0.49999050225908853 0.500009622192646 0.49982969732660765 0.500170960042069 
0.693415310070887 0.12645649072401086 0.6000023042785845 0.500238227189962 0.5000516702435678 0.49982467853561147 0.5001468983531795 
0.9845517425634309 0.6926050382997968 0.5999775740450354 0.4999308415140833 0.4999586725036057 0.4998946282761316 0.5001811645764788 
0.8664809191044206 0.15318273287351875 0.6000088917694655 0.49998769381393166 0.49948176615791917 0.49987114943800126 0.5001585458781147 
0.3834038985141716 0.9143343855631025 0.5999401385744096 0.4999910733063793 0.5000240642469712 0.49981824547214343 0.5001709594617492 
0.5812052119829034 0.15832773746712167 0.5999945700137713 0.5000813829785141 0.5000516702435678 0.4998247732126084 0.5001703209197891 
0.9743437751325449 0.6312474671791377 0.5991873012337472 0.49999070172960214 0.500023499767893 0.49981815060100476 0.5001446301818623 
0.6102493158132873 0.03991638408818304 0.5999977554965628 0.49990729831672354 0.49999920271773124 0.4998286422639528 0.500170355504732 
0.30887395063389117 0.14847723238917954 0.6000007919819713 0.4999042551483312 0.499968775498765 0.4998931596657994 0.5001579873562153 
0.5493384552013058 0.042343481613333844 0.6000006270878046 0.4999108170612107 0.5000027874908378 0.49989445845508274 0.5001717922440386 
0.22353066158575113 0.6153730372518242 0.6000314846554571 0.4999893292711892 0.49996968184757384 0.49989004688630007 0.5002928699402055 
0.25024138004663304 0.16181933250348685 0.5999765167152155 0.49999634483823074 0.499968775498765 0.4998931596657994 0.5003514564290874 
0.8848946609568733 0.61155421104558 0.6000358177025696 0.499904295754222 0.49995790411300317 0.49987791941185705 0.5002988916461762 
0.9901121688018797 0.478051313983211 0.5991784212145507 0.4999678552433432 0.5000283364949627 0.49987095546277427 0.5001704079564941 
0.917552731539513 0.9413592257485991 0.5999974002932528 0.4999033054084352 0.5000263323311447 0.4998925674594515 0.5001617753826657 
0.17418570742828288 0.6014113324981272 0.600004468517611 0.4999240437933099 0.4996094726098751 0.4998798709587045 0.5001456905775767 
0.6278662745122539 0.03991638408818304 0.5999977554965628 0.49990729831672354 0.49999920271773124 0.4998286422639528 0.500170355504732 
0.7968521767215985 0.159597737400151 0.6000050959495062 0.499906550568493 0.5000222719916257 0.49981815062974505 0.5001836171880831 
0.9063199087098173 0.9065314608632898 0.5999401385744096 0.4999910733063793 0.5000240642469712 0.49981824547214343 0.5001325411316112 
0.5803560912056974 0.736430866441806 0.5999942013549422 0.4999000891763592 0.5000525239708024 0.49989201081151763 0.5001544868077978 
0.34362502330390515 0.9243039334329425 0.5999394958295647 0.49995765163576467 0.4999709474377558 0.49989004688630007 0.5002928699402055 
0.8368994496246493 0.9003936883348174 0.5999396475269518 0.5000553506448777 0.5000420160058419 0.49982142683367825 0.5001324087584096 
0.6067474494762183 0.5520331689205084 0.5999406607874374 0.49991068929699567 0.5000191915290665 0.5001556906121195 0.5001716847096535 
0.9487444408831756 0.18774270449020114 0.6000013133099109 0.499906010020772 0.5000225198283667 0.49988966169776244 0.5002247856292996 
0.7739152156777561 0.9931204565242884 0.600014398451679 0.4999049180382765 0.5000200119613288 0.5001239550446351 0.5001704066644721 
0.6425078020859127 0.0016191395302470706 0.5999994235710754 0.49990729831672354 0.49999920271773124 0.4998286422639528 0.500170355504732 
0.7978087437057185 0.5941661411606945 0.6000321592640923 0.4999995068081667 0.5000122965878271 0.49989244162370045 0.5001724597049575 
0.4995339005410102 0.7161133139741966 0.6000219083083955 0.4999108211547137 0.500004688802329 0.4998944474172902 0.5001716852152964 
0.31748251465391086 0.9273075023230423 0.5999942365086935 0.4999686719859269 0.5000502893572147 0.4998114868202044 0.5001985713447166 
0.30482477744608516 0.6153730372518242 0.6000355916103255 0.49995770074837703 0.4994860792130343 0.49987705205397337 0.5002928699402055 
0.6586832962262404 0.6194328819784353 0.5999975927384555 0.4999994842474787 0.5000070177206086 0.49981913429355107 0.5001726174585128 
0.9855251726943756 0.05578055336757738 0.6000041262849803 0.49992627753488433 0.5000059327460519 0.49982969732660765 0.5003443664279411 
0.768211195843129 0.19715694621967084 0.5994968801114626 0.4999040782314818 0.49943014566397465 0.4998213123464533 0.5001615037134518 
0.7408977397024439 0.042343481613333844 0.6000228429297207 0.4999108170612107 0.5000027874908378 0.49989445845508274 0.500171813640497 
0.8012260633178635 0.014287961097003254 0.6000321592640923 0.4999995068081667 0.5000126247958305 0.4998267339768287 0.5001726028743562 
0.30482477744608516 0.08835728151956473 0.6000005658897273 0.49995770074837703 0.4994868476036369 0.499890455883994 0.5001574132330991 
0.7039714381925807 0.9068072511520282 0.5999401385744096 0.49982082066398414 0.5000070075146869 0.4997993975589832 0.5001323230708233 
0.322360216686344 0.5506711112930496 0.6000292167957986 0.49995770074837703 0.499971275111982 0.49989004688630007 0.5001146365633297 
0.879527500383829 0.5693145287035544 0.5999963605414853 0.4999066153549173 0.499368637895497 0.49982969732660765 0.500171407953222 
0.9545498471532416 0.028305533143700656 0.600004468517611 0.4999240437933099 0.5000086017274278 0.4998268053139725 0.5003471813580891 
0.20453530374387358 0.8296672867112783 0.5999742944933637 0.4999245082450918 0.5000153123035035 0.4998056575702873 0.5001320010418223 
0.4995339005410102 0.7431109868428966 0.6000051937668485 0.4999108211547137 0.500004688802329 0.500189991814836 0.5001716852152964 
0.0826390445390876 0.17012508996992626 0.5999402277916271 0.4999949927791875 0.5000338134269239 0.5001195982862064 0.5001718864616383 
0.945879504730588 0.8226314780716775 0.5999726599509906 0.4999979147552593 0.5006028149715649 0.49983297663209797 0.500279238256296 
0.7664936157923289 0.6153730372518242 0.6000460124394161 0.49995253357119046 0.4999709474377558 0.4998900019686912 0.5001732925758258 
0.9957883354447246 0.6068792066718753 0.6000470298961198 0.49995253357119046 0.4999709474377558 0.4998918228174555 0.5001688219482483 
0.35467606101377713 0.6152527759317605 0.5995368314750305 0.49998890383281286 0.5000301014162656 0.4998298143336326 0.5001902341224617 
0.8781841204843138 0.6389520608015996 0.6008884403257733 0.4999932596351123 0.5000744617571015 0.49988303751669055 0.5001735988645573 
0.869435716590098 0.06803385953429392 0.6000027795768498 0.49992514391688925 0.5000306663217975 0.4998911168619864 0.5003442818966604 
0.656243089225058 0.8298918212421413 0.5999975180650158 0.4999662140859098 0.4994559335271745 0.499819138126873 0.5001703850204849 
0.7520574079470671 0.8064526181933671 0.5995582300634206 0.4996376413200433 0.5000029140355898 0.49982224918171414 0.5001618973904274 
0.36938688037641154 0.7497714921548474 0.5999766885657537 0.4999921788662588 0.5000052559097224 0.49989138073192674 0.5003479558806699 
0.9905801224282221 0.498563289112827 0.5994358066718534 0.4999038675937996 0.49996869209077655 0.4998888806556272 0.5001996437504375 
0.21112896753637217 0.15832773746712167 0.6000013324913387 0.5000813829785141 0.500004402182488 0.49982414313301754 0.5001703209197891 
0.8191476125975174 0.10965415148132193 0.6000228429297207 0.49991076384871064 0.500001329005762 0.49982113657792704 0.5001615272146367 
0.8365771516261528 0.6194328819784353 0.5999870341246698 0.4999038366777011 0.5000070177206086 0.49989158981484116 0.5001726399506536 
0.0826390445390876 0.9095638290163083 0.5999402277916271 0.49999814868610815 0.5000334904456082 0.5001438430779609 0.5003438376859461 
0.8232719802873953 0.19715694621967084 0.5994968801114626 0.4999040782314818 0.49943014566397465 0.4998213123464533 0.5001615037134518 
0.6387712127130891 0.9068072511520282 0.5999401385744096 0.49982082066398414 0.5000070075146869 0.4997993975589832 0.5001323230708233 
