1.0 1.1196110127131813E-17 0.49958827332826805 0.49907704316538215 0.5000393875516049 0.49974445467813833 0.5000426473127196 
0.0 0.9629213471796092 0.49980360002705254 0.5002406865975207 0.4999834315437616 0.4997717986032081 0.5002048462739389 
1.0 1.0 0.5005053656386487 0.5004884438806531 0.5014280229295434 0.49972447505495304 0.5001488604369052 
1.0 1.0 0.5005053656386487 0.5004884438806531 0.5014280229295434 0.49972447505495304 0.5001488604369052 
1.0 0.9780639305176166 0.500551878278753 0.5004884438806531 0.5014280229295434 0.4997405303513131 0.500148500415473 
0.9999964340160734 0.9997847986552781 0.5003274097793545 0.5002508529567667 0.5000289339923316 0.499775292167885 0.5007065969073845 
0.19728017057419284 0.9977631292182202 0.4995749061138756 0.5004771658214583 0.500089056094932 0.4997649882496359 0.5001474901073243 
0.3700426951774985 0.5637905952834755 0.49935489822680906 0.5005070563029477 0.4999887816522062 0.4997235465554986 0.500148371518384 
0.18571146693130242 0.902702641802217 0.4995749061138756 0.5004771658214583 0.49998806397964074 0.4997649882496359 0.5001634421538007 
0.7615050792311131 0.8186162974774764 0.500580955449642 0.500488095158576 0.5000270017595602 0.4997738606928741 0.5001381159541277 
0.08082867144907607 0.9797868609857191 0.49958793266890417 0.5002003677346272 0.5000099619461246 0.4997732702183836 0.5000800959989562 
0.9692805614181028 0.05301098395339909 0.49976657565299354 0.5004845514636608 0.5000379205521341 0.4996763418137367 0.500200774972681 
0.47917669426960247 0.38168107370478727 0.5005760590301188 0.5002668125849227 0.49997879645576904 0.4997724354938326 0.5001642716446001 
0.9857314960119278 0.0026152539850111123 0.4995879446574974 0.5005222505933851 0.4999924772203044 0.4997735383355587 0.5001478596929622 
0.9890558448438762 0.2864149694119 0.49943924644497806 0.5002793194167592 0.4999752636181621 0.4997786749872329 0.5000478700759015 
0.7822385336276868 0.031946967079374 0.4997858497372878 0.5004487182754334 0.5000154056486945 0.49977312211810704 0.5002201029647545 
0.9108579325546228 0.9957100328968842 0.49945765122983304 0.5002679244248464 0.4999754974042433 0.4997783378893696 0.5001681722820357 
0.8299799365122718 0.5205304591642934 0.49974516292556925 0.500268378220606 0.49997915250033714 0.4997018384208626 0.5002286116928556 
0.45764033493681544 0.33275537219709367 0.49937127516049956 0.5003580556753235 0.4999815438099631 0.499771438968517 0.5001925746202376 
0.7656296986733448 0.862111586797619 0.5006208774742714 0.5004438612102877 0.5000555556730868 0.49977059508487315 0.5001479346907951 
0.6238012738110295 0.982102084763979 0.4998029942022854 0.500502858175225 0.49999339916888347 0.4997411632983432 0.5001927538051362 
0.5096594584599897 0.9672165743616915 0.4993998510064593 0.5004473952018484 0.5000369809921024 0.499771283824368 0.5001968514965539 
0.9002456900530974 0.08513537228615266 0.4993475366863913 0.50026242877205 0.5000086943389884 0.49967345893717957 0.5002279051787832 
0.7921330131527017 0.26438483264021617 0.49977489945698444 0.5004874147432563 0.5000304897061277 0.4997746959394973 0.500217732052917 
0.945070300527046 5.424899714598187E-6 0.4993722964358327 0.5005026632671715 0.4997210815119153 0.5007105836880577 0.5001676581324418 
0.19728017057419284 1.0 0.4995749061138756 0.5004771658214583 0.5000709181837574 0.4991412589742003 0.5001474901073243 
0.03690620460238159 0.37569875244446316 0.49980360002705254 0.5002406865975207 0.4999787495808467 0.4997733034931968 0.5004247618948738 
0.8631680759665105 0.02265583211995409 0.4997424467080887 0.5002673409348951 0.5000100198224667 0.4997681527254748 0.5000800959989562 
0.7789756824681501 0.8687788496327897 0.5006225837187304 0.5004437391889962 0.5000391446468603 0.49977059508487315 0.5002021276601595 
0.6249486342451449 0.09946323642138677 0.49980791204775 0.49907704316538215 0.4999917647603319 0.49974043193285356 0.5000423005208864 
0.5229705937252708 0.44316019825319963 0.49974245071007756 0.500236490306634 0.5002542545027813 0.4997449550022534 0.500205661403188 
0.43165790842556856 0.8171236317440715 0.49941291178461555 0.5004604510403688 0.5000270739831849 0.49977215128459546 0.500146291404166 
0.3817326803788728 0.26469886190585146 0.49977489945698444 0.5004495280729807 0.5000304082649296 0.4996772302915795 0.500217732052917 
0.5204004856899083 0.30555581573184787 0.49985613379865196 0.5002705247128947 0.4999914969286809 0.49973553726491926 0.5001926185370567 
1.0 0.05319010829221571 0.49958827332826805 0.49907704316538215 0.4999917647603319 0.4997432533133368 0.5000423005208864 
0.38996032675865155 0.33275537219709367 0.49937127516049956 0.5002607400180836 0.4999815438099631 0.49977143986745287 0.5001925746202376 
0.8183141036955611 0.9113654408129416 0.49958793266890417 0.5005222505933851 0.4999924772203044 0.49974392441383475 0.5000471366325613 
0.7825933471070576 0.4403366549009403 0.4992604236318359 0.5004580670991083 0.49999699677128917 0.4997278067277902 0.5001883423772722 
0.6796326916485673 0.8127964115541509 0.49941371716592514 0.5002341564981487 0.5000549053971727 0.4997708771943474 0.500205661403188 
0.8631680759665105 0.06204828446498467 0.4997424467080887 0.5002657295010979 0.5000100198224667 0.49967751982201913 0.5000800959989562 
0.9901312258460921 0.9492399659080604 0.49943924644497806 0.5002793194167592 0.4999754974042433 0.4997783378893696 0.5001685578709559 
0.9566023228429705 0.5476426725505262 0.5006465894154948 0.5002551280138412 0.5000366931160045 0.49977126931157395 0.5002284051923946 
0.8899562168391456 0.04138861624109741 0.4997424592125163 0.5002641993534412 0.5000554520165343 0.4996753001421136 0.500164597447041 
0.8243541048545396 0.37326927486950134 0.49936717706531303 0.500272655601436 0.4999883843346248 0.49977218286216435 0.5001655642210232 
0.8884854728625078 0.07977886355101521 0.49974248832139395 0.5004804261343222 0.5000378377021044 0.4997021162631632 0.500230898050844 
0.993239183197924 0.9492399659080604 0.49943924644497806 0.5004386958481525 0.5000554777164407 0.4997783378893696 0.5001685578709559 
0.9220911061122252 0.5400633780142233 0.4997920726937963 0.5002614419738144 0.50003195906721 0.4997723385441984 0.5001642716446001 
0.9461508500332623 0.39558323655067335 0.49985938407784647 0.5002675680016866 0.49999180706946494 0.4997369056104694 0.5001925746202376 
0.9002456900530974 3.985052598393273E-4 0.4997589730852448 0.5002635162105667 0.5000086943389884 0.49967345893717957 0.5002279051787832 
0.9294900711260117 4.169922456686015E-4 0.50066265679383 0.5002344150176378 0.5000523867710481 0.4997448358703713 0.5001925746202376 
0.7270197769938883 0.02622443147729847 0.49939972982948094 0.500259592251991 0.5004618565455365 0.4997158073928715 0.5001927065971862 
0.997470435126023 0.25152427064042493 0.5004821641176025 0.5004682597688992 0.5000419226895728 0.4997692375920314 0.5001554387929528 
0.9335091772059093 0.8727543702285314 0.49975093861165004 0.5004768667790201 0.49997543932864824 0.4997783378893696 0.5002306043586557 
0.477622674728152 0.5440885588390582 0.49937127516049956 0.5003529554589925 0.5000524114926702 0.4997716620409867 0.5001925746202376 
0.9335091772059093 0.9492399659080604 0.4997508164089448 0.5002793194167592 0.4999754974042433 0.4997783378893696 0.50023098569465 
0.39869502448423844 0.5747880207271835 0.49935489822680906 0.5005070563029477 0.4999887816522062 0.49977202672554955 0.5001641977626737 
0.5796111432056573 0.1438195561252245 0.4993998510064593 0.5004454741017337 0.5000369809921024 0.4997427111543161 0.5001968514965539 
0.8672359767201827 0.4480924998997067 0.49936717706531303 0.500272655601436 0.4999883843346248 0.49977218286216435 0.5001655642210232 
0.5226698798727681 0.4999930013959051 0.4997511218887772 0.5002684130332932 0.5000296750773793 0.49973124539440544 0.500205661403188 
0.5896124037968163 0.9672165743616915 0.4993998510064593 0.5004473952018484 0.5000369809921024 0.499771283824368 0.5001662115709279 
0.8503706490740235 0.5489811260753497 0.49936717706531303 0.5002625100274305 0.5000084246984822 0.49977218286216435 0.5001655642210232 
0.4009148456050913 0.05757647454658216 0.49976448393822726 0.5004984822922727 0.4999814517993516 0.49967897277639234 0.500200774972681 
0.633961010698887 0.5491916915802127 0.4994559916173524 0.5002669095807485 0.5000095713367787 0.49977284623339274 0.5001655642210232 
0.5833518779402386 0.1637744268509107 0.4993998510064593 0.5004419003891787 0.4999721629125089 0.4997427111543161 0.5001965418872647 
0.9787872165591868 0.3281936606410719 0.4993733668752659 0.5002468091894716 0.5000380125627456 0.4997688089047972 0.5001925746202376 
0.5096594584599897 0.1432845916285762 0.4993998510064593 0.5004454741017337 0.5000369809921024 0.4997427111543161 0.5001968514965539 
0.8307957064316569 1.1196110127131813E-17 0.4995847859269135 0.49904554927342804 0.5000404587304876 0.49974546602888525 0.5001329426249503 
0.8159347116737428 0.9998396466337 0.49958793266890417 0.5005222505933851 0.4999924772203044 0.49977274272102595 0.5001478596929622 
0.9133040314895529 0.26469886190585146 0.4994322724896053 0.5004495280729807 0.5000246205795104 0.4997735577868906 0.5001683867483169 
0.9580234171513604 0.5346407209932171 0.49941490434416064 0.5002551280138412 0.5000366931160045 0.49977854061085963 0.5000575449582124 
0.665703537000179 0.9989268218710902 0.4994036532481254 0.5004037820602039 0.5000338984450533 0.4996763418137367 0.49956516039618615 
0.7615050792311131 0.9973186783774601 0.500580955449642 0.5004864800442813 0.5000270017595602 0.4997738606928741 0.5001381159541277 
1.0 0.8035445295842668 0.4993757448346478 0.5002637734618327 0.5006153522183807 0.49976947763304413 0.5001445238679337 
0.9735389594556585 0.9800828296861379 0.49950773491605727 0.5005157504329963 0.5004606806840111 0.4997738473196919 0.5000812761399036 
0.3933210114298874 0.5747880207271835 0.49935489822680906 0.5005070563029477 0.4999882636753027 0.49977202672554955 0.5001639785638032 
0.9047871594979906 0.5199599667491217 0.49949337430690727 0.5002625100274305 0.5000084813769584 0.4997711471440453 0.5001650477463166 
0.8559674849731734 0.28189203473741087 0.49937281616277834 0.5002793194167592 0.4999754974042433 0.4997785018815009 0.5001685578709559 
0.9997554357492804 0.01072661914566496 0.49976657565299354 0.5004483768147966 0.500015423911403 0.4996763418137367 0.5002171145265766 
0.6621690921897663 0.8206755855735768 0.49937079556953423 0.5002341564981487 0.5000293169506831 0.4997688619852147 0.500205661403188 
0.733040303948888 0.08444485636862464 0.49974738390638457 0.5002657295010979 0.5000103953162085 0.4997319677550517 0.5000800959989562 
0.8542546089057859 0.39558323655067335 0.49985613379865196 0.5002675680016866 0.49999180706946494 0.4997369056104694 0.5001925746202376 
0.37298885313813007 0.5747880207271835 0.49935518672327117 0.5005070563029477 0.4999882636753027 0.49977202672554955 0.5001618482215476 
1.0 0.8164376873923684 0.4993757448346478 0.5002637734618327 0.5006153522183807 0.49976947763304413 0.5001445238679337 
0.9392252894337246 0.04138861624109741 0.49974607015247846 0.5002641993534412 0.5000554520165343 0.4996753001421136 0.5001932437766012 
0.4517123310312358 0.26475648828908943 0.5006413528484157 0.5005515429778323 0.5000302832315048 0.4997728888769729 0.5001633818298148 
0.5994846595803643 0.3663024725643719 0.49980360002705254 0.5002409303677181 0.4999787495808467 0.4997738548205491 0.5004247618948738 
0.973023813337252 0.4403366549009403 0.4992604236318359 0.5002657726939663 0.49999731155801 0.4997278067277902 0.5001880726480846 
0.7615050792311131 0.9491914047142275 0.4994257252051063 0.500438652624047 0.5000270017595602 0.4997738606928741 0.5001381159541277 
0.7890471314597175 0.2747290290414528 0.49977502857823053 0.5004688361208166 0.5000270017595602 0.49977059072986446 0.5002174434270749 
0.6764786450343351 0.002858943500694382 0.499793522977806 0.5002676838734436 0.5000086943389884 0.49967520703296714 0.5001916750120616 
1.0 0.30643162362886767 0.49958827332826805 0.500154219854485 0.500040109508143 0.49974445467813833 0.5000525794095423 
0.7348656520703105 0.5332873170796637 0.4994465558879012 0.5002686715527822 0.5000523867710481 0.4997335114173978 0.5001925746202376 
0.9999999954135569 0.9414265914038897 0.5005115834129348 0.5005141495247029 0.5004606806840111 0.4997327558973694 0.5002691719328192 
0.9999809044549761 0.4481290716467238 0.49977299593927393 0.5004261430928658 0.5000362430999629 0.5007424349203196 0.4995435154997994 
0.45456385576994573 0.2635484014985573 0.5006413528484157 0.5005515429778323 0.5000302832315048 0.4997728888769729 0.5001633818298148 
0.46220198555513825 0.570991554886904 0.5006465894154948 0.500247836484987 0.5000366931160045 0.4997752556759647 0.5002284051923946 
0.4782257079996123 0.33275537219709367 0.4993676642205374 0.5003529554589925 0.5000524114926702 0.49977162068040015 0.5001639282906774 
0.37499282255161803 0.9979073884291622 0.49935518672327117 0.5005071833825507 0.4999882636753027 0.49977207297007126 0.5001618482215476 
0.5994846595803643 0.37569875244446316 0.49980360002705254 0.5002409303677181 0.4999787495808467 0.4997733034931968 0.5004247618948738 
1.0 0.05319010829221571 0.49958827332826805 0.49907704316538215 0.4999917647603319 0.4997432533133368 0.5000423005208864 
