0.0 0.7546596111127456 0.5000057121549233 0.5000432983002272 0.5001697723713464 0.5000072624593624 0.4999688412466579 
1.0 5.5223190350530694E-17 0.49995990041559946 0.5000412195235503 0.5005826756926399 0.499056634529987 0.49996854986485306 
1.0 1.0 0.4999288022930238 0.5009970973498521 0.5001978092370127 0.4999949004318818 0.49997300073254025 
1.0 1.0 0.4999288022930238 0.5009970973498521 0.5001978092370127 0.4999949004318818 0.49997300073254025 
1.0 4.6372433594095114E-10 0.4999600775378902 0.500059034824556 0.5001778531588764 0.4999400513189558 0.49997140608349244 
0.9867174912786695 1.0 0.5004829379789311 0.5000407972459187 0.500383792214307 0.49996911202177 0.49996859412822736 
1.0 0.9999895908999029 0.49983717741554906 0.5009666634748302 0.5001978092370127 0.4999949004318818 0.4999686198590051 
0.20343663232483636 0.9840963206370844 0.4999641191799914 0.5000409865130488 0.5001463115601035 0.4999633556419023 0.5001218482794977 
0.29347704253934775 0.9999999999999989 0.5000072368405655 0.500137178610252 0.5011893188227445 0.5000340471130337 0.4999682960667103 
0.8370269273832526 0.016771749662433416 0.49996294011994097 0.5000403596572137 0.5003985631555868 0.499989801742746 0.49997449142607464 
0.957283169718513 0.9343012666978123 0.5000115547775291 0.5000581107952653 0.5004001658057111 0.4999759342423336 0.4999845650791747 
0.26816330330790306 0.17209773727924532 0.4998881522778137 0.5000581107952653 0.5004267151421223 0.4999984768385044 0.4999801162730049 
0.7649665046430518 0.8560387139340986 0.49988936659166194 0.5000407735396607 0.5001736370679465 0.4999721914812093 0.499976836394999 
0.41485468723085617 0.9669547590461866 0.4999729511201627 0.5000408265478763 0.50015556555973 0.49998991386119407 0.5001302350209943 
0.4997275124607142 0.1513006544008697 0.49996644303698295 0.5000607158853854 0.5001786059184635 0.4999637385085596 0.5001298817123307 
0.7449898776082975 0.7496663630250208 0.4999724223774248 0.5000408905246964 0.5004266717804327 0.4999788306143754 0.4999809689652219 
0.8457943010028076 0.22752496190911778 0.49992913665278316 0.5000424289401181 0.5001594239365087 0.4999856902238545 0.499971197646001 
0.639685070977622 0.9971269317311827 0.5000084140020072 0.5000264152426777 0.49978577057482 0.4999856902238545 0.49996853067120894 
0.28270708271037004 0.1742665739135294 0.4998950117322943 0.500041019348367 0.5000474547997914 0.5000021473142602 0.5001326938872233 
0.9999999443040707 0.8417771334710153 0.49994986324387886 0.5000593598989166 0.49949188494399177 0.49998582898571386 0.4999584881834535 
0.9782980475976325 0.9957288061798207 0.49986344591203463 0.5000574939752828 0.5005515959363881 0.49997259203237465 0.4999680242067469 
0.6171625174146309 0.8550364163836366 0.499963460093506 0.5000404699123726 0.5001671580950652 0.49996855881022617 0.49996863129369123 
0.8964884431915887 0.0033993823020240788 0.49993075881043725 0.5000556973826106 0.5003353223077575 0.49995993601120864 0.4999729579584422 
0.9524282040532277 0.014577304155693804 0.49993146187528276 0.5000590352286272 0.5003349230386936 0.4999693076272185 0.49996908464439116 
0.9975996477233272 0.9950616591790011 0.49988550835545703 0.5000555693371443 0.4997864853007769 0.5000098176262552 0.49997149590420487 
0.35342578847924544 0.1557789001834008 0.49989631719152355 0.5000580667430157 0.5004010058805435 0.499998388668609 0.4999801162730049 
0.7587964135620059 0.17279297802104276 0.49992977212609047 0.5000440754077015 0.4998214581427775 0.4999900429864809 0.4999706041716132 
0.3416051413819129 0.14420066852556523 0.49996719643994364 0.5000410123318327 0.5005015582963108 0.49996872891668054 0.49996753340128275 
0.9167313940541266 0.8011313949615875 0.4999045455952548 0.5000405588743799 0.50042716987841 0.4999686069350148 0.49997658857878574 
0.03284466365680133 0.17279297802104276 0.4999330818511938 0.5000428993964244 0.499822187158126 0.5000115583748683 0.49997329162195225 
0.27832960055321665 0.9999999999999989 0.5000072393936902 0.5000499014742806 0.5011547585356374 0.500415293455844 0.4999684155136723 
0.9021295478021215 0.9317916747029237 0.5000098290538889 0.500057059612345 0.5000528471226281 0.49997077971653076 0.4999686455445457 
0.744426113194373 0.3747348276114181 0.4998930049553121 0.5000551952941906 0.5004267674530415 0.4999788306143754 0.5001330712191645 
0.37862297944021805 0.060421898906554916 0.49996734536432674 0.5000410123318327 0.5005015582963108 0.4999672215830771 0.49996753340128275 
0.7219375488962808 0.8546399851356926 0.49988936659166194 0.5000407735396607 0.5001736370679465 0.49997180517652023 0.499976836394999 
0.8847594585741816 0.17279297802104276 0.49992977212609047 0.5000440754077015 0.4998214581427775 0.5001337545612659 0.4999706041716132 
0.8457943010028076 0.18723737331501447 0.49992913665278316 0.5000424289401181 0.5001594239365087 0.4999856902238545 0.499971197646001 
0.6846117026119592 0.17341205287807032 0.49988863294755953 0.5000406359431632 0.5003619803147031 0.5001728199534472 0.4999807038221114 
0.5545687593936897 0.41454095391877954 0.49995968452168266 0.5000410557476739 0.5004280110977959 0.4999771694579508 0.5001301927381195 
0.5420268029731867 0.05145594051355745 0.5004887087875759 0.5000412615673225 0.5003844208406524 0.4999680949557771 0.4999687394071379 
0.1313002267053432 0.1312935356708378 0.4999726039323009 0.5000431783046693 0.5001778812540933 0.49997009759845196 0.49996869581769454 
0.5353715711027439 0.33667742239769516 0.49988905587723503 0.5000407850200419 0.5001807479130749 0.5002839386679232 0.500127391042019 
0.4271192278154694 0.9957288061798207 0.4999719968861155 0.5000574939752828 0.5005515959363881 0.49997259203237465 0.4999680242067469 
0.32894001737033557 0.1723772818459139 0.4998881522778137 0.5000581107952653 0.5004266569094756 0.4999984768385044 0.4999801162730049 
0.3635641563610767 0.9999999999999989 0.5000065211542466 0.5001408445387795 0.5011867479198325 0.50041499064261 0.4999684155136723 
0.8671104086323458 0.9956120298218691 0.49983614605395654 0.5000407972459187 0.4997747196893316 0.499969054059091 0.49996859412822736 
0.9881938310937689 0.7783209095745899 0.4998625101040503 0.5000407861540263 0.4997857971502791 0.49997204016114377 0.4999675978193522 
0.8249668928489251 0.3966033605166995 0.4999641739887437 0.5000402983960642 0.5001538385700373 0.49999000328548365 0.5001274888756155 
0.4601451650961373 0.9985486479836501 0.49991351613483864 0.5000436505799584 0.4998757156359063 0.49999020217824747 0.5001272642426295 
0.4751829224192316 0.17182849248429105 0.4999331252874288 0.5000424289401181 0.4998748974781926 0.5000115525298624 0.499971197646001 
0.8847594585741816 0.16642477147987841 0.49992977212609047 0.5000409772525667 0.500422623931508 0.5001288306082962 0.4999706041716132 
0.271600257446482 0.8533171115821417 0.4998880492160778 0.5000581107952653 0.500172555402959 0.4999998476999785 0.4999801162730049 
0.13684508447712262 0.005625841987184743 0.4998389123943062 0.5000407972459187 0.500174666811901 0.499969054059091 0.49997672446439023 
0.6588671450021069 0.05528117509518483 0.4998389123943062 0.5000389080041785 0.4997838615114187 0.5000065594106504 0.49996859412822736 
0.29758436430180707 0.8263802045844005 0.4998630073113157 0.5000407861540263 0.4997892363484924 0.5000327253611379 0.4999786690545567 
0.27709700172516466 0.9343012666978123 0.49987553253437905 0.5000581107952653 0.5003951523392967 0.49997747581394103 0.4999845650791747 
0.9452351469879683 0.9924304362976613 0.49988537873824024 0.5000566022885604 0.4997864853007769 0.5000098176262552 0.4999673797172368 
0.16999715762637013 0.05875092734323745 0.4998389123943062 0.5000407972459187 0.4997838615114187 0.499969054059091 0.49996859412822736 
0.18873581458373395 0.48942540059999834 0.49995995153058664 0.5000402108770722 0.49982472201075717 0.5000142033741476 0.49997747764445116 
0.5889387354797486 0.14420066852556523 0.49996719643994364 0.5000410123318327 0.5005015582963108 0.49996872891668054 0.49996753340128275 
0.6082092057764518 0.44190060817311777 0.49996321298027413 0.5001004594146848 0.5004119827484607 0.4999859812522899 0.49997674339132475 
0.8101932125680703 0.9951173654804241 0.4999768976422923 0.5000413579988969 0.4997886768586839 0.49999382086497723 0.4999726168577014 
0.2717636669031081 0.22916350855987394 0.49988879264175173 0.5000407842786501 0.500169894348158 0.5000032990869123 0.4999594601664603 
0.4543555351753595 0.3966033605166995 0.4998930049553121 0.500040175371803 0.49985842586494866 0.499991190112516 0.5001272642426295 
0.8100281935181279 0.034258425338954346 0.4998874781993591 0.5000413437723911 0.49979496608330687 0.4999944873530909 0.49996533606631294 
0.9631023079388111 0.9550112773845676 0.49993146187528276 0.5000590352286272 0.5003349230386936 0.4999693076272185 0.49996858741581546 
0.9440307801170158 0.015200608865488532 0.49993225391416285 0.5000589125277916 0.5003349230386936 0.4999693076272185 0.4999690797342166 
0.9994489178490186 0.41802389301608694 0.49993311691894127 0.5000577341392087 0.5004390254341504 0.4999717831781281 0.4999757737070792 
0.43750366995897644 0.1513006544008697 0.49996644303698295 0.5000607158853854 0.5001786059184635 0.4999637385085596 0.5001298817123307 
0.8356784089288812 0.8550364163836366 0.49996347275336217 0.5000403659683329 0.5001671580950652 0.49999030369497466 0.49996851278158283 
0.8184710259412717 0.8456311430108556 0.49997276467966 0.5000407735396607 0.5001671580950652 0.499987763954276 0.4999653483670026 
0.8956194634371711 0.8919063616581642 0.49993159399395015 0.5000405738444554 0.5004254983612535 0.49995993601120864 0.4999729579584422 
0.8387397096784126 0.36127721053099177 0.5000114934846975 0.5000435193966306 0.5001410404804951 0.499970304023665 0.49996631778074063 
0.5761602973182326 0.997417207837091 0.4999041516991628 0.5000406928806953 0.5004387945959445 0.49996831270460473 0.49997658857878574 
0.6417515897242538 0.8388962952847918 0.4999659501855823 0.5000412227480595 0.5005000146771493 0.49998584311554006 0.4999580232155612 
0.8381948272179409 0.17279297802104276 0.49992977212609047 0.5000440754077015 0.4998214581427775 0.5001337545612659 0.4999706041716132 
0.8607276113326169 0.40294923674535266 0.49996435485777857 0.500056600003148 0.5004089162534979 0.4999767170168842 0.5001268814192705 
0.8963586741901405 0.41454095391877954 0.49995968452168266 0.5000395423841992 0.5004256215859573 0.4999771694579508 0.5001301927381195 
0.6718966840870024 0.05952122872980615 0.4998389123943062 0.5000389080041785 0.4997838615114187 0.49998433183627 0.49996859412822736 
1.0 0.1734648746160498 0.49996002964654984 0.500059034824556 0.5001780650274112 0.4999368865386187 0.49997140608349244 
0.9111846473616105 0.05145594051355745 0.5004887087875759 0.5000410101404106 0.5003844208406524 0.4999680949557771 0.4999653273844369 
0.8669514745347563 0.8188658224290872 0.49996352137148076 0.5000408252462304 0.5001428339732238 0.49996861213339133 0.4999760450867102 
0.6011025381398429 0.7843722419181681 0.5004783048202053 0.5000407735396607 0.5001671580950652 0.49997132660484517 0.49997328261230334 
0.0715779259500543 0.1312935356708378 0.49997253269361536 0.5000431312212222 0.5001778812540933 0.49997009958178906 0.49996869581769454 
0.37675148040493756 0.8913340591474701 0.49990567706204037 0.5000954067992665 0.4998391295359632 0.5000086193420199 0.4999699097751326 
0.7862413533688942 0.3966033605166995 0.49989385872544395 0.5000435075641728 0.5001516860319468 0.49999000328548365 0.5001291455965395 
0.7848655371660865 0.016771749662433416 0.49996294011994097 0.5000403596572137 0.5003985631555868 0.499989801742746 0.49997449142607464 
0.6088462147778364 0.8471419057646548 0.49997310180793375 0.5000407735396607 0.5001671580950652 0.49997132660484517 0.49996863129369123 
0.5884040639767342 0.3041350624181811 0.49987828980204163 0.500040758223657 0.4998214581427775 0.4999726000553799 0.4999761435088621 
0.4751829224192316 0.18723737331501447 0.49992969922847513 0.5000424289401181 0.49986452489968153 0.4999856902238545 0.499971197646001 
0.6088462147778364 0.7623515906411531 0.5005033017550354 0.5000407735396607 0.5001671580950652 0.49997132660484517 0.4999757645084932 
0.7137642278543088 0.046342909042610445 0.5000062120531655 0.500132762134201 0.5005014825304575 0.5000098176262552 0.49998150163729865 
0.006362594434339008 0.17279297802104276 0.49993281861571043 0.5000428993964244 0.499822187158126 0.5000136478530539 0.49997329162195225 
0.03284466365680133 0.0022464708204176648 0.4999331297425341 0.5000428993964244 0.4998219752895912 0.5000147231552055 0.49997329162195225 
0.7981282426616895 0.9393963495551336 0.49988936659166194 0.5000407735396607 0.4997828317674641 0.4999721914812093 0.49996870605883614 
0.9883178315296326 0.41802389301608694 0.49986399025193856 0.5000577341392087 0.5004381669931085 0.4999717831781281 0.4999757737070792 
0.9734681886175797 0.18186201410669384 0.49995990041559946 0.5000589599772081 0.49978820557053905 0.49994311073655817 0.499976766923382 
0.558011040090219 0.17279297802104276 0.4999333046347673 0.5000428993964244 0.499822187158126 0.49997705981449586 0.5001302837676339 
0.5928136765629032 0.1513006544008697 0.4999033325704296 0.5000406911672793 0.5001786059184635 0.499964867044479 0.5001259929070473 
0.4237468146109392 0.17182849248429105 0.4998639986204261 0.5000424289401181 0.4998740390371506 0.5000115525298624 0.499971197646001 
