3.131611831408177E-17 1.0 0.5000114045167202 0.5004234134362585 0.4995000771687554 0.500872985922926 0.4998867487927197 
1.0 1.2439803545840337E-15 0.49978559023297225 0.4995549245172525 0.4994465294530638 0.4998565064375911 0.49975460968139856 
3.131611831408177E-17 3.9251962856411646E-12 0.5000428564371551 0.4998136597022652 0.4994517999633396 0.4998307247445613 0.5002929523405706 
1.0 1.0 0.500041178866018 0.4998177618984709 0.4996132543435096 0.4998303282607306 0.49991122445013425 
0.7400959951776284 0.3723588881886093 0.5000215111579143 0.4997970888138469 0.49961906171303994 0.5001577929537645 0.4998586848370032 
0.8271168261539751 0.25543553819568154 0.5000207256666735 0.4995538679586838 0.49960890818038517 0.4998397170577516 0.49985731780445647 
0.851625985090594 0.39931988482606773 0.5000443184077261 0.49981245055051904 0.4996099894424176 0.4998075207912665 0.49976196769433523 
0.6636671712344041 0.3773881624177045 0.5000109267282162 0.49979467624448143 0.49961119471473425 0.5001311821341938 0.4998317938153538 
0.9959080789085777 0.8182048950837834 0.5000170312189066 0.4995568788423379 0.4996116640309572 0.49982153783791466 0.49976192042096196 
0.8271097326507739 0.8999530824300013 0.5000069480158773 0.499812449127715 0.49961215057874814 0.5001747349133728 0.4998153938858508 
0.816333254552817 0.9311437021643953 0.5000141233039007 0.5004370442827343 0.49961215057874814 0.5001754424161761 0.499856614318755 
0.9931225263388751 3.5296091048342415E-4 0.49978559023297225 0.49980779042856993 0.49961028618885606 0.4998565064375911 0.49975460968139856 
0.9415682850039427 0.8980504521579817 0.4997789572956149 0.49955039587566685 0.49961117927484483 0.49985757464727026 0.49987383282162795 
0.7685372850629233 0.9141767197256915 0.5001125362596522 0.4998131801565262 0.4996343724827281 0.5001792415031534 0.4998542958018647 
0.23562777274557428 0.047097235999552345 0.49999837220452964 0.5004654444198047 0.4999914443922327 0.4997617330278865 0.49988771888807476 
0.4615115374757624 0.41525254851153637 0.5000122999212256 0.4997811628800156 0.49950422081145357 0.49984825005962047 0.4998590999357835 
0.964030277994589 0.738533283579282 0.5001185778335993 0.4998394959040953 0.499451499426452 0.4998322127631963 0.4998956697536716 
0.6083691305999495 0.20309784118501356 0.49979434492970043 0.49980661739783533 0.5000065377124631 0.49983103346509067 0.5000603433696614 
0.8646122781451839 0.25543553819568154 0.4997569414079269 0.49955565243877714 0.49997832346119675 0.49985103841896317 0.4998921724468528 
0.5582463373588167 0.41394363398975953 0.5000206853363848 0.4998327011997398 0.49961153110254414 0.4998348399621194 0.49991728376542877 
0.9807832504312142 0.9524224970321016 0.5000113925473841 0.49980389478936765 0.49961181820402684 0.49980033695824205 0.49976208161417496 
0.8855219148083022 0.4421431128770915 0.4997573866978797 0.4998081719861051 0.49998844669122233 0.499851805995934 0.4998916477184144 
0.5463955610217477 0.9332564018802065 0.500006537390876 0.4997867108560819 0.4995573255391334 0.4998328095488253 0.4998696183019152 
0.847446979936656 0.12400842911316182 0.5000070266769986 0.49980924133064103 0.49961066990343217 0.4997443529855093 0.5002394821362338 
0.9947106271517867 0.41365040360583105 0.5000095799918217 0.4998217859291186 0.49943914335426814 0.49983825244453567 0.49976208161417496 
0.9119457639314535 0.8999530824300013 0.5000069480158773 0.4998124720055513 0.49961215057874814 0.5001735597171111 0.49992483603144294 
0.44090060621612515 0.10791548229140478 0.5000116739811443 0.4998024185208255 0.4995059392248201 0.49982451369866465 0.5000671804523202 
0.7594191568520564 0.7596589823417009 0.500039969192251 0.4997861347062794 0.499608651818452 0.4998249840416901 0.49989954482894733 
0.3463327195531505 0.41354600394793295 0.5000409247751062 0.4998087196423345 0.4994447142777883 0.4998396962752591 0.500075607081486 
0.07807516766510496 0.060530645500911806 0.5000171686780128 0.49955059352192793 0.49958283829568373 0.49985970288815845 0.4998894945393654 
0.8894231612025492 0.9885855411541787 0.5000129292622104 0.4998073544641332 0.49950110954358395 0.4998150313858313 0.49976341157851156 
0.2052054714905489 1.2439803545840337E-15 0.4997779380177791 0.4995549245172525 0.4994465294530638 0.49976426432936916 0.49975460968139856 
0.9743192050307841 0.6666239982479775 0.5001185778335993 0.4998394959040953 0.499451499426452 0.4998322127631963 0.4998904875161545 
0.9760224656745687 0.026212399123410154 0.49975210223530464 0.4998040906611939 0.4996107769685889 0.4998352361150343 0.49991863618390125 
0.9526736079303837 0.07769772247607246 0.5000070266769986 0.49980926893300837 0.49961066990343217 0.4997532584328116 0.49992218547464584 
0.8782334458108001 0.06037668154020989 0.5000116889990209 0.4998105526009541 0.4996121384251894 0.5001754787058259 0.49985645106061377 
0.8619789875437086 0.4591312907617132 0.5000129292622104 0.4998073935311036 0.49950110954358395 0.4998150313858313 0.49976341157851156 
0.1701871859982167 0.9643620198714942 0.4997448066161514 0.4998140712140406 0.4999801850928128 0.49978805419732203 0.5002825992536852 
0.2830193443656592 0.4480322997028693 0.5000465544939446 0.49980489258701827 0.4996170591154097 0.49990881676428245 0.499580975908254 
0.75153459308448 0.809739773274177 0.500023814181187 0.4998040397049557 0.499608651818452 0.4998281912755763 0.4998918244946922 
0.807975408520953 0.8467737549681427 0.5000080095529498 0.49955100678845255 0.4994487583042526 0.5003376951103505 0.49976095523150343 
0.5369431552259225 0.25107005732692134 0.5000085450683671 0.49980411069791214 0.4994470688922827 0.5003480361432434 0.49982935798704886 
0.6942172613594639 0.0805105754841785 0.5000171943433624 0.49954606601621115 0.5005069808418343 0.49983309713795154 0.49991728376542877 
0.38688944350604615 0.10488088502555395 0.5000134553140108 0.49980853975903644 0.4994820866735789 0.49983989698036374 0.5000762332292463 
0.005916020051961568 0.019140009583684336 0.5000205983694301 0.4997970888138469 0.49961906171303994 0.5001590066937487 0.4998586848370032 
0.09713357791239324 0.08062201651329637 0.5000171686780128 0.4995550099212206 0.4995828422799844 0.49985970288815845 0.4998894945393654 
0.20747001719879987 0.4480322997028693 0.5000465544939446 0.49980489258701827 0.4996170591154097 0.49991248442977576 0.4997530499595877 
0.9213540566516139 0.9998778248668119 0.5000060976975566 0.49979972039177295 0.499608651818452 0.4998398585539127 0.4998918244946922 
0.5535645416216116 0.4421431128770915 0.4997546071980973 0.4998081719861051 0.4996133621320603 0.4998540779184755 0.49957414141519924 
0.4113762296026389 0.27459758282465885 0.5000137393612494 0.4998026776156662 0.49961117928626475 0.49983966731781587 0.4997621176573122 
0.8047766066269145 0.8059901160217363 0.50001660626328 0.49980387269977 0.49961251504004495 0.49982308143035686 0.49993958847484465 
0.265015184878605 0.44826731523823315 0.5000463224422366 0.4998087196423345 0.4994447142777883 0.4999100331847231 0.4997475575317163 
0.5033419080789414 0.9510913308940598 0.5000138733751711 0.4995317601484807 0.49961238843572126 0.4998564207098403 0.49985691682107075 
0.9094378391037439 0.20962727204768183 0.5000300589884845 0.4997986251038518 0.5000001022426097 0.49986225694930736 0.5005198728225968 
0.48770485118049456 0.9569551753373513 0.5000086614082134 0.4998083308800479 0.4994470688922827 0.5001469688636693 0.49982935798704886 
0.6776887824400742 0.8503012680985769 0.5000318769079111 0.49962904598064456 0.49961365886194087 0.49982912996617124 0.499829890762402 
0.7855811190153161 0.0030047506508160127 0.5000489066548451 0.49981759335904224 0.49958673238861273 0.4998327013829802 0.4997426598944763 
0.6114862364397871 0.8093495976484408 0.5000170441325886 0.49980187586404845 0.49960870770836063 0.4998220309810322 0.4998886649004697 
0.5963132077636548 0.9987326064844188 0.4997479528308158 0.4995554320999539 0.49961117464483773 0.49985395667600097 0.499759379476039 
0.7846812474985745 0.46081571487372947 0.5000095318274232 0.4998125521518152 0.49950896995131505 0.4998169171433179 0.49976843461995174 
0.3632903109995314 0.44194973213557787 0.5000465544939446 0.49981397808948347 0.4996169677609107 0.49990881676428245 0.499580975908254 
0.9387059149195468 0.27459758282465885 0.5000137393612494 0.49955565243877714 0.49961117928626475 0.4998397170577516 0.49975942211060553 
0.46720436329504583 0.9524224970321016 0.5000122833143447 0.49980389478936765 0.49961181820402684 0.49980033695824205 0.49976048085374236 
0.46128415727993854 0.24586903459618653 0.5000085450683671 0.49980411069791214 0.49950413705890556 0.5003480361432434 0.49985764123265874 
0.20747001719879987 0.4133109884125691 0.5000411568268143 0.49980489258701827 0.4996170591154097 0.4998421475203118 0.5000810995093574 
0.9268845506856274 0.9991486529258257 0.5000072850556541 0.49952841271897924 0.499616708045906 0.49983969291707947 0.49985479692518175 
0.10429496046728637 0.3948374455897166 0.5000171686780128 0.4997918513421853 0.4996102225900821 0.499807485619338 0.4998944425115365 
0.9073166576843532 0.7257143358529159 0.5001162861689269 0.49980651827242695 0.49943928095544876 0.4998458241221951 0.49986718513185413 
0.6864348323319313 0.45722302540598914 0.5000069866241491 0.49983103320046934 0.49949630471493434 0.49983211343485084 0.4999199907601749 
0.9521679039622696 0.026212399123410154 0.49975210223530464 0.4998040906611939 0.4996107769685889 0.4998352361150343 0.49991863618390125 
0.8876826768434982 0.044054902497483284 0.5000069480158773 0.4998083467383761 0.49999018447677246 0.4997587178586032 0.49992483603144294 
0.964030277994589 0.4352393781029488 0.5000489066548451 0.4998174776816953 0.49958673238861273 0.4998322127631963 0.4998649073965566 
0.816333254552817 0.9610759537058411 0.5000141233039007 0.5004370442827343 0.49961215057874814 0.5001754424161761 0.4998572802963957 
0.8849662185858272 0.14588477312187487 0.5000070266769986 0.49980924133064103 0.49961066990343217 0.4997443529855093 0.5002394821362338 
0.8552370646381688 0.0058704983480596384 0.5000443184077261 0.49981245055051904 0.4996099894424176 0.4998327933602522 0.49976196769433523 
0.6864348323319313 0.45722302540598914 0.5000069866241491 0.49983103320046934 0.49949630471493434 0.49983211343485084 0.4999199907601749 
0.5985992634299945 0.991834405016423 0.5000290159449864 0.4995554320999539 0.49961359823984186 0.49985395667600097 0.49982968248885723 
0.4615115374757624 0.3768189893309064 0.5000122999212256 0.49979704208760684 0.4995062942543894 0.5001616955279435 0.4998586848370032 
0.9990546050106394 0.06774742402031236 0.5000178482096366 0.49980385551144446 0.49960943709857886 0.49983545526314865 0.4999224736033513 
0.9073166576843532 0.08297923963105713 0.5000093005827742 0.49980651827242695 0.49943928095544876 0.4998458241221951 0.5002360592739412 
0.6793040217350407 0.25107005732692134 0.500032609033121 0.49980411069791214 0.4994470688922827 0.5003380880928116 0.49982936586820204 
0.18729914680283105 0.4104902417644143 0.500023814181187 0.4998040397049557 0.4996081028958228 0.49982733987709543 0.4997512120033417 
0.7846812474985745 0.46081571487372947 0.5000095318274232 0.4998125521518152 0.49950896995131505 0.4998169171433179 0.49976843461995174 
0.11930807788692865 0.9186358771559651 0.5000069493884005 0.4998011651138288 0.4995829110239793 0.5001747349133728 0.4998153938858508 
0.7094689707020603 0.7632306543768005 0.500119352609995 0.49980356572915435 0.49960863513657433 0.49982973818493953 0.4998906369560443 
0.69857783590145 0.7596589823417009 0.500039969192251 0.4997861347062794 0.4996104001236043 0.4998252161383684 0.49991677352693736 
0.037048670051648414 0.9845987284568722 0.5000489066548451 0.4998174776816953 0.4995045230699157 0.4998322127631963 0.4998649073965566 
0.9846619616494339 0.809739773274177 0.5000098828545795 0.4998040397049557 0.499608651818452 0.4998281912755763 0.49992303828423645 
0.9669875337783289 0.10791548229140478 0.5000116739811443 0.4995553933439364 0.4995059392248201 0.49982456343860043 0.5000644849056136 
0.2853848393491458 0.7677509369358355 0.500119352609995 0.49980355085601835 0.49960863513657433 0.4999093190009694 0.4998889047673176 
0.6942172613594639 0.42413932066567406 0.5000206853363848 0.4998326482796798 0.5005069808418343 0.49983309713795154 0.49991728376542877 
0.9940413845931222 0.4265791301424994 0.5000190015716229 0.4998326482796798 0.49945168328898537 0.4999054951076085 0.49989950704440617 
0.31894235881089356 0.19156159677597223 0.5000063736567114 0.4997904317798738 0.49961152100183875 0.4997895734846707 0.4998698331370361 
0.9963378504164367 0.45112572352930586 0.5000095799918217 0.4998217859291186 0.49943914335426814 0.49983825244453567 0.49976208161417496 
0.9910631855103496 0.4512912882590693 0.49979063828471126 0.4997845169678934 0.4995049471578075 0.4998247547270025 0.5000671880816405 
0.7284371292785611 0.7645194600689502 0.5001126696145557 0.49979840426508354 0.49960356772010334 0.499834213569036 0.4998946847735768 
0.9415682850039427 0.9943587303459627 0.49977922810862396 0.49955027672553753 0.4996138562815539 0.49985757464727026 0.49987383282162795 
0.7277132203305955 0.7632306543768005 0.500119352609995 0.4997984149560623 0.4996085712433897 0.49982973818493953 0.49989528946991707 
0.6935938884661194 0.07450663893080134 0.5000085976330322 0.49954606601621115 0.5005069808418343 0.5003477108179453 0.49973865052208755 
0.7717057721975936 0.8472816807819575 0.5000465544939446 0.49980489258701827 0.4996176080380389 0.49991333582825664 0.49989366245093814 
