1.0 0.0 0.49990972753143 0.4999686514102423 0.49998309454862694 0.5001638531294539 0.5000538040264852 
1.0 0.0 0.49990972753143 0.4999686514102423 0.49998309454862694 0.5001638531294539 0.5000538040264852 
0.0 0.7191188598907152 0.4999350706847603 0.5000035224004898 0.4999901803072022 0.5001604913162623 0.5000733122110554 
0.0 0.7191188598907152 0.4999350706847603 0.5000035224004898 0.4999901803072022 0.5001604913162623 0.5000733122110554 
1.0 1.0 0.4999469124651897 0.4999413024818211 0.49998255156336063 0.500153557262742 0.499924315185355 
0.9739880477244741 0.9850173808063801 0.49994701957913396 0.4999403395041418 0.5000013475515741 0.5001608430862526 0.4999208421984327 
0.7502989126246358 0.794969443597553 0.4999603185054704 0.49997120911153325 0.500048012558388 0.5001602035867654 0.49992029518088066 
0.9648242588033057 0.003297392922753939 0.4999470197035723 0.4999400338484018 0.5000012705833781 0.5001608430862526 0.49992057432821857 
0.9969003150600785 0.21892126035669712 0.49990564425083 0.49996462931868274 0.5000482237977835 0.5001606577824239 0.5000778157841796 
0.07927157321941045 0.23430100146985844 0.4999057501822387 0.49996500895520796 0.500010721793334 0.5001817197300138 0.5000708693996789 
0.9564727691349769 0.7939830829785413 0.4999603185054704 0.49997120911153325 0.5000490422335996 0.5001602035867654 0.49990822279179575 
0.05299262571250399 0.2078241367359371 0.4999216242531485 0.4999695823640529 0.49998459973395215 0.5001568488406289 0.5000708006976526 
0.875642536403208 0.026493745027789672 0.49992756096055196 0.49996283730753377 0.4999938850271464 0.5001882564170663 0.49992516238629703 
0.839556843585288 0.028162682043738785 0.49990658827203494 0.49997953181998933 0.49998658417567365 0.5001709330629056 0.49991634594967627 
0.9792769316820571 0.09897203705144955 0.4999348520613228 0.49997896996410934 0.49999025593309626 0.500160231507619 0.49993102591238 
0.8909725154860473 0.506443972887903 0.49993416318605804 0.49996794677211487 0.5000013091799977 0.5001715309095246 0.49981028380635717 
0.9267136822462413 0.9381143104557769 0.4999263076269277 0.49997138932984625 0.49998573352763104 0.5001657978045733 0.5000661488500572 
0.8160766103118606 0.7939830829785413 0.499958945068365 0.49997120911153325 0.4999908136313062 0.5001897908375772 0.49992646108150085 
0.2934456252744827 0.11316878591543217 0.49991275013604314 0.49996113312869206 0.49999147978484554 0.5001897295440957 0.4999267284433484 
0.1119136710026781 0.22674519045208474 0.49993439833179265 0.49996436327671484 0.5000087540127023 0.5001814887620957 0.5000708693996789 
0.9652480825142558 0.04795075528275761 0.4999474943704674 0.49997109148945146 0.4999859742708847 0.5001621870090535 0.4999144826568806 
0.8764062260587566 0.6177310938656819 0.5003681727781812 0.500155050035055 0.49998744626010255 0.5002186548931181 0.4999301831312921 
0.8703343477457721 0.6345850050221573 0.5003669656078092 0.500155050035055 0.4999857576545182 0.5002196550362549 0.4999301831312921 
0.9226979766028917 0.9933470549575434 0.4999263747582884 0.49996283730753377 0.49998581181721047 0.5001828575724022 0.49990516313154115 
0.027099956272042952 0.24498216224523756 0.499906149902024 0.49996500895520796 0.5000100115233928 0.5001620124396888 0.4999209555617035 
0.6773496244827909 0.10101442126864621 0.49991227429760715 0.49997955935707356 0.4999818579734541 0.5001526120794693 0.49994018681769364 
0.9944047459782941 0.31568861219410044 0.4999335865745877 0.4999686597414512 0.5000102713639728 0.5001574304530421 0.4999235155249474 
0.5791757801810873 0.7834408637930033 0.49991836931053 0.4999664377866004 0.5000096919589091 0.500171062844269 0.4998031588894001 
0.4785683404407141 0.6050090821742298 0.4999063518409967 0.4999996632637314 0.499987069095677 0.5001828369302552 0.49991086850205074 
0.6365546309121868 0.06091913170487212 0.49992670062216177 0.4999786449356643 0.4999870329637634 0.5001584878012552 0.5000663824910615 
0.6185270118429261 0.7834408637930033 0.49993568367681185 0.4999678418727847 0.5000101912880334 0.500171300881994 0.499802233767976 
0.5603317839081434 0.7118365348371073 0.499946937348234 0.4999818722281092 0.5000015919323182 0.5001529757651572 0.5000812255971352 
0.40883688204903035 0.6050090821742298 0.4999344556167351 0.4999998712920117 0.499987069095677 0.5001567115765773 0.4999082984361511 
0.8160766103118606 0.21050434399897627 0.499958945068365 0.49997951865760987 0.49999068306606675 0.5001701555792137 0.49992663985284547 
0.2176770231195223 0.2078241367359371 0.4999241940405504 0.49996865560310094 0.49998511948876784 0.5001568482757255 0.499924211705146 
0.20582953906029733 0.5026178403766296 0.4999187626785828 0.49996333777049856 0.49998504643314556 0.5001565397730755 0.4997620418457604 
0.524092996369254 0.23455158870128165 0.4999196259785102 0.49996440739964476 0.5000087611854788 0.5001814887620957 0.5000724120267518 
0.8949448979260072 0.5258861501731108 0.49992756096055196 0.49996283728027596 0.4999944585059474 0.5001880990797293 0.4999251597272314 
0.8262439273912522 0.9724780576000922 0.499947029023662 0.49996332065662374 0.5000012334071883 0.5001615660425451 0.4999219872424905 
0.38903168659479614 0.19235424093714226 0.4999219570498609 0.49997959955166005 0.49999313941788104 0.5001713006763924 0.4999266414900581 
0.6785698350947459 0.1855328184941717 0.49977068197405616 0.4999791930708768 0.4999938190264038 0.5001713950195944 0.49990011217457125 
0.528667033019304 0.49200477993119074 0.4999745633765295 0.4999643633329078 0.5000086641129714 0.5001905362963348 0.5000711472509061 
0.5308166049780965 0.8648177621174531 0.4999745633765295 0.4999641828574377 0.4999984067018047 0.5001905362963348 0.49992546357779616 
0.880587779747892 0.7834440839291774 0.4999266738078479 0.4999985124808816 0.4999936591684379 0.500171461566715 0.4997997906308943 
0.9072157239658415 0.9228285049976763 0.4999351571463038 0.4999679613958366 0.4999910640601217 0.5001713774988182 0.4999164305949253 
0.38218472356734356 0.27064762637114104 0.49991986419020185 0.49996894934790687 0.49999314515494403 0.5001637843232151 0.5000577738026066 
0.7677103363961422 0.24647501834391106 0.4999057501822387 0.4999794001949967 0.4999859965438128 0.5001808775324971 0.5000708693996789 
0.8548817716772806 0.5659419847258234 0.49994756609584173 0.49997109148945146 0.4999859124867391 0.5001579317591168 0.4999248698272095 
0.9226979766028917 0.96522135780508 0.4999263747582884 0.49996283730753377 0.49998581181721047 0.5001828575724022 0.49990516313154115 
0.839556843585288 0.09331987155641913 0.49990658827203494 0.49997955750666584 0.499986580507227 0.5001526013087911 0.4999388365920469 
0.139952062652358 0.9915739491360537 0.4999463757417734 0.4999660915411725 0.49998604050506834 0.5001643883875604 0.4999226481782258 
0.7907248112748753 0.5084221711143592 0.49994676350750133 0.4999633731916872 0.5000521894075782 0.5001535249899842 0.4999143901511322 
0.9614360825431085 0.6071724476756873 0.4999058207106261 0.5000035165955842 0.49999659729996876 0.500145424808523 0.4999152208482245 
0.16819823357558644 0.8604445460355806 0.49992295921136265 0.499976296014644 0.499988857768298 0.5001537062568966 0.4999087753620452 
0.5085371068427215 0.5520131195914121 0.49993553491611803 0.4999818722281092 0.5000016029791954 0.5001529757651572 0.4997659546936783 
0.8923358867293619 0.7970826884460276 0.49994676350750133 0.4999633731916872 0.500052185407099 0.5001541205480925 0.4999265626566969 
0.9512683574927657 0.7123821161432344 0.49994788063639134 0.4999663288914132 0.5000527615511932 0.5002157680916467 0.49992956466874855 
0.6955077369479348 0.22129294851433862 0.49993439833179265 0.499964361721768 0.49999849660153556 0.5001814887620957 0.49992479083727903 
0.2612399266797296 0.5714528887474458 0.4997427095849934 0.49997138932984625 0.5000514167529001 0.5001822885522338 0.4997622521820185 
0.640730400833703 0.6438137781085084 0.499934848906715 0.4999408448364715 0.4999855501231859 0.5001569710875634 0.49993028308346227 
0.20697727915401562 0.5352737076221773 0.49992295921136265 0.49996521336390404 0.49998515853565995 0.5001537062568966 0.4999087753620452 
0.7260226065697486 0.5006397778317236 0.4999340987333212 0.49996439137904414 0.5000521894075782 0.500157844034001 0.49992526576064894 
0.9970527480775725 0.5061206591460624 0.4999335369341614 0.4999633868203935 0.5000521894075782 0.5001535249899842 0.4999143901511322 
0.9226979766028917 0.9103730430198247 0.4999741725564038 0.4999629473306674 0.4999982020766348 0.500182770924419 0.4999048353971684 
0.3111364900863755 0.2051880467924238 0.4999227162182781 0.4999998712920117 0.5000104818615849 0.5001607517083381 0.49992294710328605 
0.9884608469627308 0.9090927877998711 0.49990513012332616 0.4999711621138656 0.4999831334634117 0.5001703819997269 0.4999301932246581 
0.811945897250199 0.21573602877848452 0.4999731626372875 0.5000007872063017 0.4999852140900077 0.5001534486664306 0.5000659785461524 
0.4316168291333731 0.0019252061689332134 0.49990593720738424 0.5000003392130368 0.499997913343633 0.5001605814963797 0.49992540926433593 
0.7260226065697486 0.5085820412998866 0.49993412601633297 0.49996283861304636 0.5000540467754131 0.5001563323698492 0.49992526576064894 
0.44793631872622003 0.7939830829785413 0.4999603185054704 0.49997120911153325 0.4999908136313062 0.5001812655343553 0.4999264483807474 
0.7711739090678693 0.31481098483077874 0.4999335865745877 0.4999794550630333 0.499987405054039 0.5001808657617258 0.5000647482982735 
0.5142672562306541 0.5714528887474458 0.4999109029313931 0.49997138932984625 0.5000478085509459 0.5001822885522338 0.5000682435485696 
0.8018681827779093 0.09068419336518574 0.499922489159743 0.4999794550630333 0.5000107845755094 0.5001809037539057 0.4999262871624151 
0.8262439273912522 0.9799019088882476 0.49994698969126955 0.49999861768895326 0.5000012334071883 0.500161605784701 0.4999219872424905 
0.526506174243176 0.5981395784306254 0.4999074875755411 0.49996436327671484 0.4999864469641583 0.5001809465567439 0.500072406575332 
0.36125212912588167 0.15178007640800817 0.49991589003280124 0.49996898608690943 0.5000079491004804 0.5001584685116621 0.49992666074171604 
0.9373996860163518 0.2051880467924238 0.4999227162182781 0.49996321289485496 0.5000104818615849 0.5001607517083381 0.49992294710328605 
0.9243461940487644 0.7856368015490844 0.4999351571463038 0.4999679094299823 0.5000097267944426 0.5001880543843085 0.4998040616820514 
0.7521932618254425 0.5108450269068221 0.49991576600901855 0.49997957304933627 0.500045003938273 0.5001605489402824 0.4999356259450538 
0.8703343477457721 0.19580403944437563 0.5003631930133291 0.500155050035055 0.4999857576545182 0.5001628693619801 0.4999228828518463 
0.8700393113607935 0.4596578746334429 0.4999228758836606 0.5000021297965178 0.49998547989419495 0.5001715950949676 0.49990988297159306 
0.34274209094357766 0.845339647987839 0.49994743658574353 0.499979453969412 0.49998536606575594 0.5001642542985609 0.499919025511251 
0.4217249000793808 1.0 0.4999469124651897 0.4999413024818211 0.500001340648258 0.5001536286508491 0.49992579364191037 
0.9994623329001022 0.0 0.4999474916133867 0.4999686514102423 0.5000008911884115 0.5001637938730796 0.5000536588575358 
0.9047934842391184 0.2275176276020882 0.49990523891174876 0.49996654234568705 0.5000096298856641 0.5001611348521545 0.4999222665123212 
0.9944047459782941 0.3062747584321081 0.4999335865745877 0.4999686597414512 0.5000102713639728 0.5001562877939407 0.4999235155249474 
0.5067976367268665 0.5616561517678945 0.49994697405277916 0.4999818722281092 0.5000013459223103 0.5001529757651572 0.4997641049803497 
0.4520570125405081 0.7939830829785413 0.4999603185054704 0.49997120911153325 0.4999908136313062 0.5001812655343553 0.49992666142958897 
0.9792769316820571 0.08303786961594409 0.4999348520613228 0.49997896996410934 0.49999025593309626 0.500160231507619 0.49993102591238 
0.9042798228539024 0.5714528887474458 0.4997427095849934 0.49997138932984625 0.5000492500317066 0.5001714296985855 0.4997622521820185 
0.8305746338692988 0.6442559307164848 0.4999350706847603 0.5000027585922382 0.4999899370907802 0.5001535289194181 0.5000733122110554 
0.618363489521766 0.10671946019262307 0.4999181762116417 0.4999681742526277 0.49999151603760156 0.5001602445132808 0.4999115755255966 
0.5717266171161051 0.10008125426635522 0.4999095339653514 0.4999686799187115 0.499986413439236 0.5001638531294539 0.5000457130514832 
0.13116960369069108 0.9915739491360537 0.499918835043599 0.4999664225429552 0.5000094774862175 0.5001609955072287 0.4999223883822262 
0.6933581649891423 0.22674519045208474 0.49993439833179265 0.49996436327671484 0.5000087540127023 0.5001814887620957 0.5000708693996789 
0.26126200495616786 0.5155950190124103 0.4999148950818679 0.49997957304933627 0.49998705475671906 0.5001868721687038 0.4999356259450538 
0.8318136681151984 0.7834440839291774 0.4999350088116877 0.5000044308538277 0.49999365223324216 0.500171461566715 0.4997997906308943 
0.9400473863860525 0.4592080626112646 0.49993448545737584 0.4999664293327948 0.4999962329635475 0.5001580738454005 0.4999234105793676 
0.35865680308509573 0.18457486382205546 0.4999341167021702 0.49997995459960887 0.5000079491004804 0.5001584685116621 0.4999266414900581 
0.94935135171316 0.21096544640639098 0.49994751767219775 0.4999673258903228 0.5000076046080083 0.5001826662090993 0.4999236867018811 
