8.123204792848115E-9 1.0012172874804315 
0.8518941548181078 -0.7726082654824447 
0.6523807538119462 -0.4575827126127856 
0.8233473797708085 -0.4578288840799582 
0.6185053065487232 -0.12523141044894018 
0.45382617955596427 -0.12359123826745425 
0.4093742523469781 0.24245640903758847 
0.25816272678144275 0.24308026060052376 
0.08177732627220456 0.6706838837866056 
0.18238608708887763 0.6698606955121003 
0.009161848386879563 0.9027718122132324 
0.4159138723092956 0.15676147104157032 
0.4193800403212464 0.11357965245113527 
0.22252701752845236 0.39197231722227577 
0.83545510694269 -0.6628171123077042 
0.22618432178640557 0.35973866333113885 
0.03480301055494299 0.7879871044608744 
0.1975090021074256 0.5722404386363114 
0.6268565040007591 -0.2591342495503478 
0.1937449614086898 0.5987581158403583 
0.030013574405161225 0.8038624489200079 
0.6289036809729914 -0.28818613913930236 
6.727964515067519E-4 0.9758611336655229 
0.6360758047795476 -0.37273434750318407 
0.8250478395760616 -0.4917199428541312 
0.43379017609919973 -0.03670257442777255 
0.18294738865872545 0.6669885828815998 
0.004984425693862982 0.9301007338235583 
0.1892038921311962 0.629266687381211 
0.6389332076181274 -0.39360264322825395 
0.20026031001937844 0.5517240873138862 
0.43857810347137466 -0.07184404458307622 
0.8330447852954508 -0.6292798886583117 
0.8463896747710999 -0.7570748726608657 
0.24513609466461772 0.26362867771258036 
0.8281130680974613 -0.5493017172717695 
0.054078943114597905 0.7151040707491164 
0.8388652248232022 -0.702928342234312 
0.21833425067290008 0.41531612562284753 
0.8412578261493502 -0.7260325232728897 
0.8374026595092461 -0.6865774977599486 
0.4286840433668108 0.013380452359221686 
0.20291179351252556 0.5327047466864673 
0.4238188801337767 0.06183163929230764 
0.2051741082437239 0.5150679310931854 
0.6255274577991102 -0.23568769887293203 
0.41290796118159234 0.19562861343166288 
0.23073701789775197 0.3311338277847404 
0.41428161393865987 0.17745628787232814 
0.20823504147584404 0.49167629895108145 
0.024988662559608455 0.8255273638101236 
0.014682651292075855 0.8740033236487333 
0.04928088331842361 0.7315988840558644 
0.04091501090244598 0.7637906080790977 
0.02317796892698326 0.8336980484339425 
0.2351493932727609 0.30693482876371664 
0.06303683188719877 0.694412386396567 
0.8435314510753633 -0.7405126843838251 
0.4445648292177843 -0.1038893098672003 
0.6305285856012521 -0.30917890064843245 
0.23964522479919156 0.28474200872543426 
0.8268073291400493 -0.5204324115700166 
0.6241537090841849 -0.21858123574924954 
0.19099683181741883 0.6175728737478046 
0.05922605394273067 0.7041952145993795 
0.4113240049573592 0.2166310116552565 
0.44064731159123177 -0.08477044211383249 
0.0026285159581556222 0.9501944266023561 
0.42596230609558317 0.03814800763316199 
0.21223038293517252 0.46150837761232205 
0.22929832029134498 0.34005968177923773 
0.21398192566206353 0.44822469580535407 
0.8240103195139463 -0.47105466907744475 
0.8312825556009389 -0.6025466946099463 
0.6451327844630887 -0.4399277494611311 
0.6337531298163782 -0.34822817928332606 
0.8300748548221031 -0.5725490663452022 
0.641127898361034 -0.413203967384282 
0.6420178363639901 -0.42227191200304953 
0.06895005750258792 0.6819531656706075 
0.018569872029580325 0.8550685267379692 
0.6469891449204703 -0.44754203234777395 
0.6213776878216165 -0.1736885583039088 
0.430761390909175 -0.009795341190015645 
0.827355362670259 -0.5266872750378677 
0.6225506145864039 -0.19296867752029254 
0.42679624647606 0.029134641219566156 
0.07163129769868853 0.6778498208616663 
0.41067824839025907 0.2301069027384536 
0.20766306209324364 0.49611068868069197 
0.4210296657996504 0.09409979907791698 
0.43292594202209933 -0.02844464159375219 
0.6230560664758441 -0.2012838032340968 
0.07880207688770471 0.6721048729743079 
0.4224227528811828 0.07746869697630153 
0.24855492287499414 0.2543943797576062 
0.2512041769577702 0.24861742844729864 
0.829380202943129 -0.5713477052267594 
0.8323868663024523 -0.6195817579354879 
0.21613747382222318 0.43176082972221475 
