0.8518156580743887 -0.7727986579833108 
2.4267653997434024E-9 1.0011748453732627 
0.45401632147587156 -0.12357808766225656 
0.6517801746235763 -0.45747611109791475 
0.8233351144057266 -0.45751770375241935 
0.6185546708512235 -0.12600210490388197 
0.25890637416528295 0.24319056138041134 
0.4094249991556225 0.2412944741590925 
0.08395199360648886 0.6706870794925185 
0.1829081178947881 0.6670846102494664 
0.04962278120331848 0.7289100529879792 
0.0196540271402271 0.8503769632574019 
0.4137744743838385 0.1844730531979216 
0.4156112268322084 0.16157714751507485 
0.192722213712798 0.6064354758891622 
0.2130767912509059 0.45457600876470255 
0.4275593793554751 0.021697091622105535 
0.4301188293131795 -0.0035056929196446577 
0.006927366456029482 0.9166724836333332 
0.4228581088235502 0.07240714652159713 
0.07375458759659986 0.6766014847335298 
0.4117874623870331 0.222257873429449 
0.41825952722314863 0.12769894675693996 
0.6339307413102451 -0.3497834431520764 
0.8272978072733289 -0.5277586715388568 
0.8348587869459536 -0.6389851046505663 
0.8325988769794276 -0.615934285558783 
0.22084464317270183 0.3967031539875785 
0.6275884968513115 -0.26954839075277515 
0.013471691329962787 0.885252292259824 
0.631838124233981 -0.3252729651035539 
0.032007856171078125 0.7953761549882001 
0.8454016249687495 -0.7522408388689685 
0.002998782751077622 0.947213568398442 
0.8356013068802044 -0.6648243582880786 
0.42072002125672014 0.09786930794202098 
0.8401644873795451 -0.7005800978597914 
0.2365265562033852 0.2989954748548064 
0.20040241779339604 0.5509281314707982 
0.8282344051602234 -0.5513626506324347 
0.8255731805738087 -0.5015693557418199 
0.21709186290251414 0.4240093458993973 
0.1966665562886266 0.578665084763577 
0.8371410894994348 -0.6833450964290634 
0.8409509610359969 -0.7229493335394604 
0.6263271355054113 -0.25135621534624875 
0.05834768449682001 0.7034805048983623 
0.23303556719653756 0.31855118892616974 
0.25194724225828097 0.2477376644551716 
0.1897250233448247 0.6273147758854599 
0.6295144948678125 -0.29572651671191996 
0.6412803999394737 -0.41737112908469015 
0.23941586912629775 0.2850511666976832 
0.009401133595740133 0.9014035933043165 
0.20469468953906453 0.5187262484225069 
0.044325798096497344 0.747001938290119 
0.6437970872004012 -0.432713356011234 
0.829326786895138 -0.5703089878534584 
0.6239874349998403 -0.21608989925289196 
0.029467531104372446 0.8061136893595382 
0.4355170110315267 -0.04887050617724965 
0.6249129675100337 -0.230441834272283 
0.03744184395788719 0.7731250200956001 
0.06468997796346476 0.6891543079999086 
0.022931094978688393 0.8348126099723295 
4.998425026109393E-4 0.9789864675523658 
0.6226486265175368 -0.1944167799967924 
0.647295392039964 -0.44606783643958986 
0.6218694172966117 -0.18214120194455255 
0.6193616787202534 -0.13913270041852469 
0.23071364622585383 0.3307864081632017 
0.44615585357428134 -0.1097073229712734 
0.4327749588814074 -0.028102518303982485 
0.4374724767717233 -0.06440867290962185 
0.21785194016570864 0.41844641986990827 
0.42042438863430903 0.11568665079467097 
0.6304508295914371 -0.30684529391532933 
0.24634197458749063 0.2608581772778988 
0.042495505753617796 0.7554730404764368 
0.8306860687667681 -0.5927166506317988 
0.6359956138042157 -0.37201798366450217 
0.21064408996826814 0.47335616449597934 
0.2234065215199711 0.37856907790556016 
0.4253305223158471 0.04795908024767936 
0.22855252289640698 0.3462272122094608 
0.44292949722014996 -0.09602239371215397 
0.19767288319381998 0.5711601383433141 
0.42501923215303206 0.04814647764956004 
0.24327182694102117 0.2704970308526076 
0.6364837327012672 -0.3766703376119384 
0.6385550637619201 -0.39583938302455446 
0.82466141316284 -0.47712438328885615 
0.03855165586110745 0.7689156039608274 
0.20979435360232285 0.47985617258536384 
0.6390446838356039 -0.3999912919418851 
0.06255956252622355 0.6933215759962389 
0.1876190134802541 0.6393450874935057 
0.18672989341999152 0.6543810582438785 
0.4333543529716211 -0.03254782104418924 
0.8252298472780949 -0.4856400475788756 
