0.8515226486776057 -0.7723319886234997 
1.6105908426378157E-8 1.001390493232877 
0.651984597442111 -0.4573428953222812 
0.4534621897923432 -0.12338015135642111 
0.8233997864922745 -0.45902011261552017 
0.6184521376370551 -0.12406922427066285 
0.25849023050616826 0.24320376415286088 
0.4092945682789301 0.24308090746437322 
0.08408514257431782 0.6708609657165645 
0.18252890033987984 0.6692552418234015 
0.014203289290713753 0.8762514157247305 
0.023836393513520515 0.8313617720987336 
0.4236119853434691 0.06523722099930705 
0.8317760834587098 -0.6101614180102178 
0.829219717831799 -0.5685415452273848 
0.6354480505834231 -0.36618852424364606 
0.4206432298443378 0.10029021415023143 
0.22397323691395155 0.3744224231233003 
0.8246305427996095 -0.4835635484253102 
0.030988243673778892 0.7995831324992302 
0.6317670511269196 -0.3243846239364213 
0.008281959105980518 0.9084442065929552 
0.43695904352021697 -0.06055529107576337 
0.43342296805072855 -0.0325023290357399 
0.6275310573291656 -0.2686476197379175 
0.6400634977766896 -0.4079802721296847 
0.04117016706069142 0.7594871056699175 
0.0038084758170893983 0.9399586794156827 
0.20224236707851617 0.5436793052987798 
0.6462031801323466 -0.44461554136047793 
0.2201936223361731 0.4011132551773423 
0.23521157358578343 0.30950242191779226 
0.20497576971801987 0.5166796931921083 
0.20962395226371303 0.5104540343489979 
0.2313574794116627 0.32743182202172955 
0.8357687705848306 -0.6670781184079186 
0.06842699502141078 0.6848735566922547 
0.026473196419301404 0.8218354576459684 
0.07444832400868256 0.6760470393424101 
0.246425339518757 0.2599519953011172 
0.4319025338914762 -0.016125406946676073 
0.01249178213361607 0.9012195204485417 
0.6365003137743945 -0.37656506838602666 
0.41587483341743003 0.15779577814939716 
0.6298083893461404 -0.29998699596097056 
0.8447234231063353 -0.751578567252203 
0.1961424892499451 0.5821751112562444 
0.8388344042491366 -0.7029212427884776 
0.24498264810599268 0.2646375149248778 
0.23904124665629678 0.2872776371355985 
4.8498496575946626E-4 0.9797808478416122 
0.25658253539459047 0.2434345305118006 
0.6264772660408442 -0.25349821159953645 
0.21031034026440892 0.4796212555005712 
0.41157283369358955 0.2134466243313083 
0.22779995602014813 0.3567489427783151 
0.8263355200017496 -0.5157851843772623 
0.8418332124280715 -0.730707231753691 
0.046375095577613545 0.7409002459327577 
0.18546332394051585 0.652326178621794 
0.1998231807729984 0.5556221266480419 
0.4140511128348452 0.18134487973403746 
0.833874049764453 -0.6416771559633018 
0.6250531363900057 -0.23214796580851882 
0.1891349593691994 0.6297121416369338 
0.22869620128566687 0.34360111715288477 
0.21409163627532368 0.4465523482776726 
0.44171023870112447 -0.09015152433235767 
0.0018604642104897706 0.9629405276916894 
0.8333049197793232 -0.6333836321720417 
0.6393239922732389 -0.4024217764553985 
0.8472617874951212 -0.762787572055339 
0.42606925512403043 0.03705929680649117 
0.4459266376575345 -0.10863116603723451 
0.19736993248692797 0.5733445877118364 
0.8405357837429921 -0.7198171931169306 
0.431403247554666 0.008142020640974097 
0.4098881002954133 0.24031795215575782 
0.6190024582912083 -0.1338188056582924 
0.03720121763144971 0.7749391118173338 
0.21629047145103808 0.4305192753202645 
0.21245047151414376 0.45913785234125076 
0.19265608009679921 0.606427865973331 
0.6205850975432039 -0.15892716549523492 
0.1926044975066039 0.6066398939300042 
0.18833832085327223 0.634982673028192 
0.06150421613428078 0.695889225061554 
0.23889934027494186 0.29438279407764745 
0.8265319260921278 -0.5201789554505608 
0.06044973347651855 0.698464654768183 
0.8281755514796807 -0.5445480305527449 
0.03548635958815949 0.7811717641666507 
0.621932936396108 -0.18300036449465942 
0.8280190750271283 -0.5418851067920906 
0.44518066276728396 -0.10604550069984188 
0.6247216716019122 -0.21953852066158733 
0.05512543041069268 0.7118017706274969 
0.0028117324861605736 0.9484164606467657 
0.41381338160683967 0.1926539217536651 
0.04820125367727572 0.7338579395119856 
