0.8517038964302786 -0.7727469769196271 
6.246541475188805E-7 1.0136913253706625 
0.8233511247895687 -0.45785617196002704 
0.6531612341859364 -0.4570958330163732 
0.6184424535584017 -0.12400661498789352 
0.453450020448343 -0.12317865275210055 
0.40936388403069235 0.2429355461551555 
0.25736998909309594 0.24329712002747447 
0.18237508699260455 0.6701785706687313 
0.08276381982332488 0.670986527459031 
0.4379153689904873 -0.06685189311557554 
0.4481190357892121 -0.11559797331004505 
0.6344936880028479 -0.3557894170795257 
0.41984637574477407 0.10803860681287183 
0.42136836275918205 0.090801725055796 
0.2305972139489833 0.3321873404049616 
0.4162929375815237 0.15501187540424635 
0.6215009401775078 -0.17597463585799494 
0.22702387649992592 0.35538442767446926 
0.18455461644699775 0.6580961584411508 
0.039725616862973406 0.7691123625708505 
0.61940138695467 -0.14061905269113734 
0.42493555034358843 0.0494693797653567 
0.19069449299383923 0.6276722794985593 
0.06409635579032241 0.6989319948674033 
0.2018549034727204 0.5482655409211843 
0.22346531866106978 0.3786316055388536 
0.42849474126072606 0.012438862877310115 
0.8310819519004755 -0.5958720660165221 
0.6247764301674302 -0.22790726649470539 
0.6312741729551783 -0.318666777930915 
0.8294917460252014 -0.5728659106712692 
0.022532590184173057 0.8373183469872034 
0.8246348924472423 -0.4833235469013378 
0.6424667615719919 -0.42490534000112073 
0.8460561902876845 -0.7583920924927497 
0.8282472388377584 -0.550546359901941 
0.20567348539420288 0.5112623549253724 
0.6385669572662049 -0.38080119833255227 
0.20836989932291952 0.4908550432984097 
0.6290317750982584 -0.2894294609848975 
0.8271252353391709 -0.5307438587296013 
0.20359793726221043 0.5277348203520359 
0.8326009622732754 -0.620832720894672 
0.42620764612093326 0.04325523720001442 
0.43044700083334725 -0.002884275525839128 
0.0011292920309340926 0.9686308016699197 
0.026980601046478203 0.8172884726422309 
0.013741786070485262 0.8791700508302548 
0.8347717549478005 -0.6538200234119738 
0.05673356218620955 0.7077728480081324 
0.19388249709421335 0.5980114032259286 
0.04630807697712602 0.7494476621011475 
0.02927056786855406 0.808557195526658 
0.8432265154955599 -0.7416725611698415 
0.4347041610364637 -0.043667307624498344 
0.6398588320752077 -0.4059857978957261 
0.017927241040118724 0.858626889510105 
0.004151669527906868 0.9492419344512969 
0.4323527148690724 -0.023502791436385343 
0.2354158115412556 0.3051099019148664 
0.21039410901852487 0.4752800258851817 
0.049500273930859456 0.729901962913984 
0.8335052127309697 -0.6356128354106577 
0.8363929883254683 -0.6722253753957822 
0.05338447242282848 0.718017489731397 
0.19360555875450094 0.6198394971668304 
0.22078964180587252 0.3974154091841016 
0.033477743810695876 0.7898631952469277 
0.4144796768137304 0.17769431234602723 
0.6232214216989015 -0.20313907206312798 
0.19776850980921828 0.5707695507412315 
3.0331977423914136E-4 0.9841888268646756 
0.630792779210528 -0.3121520258851618 
0.03484637365497062 0.7851413410528325 
0.21856368281933486 0.42239017038642707 
0.07047365797559518 0.6804913283060147 
0.6278294263620573 -0.27264218801318213 
0.8394459845314055 -0.7087042718483824 
0.23752229431963023 0.29491440272265973 
0.19613002844448807 0.5837204801824877 
0.6264082082987911 -0.24901794725662463 
0.41092111897489625 0.22345100841166957 
0.21464823488450596 0.44533184187966796 
0.21576080794978097 0.4344132463648153 
0.8260001404921218 -0.5100905279988909 
0.019333779974906984 0.8512752869037851 
0.6228430772298318 -0.19699430350540045 
1.5280652539976158E-6 1.0004636805853315 
0.4114235424063166 0.21595283166094045 
0.8256291812335297 -0.5028388224539824 
0.008800064110991657 0.9059195939871088 
0.2531074805827566 0.24614991766005162 
0.24151807285003074 0.2766181722016948 
0.6397634068470541 -0.3907389095879889 
0.84177263454166 -0.7267394703909716 
0.6458276967113741 -0.4426012229281279 
0.24049391067654297 0.2815624008321738 
0.2506328609463685 0.2576202742916826 
0.41575420846126176 0.1635628482131992 
