0.851545216152301 -0.7728251478712392 
2.5178584643305023E-8 1.0009091955065013 
0.4537382817864936 -0.12345751659601341 
0.619012616859029 -0.13417899599897476 
0.8233820546258167 -0.45850856247787053 
0.6525623583191688 -0.45767422794284895 
0.4093799809179376 0.2419464499834823 
0.25788982505994007 0.24289627492252677 
0.08217204639071674 0.6708267373740778 
0.18295494205441565 0.6664505620683059 
0.6234669710844806 -0.2040747527440211 
0.044477625987514625 0.7461614580162128 
0.054910742914637406 0.7128288564154444 
0.6260581065317916 -0.24707843349070407 
0.034751144264877507 0.7839168190473269 
0.2479891199719298 0.2553041883819696 
0.030819044849899613 0.8029651438388945 
0.4230350662263694 0.0709628736168614 
0.4253872372167733 0.044366676836566796 
0.041756793968736494 0.7632270934692251 
0.8391587047641974 -0.7065617269725145 
0.6337636021237925 -0.34751069308042526 
0.4209520096913778 0.09465353398170241 
0.6214944774452006 -0.17575753600405383 
0.6419567699058057 -0.42148725887017197 
0.8464442403616547 -0.7605180855836227 
0.01975628964867049 0.8492875817846423 
0.6314523310685581 -0.3211395442069529 
0.21523928002504084 0.4380646430254508 
8.521149932301797E-4 0.9718627268260616 
0.010097675783077242 0.8984237566156951 
0.41486301507651685 0.16994374801259648 
0.025302905436456247 0.8241791010332731 
0.20547970126626414 0.5121388773312836 
0.8277593007475066 -0.5427505806722231 
0.6449259461283497 -0.4392921619448194 
0.20252872496285018 0.5348304806594534 
0.8247881632501071 -0.4868297677357045 
0.6299283987290057 -0.3012716783805537 
0.4439578175283082 -0.10135121285733184 
0.41176292603081993 0.21044809973596082 
0.2235270067304164 0.3893033917280697 
0.6283986425178265 -0.2785369347013678 
0.41335154993399664 0.18960776851990285 
0.24092410533902092 0.28136367240736815 
0.4351575795785963 -0.04539791653709424 
0.23521515378430338 0.3052785928335341 
0.43262822379931626 -0.02093718962685906 
0.21824797901178367 0.4167235436366445 
0.007706402434810189 0.9158265042880026 
0.2427088159253551 0.275571925372842 
0.2249116235707349 0.36815370747195314 
0.41895537540917815 0.11903078203218902 
0.42755648616977343 0.02164544508425733 
0.8316275938787238 -0.6080569801609671 
0.18965928850749952 0.6259758617546363 
0.2077639816917931 0.49493885800273574 
0.8264173728528859 -0.5181407758636426 
0.2196519593796497 0.40501926752584244 
0.014541161892512033 0.8754132180382395 
0.1938191839150283 0.5978765025977953 
0.6387144908409721 -0.3970933483951699 
0.003153722681778104 0.9444848468461381 
0.8352423247061004 -0.6600645554134219 
0.8423876699466435 -0.735125119610483 
0.19193180416968936 0.6118266630019579 
0.02240466464033536 0.8369454466537446 
0.4101828712030186 0.23126612934299753 
0.6269115728537823 -0.2601963914353742 
0.8289209259138418 -0.5631708624853741 
0.4168658990543064 0.1444174603059411 
0.059984878614414594 0.6991342512759098 
0.19608787209457998 0.5822652295108162 
0.8259282689699068 -0.5078904156487948 
0.2010185776658403 0.5519987309021862 
0.8425212954686487 -0.7367506995379748 
0.834416758264635 -0.6490961364927943 
0.649603174113521 -0.45490148529494967 
0.25621623104002034 0.24321315304014032 
0.18725822006227172 0.6412252883562144 
0.4394838594071218 -0.07793532278633963 
0.005065209054974623 0.9290916762143379 
0.8368801703974488 -0.681161888499406 
0.07341864776258716 0.6777112177693938 
0.014203438354139952 0.8761152829995176 
0.8236289503468943 -0.4637031788692666 
3.4772275824529464E-4 0.9920027339797618 
0.6357319091628169 -0.3692780470852107 
0.8374712651603939 -0.6879347511804704 
0.23456560587275052 0.31093729721551877 
0.6380248660633466 -0.3914656681716695 
0.06565884596055227 0.6869122895581189 
0.21255577217039753 0.458515934492101 
0.4304803515934248 -2.335908153869326E-4 
0.43856043690903806 -0.06212963429867723 
0.6202307042194586 -0.15487567499718574 
0.4285204368303108 0.011552674451796844 
0.6360896235961608 -0.3729475123104745 
0.23134815801843456 0.3271234940010142 
0.441676312674709 -0.08857409231129498 
