1.0156190001583981E-7 1.0007447111005534 
0.8521441369974085 -0.7725926389527409 
0.6530820658469488 -0.4573695633442966 
0.4529162383245842 -0.12325752459560943 
0.8234059578845867 -0.45914440493179476 
0.6185525784546342 -0.1253749014006051 
0.40931558870474105 0.24282205796888265 
0.25868793495453274 0.24300076935300538 
0.08299165769744496 0.6705940675543276 
0.1822973051337226 0.6701971198984487 
0.8383009812905436 -0.6972208996376852 
0.001201363623981322 0.9664760367626681 
0.020888582793614968 0.8438655157815779 
0.03795180829435531 0.7712279409571947 
0.8432584456104142 -0.7417862019363172 
0.8254705102652515 -0.5002699072519656 
0.028945607166563858 0.8150919775119352 
0.6211380697921506 -0.1700259853654478 
0.8274593838318732 -0.5371460460605458 
0.030944974225183386 0.8001368731666214 
0.4448020388756151 -0.10483603289568419 
0.42073141109660805 0.09767361543708512 
0.42281004281807477 0.07284320750387452 
0.20490704843456548 0.5169425811378862 
0.21400961774891358 0.4472334309115236 
0.8286040562848791 -0.5578814949025321 
0.42915771417327275 0.00527713275674628 
0.8303079223328543 -0.5869290653376549 
0.2190310370011811 0.4214163459051319 
0.20808892816088914 0.4926077721842993 
0.8350937621056158 -0.6581884309915751 
0.2267679182034568 0.35589731416084547 
0.07033331025836131 0.6865929816050909 
0.6250002019776895 -0.2316363789690993 
0.41573067497411753 0.15901686427950953 
0.004544890684539171 0.9335203781709914 
0.632721506185915 -0.33649880490084133 
0.19097461512259245 0.6185690371772437 
0.6235306776963357 -0.18678044641289174 
0.6188975110170423 -0.1319622674309851 
0.1858071612765004 0.6500153988599573 
0.411052946869872 0.22004227994420958 
0.4134868247517618 0.1880079639808132 
0.6458942137954209 -0.4430639192508377 
0.23126517305502298 0.3290529925101832 
0.06702505855818344 0.6914179687644036 
0.23794916910102765 0.29196178449281884 
0.8249247636028703 -0.47537201131318174 
0.4347251726582467 -0.04402265983101925 
0.048588946578302705 0.7321027833123638 
0.6310803800389213 -0.3162142413628595 
0.011696174027214012 0.8892069825013483 
0.18840389439505212 0.6340578216143735 
0.24738614991135782 0.25762451800733915 
0.0574863968148584 0.7056115512055241 
0.4412461807904292 -0.08611487840160226 
0.23574831062791823 0.3100175732372359 
0.0426380160456572 0.7534316207679793 
0.6269675660495917 -0.2608852767523892 
0.6347968941719888 -0.35939559933766657 
0.05314868268230222 0.7177893852223615 
0.25124504779571455 0.2488302075520412 
0.015210322495986337 0.8706748241250768 
0.8330520792679393 -0.6297059550239975 
0.42510013302569993 0.047481936397852545 
0.1941955050533781 0.5957249309271686 
0.8487607514049997 -0.7662780855515464 
0.41764009698715143 0.13525464182360047 
0.6404625438840161 -0.41136202745161404 
0.8453551843180116 -0.7506336061614318 
0.637899254564076 -0.38994619083460114 
0.4185124534939115 0.12457696033734267 
0.8315462802442689 -0.6069546947970598 
0.19668392268666418 0.5790757636977215 
0.6296884391958539 -0.2982541563932739 
0.6434603359135318 -0.4311098141045727 
0.04489298083912996 0.74526475981586 
0.4156361186202161 0.18266383745190093 
0.8345361621388487 -0.6506563557817304 
0.4319943168081779 -0.021105432801545945 
0.4365476738972881 -0.05673048231758021 
0.24270344467217997 0.27255023373611326 
0.21287808660241242 0.464426397231501 
0.6239219683807437 -0.2143124361655022 
0.24168159281877527 0.2766611981706676 
0.20355198699988392 0.5391820809563568 
0.4320117135284434 -0.021206197780244525 
0.2323861864159586 0.3214495841831886 
0.22473755184129612 0.369560760700858 
0.629086167491301 -0.28646393815734966 
0.19871646959907363 0.5637557321598718 
0.01709563622437961 0.8617210075127157 
0.21053411408718642 0.4742150954537348 
0.22206558336836246 0.40177895671176916 
0.22283803191390372 0.38350556312444317 
0.4102968386150634 0.22987600106011027 
0.42559235026690906 0.04224541514203428 
0.636564803817937 -0.36651291805206815 
0.6414816606849006 -0.41851817514366785 
0.21981958801830248 0.4041375395382392 
