0.8522462496367641 -0.7723902208508233 
1.2881417987831156E-8 1.0013945450712374 
0.652898522016528 -0.45729175393833194 
0.6185663443269271 -0.12598256976586986 
0.8235052431925949 -0.46073860606566425 
0.45338887164751207 -0.12319587104746114 
0.25695750118627814 0.24305817270002394 
0.40947964793507374 0.24111137284148756 
0.18237551797942253 0.6709224668444821 
0.0825223449502615 0.6712129034700983 
0.8383908541268426 -0.6979260113901806 
0.8476975485830414 -0.7650805280382604 
0.1998723075559598 0.5556512475424791 
0.635582810455854 -0.3661397434600311 
0.23293595033927866 0.31887064167020657 
0.20902482641929887 0.48632809253233633 
0.21734036830642137 0.422939582721093 
0.6429088444894133 -0.42662434460372256 
0.43064668655648364 -0.008453444438028486 
0.42354941102858007 0.06678497217317646 
0.8272652772538212 -0.5333189405439801 
0.4209076313602643 0.09534927337018859 
0.8323850537928207 -0.6194808634088987 
0.2402976899835571 0.28211908471866176 
5.320173670597672E-4 0.978844098023784 
0.6327894585031233 -0.3367865520287058 
0.22181159851043408 0.39094576989920193 
0.21310137519095712 0.46020210566142195 
0.0026119780152779326 0.9502581423519405 
0.23552346562460996 0.30576881009004275 
0.4353629333678437 -0.048941159611445455 
0.06906594047312786 0.6816525192564971 
0.20616588137671027 0.507920435849952 
0.22757486803046167 0.35485351259445863 
0.22686964666487022 0.3558415490191469 
0.4278173331922097 0.019018431290232535 
0.21522105523594331 0.4458634982504478 
0.24830951779786048 0.254968710921297 
0.8293304347257828 -0.566624157721643 
0.19252152229273897 0.6076695677578643 
0.04710775191868101 0.7415906019401551 
0.05004015082227825 0.7292514568241472 
0.010346353793779739 0.8970747017924751 
0.8309567154219691 -0.5953096362390767 
0.6274606094638636 -0.26748367249439337 
0.19527653776082832 0.5882150055389676 
0.19008069876889094 0.6236749960522967 
0.4426573883735716 -0.09550170132611681 
0.02602240730653166 0.8265499971761945 
0.18746319267187517 0.6403516830362599 
0.4168938126516607 0.14647603764938458 
0.41520713816500465 0.16621290955625775 
0.020044700155650408 0.8501948587017712 
0.8263485593218698 -0.5149439870046495 
0.6391092860020703 -0.3996458794731907 
0.22082025915652478 0.3968199798605014 
0.18612075716837878 0.6582339069256459 
0.6387165398076833 -0.3935364848395757 
0.4202752041703823 0.11770650186040948 
0.836607200136968 -0.6716221103895945 
0.6222758271092124 -0.18870412694329422 
0.825289764731215 -0.49559009819991007 
0.014468455001154124 0.8762149615705155 
0.0757051919359345 0.6750175811453855 
0.6199590757767431 -0.14937001200113575 
0.20281839719668276 0.5330852900404514 
0.0314340420674549 0.8004396978629823 
0.026414109651562087 0.8204759342356513 
0.6293412347093785 -0.2936340986961917 
0.4388412587579721 -0.07171813702697283 
0.4114883295827049 0.21500882349021325 
0.41889772527952435 0.13147077517234132 
0.03746602341634925 0.7739132499431871 
0.05518962439964967 0.7141590599028954 
0.4481383181630749 -0.10198661147776696 
0.04248217373419999 0.7581520099258744 
0.6256438070265053 -0.239801481448796 
0.06286373447624877 0.6986959709806011 
0.824472536880455 -0.4800179174810504 
0.4488285742514581 -0.117513394595015 
0.20381736722838328 0.525696879256959 
0.6215075856413466 -0.17537137477798304 
0.6305804089252055 -0.30986683493980915 
0.03473897159206457 0.7900712497411899 
0.41257080078117825 0.20071195218444904 
0.43965123274163564 -0.07662130895413719 
0.015932155229933742 0.8700698799358896 
0.6315201560908175 -0.32097994893168547 
0.6469067184253425 -0.44294778575552635 
0.008474564991707678 0.9077649661790765 
0.8342232277503148 -0.6460856030404264 
0.6253880709859403 -0.2372220795836165 
0.8342724721822483 -0.6466564801664285 
0.6238597884047915 -0.21289040023678651 
0.410272589020309 0.2325209404834076 
0.6291306448925906 -0.2762094696955604 
0.8369316470629968 -0.6806645155906271 
0.620792671393621 -0.1597657096229919 
0.4330395928530557 -0.029217824143664004 
0.006448946922402082 0.9200918255518086 
