2.347241303104E-8 1.0013509643378253 
0.8515838384697444 -0.7727469226237291 
0.8233911957696247 -0.45889261434279277 
0.6523733613157219 -0.4573063434997998 
0.4538713893640827 -0.12314366571241932 
0.6184164539289759 -0.12378520692365072 
0.40941954842149886 0.2420355390714162 
0.2578781446219186 0.2432201588879532 
0.0823193645228601 0.670526003420423 
0.18239813383680153 0.6699515176631683 
0.6316377207336207 -0.3233219505187693 
0.6278987834395449 -0.2737840588028919 
0.42151156636225084 0.0883574295662293 
0.19516933100678246 0.5891441417828632 
0.19032779877204675 0.6265820851984049 
0.42622388807438993 0.0353191044961985 
0.8248616136848907 -0.4880853269729183 
0.22966044476524852 0.3372431333202895 
0.22608228235801184 0.3810586502465448 
0.24432372722521012 0.2661637113810436 
0.21177661500974573 0.4640980324992641 
0.44781358091915724 -0.11445784088401899 
0.20193362404356627 0.5419148593938024 
0.638524591875534 -0.3957897370142942 
0.03588641160495104 0.7793270069740779 
0.44206904866620933 -0.0925852803754252 
0.008542918787846757 0.9071744342001612 
0.2493486408485028 0.2523518545675617 
0.003172153507739417 0.944784868212362 
2.164959746624416E-4 0.9874446456331195 
0.8264783727042935 -0.5193394081610693 
0.058505920552071614 0.7026462588313929 
0.4199666892061804 0.10654032369529476 
0.41813510234396545 0.12896916648322265 
0.831139581045787 -0.5954431820158552 
0.014392323589702716 0.8872740845641303 
0.0075953143164905115 0.9248851114420553 
0.23421570082648585 0.3109472905524052 
0.8475316287544491 -0.7647506954865901 
0.8441182452849944 -0.7433156514978614 
0.03167801199534359 0.7965753213398332 
0.06390223106398314 0.6903950578764053 
0.4330836983787047 -0.03023873432674465 
0.6244136702737955 -0.22248510076295033 
0.22144854087928634 0.41307216811984154 
0.6232650428568743 -0.20435829172485087 
0.04612619294396425 0.7410362451247918 
0.6220362241889452 -0.18486345345338204 
0.042297714742316264 0.7659058999945711 
0.22217464481721755 0.38738519497480367 
0.6418748595692751 -0.42152990115078565 
0.23814805648306048 0.2915973232294304 
0.051018259537553345 0.7244215399774313 
0.4314748450648486 -0.016508085909937263 
0.1980935303436001 0.5687688186116596 
0.8362191282464296 -0.6727554876051876 
0.413296712984645 0.1904804323698283 
0.07270967808858625 0.6764406593494683 
0.05719193042282065 0.724303190766073 
0.1856623390567504 0.6511028440386402 
0.026272724638704503 0.8199276837434679 
0.21449333453163844 0.4438990080130112 
0.6262653761614813 -0.25020676754468973 
0.23157033033300958 0.32612400802256775 
0.8389153646483207 -0.7035454546638957 
0.6338082634164419 -0.3481946161501311 
0.2002514362366218 0.5614194090200603 
0.21761573951235058 0.4205618456398238 
0.02895709367850302 0.8090645965364931 
0.8340630344079478 -0.6439343712785279 
0.20495457513346715 0.5163799150339108 
0.8412835408901949 -0.7263572237020418 
0.42955557961443586 0.0017451553545765872 
0.18708530405428814 0.6424797429916607 
0.4285190709650175 0.011595078733488468 
0.4112336427351691 0.21809664026232636 
0.2085776679620323 0.4889838411848434 
0.8346758180475439 -0.6524657710262122 
0.8298824576387509 -0.572960514128061 
0.06926993847887586 0.6812473805710034 
0.02317517337238162 0.8335558422147848 
0.4115719063427102 0.21295806371053114 
0.6257043853197897 -0.24218277486397946 
0.4356084853037183 -0.051099825999093934 
0.4385605785434846 -0.07166177697920752 
0.828544627863002 -0.5501853619747296 
0.6209731159404117 -0.16709348513334074 
0.6460543047074316 -0.43494119344721716 
0.018927895478761836 0.8539918897522198 
0.6367536146232015 -0.3793667402578803 
0.2075660773028533 0.496957047180595 
0.6196822528240019 -0.14532937312179714 
0.21562775692731587 0.43566394343857795 
0.8325181814509941 -0.6216339526203841 
0.8276761020117466 -0.5315347032768585 
0.021946839090982273 0.8431129650333389 
0.014753793806885351 0.8737936433152291 
0.8372658266531328 -0.6852008815756185 
0.4267277590428033 0.030003127473613677 
0.01682757164474674 0.8633849987081171 
