0.8512621316290423 -0.7725037561640568 
1.1052533738079885E-7 1.0012048887267497 
0.8233848040719451 -0.45859629797541196 
0.6525902220455909 -0.45759588115239475 
0.45412850696514484 -0.12327646647491922 
0.6184846186705477 -0.12505510487290733 
0.2574031722103326 0.24321969237794286 
0.4094397294533549 0.24187562764428283 
0.08045374217747181 0.6711840469951932 
0.18245450250130985 0.669336023735992 
0.6316348363747264 -0.3231697729172266 
0.639738112604729 -0.40246623614906973 
0.0027852410806931266 0.948444040541139 
0.6475060700216407 -0.44837310560983623 
0.6249251984501629 -0.2228718705050787 
0.8258709776107177 -0.5070438382207978 
0.42049170217408227 0.10059167291941175 
0.6230811390467195 -0.20165015629147034 
0.8280085810471505 -0.5472782433927654 
0.0727379740300868 0.6768419499341929 
0.6291032816789275 -0.29027189414687016 
0.21292697786449744 0.45578178647672735 
0.42779329062307264 0.019311254150995796 
0.423123854731455 0.06957097247759661 
6.165240525132266E-4 0.9766691876422179 
0.22581769817556605 0.36279607317322216 
0.4302066215849787 -0.004513405415883628 
0.6211315700198631 -0.1697452511547935 
0.03343900334236538 0.7893927133658803 
0.06480695174180273 0.6992787649927905 
0.8304159432750196 -0.5885638640330968 
0.19227705630529623 0.6091854659556311 
0.04645761644698404 0.7433688715193916 
0.6342466989890452 -0.3536790928564257 
0.8392638207248662 -0.707140969248067 
0.4430698608518505 -0.09721448204434771 
0.04010886479065259 0.7758333243262505 
0.44757784200533635 -0.11433568266720646 
0.1865941666344035 0.6458109750601345 
0.053835086118137865 0.7199809035759546 
0.24927186844022117 0.25257528693554615 
0.4176692892130475 0.1346365227456874 
0.8288451307225162 -0.5617973828172602 
0.6266474236558506 -0.25630752133460416 
0.01663297376729511 0.8642077819342814 
0.4155628145516442 0.16138977167499138 
0.83503227661562 -0.6574980245448019 
0.19673317715742455 0.5816309581115762 
0.8318190032934998 -0.6103502369216747 
0.6372697601317148 -0.38169853015940497 
0.012893522281900077 0.8879191800647543 
0.24142751499704923 0.2777918533500641 
0.21710701567131246 0.4240724711498701 
0.24788235581394039 0.2700671079508472 
0.8379990048834166 -0.6902686484867663 
0.6200975239986589 -0.15131545173389171 
0.41284061959119706 0.19685653002712555 
0.4187677727684278 0.12159558565233083 
0.02892133374713394 0.8089946808825756 
0.8420562375181584 -0.7326437268799997 
0.8365135863548161 -0.6714480809522999 
0.21963498715646834 0.40552191790310094 
0.22433126894863537 0.3791281973051862 
0.007969441210159911 0.9106850986502671 
0.2303289166025048 0.3336485704462876 
0.42565570740657094 0.045062246585907545 
0.2065741298322723 0.5118286865209452 
0.8468258471812204 -0.761901305249175 
0.8249416854417663 -0.48567111826036197 
0.22140155106385606 0.3924201003966656 
0.8334739062933968 -0.6334657452574783 
0.05882171462698338 0.703276833237258 
0.6357562973767275 -0.3657742183678266 
0.02001493302041263 0.8582565366066783 
0.010704947210562199 0.894808030061677 
0.23697612678200386 0.29712955920820855 
0.4112156940414351 0.21799119885038423 
0.19478448933367185 0.6039980179470958 
0.1835419277866783 0.6638082600183517 
0.04175986597027684 0.7568501085298188 
0.005884712325996633 0.9239396328533271 
0.8444220210369524 -0.7493793813305404 
0.234385074338885 0.3172097427623205 
0.43288928458327464 -0.02697906216589268 
0.44234427105054075 -0.0752294907194302 
0.6279176195601094 -0.2704750915746617 
0.4255141217328945 0.05218632750802195 
0.19828371806409847 0.5670625041242033 
0.021645480578550147 0.8405484531614256 
0.23803310600498478 0.2921944356525983 
0.02520088076385213 0.8246748139909663 
0.43389450050843076 -0.03347965153238327 
0.41382651958897865 0.1834067960968042 
0.20237314974771764 0.5434027359078158 
0.05475091663329851 0.7129172284193811 
0.43815657600036173 -0.06588177388314015 
0.8332042506164424 -0.6265935415088414 
0.2044050385237054 0.5209017583419201 
0.2118768778614756 0.47306419383096593 
0.43604585844058036 -0.050917703780102755 
