0.8515156842424518 -0.7722382903425412 
1.0906028876959072E-9 1.001767959163958 
0.8233923858043071 -0.45815885982810567 
0.652284146254716 -0.45694274252709044 
0.6185161591865342 -0.1249256752850197 
0.4533514742866229 -0.12323775435685061 
0.25779053290103676 0.2434607468980589 
0.4093628160295706 0.2431969516690975 
0.18307031943186763 0.6675928055760405 
0.0811586839631736 0.6714552911599099 
0.6302068068400746 -0.3046859392348779 
0.6413391304822311 -0.41654012749158836 
0.23467127054763492 0.3095074494452555 
0.0695430549843782 0.6811742816599979 
0.20573576907087732 0.5138474269933304 
0.4136088767706124 0.18675415064713102 
0.6373786708293196 -0.38453444917648083 
0.8404969249616755 -0.7190599764975036 
0.004254654669631763 0.9369039656183861 
0.2206818074231493 0.39822590215885456 
0.22453925131472635 0.37189758273280077 
0.0013333849773915774 0.9670996808706509 
0.8321837709425781 -0.6161911421262501 
0.42329033628415075 0.06802079598187359 
0.022268948565910718 0.8386384559046037 
0.8283699485698008 -0.5458513392647264 
0.19040932970120797 0.6219187461647078 
0.2286639786487737 0.3441805825409477 
0.19543420282295512 0.5899865771035433 
0.628299248412429 -0.2791083728790013 
0.6334568385279336 -0.34384745633558605 
0.6248470644703233 -0.22828005504243282 
0.04137391051773853 0.7588944857674949 
0.8303264273869299 -0.5868928342859302 
0.1866720443226009 0.6461249563252977 
0.42553308518537714 0.04398674948618842 
0.03231314961104714 0.7946291510463491 
0.4166860573299738 0.1477016602873093 
0.8363525457087695 -0.6671638523404225 
0.8437433595043098 -0.7449252939896673 
0.44232220110469705 -0.09308115876599016 
0.8295334165640136 -0.5726450476106443 
0.018415823674511667 0.8566153919662591 
0.42116099443767036 0.0923360818851869 
0.8453685653419446 -0.7547001525727438 
0.635619317260113 -0.3678847721900307 
0.006765042041695479 0.9183693714477997 
0.4372129935154697 -0.06172822135558432 
0.4388746932935064 -0.07298778075784 
0.4318086009595583 -0.018722464032770034 
0.6474276124645468 -0.4360108395413357 
0.05982201748090135 0.7003213211795867 
0.21833479724159777 0.4181536566294971 
0.2489635729754322 0.2540286179791343 
0.8250347831753364 -0.48853116733980584 
0.4187411011966233 0.12225927441784884 
0.6231188095691517 -0.2014740055896252 
0.010832796544953283 0.8953103967539289 
0.6268655039884171 -0.2591533464063331 
0.20918832010054594 0.4845600910688867 
0.20266717906847115 0.5357188687459098 
0.4293383346206881 0.008721434344850747 
2.3171570015362297E-4 0.9876603820157555 
0.027035804079792544 0.817630267899767 
0.046815702951145816 0.7431750187908052 
0.014486767072801943 0.8766251970382449 
0.41071497321686967 0.22515886448489283 
0.6259809924273789 -0.24565717593531458 
0.2148494307893064 0.4417666677922002 
0.07842886995365261 0.6722198106690276 
0.838255661638942 -0.6962536167063164 
0.8378497734092742 -0.6913663245920807 
0.43036891288901613 -0.005607883636358346 
0.8251844072704176 -0.4939170172420523 
0.038558215948279795 0.7764050206085408 
0.18909809269904934 0.6312131091131107 
0.19641051640929696 0.5810905723031302 
0.8275425639226348 -0.520293555376605 
0.6197629685633882 -0.14643751117228967 
0.009224181102734208 0.9040096366572324 
0.8266127311308297 -0.5178081616100108 
0.6477144971222117 -0.4438438632527211 
0.2168412796170273 0.43026901607124973 
0.19859030100517916 0.5648450167138743 
0.41268067443758977 0.20120899198927553 
0.41678245649609824 0.14649564790683528 
0.4342746064189768 -0.03985697856628703 
0.22734104002172917 0.3529297844883877 
0.056772932940008125 0.708568090098772 
0.634068434391359 -0.3481425400245586 
0.23803549942207397 0.2931300160484231 
0.4451239096425789 -0.10574848077249038 
0.23869154580029517 0.28936859180234015 
0.20173800147270626 0.5619580709249306 
0.015584811046820538 0.8694598421713873 
0.2019268277503886 0.5434779804965625 
0.41162680467392493 0.21275241527869132 
0.21297485189441168 0.4563031611878037 
0.6209166707093262 -0.1514660792666995 
0.2473014430942383 0.26155492384903156 
