0.8516418856420692 -0.7725806725418678 
1.5881768598846602E-7 1.001465227516006 
0.6520049581445255 -0.4573513436525977 
0.8236253356464794 -0.4633056677393401 
0.6184263243659913 -0.12388638096874133 
0.4547102138128181 -0.1234398561586728 
0.409399019813469 0.24231405698215852 
0.25806524189463925 0.24336906285387774 
0.18357080682448984 0.663995232054393 
0.08274579834705549 0.6708190285591428 
0.8255852243010458 -0.5020110232325209 
0.8384922774575969 -0.699026781883578 
0.04770008908499834 0.735588215847173 
0.8303728056618731 -0.5878666008094385 
0.03893255307624505 0.7674756421930328 
0.019278642207760904 0.8517998307705306 
0.06483711422391679 0.6886478799868058 
0.6202589455395167 -0.15515162845925795 
0.22601638030083776 0.36047731841242464 
0.009834838014169098 0.9096352136866234 
0.445627971911159 -0.1050591203171375 
0.8410189186802859 -0.7239924565843866 
0.013227564577321799 0.8817783440092751 
0.8324759749455978 -0.6204411455560707 
0.8349619901228109 -0.6565039738736884 
0.6330058864650827 -0.3379472474138497 
0.8436884527079984 -0.7426763880211376 
0.6345899825650169 -0.357130873392752 
0.6221997538253906 -0.18335816299013313 
0.6310297403307117 -0.31391865464033625 
0.42780993341582285 0.019026770311691508 
0.42032388321716396 0.10234316642967882 
0.43465725265513644 -0.043421884479565444 
0.4318954763655431 -0.019925061881708738 
0.02410608462153653 0.8294623836920599 
0.8276363686189128 -0.5404647187204505 
0.4302482341336107 -0.0036623367176783586 
0.8288335510397455 -0.5617080229814215 
0.43672761606929367 -0.05889081278881581 
0.6254264840151749 -0.23805369231302176 
0.846833740678886 -0.7621999055241117 
0.413237074698489 0.19161918191427615 
0.19782555019020362 0.5699782063193544 
0.6240253434540656 -0.21637598011029813 
0.24908156476649107 0.2533163138395877 
0.823686815346984 -0.46471041424702547 
0.015444522333260602 0.8698930685820392 
0.42217745409138885 0.08320738948718932 
0.41851937686971047 0.12464919921068528 
0.0017409452881282372 0.9599895563334618 
0.18944694174956156 0.6274994127460224 
0.8333221977951869 -0.6331248896295725 
0.41736939921075283 0.13847531383900955 
0.6425206627802669 -0.42525317922830247 
0.4113161103729877 0.21691205140671846 
0.22181624313211712 0.3899150932046586 
0.43977315023521857 -0.0794450031505357 
0.05824223189735517 0.704089328303776 
0.19119504486257166 0.6168466865200499 
0.2003211608533661 0.5568043781813542 
0.07271647360094236 0.676573534006688 
0.0037234894756300874 0.9404861316012578 
0.4413513306837942 -0.08845161825514272 
0.6368106052257246 -0.3797119549819875 
0.45160171263571625 -0.12158197354083998 
0.6267399545787753 -0.2572469976969544 
0.0287121689168367 0.822557971231238 
0.6229449207001906 -0.19923253553196338 
6.598760652683222E-4 0.9760769729497601 
0.6459715731513114 -0.4435443085050994 
0.20235919873360528 0.5407948025586451 
0.6190415998450469 -0.13227097574691504 
0.6295587426127416 -0.2956399245108587 
0.03253298434910243 0.7973664657917958 
0.029949970109048495 0.8044803920614207 
0.21242399469329526 0.46018683761065804 
0.24284574659374042 0.27153819361624404 
0.6406506183483169 -0.39994257581861187 
0.19500096836685304 0.5897969327165019 
0.23985057879785238 0.28379305847955744 
0.2059242468155035 0.5118390124099738 
0.6291406853477333 -0.2675956072162979 
0.41430165719522555 0.1780213993859042 
0.03551906980004177 0.7819599207766785 
0.2166171517313178 0.4284555324400972 
0.21474915915105341 0.44167420874731866 
0.24545501671905642 0.26287126708046815 
0.4159226301754658 0.15923697685512797 
0.23783145579984216 0.2930688887680677 
0.056175034100566665 0.7095122337232033 
0.42548300261942773 0.04325712701631995 
0.20954022124186905 0.4870732386546514 
0.005914634492828474 0.9240925120802943 
0.6408709327684994 -0.4143046954977287 
0.42611280988038347 0.03691030921509421 
0.6294051554672988 -0.2831453381268279 
0.2569773556219545 0.2434786560312663 
0.23546487201569377 0.3049457863399157 
0.6377528626525211 -0.3883026128165383 
0.2290529099700589 0.3413651455737975 
