2.5552733757053248E-11 1.0020014103364567 
0.8520058817900763 -0.7727335553011568 
0.6521826557718354 -0.45760174944502297 
0.8236750347185853 -0.464473831799344 
0.45323720696148084 -0.12327803372432182 
0.6185685199602747 -0.12612901918393324 
0.25755990993546835 0.24282149158514463 
0.40945748995427483 0.24094483586525198 
0.08174420560757159 0.6705425375757917 
0.18337733963660358 0.6642003936332164 
0.8357044680013861 -0.6657565794640978 
0.8392670250759883 -0.7072597278316908 
0.8320132874966374 -0.6137762368582363 
0.19380433816150672 0.5981738125804771 
0.6420723495562317 -0.4229515686958855 
0.6240609648216825 -0.20798492128254906 
0.21023537970654316 0.47637213369155584 
0.009082582557300864 0.9030173802742598 
0.6263247950935942 -0.24957105391614684 
0.029523648762423485 0.8061588570592993 
0.4124779375021929 0.20110131627778105 
0.20661930592708255 0.5041259933862732 
0.18808963354158012 0.6360891257822696 
0.8335866830172388 -0.6374983039199128 
0.6273505260199732 -0.2645934074287995 
0.4368453556091062 -0.0600403499642182 
0.014279562629639045 0.875681879215677 
0.8415978071581374 -0.7290418159373696 
0.42459817541792466 0.053034201164259435 
0.01735988502019642 0.8628933137252147 
0.6465942657022754 -0.4448189308626659 
0.006180507380958947 0.9224468312060884 
0.6298150412454181 -0.2999687966793972 
0.8295316962123209 -0.5733192561957847 
0.022439502329953898 0.8364150842996664 
0.8254513862141794 -0.4994713477808368 
0.06730654014480378 0.684552198777087 
0.21317853687956156 0.45382107988725173 
0.2367339875451413 0.2983379505153745 
0.2218474648148494 0.41254083354974097 
0.05174711339582838 0.7251841725846409 
0.4343487329899595 -0.04075317510975207 
0.6199367680470687 -0.14997297779886815 
0.4101362539478489 0.2321465824369566 
0.6223255116394897 -0.18968180186556388 
0.22379949621460737 0.37610716026684327 
0.8272970269650158 -0.534552891376205 
0.621104443895726 -0.16845236547229314 
0.19622521879094756 0.5816066384139439 
0.6305833487070838 -0.3085578999985094 
0.6328397367503099 -0.33762667500446886 
0.25212830872621833 0.24721025526462964 
0.24586915421194813 0.2617092369763563 
0.6381469432657734 -0.39261336675105646 
0.21518166641082695 0.4388128209415691 
0.4265902661534794 0.03144700123177218 
0.24028047892717125 0.2819807459016576 
0.04131084631143028 0.7583964546581702 
0.8291033182839671 -0.5652744629334999 
0.4144693660523825 0.17956514191360812 
0.42196800328950435 0.08536671512915191 
0.4151025234083844 0.16738213693782514 
0.8267900164999015 -0.5250996660435329 
0.8245252405134291 -0.48099946233005686 
0.22988460039001946 0.3429444365842376 
0.4406940188361091 -0.08491103114655592 
0.41949000214631615 0.11258502841538638 
0.4222841590215341 0.07922240381274993 
0.19862374271601205 0.5638017652532733 
0.0583762393342791 0.7032299047459881 
0.06611931963246778 0.6862581623904059 
0.43227053699292894 -0.022757168983173412 
0.44679372099560755 -0.10618964911505886 
0.8459909326511974 -0.7504124158494824 
0.03522308999831675 0.783829339762218 
0.43061412252757164 0.005731419108819749 
0.41711922812817204 0.14594440452105742 
0.035790825462689885 0.7813370893426411 
0.2312586577548333 0.328499747393889 
0.42784012606666616 0.018689832453386634 
0.4414294906870015 -0.0889154466443035 
0.6378624099150798 -0.38928722179103975 
1.9185423064092821E-4 0.9880589438185808 
0.4174687350831965 0.13701029614753998 
0.20187572336906046 0.5398634910002054 
0.6352758896113303 -0.36468293979196476 
0.43104645259887214 -0.010638741389868455 
0.24307794928912432 0.27109856951930145 
0.05471106244954704 0.7132968362651447 
0.04581881935052062 0.742202104190503 
0.0029711836312791857 0.9467235387777692 
0.003444016526016086 0.9426001196476508 
0.20021903966626464 0.5523654391532827 
0.44729155039303514 -0.11365837627599709 
0.6335752086012022 -0.34587561135071465 
0.8468882796993863 -0.7546120590613278 
0.20475216949095082 0.5257425129010677 
0.419091035198519 0.11750361955193231 
0.025083008991831746 0.8254202548426299 
0.0010895577364104236 0.9687554281292248 
