4.612025483741178E-10 1.0013237566999447 
0.85183557852399 -0.7728106596048155 
0.823427815127262 -0.45973424813112357 
0.6528615414071407 -0.45761742187210497 
0.6184954433270039 -0.1251663848887514 
0.453146999291357 -0.1233819554900756 
0.4094491402410907 0.24121698724202914 
0.25691097902590715 0.2428287104585197 
0.08187164700240493 0.670643895591196 
0.18224911921609138 0.6702296760888177 
0.6245674979726503 -0.22524705437266987 
0.040281737651151804 0.7652477084281152 
0.627220429903105 -0.2646216614894103 
0.4379688847856603 -0.06667226688030346 
0.23805687196259284 0.2923027040211116 
0.43311867862567577 -0.030891627968881542 
0.2486507902712016 0.25396719405122165 
0.41305339206703284 0.19724446912618537 
0.031320429042035025 0.7981189706388034 
0.022289302104498185 0.8377396339959546 
0.4158098693242991 0.15829433741442966 
0.2221570271713865 0.39450678037636555 
0.6197121824619287 -0.14615170783215528 
0.017324169982531612 0.8606268720706515 
0.0457285389355436 0.7417817126467635 
0.21806605677055324 0.4167333588649067 
0.4419534143687531 -0.09174509191678702 
0.22448014571362468 0.3709752484649312 
0.6217814105547719 -0.18081940629204207 
0.6297155653986459 -0.2989220283339157 
0.00949231402054157 0.9015292072777621 
0.2152641791897637 0.43776528955322763 
0.4116757784292018 0.2114871051744949 
0.0551561622324081 0.7116012145667184 
0.8336887935394042 -0.6384258209175929 
0.05001056060659356 0.7274365566824774 
0.8293885074555113 -0.5715055460196271 
0.4169958589493405 0.1462134947547694 
0.41916515888906847 0.11579598098469625 
5.968963556866325E-4 0.9766624110352018 
0.026539670501525336 0.8186516329533963 
0.20393126660620298 0.5337806651370562 
0.004982318668042121 0.9299501135269171 
0.06448960014220503 0.689097696083177 
0.8285063492509583 -0.5558067960124511 
0.001981330145186578 0.9566432030664607 
0.19304795584664908 0.6035703511033212 
0.640100089702438 -0.4086585326615012 
0.21311769198790226 0.4589977393491465 
0.06028400935547215 0.6980754895579874 
0.4310087863394389 -0.011834278700007252 
0.8250642807074133 -0.49246780628560366 
0.42649387135175737 0.0325318938793433 
0.8270247222706393 -0.5296170429675171 
0.8314596498636866 -0.5992557678214924 
0.621591189247251 -0.1777605805358809 
0.6358358714911595 -0.3701765421850832 
0.19694914822359394 0.5777356485241055 
0.1869989036747462 0.6486966810554909 
0.8481637919534236 -0.7554823674059781 
0.20812190884533682 0.49230193608868 
0.2050637568440604 0.5158853843424979 
0.4237801067084591 0.06220464188718555 
0.8323987478675952 -0.6201792679432754 
0.8265189957300099 -0.5199525712130294 
0.6426211306804731 -0.4263238702576276 
0.22757512861456272 0.35202640161025445 
0.4294682907332529 0.002539109266994828 
0.42430866352521673 0.0560112303346203 
0.2369831485666334 0.30749355727764094 
0.8355736640369794 -0.6640179226063261 
0.6312650195626758 -0.3097528465116826 
0.8446338879899464 -0.7511187534801167 
0.19578365589096414 0.584707565909924 
0.842106524869731 -0.7330009604062813 
0.4218080540285192 0.08698264580634481 
0.003979579668872683 0.9378730375027776 
0.4472064936273491 -0.1134087259555615 
0.4452878350587662 -0.10682832725722255 
0.0726391984426556 0.6766144656994181 
0.8409328902695985 -0.7113580929477225 
0.013808251847775843 0.8783382186952272 
0.6467875219813615 -0.44475154930456945 
0.18257221926113337 0.6685056302547059 
0.2000106653340426 0.5552533010362058 
0.029697025857630094 0.8047781784667501 
0.20672114168258904 0.503387206299683 
0.20006680477383773 0.5535710332461186 
0.6373269451675982 -0.38503873780175 
0.23021396403313987 0.3373890283950962 
0.24950648150865545 0.25208952959400077 
0.8383965551319617 -0.6978866207536388 
0.4201997101339125 0.1034976061499372 
0.23283639450150945 0.3184584575917153 
0.8253032028915914 -0.4970970990072088 
0.21042720756509453 0.47443437258479565 
0.6471956346771137 -0.4483166547880807 
0.6338335954994558 -0.34921779315967466 
0.19079858368993374 0.6186264527706743 
0.8373635465085849 -0.6814797125106824 
