0.8521787156546767 -0.7724253321759289 
9.256667897472592E-10 1.0018094387605625 
0.6518038653068561 -0.45722610635826105 
0.6184641551728162 -0.1236557340259245 
0.8233611605403539 -0.4580322848873554 
0.453664215761209 -0.12314900112983099 
0.25854767323487726 0.24337511036959433 
0.4095365454940603 0.24017626841915413 
0.18293329449919055 0.6681391433157575 
0.08402220797449955 0.6712029082960125 
0.42453970407567976 0.05436236669132685 
0.8381492281081896 -0.6951132617309146 
0.4354339656935594 -0.049171100377194965 
0.4283343389906383 0.017621303144564057 
0.236004805444914 0.3029438151055316 
0.6233331202095866 -0.1899670647680511 
5.612608372228961E-4 0.9785017109759699 
0.627072468442437 -0.2573223703882389 
0.01635323278362115 0.8658560258943767 
0.2242315430246557 0.3737113395915937 
0.05906509378576018 0.7021987341538172 
0.2424250064052318 0.27601367606067245 
0.22633536435861457 0.35923492998428713 
0.4185511818250503 0.1276365670557126 
0.6200451543186815 -0.1506509619045354 
0.03687897262518111 0.7758630691680898 
0.4314658134207295 -0.01627733101620649 
0.020667820325441677 0.8458243269427127 
0.8329674696313543 -0.62842165314234 
0.4129942710255943 0.19444773809787974 
0.205976523969561 0.509271584724372 
0.06533235602903932 0.6883609170237799 
0.2199914498195169 0.40325563782785784 
0.8356463709633759 -0.6586312416645216 
0.1876545909203885 0.6402148517454688 
0.4163547964877657 0.15113751081861077 
0.2499505176133138 0.2515638777667182 
0.415435674905907 0.17187142830217694 
0.6426725630681539 -0.4112963581590707 
0.21089859354728432 0.471442284964906 
0.025840356975565082 0.8330528294286854 
0.05027655989651929 0.7268585307551498 
0.046131925307665106 0.7540602625571173 
0.20884389507165824 0.48828251172726395 
0.01233233562243874 0.8861808709497012 
0.8419022758542654 -0.7227909029607874 
0.6220870099993581 -0.16982396472025602 
0.42069073300684934 0.10453236092831218 
0.1984032248408719 0.5948620910678041 
0.45049878087189693 -0.1128006906098922 
0.4385003297671547 -0.0709545515399874 
0.21478581708042638 0.45125670984783683 
0.19898756158276715 0.5665334287817811 
0.1906032127019478 0.6202883731944563 
0.6329919866954288 -0.33747760012938793 
0.05288077694220872 0.718879535661706 
0.6438895785713996 -0.43339308068000393 
0.8441859759222067 -0.7476379144302868 
0.0029945488971586283 0.9472473834279098 
0.02869772520162306 0.813256746945177 
0.005570801218240454 0.9266072225601694 
0.043810928666674166 0.7621015893201935 
0.6372491939033896 -0.3842134742197123 
0.6467734300748489 -0.4456101716338919 
0.21552413856668773 0.4361233378898926 
0.8291996917316734 -0.5677355895535161 
0.2448605846622947 0.2653456132638541 
0.42233716729056003 0.08378329702145136 
0.6246529001793323 -0.22587921566111283 
0.20337235812077206 0.5288900708051896 
0.03586223136312708 0.7992525816470979 
0.23296710137268034 0.3182576599006381 
0.6384351370092983 -0.3944743670613595 
0.2307218600341147 0.33121484352178593 
0.18445925966316032 0.6585791901480331 
0.630373276255472 -0.3071705436242876 
0.8240459179393722 -0.4714488144474681 
0.624726932273623 -0.2269308815884118 
0.4434816210698351 -0.09907242611757096 
0.8346308652907646 -0.6511494434937667 
0.008149273503286342 0.9106863692791622 
0.8301269747583808 -0.5837326974874363 
0.6285316683960293 -0.27945794971932314 
0.8476126168462068 -0.765019060076818 
0.009771292135201073 0.89969424796035 
0.8314804135409812 -0.605483672331243 
0.4114771708107754 0.2157425023516159 
0.8253682706238996 -0.4981329889021615 
0.8280377440178393 -0.547831899190437 
0.6289984264888012 -0.2883010744404371 
0.07303985154550216 0.6795521635801397 
0.4405704261457258 -0.08372563094469565 
0.8265316154505264 -0.519920350789426 
0.8427231115722431 -0.732440625683561 
0.8250152832068155 -0.49117826166685086 
0.6349571407052729 -0.3612403368639634 
0.03096687251928326 0.8022600929728255 
0.21799090166368432 0.4176654340118292 
0.43000783761184674 -0.001672281034495709 
0.4112090851936606 0.22358731545503469 
