1.89256705062478E-6 0.9998017034055585 
0.8518570401526014 -0.7726201878164185 
0.6521553246742127 -0.4575619296364249 
0.8234253892686302 -0.4594989589880139 
0.6185036882050582 -0.1250225245262679 
0.4538125886587856 -0.12334811595399608 
0.2575614841026796 0.24313503519592447 
0.4095250285935523 0.2406611884171258 
0.1824859129681965 0.6691256479262649 
0.0833432958050302 0.6707496377990569 
0.41568649506677724 0.16313696502795627 
0.20892394854540983 0.5036586972962138 
0.21491047234653213 0.44614450213758505 
0.6430101489667164 -0.42143144733035204 
0.41888312911877623 0.12198730329251453 
0.009762974758932452 0.8995332043340355 
0.825781303306033 -0.5044861412672623 
0.24227958517985904 0.2737561838173013 
0.412055357077537 0.20746113524237694 
0.8348479620400197 -0.6548334725852362 
0.1895098699433666 0.6270056257568554 
0.6268920533976735 -0.2583796172758719 
0.8365198590279401 -0.6763386989976236 
0.42176931449273236 0.08758251044815772 
0.22848693712895748 0.3450424534079964 
0.838911172485677 -0.7031325387516958 
0.8325471854653046 -0.6220266350033193 
0.634063832560553 -0.3482566457992507 
0.8275840009505291 -0.5394580394675165 
0.4438839304438816 -0.09424755340360048 
0.06614737730564771 0.6870097850064644 
0.4352110021663421 -0.047281120538144907 
0.23630936357507573 0.3013732460283118 
0.6292638010059267 -0.292382819950784 
0.01411833473301094 0.8764450686019118 
0.4252780134512735 0.051753693738275354 
0.18699636583865858 0.6432399896488793 
0.8289865745147641 -0.564677780944883 
0.027051225883986778 0.8169600125880118 
0.02401147416522316 0.8312983495221035 
0.0010889804259709757 0.9683859855085881 
0.6233802772761186 -0.20653993932482012 
0.22373536686203693 0.3762019373280058 
0.6323390388317114 -0.32491676235085964 
0.06036467346519798 0.703019992099771 
0.04552554665734532 0.7430439799287671 
0.005060474132037696 0.9302998012086467 
0.19417480229994377 0.5958600068075576 
0.21944003777976684 0.408419883255551 
0.036474664461877554 0.776962400344354 
0.19966061958104084 0.5646757418313557 
0.2467733372620342 0.2588483288132803 
0.4209000590016024 0.09924336250484006 
0.6197652077823388 -0.14602545550579463 
0.4483701597348085 -0.10835024406099393 
0.050978970169217375 0.725336981077138 
0.44016296444583203 -0.0745571071970089 
0.04001427287064452 0.7674596712754183 
0.6205757125562508 -0.16061293637223997 
0.8264183658471057 -0.5179229734476547 
0.22580376758591808 0.3635359377057566 
0.250494303260092 0.2500432659690281 
0.6256197404868554 -0.24101561630100696 
0.018422655275266334 0.8557010769442219 
0.43798283228767926 -0.0670633490291534 
0.23223156974949197 0.32213349591980506 
0.6389234890287849 -0.3992767847361599 
0.04314771931248684 0.7516376797553971 
0.18367120837145057 0.6623257045133712 
0.07602875192016693 0.6849847065101329 
0.03236011524067506 0.793888547713819 
3.111546136853535E-4 0.9845479489013164 
0.42673542420771077 0.03030745818290661 
0.0030902425743381534 0.945285327199986 
0.202114109666379 0.5383546276804942 
0.8300472976307318 -0.580962806080696 
0.20556676554882605 0.5206956805892913 
0.05616528422843819 0.7095573355271159 
0.19739469748055882 0.58766973590231 
0.8446506795121407 -0.7304196649393879 
0.8412041814604687 -0.7204821748391234 
0.8472173222601445 -0.7633711798947906 
0.6358287544769399 -0.3700691753138639 
0.4335718999249409 -0.026204344144126205 
0.6307246301233407 -0.31148215940459306 
0.6218751083464711 -0.18204204608332766 
0.07639169850177935 0.6734068341068643 
0.016529270770238136 0.8654067165868844 
0.42903860702244007 0.008190533824615851 
0.19773648429196872 0.5708155701216379 
0.8448623580619175 -0.7521775353736941 
0.42864604869532885 0.02051269546622464 
0.05295040645724604 0.718898055214897 
0.8316447773453352 -0.607776916885399 
0.4526272933094659 -0.11584640158774336 
0.4324216324724575 -0.023871243611359033 
0.4107938375002564 0.22544472601383347 
0.03250684494300998 0.7934631243959928 
0.21640334307651451 0.43190564109662166 
0.6367231785206491 -0.3790367260223749 
