0.8515037496611605 -0.7726953686418617 
6.246060189618596E-7 1.0004414851195207 
0.6525797409258209 -0.45760261902028593 
0.6184852787121216 -0.12501910647323497 
0.8234516074279566 -0.45985101537940953 
0.2570388528460491 0.243136939104752 
0.4539681026145446 -0.12356328969290534 
0.4095475633640798 0.24043088478765623 
0.084331730768953 0.6705868558295914 
0.18235829657416172 0.6703776014070616 
0.8408067135765043 -0.7122890447699816 
0.8472541302254936 -0.7613686233350107 
0.6334182978941688 -0.34439238774607966 
0.6230066052352089 -0.19944212981179557 
0.03112565544958229 0.7990670459879669 
0.420357417318731 0.10180206302525473 
0.03862256519517682 0.7687436997804137 
0.06095270089798527 0.696981661398381 
0.21894329795705408 0.4181834356486675 
0.21408246900373895 0.44709864718715775 
0.23109201480270067 0.3310801301961227 
0.8347649567244584 -0.6538624392511881 
0.429307270185747 0.004839018994811292 
0.4134140457080576 0.1894057674223764 
0.8247418259003054 -0.48574752236364765 
0.8308361905411143 -0.5952693852249376 
0.6278359300745673 -0.27333352637537867 
0.4457508934185026 -0.10819713569191303 
0.8260155986929484 -0.5105300563952949 
0.05325338662511153 0.7184647641298773 
0.01703863100742853 0.8632363761272197 
0.22620079996641393 0.35989443656801257 
0.2371545899693222 0.2956753437414998 
0.6305408045840444 -0.3095498887009564 
0.4184273783538533 0.1251644181561643 
0.6265225621070429 -0.25428764188217495 
0.41593235645189536 0.157088840200312 
0.24065917814958687 0.28006207106790293 
0.18750276139153593 0.6401007972203075 
0.20266876929212432 0.534142904046367 
0.6205516394885713 -0.1604463666116404 
0.21198307763500115 0.46261424289678527 
0.4232490112561925 0.06874667215900714 
0.23329464885668577 0.31623433046077887 
0.010393619171685006 0.895810135032409 
0.20475735513938587 0.5183729360380076 
0.004815407920412074 0.9488537921000275 
0.0057830464460008335 0.9245896454382634 
0.001978314718379115 0.9711790652208463 
0.8369290009907799 -0.6815587465885016 
0.636695604456496 -0.37896817995130555 
0.20903359415841322 0.4854810782662009 
0.4325821776115865 -0.025920440294220547 
0.4113571492580693 0.21616427759004153 
0.24791169241600353 0.2562920909465471 
0.6298586746601231 -0.3004625539720519 
0.20751843524229197 0.4967918649951924 
0.42767294460275784 0.021054060363650987 
0.18296081368334038 0.6668599814412223 
0.19970685429654408 0.5573241803452824 
0.1942125723158978 0.595637141641595 
0.06707569595056402 0.6850924466962727 
0.22472618030746327 0.3696263739100325 
0.050671673078694385 0.7281623424798306 
0.1958312312664146 0.5839551662075898 
0.4404043389712431 -0.0832001309045757 
0.43556767554430537 -0.05070807940362531 
0.22174503548190502 0.39021489325111247 
0.012639673778943539 0.8845226248635624 
0.41687042222541026 0.14560833960851502 
0.6435497481644024 -0.43160857689047005 
0.8289011295942788 -0.5632248159946185 
0.8299332983117106 -0.5763349865454 
0.04575430601355751 0.7424355887308302 
0.0756266454845903 0.6739974511383411 
0.6194205357640787 -0.14115803668040341 
0.19955695206419904 0.5686408152525699 
0.8326717202994434 -0.6239872481742138 
0.8327912991779199 -0.6255311966916629 
0.6248008264900224 -0.22861912898870923 
0.220580129512712 0.39864220646119874 
0.827247239513203 -0.5331966409589227 
0.42392916609191256 0.06050872333536737 
0.6456729940324574 -0.4425228741462653 
5.939577812761193E-4 0.9858967102579844 
0.19151362283775547 0.6146068755902105 
0.8364797857742887 -0.6759359640429689 
0.027873463413746302 0.8132154134273484 
0.6410036019831153 -0.4153987964864485 
0.41230043532737537 0.20380301566627892 
0.02049567578822631 0.848659840233173 
0.0419828419994579 0.7556411458288207 
0.02142520873550044 0.8418259968058756 
0.6393830243757634 -0.4030561144604316 
0.24551777469082575 0.2627820999310936 
0.07106760641344118 0.6784026260393545 
0.8239646510085993 -0.4613365362653152 
0.6244298062211691 -0.22117711691069097 
0.6372520863021494 -0.383971705963263 
0.004951836684240089 0.9307194070318758 
