0.5151465025615374
0.5151041346538431
0.5150297023136021
0.5150964975830112
0.5148094264430884
0.5151386906509068
0.5151008494067912
0.5151957080854934
0.5149518434792202
0.5150177473547494
0.5148647131170812
0.5152199454996985
0.515125295491935
0.5151448237362284
0.5148906805079808
0.5147795024341608
0.5149959570656877
0.5151478154425414
0.5150529511296219
0.5150454364728387
0.514792412268533
0.51515814012094
0.5147859939000081
0.5149453371999256
0.5149369337433004
0.5152371262907951
0.5152212321178995
0.5151797229435835
0.5151553950338641
0.5148285992796904
