6.42894431128711E-5
6.368575623057704E-5
6.373991325144436E-5
6.307845920679876E-5
6.861864726259241E-5
6.380028609113225E-5
7.044110449532775E-5
6.83533131672751E-5
6.320963695697022E-5
6.305921328326607E-5
6.168661049852778E-5
6.523240686753692E-5
6.269973977338841E-5
6.62406002311169E-5
6.767911119593161E-5
7.024422521382123E-5
6.358097554230026E-5
6.644426035932815E-5
7.10901604234743E-5
6.699928262848115E-5
6.780841120491516E-5
6.797442476624691E-5
6.825675860388944E-5
7.025200286603917E-5
7.123941695302545E-5
6.51275104803218E-5
6.51943121766709E-5
6.356218985163238E-5
6.222468093928157E-5
7.184692891274333E-5
