0.7450234659340315
0.742562221131584
0.729179036219433
0.7239003973190393
0.7462791406053572
0.7325716783496002
0.7602204242154222
0.7488755313617342
0.7265315181752665
0.7371153269297772
0.7158438947563117
0.7474183987903982
0.7289281150149252
0.744799809564308
0.7434930382551711
0.7564917695226788
0.7331598020540143
0.7358864279143339
0.7647527837645945
0.7417874038638975
0.7490027184757304
0.7545723053809072
0.7526926199451472
0.7597624513295479
0.756350682415982
0.7417192711698523
0.7475990635186798
0.7291297887095286
0.733921595182271
0.7519413532286774
