0.07000265814774143
0.08999862706098195
0.05691359038470639
0.0988277364508464
0.08322488905577846
0.4337990537171816
0.05613021558541181
0.08987195666678541
0.080961684149263
0.07132736925329342
0.06245564617077631
0.09319509901607423
0.2737206653073282
0.08325707246535546
0.09488327125954175
0.0642160826747706
0.05888442995246507
0.05657340652221818
0.05910605995146609
0.04633537114316569
0.32679956198007093
0.08876764759239708
0.5058224199954506
0.10074008445190474
0.5657959687768495
0.14254134031006963
0.1039110863824943
0.07247667639952952
0.05818964701572435
0.13353361198333655
