5.3635191583095124E-18 0.9290837967485306 0.0 
0.0 0.0 0.5226274159637718 
0.552550530121831 0.0 0.0 
0.0036491487496398706 0.9255648144149365 0.0 
3.799570334741213E-18 0.6581722053039302 2.567316770842048E-4 
0.1438736124168265 0.2339698735859581 0.17182484343164228 
0.2700815539079205 0.007439212357503754 0.24902392476342708 
1.1467591595123562E-14 0.5835229471572885 3.613341621684989E-4 
0.4065491835460928 0.08553709246483195 0.08321569309399919 
3.799570334741213E-18 0.6581722053039302 2.567316770842048E-4 
0.3490394260218756 0.18491798397432616 0.023733746225671107 
1.2612011026880752E-5 0.032001378131017215 0.4887371407608965 
0.3026840422271777 0.0014508085763655322 0.24095327323690557 
0.29936650660097713 0.00143490714626874 0.24419919660255318 
0.16524075965375254 0.2687175153107826 0.10427267664346307 
0.32758895061519416 0.003297481149491173 0.23169131371895313 
0.46932255493437947 0.002571860049961415 0.07276599000255504 
0.06045304387279198 0.07553051444813437 0.4152624689345541 
0.2642930897196257 0.06962112595861371 0.21657003834128333 
0.025091431733124125 0.4882208322236944 0.014959611098855826 
0.06597624317013098 0.2595361888784141 0.22962294042922085 
0.028512427254368068 0.24704916898002524 0.2833137384282514 
0.1197827988315384 0.40051513347140727 0.032387190355512296 
0.33477947098868144 0.09729432656394453 0.13314170044897686 
0.1840709843945682 0.21603682470056507 0.15628550536245905 
0.12745838394285802 0.11312141575208977 0.29498749023315896 
0.052037153209337404 0.44820257261729796 0.028014208394309976 
0.14089834736988816 0.11132413685030945 0.3103552612634409 
0.09303072442582105 0.362830556408887 0.09136157583041085 
0.23626816068266973 0.059782093387331245 0.255523889166265 
0.4509388109305605 0.1231371199958901 0.0015471938236621332 
0.5350988626908142 0.0012886853898786326 0.04312628819042393 
0.16728576600304113 0.2926901925169849 0.09452835248861476 
0.1156844307899185 0.20315954374155112 0.20427398298918786 
0.36371414374107186 0.1141690958358905 0.08027244380080728 
0.047911125004062874 0.03565569342825986 0.47384552015488113 
0.49057214209963285 0.022054080111074487 0.03482551196855292 
0.03666224536431459 0.06460682722867138 0.4293559989798458 
0.24129098391798057 0.2769056699122472 0.018700743728938055 
0.4443908287772308 0.12134907327069999 0.009883222702181844 
1.2629275777377297E-4 0.41205934318101034 0.12761978438137622 
0.08342878709603545 0.05987969754903653 0.403520200921397 
0.4879268510748258 0.02508781424805308 0.009024577786960416 
0.01026570598870542 0.5235251810512975 9.125475214420529E-4 
0.10742571145459939 0.43494586500460186 0.004936690299359921 
0.39113976358026603 0.11763206805969939 0.055693257939924946 
0.5062540134763672 0.00706559703789475 0.03422581693836018 
0.20328269103539331 0.33058199293675217 0.0043806440197138585 
3.211739108493661E-18 0.5563464354298173 0.09364688962869991 
0.38627065004305466 0.10547829158259445 0.08315864717330676 
0.17423072575871765 0.00866397436470494 0.3752901875332978 
0.21591721101369168 0.32433099897429396 0.01511827690405327 
0.002194618362642572 0.46209595243433627 0.07441559995310135 
0.01473681174972014 0.477090633727394 0.04734797520538818 
0.009010789621901294 0.01597643637097439 0.5107569929196721 
0.13625306605771667 0.3535801247659807 0.05920990197231101 
0.17743137093937775 0.3348169110568891 0.012544373272112927 
0.22320399477399114 0.19273541824783683 0.12192282909594196 
0.06925934276351989 0.01752444546514656 0.46533984213739676 
0.25220378900958607 0.00707197963833658 0.266586575577824 
0.22139695937633216 0.2686209272509342 0.060879933391081074 
0.36770496688860316 0.09303908155040887 0.0904280920875999 
0.09764239305054886 0.34809824959477725 0.10644777756018621 
0.42805820489960894 0.12698470716526505 0.009696351078202593 
0.5158700367674948 0.02195909795080536 0.008241244775878554 
0.19801968689680383 0.2031581782469038 0.15521544931388473 
0.19702925166609653 0.049853611629705086 0.28970614532129224 
0.11149594386062339 0.08418115261905545 0.32693987247416917 
0.16937216247358644 0.13328457022853374 0.2612260059203137 
0.016311790152358476 0.3847503411526345 0.19693029745010743 
0.08257522498006561 0.07167361602116529 0.38838893169241245 
0.24537270253830237 0.006758623884174491 0.2744133646063745 
0.1941674057441927 0.20594040335094058 0.15628550536245905 
0.10219041103780985 0.07715533220232235 0.3432712257137158 
0.08038232860573301 0.31425250116604364 0.1461340424403391 
0.22320399477399114 0.19273541824783683 0.12192282909594196 
0.05753085840883179 0.31405666751667766 0.16434996691825338 
0.25913607893742513 0.22314351083664846 0.07162423277587636 
0.017158886940352305 0.37918948943979097 0.19461574046005434 
0.06672887892652683 0.1732064274400299 0.2947762884404342 
0.03654350546177924 0.14286582874535003 0.3613613466345438 
0.07867014933086733 0.01582754314015105 0.45421094794035843 
0.21610361493514138 0.002474123164748115 0.3149643211887597 
1.6529121470638058E-4 0.5393008321784132 3.3405291199626875E-4 
0.014546624528616901 0.010440610578819842 0.5107571792279002 
0.0199515162088595 0.07419976584970653 0.43610429360701713 
0.21744224194189793 0.13648958118047827 0.18141115475057792 
0.01778837718974921 0.5796845548405577 0.0 
0.19704719933603032 0.16257866895319123 0.1757171095837326 
0.3290449407277175 0.08325707246535546 0.1387534616119222 
0.040389503774426946 0.15020872055415735 0.3525555861484081 
0.035467680922360426 0.13865992232048865 0.3666430775988239 
0.040389503774426946 0.15020872055415735 0.3525555861484081 
0.1053201753303156 0.07951835238445959 0.3377784412390728 
0.5278701837354093 0.001034441442655928 0.05144026821932301 
0.42805820489960894 0.12698470716526505 0.009696351078202593 
0.005498705004601849 0.07982443782659028 0.4575077745064185 
0.033984907097671206 0.313082100391487 0.18588111853074676 
0.07439565534849123 0.01604320435348081 0.4420720367391238 
0.056522913454978 0.1525509911231695 0.34057148090696115 
