0.0 0.5900278048617142 0.0 
0.0 0.0 0.5502163287757984 
0.6553839482461683 0.0 0.0 
0.0 0.5900278048617142 0.0 
0.5885796514432173 2.4167545819930644E-4 3.929815762642001E-4 
0.6486241547079578 2.6753592065869376E-4 0.0 
0.0013102778292299073 0.4519662449557139 0.07477159190391733 
0.02612165710017677 0.014733536994727956 0.5079415939994028 
0.22672079793654326 0.1278785358471648 0.1901314935564256 
0.03933040819027686 0.2518167438978521 0.24972640881858896 
0.5344469713609533 5.173907717214581E-5 0.05256852414034965 
0.14345995517100707 0.042949216062492135 0.36237354580471015 
6.43818559981366E-4 1.5244128362943945E-5 0.5264312442429657 
0.4937991834778832 0.0 0.08834503192343088 
0.035238332774215946 0.48476852196170367 0.031366481425866684 
0.038154949263451685 0.19596148707969907 0.34092435053472725 
0.11903572608344574 0.3162962829252236 0.09600642142965193 
0.311325538427788 0.020020090304907742 0.20368614085276276 
0.4790364032737627 0.0012647523184868836 0.06841928540146074 
0.5642297709736886 0.0 0.018940008961810525 
0.028534621235521675 0.27642913701960786 0.2673118681867016 
0.0061372902362888905 0.4363395018807866 0.13925497851931967 
0.16750262640848054 0.07627591286944706 0.30332475422910604 
0.006625778556536911 0.5363140582593836 6.027859452629678E-4 
0.067004813327906 0.176114347653724 0.28844856883093495 
0.35891511072030463 0.16177861021775877 0.024747637744321958 
0.43488808029788695 0.0747460296349254 0.03401787706421636 
7.084538096329917E-4 0.3758622809697795 0.16597698388177745 
0.2951888705043653 0.1744944113384157 0.11024256338475433 
0.13652147594632302 0.010383524654362684 0.39366040350302384 
0.3307232738335349 0.18653960471791647 0.07854196822524115 
0.4113980837628567 0.02295792186827826 0.11749409626625328 
0.11168655900234119 0.32486635328897623 0.09488327125954175 
0.0013394226837128065 0.5131552770098515 0.06580228319448639 
0.011273304440995158 0.4929814498126768 0.026165385156675606 
0.4552860931806091 0.01809084253880825 0.07126556008662914 
0.02614382250586 0.27881993574926955 0.2673118681867016 
0.512859894707834 0.0673411535026853 0.0012145622355368426 
0.09550053856271516 0.22539044185230833 0.23558827584966194 
0.2742298188918289 0.09455277276207366 0.18178556802990334 
0.38060889611973303 0.1067835366621868 0.05920941043488931 
0.26513983722431195 0.12227130470323755 0.1492595312521678 
0.016591532736134118 0.08542742476629674 0.4326878712340885 
0.04766735390956055 0.3608450314251662 0.12385429219573307 
0.08371767365028983 0.4244835178732841 0.07973919519500296 
0.1241867108148875 0.10411140178293526 0.3196963150302392 
0.20985264268989767 0.006936276957369401 0.33154757733985546 
0.07958746672091077 0.0596664416810344 0.4176609611773602 
0.43166533423302944 0.08511672514778644 0.014090529161336497 
0.10029290725607408 0.05203603085699016 0.40458593146624117 
0.002203641319184554 0.1533961449271391 0.413273309945156 
0.3492323222567038 0.002678459838256772 0.22263432649827747 
0.00895792977689147 0.4100223340634304 0.1318602211020941 
0.09388715686337283 0.04871246756406756 0.43115625987694245 
0.0024469176741516606 0.3435283474698199 0.18554413477801493 
0.2373469972332487 0.14602516227884177 0.14760379597546505 
0.20776866990371456 0.03571006854727892 0.2963285404438832 
4.42234767993973E-4 0.07300659041968038 0.4718601093277013 
0.08147613763026912 0.4067982042397835 0.08314552149533244 
0.5225000238869743 7.486966904734415E-4 0.0514620755147113 
0.0 0.5634807741113201 0.0010266920101349153 
0.05847469953026411 0.01592005739012464 0.48973022942343886 
0.15466811156784008 0.091428653914835 0.3347999526895214 
0.05901158417103489 0.2951131828003617 0.1775384350434012 
0.0 0.5634807741113201 0.0010266920101349153 
0.04506979834368408 0.12047316210553892 0.3773467880402489 
0.4073127964586966 0.11338092447936682 0.024747637744321958 
0.10960050303073463 0.23674620873764643 0.21111214880042317 
0.39450822173788425 0.11473788446283395 0.015254616364050509 
0.09698823057798309 0.22890153787027676 0.22406383550541867 
0.18745215041066005 0.0768033593507169 0.2951682068522277 
0.07255352800715356 0.33629877543172654 0.1259903888857969 
0.057039357224283056 0.2892133280355524 0.1887790843256231 
0.059202040325082035 0.2948114507667986 0.17748264751496512 
0.16293783328760453 0.3950797928096242 0.0 
0.053374423477796286 0.18252901451450826 0.3234685604204227 
0.08900003762206395 0.2100486353941954 0.24063941788629717 
0.34438388755127225 0.21447336214648927 0.00585119568839087 
0.5676626733277309 0.02198051388165826 3.9353008893610957E-4 
0.0 0.09903281127473276 0.4530657323090346 
0.19722347353532566 0.06849473842397102 0.2968020164379148 
0.24336318926597303 0.04182784716579128 0.2546162424631124 
0.34408591760966895 0.007229901208289338 0.2083231207504822 
2.2473375053102315E-4 0.08297898332103794 0.4856951584786029 
0.17740255920580525 0.08498685310502233 0.2930838127035965 
1.1270894564026429E-6 0.3843977784001949 0.15820067006978086 
3.620864939010059E-4 0.0985651037457023 0.45258252607655264 
0.44720483702482566 8.134069893926718E-4 0.1061274369194077 
0.30113899844090825 0.11857015394074268 0.13128656382292062 
0.07327617654364924 0.3658303106579973 0.09821522616405462 
3.6193841687377407E-4 0.059750819406879555 0.4730085014358076 
0.40802378147546664 0.14170464439120525 0.0014919746177477085 
0.1096278247305251 0.04958355661906882 0.3829185355930409 
0.32211795040200014 0.09760929860320958 0.13129222451321138 
0.37102408686377664 0.14717188473878595 0.027458901430733595 
0.22977335455581654 0.05168479128441673 0.24724571624350106 
0.19555652711981927 0.10206593880416963 0.2575805166341557 
0.003171243375634109 0.528002445299188 0.0018535131207435395 
0.0 0.43241525369911277 0.1493904517345446 
0.10950351876395989 0.05444335706516357 0.39430785082942305 
