0.0 0.0 0.5047514180996355 
0.0 0.0 0.5047514180996355 
1.0367386422564964 43.48509007815984 0.0 
2.145082707869738 2.381520212002262E-16 0.0 
0.10985361718247989 13.468548259931161 1.5075054401585012E-15 
2.0737678477523143 4.604689624603952E-16 0.07891782514071388 
0.04562558358681688 2.2899773930714162 1.5558241206414147E-15 
0.6401516295282725 0.005221273346745944 2.2140092757848287E-14 
0.5062155882065446 0.019617748017834256 3.3568055927028724E-14 
0.14264359914635313 0.006494824663391096 0.35773678952578897 
0.14621101069249826 6.003483672771187E-4 0.37615517816369237 
0.03366650552880177 0.2227465885662643 0.28491181356966433 
2.1055584841544452 4.675279017606217E-16 0.04712718873858289 
0.07760871583049204 0.03418920515295172 0.40600135059931974 
0.08737726332658863 0.1287077687893146 0.30991910874094686 
0.16047322309537956 0.07359025776352994 0.32146636456227773 
0.32820908849473307 0.03897753254345768 0.15024148509584123 
5.299915505581744E-19 0.6173691007794858 2.1659189535930197E-14 
0.02232317121753958 0.10779848406646533 0.3895750019087199 
0.3075607953220979 2.1510464604660733 9.280648105214133E-15 
0.3873994060782404 0.07650301957403981 0.055099777753924044 
0.020663256224104583 0.24126288840150945 0.27162485744102005 
0.20283585590745037 0.14251476775248614 0.17500193500556746 
3.288311238416622E-4 0.0659258308032883 0.45746636872056434 
0.008467599774284485 0.2207886955697959 0.2940340607349395 
3.045724410693185E-4 0.04615337143267054 0.47814110489847156 
0.0030699109618626034 0.014707949688601406 0.4878188713538231 
4.7603773819775017E-4 0.016134750325064087 0.4947928300217201 
0.16690798159332157 0.0023065288009858926 0.33660667163756575 
0.3142119533566525 0.17265376579436728 0.02040002724764604 
0.04333499398777416 0.29475098246151177 0.18925747803196855 
0.10112748793467313 0.16599591168023117 0.2438515039623612 
0.02359771527531688 0.041162523720695704 0.4462091478503141 
0.12216670013531064 5.04549112909626E-4 0.4430177533375467 
0.06819382198852292 0.030041633148804776 0.4198447409427004 
0.005911570914111624 0.0395581144290338 0.47028134127567006 
0.49157415117869474 0.04951310774003903 0.007736344392820333 
0.013025455667457516 0.3131015072021035 0.1959079967420555 
0.03103018826420987 0.05371399329511638 0.4256444142900159 
0.27840881119093086 0.11437500358589911 0.1318572184187415 
0.017135765941716445 0.26921925167072797 0.22524008669252893 
0.4272795709844916 0.020041238175495135 0.07405303320059685 
0.46486502503825894 0.03277741201801337 0.013983794059696414 
0.045374808531917124 8.817718186554945E-4 0.4640680113718378 
0.023298184548456162 0.14350292410290577 0.3496031380690631 
7.166544099422213E-4 0.16895987298798001 0.3343697507761968 
0.23694122602278817 0.045307498790642116 0.2332778121412828 
0.04667317052439946 0.2279024798536802 0.25065451170756353 
0.28416829608547667 0.0200365715241406 0.20739023812314727 
0.03153965939989832 0.34917342131272405 0.13898491226838247 
0.16736709252115348 0.07826571508367443 0.2619614751416535 
0.0739010191779041 0.0010212503172638387 0.435593212963083 
0.06511653479042664 0.3718423663506162 0.08129444826373035 
0.19219032558382165 0.19959489259822688 0.11470195243126331 
0.3943983352602535 0.005450255348214358 0.10586047283921078 
0.009150762877297521 0.10146200763658222 0.41262723514917016 
0.062243331489952376 0.38867940931865524 0.0648953365542315 
2.876787190026519E-4 0.2322385068168123 0.319355019652938 
0.005509603029492981 0.30380377697727373 0.20229245690323355 
0.18944008297372392 0.06795653273572809 0.26721993149652806 
0.35333679524251477 0.006875589750782439 0.14682773189198461 
0.36065649171996456 1.2012274232641108E-16 0.1470087561601973 
0.03301185201578303 0.3654719655044044 0.12072174531766658 
0.21103922365804625 0.09864741577682032 0.214221669843964 
0.1278770870439616 0.2137674983363889 0.1692035934498634 
0.4543776218716907 0.031658512514943435 0.017400003621405296 
0.16978199411865444 3.769917580746062E-17 0.3821423405610993 
0.0017282161547173328 0.0740191589553058 0.43312737099495785 
0.009894822207443735 0.4059049162180241 0.09063620020745262 
0.027688987445010752 0.14041824173261683 0.3523406728394902 
2.0737678477523143 4.604689624603952E-16 0.07891782514071388 
0.23883480551895814 0.23825419209670756 0.028597179996919218 
3.933929514932272E-19 0.45825004655371987 0.09778783820073637 
2.6523178184559878E-19 0.3089594663984828 0.22099642380665274 
3.490406078011124E-4 0.4710686685262825 0.036423729762876916 
0.03416172969113988 0.3787790947354255 0.10998061371172493 
0.1839155103118663 0.25663077229305503 0.07564912989403251 
0.0013810576756670273 0.3619645894206098 0.1592927263287001 
0.203991287852144 0.2118505136309008 0.09064536913026704 
0.0014626724673690386 0.22164600787193264 0.3018620575405797 
0.49967608110862216 0.006905105802842655 0.0037382141725819874 
0.03531732025976552 0.06005617317703887 0.4084443204647477 
0.012140981016973784 0.46809829603040576 0.04984336857724997 
0.17165323869515797 0.18517343118637283 0.1634689258126112 
0.004110158026955723 0.21612088338058869 0.3030593146714754 
0.05812413176221755 0.29265127878776315 0.17372574452725825 
0.2718414897199965 0.1241955405909659 0.1329493203208809 
0.06118609475064917 0.4200780032432088 0.043088858658293656 
0.21627082905038633 0.318569554613416 0.016361569290846888 
0.4343474976935934 0.012884396968749769 0.07153323983104945 
0.3447669784516949 0.13460432654147664 0.04395553347629027 
0.018044432481472215 0.1111429441844773 0.3872168700544755 
0.08420585912690771 0.3303055989745369 0.10168395439750925 
0.10291077019491521 0.40367741559328557 0.028604387236222183 
0.048910520195165716 0.4923078606759984 7.882874526487713E-4 
0.4343474976935934 0.012884396968749769 0.07153323983104945 
0.19357609114177085 0.08996438903567806 0.23609198085697558 
0.3013143298732727 0.12378497437749547 0.09993839864904237 
9.712780385879252E-4 0.29444602150271193 0.21580717590247198 
0.04333499398777416 0.29475098246151177 0.18925747803196855 
