1.0225326408854425 0.0 0.0 
0.0 1.511366521747803 0.0 
0.0 0.0 0.7798803971717057 
0.539954612655421 0.0 0.12377739058131744 
0.0 1.015982911954866 7.502744448655441E-4 
0.35303568277493047 0.0 0.7078621314207962 
0.003683307946416085 0.7388681321424512 0.0 
3.46681233501978E-5 1.6485596294869007E-4 0.5692292812640922 
0.0 0.8752211380829245 0.1436917330133198 
4.203035649425295E-6 0.5757732331967822 1.3018284493281028E-4 
0.014293263429573275 0.30715992719009405 0.21997413184330514 
0.1772906143733821 0.3064590071719865 0.2803806966388728 
0.14289360893400258 0.0042103112451708224 0.3711515078917723 
0.07341437032867507 0.0570962294909135 0.38862447931863303 
0.002803054922760851 0.13622446215235615 0.4356481478793985 
0.10377544369786533 0.00259817380591547 0.47585315284951896 
0.0 0.9361790202553864 0.08274663581620297 
0.09244382252579965 0.4166227850808768 1.6671542496399919E-6 
0.0 0.2773258205255927 0.7413931120490539 
0.36115012120104334 1.4140141941908508E-4 0.15395090376717804 
0.4063213607697655 0.0038299356404881 0.11259950488200586 
3.762336732965391E-6 0.5154019536833351 0.06602303241526243 
1.6285876505399237E-4 2.827341198474265E-4 0.5287748859174373 
3.46681233501978E-5 1.6485596294869007E-4 0.5692292812640922 
0.4996620445562553 0.012544951100732256 1.3174007486623025E-4 
7.505763788837374E-4 0.5648434582026366 0.016039146380628075 
0.038464634178618284 0.15885131919400916 0.3648472346523832 
0.3134168363303972 0.018544158681413302 0.17858510269832967 
0.19217143063011696 0.287823640474235 0.30283457793216817 
0.4667316527516872 0.049740977365716754 1.2590886216834165E-6 
0.02129947683822164 1.187031220950506E-5 0.5017706860329436 
0.08458493675787088 0.006454586511722997 0.46814282449843364 
0.056118550974860806 0.4781125067935864 0.0013527584571899726 
0.0657058866855407 0.37483151766588363 0.09496126510155806 
0.16905711698986634 0.00568766385441827 0.3452907120387902 
0.4232291466665133 1.5468418661141665E-4 0.09925216829227922 
0.0 0.29041238855449303 0.7284844928811779 
0.21086963331709913 0.20677460609673637 0.10572755424084519 
0.46651332647351507 0.028736078608960755 0.02274509495888701 
0.32499086333044086 0.0705824177310437 0.1321371180217183 
0.4181547513756892 0.0 0.19890881580615177 
0.009079198677838279 0.040291342141854994 0.48013757957252545 
0.4462889874654355 0.07163232627078146 0.0506473313477825 
0.2847710101657944 0.2254101361376304 1.363274482007038E-5 
3.327345363954965E-6 0.18364088557687114 0.33783030903412 
0.2009935183739646 7.869516614752403E-5 0.3195673997107825 
0.0 0.9200282540032542 0.08754872247324393 
0.2997295503706843 8.71324502240487E-4 0.28897702671450953 
0.4512898136733695 0.02779834749667636 0.05500928643513998 
0.2526352727168261 0.16499676166105923 0.10572446450925393 
0.17340209588147287 0.29754698799840035 0.2971273574042531 
0.041586707794678476 0.07383503133334793 0.44542646922632073 
0.326801866871877 0.005159128139933473 0.17858510269832967 
0.04334258452140362 0.21830225896853767 0.3072215644812052 
0.025128559550618695 0.11190068050472227 0.3820709480106715 
0.27151098752519387 0.24540536252592304 0.0023061694265626713 
0.0 0.9361790202553864 0.08274663581620297 
0.021744232068673222 7.3687589450977875E-6 0.5081213167946684 
0.04686401563832019 0.0811209438991751 0.3854646725688041 
0.3443679520641912 1.919180990687244E-4 0.1647437883617018 
2.8272226522970725E-6 0.3873008138065284 0.21102226936195867 
0.3402551526761825 0.0 0.7340737193032301 
0.0 0.2773258205255927 0.7413931120490539 
0.02331440753316087 0.49587760216353577 0.0034403294428533306 
0.07195307121670451 0.44564245344588344 0.04054960920822483 
0.030084624244581467 0.17476935507495894 0.3768476122342885 
0.0758477785325626 0.3417839135156536 0.0929299057073933 
0.011587628464292055 0.46333902451503073 0.03428198330631754 
0.17487930957429668 6.847064738230996E-5 0.3456918330292156 
0.28137726116490913 0.19550225255486128 0.06023435961327965 
0.24302898791920696 0.18490403637437897 0.09543876936109473 
0.3033287879804734 0.02910206798868346 0.1916688995806433 
0.23003614542890402 0.17754083247315242 0.11189277301996232 
6.896815264376359E-6 4.356581603035553E-4 0.5251698683875959 
0.0 0.902200709612921 0.11672494645866832 
0.001506237872980995 0.12634537062121187 0.4367302068681594 
0.27151098752519387 0.24540536252592304 0.0023061694265626713 
0.07195307121670451 0.44564245344588344 0.04054960920822483 
0.20084837858698681 0.0016039324889983281 0.317771448470371 
0.0011287539846171232 0.09598460925351021 0.4686728123955146 
0.5157915567157147 1.1156331957977392E-6 0.00100494543932286 
0.08086176356202202 0.0628882572813387 0.37566123323777567 
0.02514553117079157 0.09002997401799587 0.4420506112270886 
0.06947370290294287 0.32136346333789534 0.1178318310149847 
0.5366876472968947 3.585256645955238E-8 0.0 
6.571425377946283E-4 0.5679815683962943 0.0037679788267842395 
0.34143419002030734 6.135925718235825E-4 0.1902511042599692 
0.3578262026524325 0.004087089414115681 0.16330941115903216 
0.2597788433477981 0.2115815891578837 0.05953724784181517 
0.011587628464292055 0.46333902451503073 0.03428198330631754 
2.8272226522970725E-6 0.3873008138065284 0.21102226936195867 
0.0758477785325626 0.3417839135156536 0.0929299057073933 
3.762336732965391E-6 0.5154019536833351 0.06602303241526243 
0.35437631867452735 0.0339429902604205 0.12091242086419397 
0.41024414120631747 0.3255704497555534 5.589546441942505E-8 
0.259181644810104 0.21109518998072313 0.06062084555666983 
0.22259576313027035 0.007862603527174754 0.2841624226126361 
0.002803054922760851 0.13622446215235615 0.4356481478793985 
0.2371858469735605 0.180458392440275 0.10572755424084519 
0.5119858753707679 3.2471183228104805E-4 1.3176671869997197E-4 
