0.5038289705303285 0.0 0.0 
0.0 0.0 0.513808317496089 
6.24034025212537E-12 0.5280221624368018 0.0 
0.5038289705303285 0.0 0.0 
0.1932097715339396 0.2873584737659646 0.03387980681795057 
0.08161654116496306 0.36701386438795286 0.06743952865796685 
0.09839527954558738 0.2615939291517757 0.1552970246924809 
0.47918508203657856 0.001728817481425492 0.021857672868613225 
0.02896826528235756 0.501255304841128 4.467600383116509E-4 
0.107292606171554 0.013497058280537095 0.399812049035609 
0.025601790627196717 0.43244145092654324 0.07201934684381033 
0.03358943271971745 0.4499924247845441 0.04471481721213778 
0.05960662063378751 0.01610896701721405 0.4418841953954054 
0.0651532130128179 0.018435595258300484 0.4187819580822916 
0.21582164014739366 0.09688638824928944 0.2113969251100264 
0.09436116619017006 0.042151989908761026 0.38810345762246434 
0.4315005109901056 0.08045403593114711 0.014364360129640142 
0.3466093194483532 0.16998437654507162 0.001895871696858081 
0.4440134944605063 0.07213055341431608 0.012766890695536593 
0.05382998683975306 0.005688065396992999 0.4610668505243655 
0.0713719984460496 0.130551394902868 0.31886948350449734 
0.17194981112636068 0.1488930536212009 0.19689895526911966 
0.015460128583682045 0.26113800138402393 0.25407677603424245 
0.12293763042202686 0.253832491133953 0.15095715583557387 
0.20400817124733822 0.3034187984385807 0.007993110559701602 
0.180195946222811 0.3363918715363815 0.0018958501240475818 
0.2721900150402352 0.09872794740000522 0.14696306423646222 
0.4548834976811123 0.04743372237553317 0.01776923997426478 
0.11467329657090913 0.030990992822177744 0.3715641501480413 
0.03679845355162202 0.14443983669500718 0.3337737343304476 
6.933748538293055E-5 0.20259276293259165 0.3049059726461713 
0.16645719535666714 0.32747365026172853 0.03474228488388123 
0.13231567121598176 0.10859459199859711 0.27564148012427625 
0.285654983437668 0.10969036151282124 0.1086945267450378 
0.2560550601399873 0.03100252904784943 0.22680664852137902 
0.4040324497641919 0.047625838150599294 0.05600909224376909 
0.39188681418703974 0.08114567707930993 0.031123402531369616 
0.04367805985087596 0.3457218032552302 0.12511673758212405 
0.33455880585549913 0.15960260896290776 0.02372658645262013 
0.32744929242392024 0.08930014748287246 0.0999645153518699 
0.26368308028442494 0.029501009776472294 0.2243958727622693 
0.02031161291618297 0.4869198516463436 0.0059714655958359305 
0.30980262586995727 0.06087267955804205 0.14424700579992797 
0.07952671201531797 0.01775193712758416 0.4336789128715087 
0.10919949858200714 0.2903180521199309 0.11828534080922692 
0.08926635356407538 0.4014135972162089 0.025389983430598524 
0.07764224182928194 0.3880146393554156 0.055353500218865884 
0.14307060141829606 0.24512976371010142 0.12629460515898452 
0.02704150934661856 0.01248717715687473 0.48508520679428246 
0.41551568904879144 0.05867806893558992 0.046724805356429075 
0.04082635708702543 0.18358826372103185 0.2914151910547758 
0.011201077941116324 0.18919810990298752 0.31746867240003235 
0.0031287473565672417 0.07967089218335438 0.4211132247220574 
0.025018133945875716 0.4225828693222822 0.08240860631592282 
0.032638437974757656 0.38865492449720074 0.11148798949284727 
0.22070122446835902 0.3100748672754166 0.0010100965984554142 
0.10031083263319897 0.0352004291223567 0.3683211174185401 
0.14178906636817082 0.051509386242283364 0.31046748767689386 
0.3754238380965339 0.03779364665107064 0.10696649448477537 
0.2381402175751865 0.05504387248571073 0.2243958727622693 
0.20148393716909668 0.028824156848564004 0.2987947683674946 
0.12641294776386586 0.12008587984081766 0.2820357289192568 
0.005246294044581438 0.008099467337493437 0.5005372075176506 
0.2583733246349128 0.08375018643234618 0.17564778684279297 
0.22837566267334883 0.027651174368440702 0.26302865482135074 
0.11222515787332352 0.04178924389995403 0.36243348151825955 
0.0960081657607765 0.24097895172746886 0.16676139200616033 
0.15566232797793428 0.021334109615950603 0.3410518632404097 
0.29418142914211487 0.1403404208101987 0.09321326067965209 
0.03821591403133189 0.17467589688578886 0.3054586175303237 
0.1535366731763343 0.22550751281309453 0.1230993593030368 
0.020246856389104433 0.21592846333400179 0.3034676546924151 
0.048796177713981884 0.0069634155316855165 0.46635486211286764 
0.3173794012182611 0.06292873615351326 0.12219550629612055 
0.3577527392511446 0.1021403107084712 0.05466834287260835 
0.25123440164020344 0.09137461607241192 0.17669140230521613 
0.17123858615339574 0.16107154110433428 0.18543274370894489 
0.24416647759896096 0.09375894260562194 0.16611445149094411 
0.36254208478303573 0.07423881271752181 0.08013536262771707 
0.2487167112103876 0.022782519551680185 0.2429979414461377 
0.24519878865410288 0.06938085500961072 0.20337479448695547 
0.05600215788960843 0.46135745244912124 0.0 
0.23004038359077716 0.10326944926546867 0.191138451098624 
0.04785716332959165 0.35844959037970925 0.11077785270663933 
0.4641923221387341 0.06555205927405987 5.19612444399596E-4 
0.07468591829441791 0.4147113546806393 0.025959219717296065 
0.027643618383132458 0.007312880719716557 0.47990774677628245 
0.3672650266018555 0.10392042187740959 0.03179469375097047 
0.04330276356093086 0.11533918048924795 0.3550108851692117 
0.3795606232824251 0.1018783878580623 0.033941195348614346 
0.08594344220190092 0.29882342077344953 0.12362812416312098 
0.29172159129566144 0.043746630090114445 0.19431061810611377 
0.4683217053290993 0.0491903753057598 4.7870544163476625E-4 
5.602840523789012E-12 0.47408055484667216 0.030848827033468206 
0.058408327458046506 0.359139232276083 0.0983558077856911 
0.02818090500249062 0.33557511283096575 0.1690253341313493 
0.21873094111554328 0.02648341474638592 0.26803248861079604 
0.33284226591102417 0.0941802409343047 0.09032050128970012 
0.154053303537579 0.22626631541964978 0.12219919540505571 
0.17036839502536963 0.31832705999033684 0.02904028107760971 
