0.0 0.0 0.5453504992588449 
1.0177900431796876 3.566197755185096E-13 0.0 
0.0 0.0 0.5453504992588449 
5.138487257245267E-16 1.980084480723542 0.0 
6.658123223844997 6.652801533513778E-15 1.4340483305574453E-13 
1.9276035130154647 3.210104703747165E-15 1.6504218317006733E-11 
1.5147525787914247E-4 0.800684575330803 0.0 
5.4653262996494136E-17 1.4588254458197503 5.577321508891541E-9 
9.646544368544743E-7 1.7168179398119954 0.0 
1.0675137815523459 0.0 4.479985743787138E-4 
5.138487257245267E-16 1.980084480723542 0.0 
1.9271331419404987 0.0 3.878785818194617E-11 
0.007924600616923048 0.6224532719218553 0.0 
2.408177937062657E-16 1.621819538933503 1.2552933245886605E-11 
0.9031693033269711 0.0 0.2035610388397903 
1.6769325356256809E-4 0.21623589105140215 0.3052526327484471 
0.5660610364148723 7.5940673251090815E-6 3.355788745322314E-4 
0.026311935614130245 0.19155921828001185 0.3323988704648361 
0.18276980785759755 0.3362424388178943 0.022948840914556 
2.408177937062657E-16 1.621819538933503 1.2552933245886605E-11 
0.3531348359950863 0.09116200086720985 0.09411722074197845 
0.02137180626154782 0.11314704645790699 0.43369625642939547 
0.0802345694866672 0.35742307612555174 0.08338559209586595 
0.049502434392948526 0.13040140341073117 0.3510570840283109 
0.04157610815985483 0.10833176002088193 0.38128603611635203 
0.1868223473134017 0.23799574588089642 0.12674117395329584 
0.04034562307970471 0.04897935861977598 0.4417683625779635 
0.026788523101177426 0.09942720171746207 0.39328321533463356 
0.005438469126536834 0.3474556729003315 0.17598220394084158 
0.0012775472203727589 0.0257815796760704 0.5184722292692746 
0.0014684689098258 0.5150222000282489 0.03727482903488264 
6.776743469625317E-9 0.5825733851725132 2.0697164584833375E-15 
0.19645526325842225 0.22942984423225285 0.10440916491729625 
0.009788841654817694 0.3775862002290327 0.14059874425032182 
2.6424044237141768E-5 0.05404579447927188 0.4672655432214238 
0.18995264693634079 0.28993809898919276 0.048551248829401726 
0.05178672875258309 0.0703251061868934 0.41969829432566425 
0.1966591659723179 0.24180576677330315 0.07591057446473028 
0.39648461542128516 0.013095160283696259 0.12219494045098193 
0.0016690083858697882 0.4464989296565788 0.06797347057305127 
0.06027974381470051 0.29490335953036373 0.19489982328584793 
0.02143884298632175 0.1381297741912954 0.38758409090153956 
0.11300686891263602 0.02369227505373662 0.4106964879248279 
0.05339229882330344 0.28267058205202183 0.218877863614137 
0.006686581084592054 0.01753587699712333 0.5092177794754875 
2.0713004724894644E-17 0.5528793103167389 8.005150452294045E-8 
0.08336583924305518 0.15355755136487678 0.30503160979482824 
0.013723200069868748 0.11309750000515208 0.45182936194414913 
0.262201732138399 0.0010121614330323892 0.266612915373135 
0.10900472632346092 0.1344658658062838 0.3389051482548879 
0.0036895609213321435 0.24561640199884688 0.2715844181136544 
0.30358992564359477 0.014370893733846533 0.21412124261072876 
1.7120408539505607E-4 0.4096955354991454 0.15807982454022515 
0.09335594954484615 0.431393864181256 0.005140614233808838 
0.06999870761702306 0.3239645026434033 0.142989936507189 
0.12094781438425989 0.16841468511657876 0.24489744992985416 
0.04508525795493565 0.11747528956954446 0.36863335677260867 
2.2475140099697996E-4 0.3854269130131865 0.14711903799138779 
0.47141469634314415 0.006360430977024313 0.05945152762799519 
0.05443970362825722 0.07580497085514916 0.41875030077837827 
1.7120408539505607E-4 0.4096955354991454 0.15807982454022515 
0.16544082212027889 0.01105209046276936 0.3602116529240581 
0.08357341833225346 0.37229673510749467 0.06517308426833675 
0.01802695321068787 0.021210361125430337 0.4908398409301211 
0.009157813460163845 0.034489201269796106 0.5024613951824555 
0.1549936894363272 0.2074580116391883 0.16815891011136097 
0.09994408657862615 0.1930486342983819 0.2390793807781592 
0.21270257431711675 0.03336922221088251 0.29478179432155516 
1.0479408468500349E-5 0.34757107756046446 0.18434210010507374 
0.04973920719165148 0.0012883767494041693 0.4783052405530992 
7.65401499870261E-5 3.7542123415687924E-4 0.527874985383299 
0.2400049765045404 0.050317860961240635 0.22960272151717734 
0.11275976850201316 0.13553469027738319 0.29374700132556153 
0.005581215416903371 0.3565755202726958 0.16671961027811077 
0.03030729628138175 0.1827351006166149 0.33722762746098156 
0.04170149165625475 0.4787941020031585 0.007992251625738985 
0.21459943295046957 0.2872398987385296 0.013937194639848612 
0.01158486023357048 0.44220960210825805 0.09612914169125779 
0.037618164750861396 0.0057233083568998125 0.49795980531964684 
0.0036027057765372615 0.24048109489829106 0.2831884926811671 
9.214987320671565E-5 0.11882475603404791 0.4022108969449175 
0.11696121450626874 0.16048787722498892 0.2568108576994351 
3.1495427669584746E-5 0.006703710716025415 0.5385269141562431 
0.23246940436876617 0.015529860490186637 0.2811329417192779 
0.3270219696593921 0.0017824814571651196 0.23473973052555946 
0.007719997364308563 0.49321910570681443 0.013099680834922245 
0.13576330426241498 0.24959899385814807 0.14906561285773326 
0.2726054950828742 0.030915234445633398 0.25805508609516364 
0.3106512609272936 0.014705152845923357 0.20672564821495315 
0.02974148494333131 0.04539652247370413 0.45664960809464483 
0.050495561447839385 0.0013079683209833185 0.47752286101461244 
0.22464891503654214 0.0645964783468448 0.23149071499472962 
0.4438910716721003 0.034396149364925854 0.03233211441245373 
0.05075530835551955 0.12954767733537786 0.36330346085147946 
0.008149994684232859 0.5206909924939653 3.200531023974287E-5 
4.9277050388109764E-5 6.202600248493136E-6 0.5312580478811922 
0.17021801357589147 0.2690719901620653 0.10829658430782148 
4.570719728942851E-8 0.377519237067957 0.20283370307627419 
0.48538466142830283 0.01917255024475827 0.03482272709395356 
0.10107630663196875 0.46706930525288326 0.0018846037283740055 
