0.0 1.299103364531506 0.0 
1.688021680881146 1.8740805361807068E-16 0.0 
1.688021680881146 1.8740805361807068E-16 0.0 
0.0 0.0 1.0404547530473813 
0.0 1.299103364531506 0.0 
1.4659977187976396 3.255168842914191E-16 0.0 
1.2750407072448755 1.989538882089773E-6 1.4946357139908876E-6 
1.0607907492174384 2.627158600056739E-5 0.0 
0.11021412619461671 1.1852506411371715 0.0 
8.693204490100426E-8 1.0384484806524157 2.737668771337948E-4 
0.11630612616431203 0.0945423849266167 0.817369646613279 
0.6552060157665223 0.3251819900383133 0.05352553219572771 
0.2673030944846742 0.6577465155767985 0.10374424788332542 
0.018167208744329307 0.8831313661955985 0.11483463704574201 
1.0039307142737113 0.0170669566873145 0.012693194040564584 
0.03186414722669115 0.06818795991546772 0.9274457632359542 
0.48865897447366524 0.2314486343284229 0.3119792523006437 
0.481265804336306 0.0014769172233831203 0.5329555850181162 
0.007446059558086561 0.7961983431551415 0.2353266709403655 
0.6479889631198235 0.370802173006032 0.04075875672102238 
0.0 1.2349644408711447 0.06126184302014347 
0.10082987848620178 0.08258528406036147 0.8629206203632049 
0.4319616396326217 0.3097390776578248 0.27534323634216556 
0.1478569483205176 0.7336516243377558 0.15392098506804563 
0.8520261435705194 0.1738392295567193 0.04057915141591395 
0.0 0.052826670264011 0.9930529847785471 
0.12469083057679964 0.3463740474765795 0.5601145556126057 
0.7161374852448282 0.2700233416380317 0.037011595106943754 
0.3276876305496309 0.21676487055074078 0.4847412792484639 
0.0011486803258037883 0.9787508023499645 0.04600384409763422 
0.08096123643020972 0.17495430587386043 0.7742285480083754 
0.04316052343775696 0.7618004121563581 0.21930668445379847 
0.2852752058277012 0.6101517165315282 0.1299782842236558 
0.010259377261421482 0.6295727553371967 0.39895809576552066 
0.49259295790944235 0.250022827283674 0.27568293907120484 
0.9491498089826687 0.016135673955746235 0.06712643903653635 
0.8038452127964866 0.09261299835468495 0.16072854878044457 
0.38117175990111074 0.2923674147219759 0.3397893154225969 
0.06856810594994911 0.9500978173016278 0.0034765532082534855 
0.02258054823535931 0.04873092225050356 0.9544636768550938 
0.31893231535376665 0.2052496651648529 0.49422650195893086 
0.24877917511693529 0.571748519175494 0.19300419352059428 
0.0 0.8556369616594391 0.18842926945996086 
0.4496453012717576 8.166368112796548E-4 0.593298045782984 
0.5261825211223342 0.0033864626351594214 0.5141750231314529 
0.05840356546194104 0.5461601691614486 0.41876820727609565 
0.008420889453879598 0.022813042786204964 1.012808848564692 
0.048985986574230866 0.5589739892652359 0.4334177990988785 
0.33865163931636794 0.015539995102593018 0.68634914607643 
0.215309219352026 0.14242672200638404 0.6695169121154707 
0.5934902832190592 0.39576756766042204 0.042186950999995816 
0.02646073986418602 0.7542447652511062 0.2565833428846362 
0.6107348695319759 0.41100000511142226 0.0 
0.03843306968345923 0.5971935208807949 0.38615696984824904 
0.7876006216896435 0.16518757927290587 0.08500189454421332 
0.3577617500376205 0.038020354600599875 0.6436913213439972 
0.11434746936771825 0.004023972632632706 0.8902417282078988 
3.5643185541412084E-8 0.42577638560373887 0.6164353450669803 
0.40792218117986967 0.2855292183344139 0.32690232645781664 
0.9382246232448563 0.05725578142731328 0.019705887881523606 
0.30389200121674226 0.6984097507489565 0.04113404369741772 
0.1304739944037418 0.34059088364963735 0.5601145556126057 
0.0039077824753237555 0.8330387932851416 0.19679990751471166 
0.1656690238737998 0.1356921539729206 0.7300331397729618 
0.2612878117454287 0.6361371836989627 0.14661949659211923 
0.3577617500376205 0.038020354600599875 0.6436913213439972 
0.21428948861396052 0.45390732922472393 0.3613858569798894 
0.033961824073578305 0.5277169235004723 0.4642397459098618 
0.23123296957045217 0.02067215194159779 0.7620957082490022 
0.22287950331939618 0.5122254542307937 0.28726112627821737 
0.7640865980498448 0.19269536364207895 0.08528004106051765 
0.0033681257287794066 0.14994477481036414 0.8706306637560938 
0.1814344571043995 0.12121327307684156 0.7212101960542858 
0.0 1.268127858397649 0.03045943330511907 
0.9094070193590961 0.0034917306406338 0.09236753380125702 
0.021344999023816147 1.0103681471784431 0.0024708710172817723 
0.0 1.1973286340058675 0.07763138319800654 
0.2088545348729263 0.5262504226772636 0.28726112627821737 
0.002560941437031727 0.11400993252630517 0.906624384478574 
0.1355111081567647 0.11193016954421589 0.7984726731817898 
0.7264280547001122 0.19186733743939005 0.09329491329980007 
0.4529063459414419 0.34187543892067157 0.26120959297401575 
0.8223348670775134 0.20578906087606738 0.011659066588712035 
0.1753793227901874 0.860441157184747 0.007918847074696103 
0.5733694993527434 6.836467747991481E-4 0.4594251047227408 
0.2647702110575726 0.7025905718837658 0.0800547657644934 
0.18566068742023895 0.47382552636920244 0.3566748361771711 
0.521148180375777 0.4168437559738429 0.07762432184312147 
0.08483341191958041 0.5228458088640053 0.42092623707408133 
0.11461456364841165 0.928855111040008 5.600541285109234E-4 
0.22931600005776337 0.11399069705327704 0.7022891203992844 
0.27706193607244106 0.02982414939419101 0.7374247294562895 
0.04781811039625765 0.023762039090828416 0.9531726318770156 
0.30257380393992794 0.14435783590581244 0.6008915170905043 
0.2125313590511733 0.46639720278556657 0.34699628283088463 
0.7399392049925771 0.2657210922539715 0.01941151658395337 
0.3925031134915558 0.01801112338840075 0.6134594180012592 
0.007245071732514434 0.7747069526463064 0.2569930185914305 
0.0 1.2645276250611148 0.03457573947039109 
0.23640707625496316 0.11751560032375574 0.6916731409316059 
