3.084725905379039E-17 0.0 1.0294102610092999 
0.9917228950243047 0.0 0.0 
3.084725905379039E-17 0.0 1.0294102610092999 
1.323703532502516E-32 2.034965254246283E-17 0.6790924632446789 
8.573539222826958E-16 3.1614411909322206 1.3228831195620271E-12 
0.9917228950243047 0.0 0.0 
2.944717005061316E-16 1.0858467423409963 8.896592696732211E-10 
0.7669208628380698 0.014075476781018562 0.0 
2.324573391675002E-17 0.6497134558405996 0.017106767998315356 
0.6284419455742436 0.014961463990891221 0.0 
0.6155194343366029 0.04078634825167009 0.0 
0.5360912377063368 0.10685780196264569 0.0 
1.314474571281941E-17 4.1142345820334446E-18 0.5759530005274733 
0.26027340138081323 0.05181051760951005 0.20325934665395096 
1.1508496682384465E-17 7.099820373112632E-18 0.6209819966059289 
0.32263237477080314 0.0 0.23444462427404406 
0.16961865446521396 8.202517295299398E-5 0.3694314052358382 
1.8407523058345604E-17 4.05469350963159E-21 0.6144165686189691 
0.2363609346442871 0.022323135698634484 0.25217399988579264 
0.007257971613710179 0.5335243280937453 0.0017106112055723943 
0.36550908245717517 0.11545856639803624 0.06603549163953878 
0.00716627681162212 0.5296181512698918 0.011653558771097958 
0.445649203797015 0.01149707129798619 0.08615263547459902 
0.017660986113581835 0.0025311765066796054 0.49492000418390397 
0.20916506759716044 0.0070275948750629785 0.2907899812408814 
0.3404719143279663 0.18122420262291275 3.6048189907559495E-12 
0.11682376084859017 0.002466336978268348 0.3930959642935812 
0.03889496960668713 0.45688525382803064 0.026086378243970643 
0.2937856842719859 0.14638173749523908 0.06701148091122577 
0.39900249030293844 0.07967954633428352 0.02505751187877993 
0.4188145988297789 0.06874442373752612 0.04416602196828594 
0.3081545328875666 0.20642599337270412 0.0020363680847743887 
0.1541334796545459 0.08591772389460783 0.27567012492558446 
0.00881942358513335 0.1867608674990648 0.31660004675245546 
0.023461622939692672 0.1586083875392545 0.36114805586858073 
1.376257198873872E-17 2.5304573756906716E-18 0.5437180522724123 
0.0028079086322141803 0.0 0.5420093564529256 
0.043828988149606604 0.006751999545355578 0.48078057922528944 
0.43638788981199955 0.04886538488989536 0.0515892564118395 
0.44876089747071257 0.013243164879038023 0.059968258368771225 
0.13753287493581898 0.4167276519531977 0.001453100282743959 
0.3709978147595798 0.07700239795678863 0.0952994678788306 
0.1488726460081688 0.10617563708930089 0.2683456922904612 
0.11318278904305558 0.06719976759069542 0.3266485769005344 
0.33217907180524747 0.0019571206627842772 0.17787077296658718 
0.13699101301303296 0.38150037100817913 0.035482061017489845 
0.20503202058939496 0.1196119496483497 0.1864477235912127 
0.4395165251058133 0.009299485619026144 0.1062840867505407 
0.5275282202719219 0.0 3.2417054587597148E-12 
3.2038236286479266E-21 1.5281553123082836E-17 0.5100707849128856 
0.08817842476455376 0.266354200945092 0.16862511246484949 
0.06404989541565387 0.44245972476031153 0.005765539440760359 
0.10350514441816608 0.25873109869530886 0.1563583949283829 
0.24751379822829417 0.011746845751200281 0.2636427284224667 
0.4665133323560916 0.012598902800676808 0.025080031429731742 
0.029541838992546973 0.3492835419572347 0.14304122072890665 
0.1291903836352893 0.06639015059445234 0.316600440349837 
0.1804286779090314 0.09303644345944283 0.24155198419188117 
0.07567379147087416 0.040279159430318054 0.4099837387147541 
0.0026719316680362108 0.19641032285226892 0.3421146314998954 
0.18097705535073907 0.13074119125249314 0.1906336850637007 
0.3774260285734982 0.11487119967518981 0.05470591224606213 
0.41729889106017104 0.09571148334603341 0.0032779573311419305 
0.3262954303994399 0.08888675016724018 0.11734205376942641 
0.298403382733547 0.24447775572184718 0.002148363118617891 
0.1919422608118029 0.1448032980366938 0.16564281767805528 
0.5052618324864687 0.003413831862342897 0.002855032956561471 
0.21924807666252488 0.0426111234150266 0.25410232734529603 
0.048440892411549814 0.12276963684154245 0.3473842375757022 
0.17238290254618746 0.08508009038057054 0.257559789528818 
0.27512854831238276 9.295473199048771E-4 0.28072409455776465 
0.05695596298920486 0.17257782717259998 0.3236587839481788 
0.09473770761544362 2.0740510333693962E-4 0.4245523043141071 
0.003478326234303043 0.30878953764493416 0.19711832458509596 
3.0136502065666173E-17 0.11112654471486279 0.44391143190752236 
0.2553994511214022 0.11814284107702083 0.1364668081854223 
0.28579133898108816 0.07871419115008489 0.15799867202584125 
0.38970644574527913 0.07579951638126894 0.03825473599907304 
0.05187873779530641 1.1357584265287309E-4 0.46750393218766384 
0.2118511952123155 0.008415397182397468 0.2867160513183919 
0.004155775124165324 0.36893028218339563 0.13630013115677223 
0.11672320836428735 0.032046471464625303 0.35316128635803445 
0.002945343539807175 0.30932252033943003 0.19711832458509596 
0.054576700630878036 1.1948237422087715E-4 0.4671742368584244 
0.18948236287727005 0.0030382424098960668 0.3196603692924126 
0.48114755090328515 0.024172329259704067 5.435309111470095E-4 
0.47698958739743563 0.023963437698841832 0.004910385977858803 
0.4907443274214471 0.016488184953499418 0.0019211568088458042 
0.004289214153123394 0.38077637518335467 0.12432059912785508 
0.011203707461858784 0.10822525255327635 0.39355355605349185 
3.617361556372909E-4 1.0449398742626909E-5 0.505590559471798 
0.09050348381700879 0.0019106737120823782 0.420570102766965 
0.09250782968815344 0.021217553629440895 0.40378842150658195 
0.06900469028249119 0.019005643769728964 0.4344894031312033 
0.056878536105065575 0.3460255229697931 0.12060308087696961 
0.07006032632116999 0.019296392737943778 0.43338170929966796 
0.002591434098413932 0.08118813057235398 0.45377040356780257 
0.2762042647671201 0.0 0.2808727342777271 
0.28695842802796323 0.051375985960313175 0.16537983256599972 
0.08325435427375352 0.00954985654834955 0.4090840944666522 
