0.0 0.0 0.5091350196389062 
0.5084527027879311 0.0 0.0 
0.0 0.0 0.5091350196389062 
5.364076753950001E-13 0.5862421684443468 0.0 
0.5084527027879311 0.0 0.0 
1.4856896732719085E-14 0.5571320880103913 4.824666432385018E-10 
0.13847829339258896 0.018314994621563635 0.35304121364110663 
6.838168710072973E-17 0.5164387459299701 0.06978541762813158 
0.06455041867406064 0.3943761584631351 0.05081322623835672 
6.592171720928222E-15 0.3370004724544287 0.29839228432248444 
0.015042211684812352 0.36797200102428906 0.13583778935951307 
0.022313910715190784 0.4435424433849401 0.043312163006064164 
2.7056085659513547E-4 0.10807314922477472 0.4519097488095211 
0.006036483185639607 0.4699670537527056 0.06430270403880524 
0.15339003614215013 0.03344363848024458 0.3231060154884992 
0.005075388744130871 0.4200773988358419 0.08405613164107593 
0.4843854666600182 0.026435028136273592 0.001241462231872583 
0.10591681840781458 1.3264535430905413E-4 0.4042475971942199 
0.1845469775200271 0.15123563479207855 0.17343650028317664 
0.03434150005482131 0.0019778334384143947 0.484907652796444 
0.060867106722757816 0.013270858810463557 0.43684849738197545 
0.20607514544661606 0.09737998872265755 0.20446430036670094 
0.19797575994740216 0.18816869539030015 0.12271520509154783 
0.3372342677065799 0.03840364337727426 0.13322174934539596 
0.07900814784336636 0.3799184292938294 0.05081322623835672 
1.3234946625161537E-14 0.4963091270429005 0.05558214651362319 
0.27261698512992755 0.17669202908029796 0.0636466960554908 
0.09279496537279716 0.2600327499534141 0.1624424888779651 
0.02997206925990921 0.2328771649104278 0.24631852620686745 
0.07230916656606129 0.010563664794920751 0.42672139556363203 
0.17441385613357277 0.16435843959465 0.18233201200987295 
0.13385550956598397 0.09091849121411986 0.2905446002754435 
0.004976527487764709 0.16749330300656382 0.33805992653686834 
0.358887191152904 0.049913737115655506 0.10128896497457751 
1.8569684164361287E-13 0.20294884676706626 0.3778839736195705 
0.21998910253909537 0.028085187844851228 0.2636100644053631 
0.05004259351686931 0.310288348726632 0.14801561161052032 
0.08098218871712698 0.01765655130483609 0.41234772289323374 
0.16708848953921532 0.1691938496986046 0.1713132336408848 
0.2560761321803559 0.24339096728697227 0.009621167266919113 
0.21358042537038746 0.1450699346669273 0.15547314909583124 
0.014742238508059072 0.27408294341989214 0.2186880725137088 
0.16035437167143873 0.029404484527633962 0.3283485322437169 
4.1912499753168247E-4 0.5062042199347992 0.01395822463328324 
0.146653893229948 0.1438108380762236 0.21974749764990306 
0.004130724361259006 6.040528427211938E-4 0.503904998361664 
0.028730947123100994 0.22323388662953594 0.2572029266245675 
0.3177973197231971 7.176843833910321E-5 0.19739759056841652 
0.2900740091908356 0.2988949682596631 0.0 
0.26662686620780973 0.12817318183540885 0.11432275784714174 
0.27657368996428805 0.2038174280073392 0.030581045169848834 
0.12054627530069245 0.10980016477420032 0.27924062083878115 
0.265517131794348 0.12478179584825291 0.11855013909703477 
0.24534003488957637 0.1152994156727556 0.14820961617730372 
0.29309653639889777 0.0683675995468131 0.14848110135686682 
0.25636600825905254 0.21007071459539878 0.042854899047301186 
0.03979444968657843 0.4382792572622333 0.03182360936130284 
0.4254312849362234 0.0746170827888507 0.008643379904644723 
0.4392915586302524 0.009997310465510442 0.06494639646460666 
0.18036060377811725 0.0847618377300795 0.24372238513232272 
0.34200270322898213 0.047565456340128924 0.11928060251378035 
0.36399851040933023 0.06481313558896869 0.07945281162226703 
5.364076753950001E-13 0.5862421684443468 0.0 
0.00969871032159187 0.19756894584128026 0.30599195102296156 
0.04733009412419889 0.4266154033494741 0.03602894102076924 
0.20856359641730748 0.14166236092885492 0.16124463501507774 
0.45961003108639514 0.051834485996790476 0.00849737828233054 
0.43234269278763543 0.06012986822503382 0.018067587942337964 
0.002264084013949221 0.03891867994164838 0.4665334472643793 
0.23960688011740264 0.27836270258702306 3.425083136099582E-4 
0.11196883095638992 0.016357555395440048 0.3854108828749024 
0.46061889482549023 0.044673412444858014 0.00839516259264031 
0.3976700374547077 0.09348590420633893 0.018786522948389336 
0.0054719447812544625 0.2911687100497026 0.21142954854549642 
0.20191338382343874 0.08126705047730177 0.23092063341727925 
0.3004228717298406 0.08873317045953728 0.11915441763918651 
0.41896355281509917 0.054960731958527256 0.03470630949376282 
0.15825731855649272 0.32221973343710464 0.02833518231755339 
0.1887054034865181 0.31923736302264505 0.0038771986364686977 
0.05829607687195257 0.027547578802202117 0.42207975051438223 
0.1241356106742054 0.3285187630565476 0.06412058167510967 
0.4115260536087186 0.009365428590071083 0.09253379327337792 
0.3743233215537896 0.02165280979260749 0.12759589184829856 
0.36582970568931544 0.021161494829912853 0.13921935785003792 
0.12185511086206992 0.11099232405032151 0.2754132443004545 
0.09856176090062269 0.25819432887862726 0.15993585388686396 
0.22469000727614435 1.2203093478523637E-4 0.29059376775075835 
0.17485281503619304 0.08217341051363003 0.2514384373856026 
0.046158876358735196 0.046270496412826545 0.41786753321341275 
0.23527974065761711 0.0010337235538276774 0.2754660906184268 
0.37684703650552176 0.05936380885452877 0.07270910283455731 
0.2232128879928531 0.05146319783040804 0.2361022399352703 
0.4077587433428641 0.011738402850911689 0.0922272458494017 
0.11066267464250816 0.19175640806868846 0.21170648626073776 
0.00909724392423075 0.31490712464835513 0.1901039751010941 
0.24237781485688806 0.038181195227554456 0.22842288638720676 
0.27335444232070066 0.21510797734198972 0.023036912152610767 
0.025578532856898203 0.48087638468615806 0.004883722584821839 
0.07881378516699115 0.24682418326578978 0.18990649477050658 
0.017836624515176647 0.014615636773837615 0.47671063384464885 
