0.0 0.5334700066642046 0.0 
1.1335569807289332 0.0 0.0 
0.0 0.0 0.5280638620866469 
1.1335569807289332 0.0 0.0 
0.9042585326985574 0.0 0.0012635681131263961 
0.6924176001630667 0.0 0.0033920805992265694 
1.1115849469653003 0.0022799455682663786 0.0 
0.033597105013457244 0.23170290984661668 0.27143692400809094 
0.07027654666505218 0.28032996393531256 0.1828583298576215 
0.020736844846099396 0.06997467638873837 0.4146294583992786 
0.07755995718077546 0.18821179974151137 0.24935550809224938 
0.022367603676201706 0.1448941917154094 0.3727033458442426 
0.00974076006172317 0.04759551777485731 0.45894574185303694 
0.2288093399884621 3.084315701570613E-5 0.40346162339665664 
0.04725911576162068 0.1746938063080762 0.3079076890802597 
0.35427438213979373 0.0031911033272515937 0.16212329336405804 
0.30780200436855887 0.14994803337261547 0.1039110863824943 
0.017168528068691184 0.20068091204409877 0.29053994211856526 
0.014379237577927901 0.05965497590910406 0.4429930096037056 
0.044623336912090326 0.32366725122463375 0.14440657806980817 
0.2651499948070212 0.02710723230816405 0.222032340771553 
0.02500592354532792 0.125066553092511 0.3774966080810203 
0.01746256372984377 0.1562897944220838 0.349806723579134 
0.4371407474044105 0.03871767629839481 0.06775614273423938 
0.08880497204703924 0.2943880569609831 0.15501573826787118 
0.035060890414853156 0.18849378534088335 0.2822264648438335 
0.20603965485636477 0.0017650053135554325 0.2972700093118214 
0.01773753297797146 0.08871386437291216 0.4211176873679756 
0.13879680549286222 0.35995742216594767 0.019708599445505327 
0.09327354831338283 0.45336512719395883 8.58455753332777E-5 
0.054440259382862774 0.21026688108094208 0.27599296852257527 
0.11649877538169012 2.1116474018921972E-4 0.48902565056326164 
0.002007933443891587 0.43692496966536737 0.09041587069099397 
0.025189953587009147 0.0984806190540776 0.3867682667996761 
0.37049338706379276 0.03372082463755154 0.12155426377465142 
0.645285091021376 0.006017410961536229 3.5630785284577653E-6 
8.469689034327615E-5 0.10211912736541612 0.4266213363493799 
0.2963551522967181 0.04362867198813219 0.20041979838780755 
0.0013148386662239035 0.022105303774019154 0.505268345361466 
0.24863746372746626 0.043619763387719016 0.222032340771553 
0.5294111338902417 0.011029318969300013 3.573403948904933E-4 
0.07271702868104829 0.29006493624107593 0.166970226340853 
0.006803641208820067 0.49126273971461687 0.030418781040416863 
6.518358425068593E-4 0.018039922141923487 0.5090635804485695 
0.007628781287372531 0.4161291986428402 0.08814593347931501 
0.17650094947268513 0.006928698895345464 0.3233996000719684 
0.01009984865810249 0.28907639007129754 0.22822929412993698 
0.5624053839204829 0.009683051956566168 0.0 
0.028733321609211826 0.17238174474715706 0.3305696071360914 
0.00683158733882351 0.37264444446307 0.1324776706273858 
0.024780673801547002 0.11281819040739577 0.3920607871524706 
0.41360002518801475 0.05002455597735837 0.06434301906185687 
0.006122010101072273 0.4190604416127445 0.1103261115093687 
0.0131690617345757 0.4741854858048179 0.02486871982541457 
0.04238446626101258 0.2530512564493035 0.24467210928749938 
0.037980554701151366 0.4439502516973133 0.04118999827408485 
0.09978286759370313 0.3980293426656823 0.013613492105467969 
0.02438902186202672 0.2697365623750019 0.2440823458797673 
0.008832506584343649 0.5028641033097278 0.02611084618235048 
5.359093626845016E-6 0.4877240825605251 0.0742272280039179 
0.15143005400079385 0.37686000883993825 1.6447134582955146E-4 
0.030702886562251095 0.15355978295984843 0.31954934965146625 
0.2846240146555379 0.015014271865571832 0.22734784815035983 
0.04944954445062494 0.15843469585308376 0.2973838507776143 
0.5980124875135495 5.489635848771673E-11 3.6410606904888087E-4 
0.6513025015147165 4.681956595907974E-10 3.5630785284577653E-6 
0.029470670343467443 0.26204501078332765 0.22472088307393825 
0.4569305686655847 0.057317482537738954 0.03810538692111808 
0.4074436788547217 0.020143579547606164 0.0970640150313234 
0.1839684673443897 0.012591458957785432 0.32291107974993233 
0.054849035211046726 0.006632297517548334 0.47962810043891263 
0.027227772294838443 0.13214485067807866 0.34301410047631536 
0.05785434253004636 0.3338335044050488 0.11778736740422108 
0.11707297993304358 0.38897490793754963 0.021506630642246935 
0.08958135921105312 0.42529703201925256 0.012676127282534436 
0.06250338046352592 0.40488811062845087 0.061927824562531174 
0.08265432092775249 0.005485964596355792 0.4357993655286096 
0.018560658192033386 0.16611773036589603 0.33977662519055174 
0.4903128089927287 0.0044164605600903375 0.0118034098426577 
2.1327721011330397E-5 3.585654756541099E-4 0.5258420545348541 
0.06332382092884843 0.32908111945546137 0.12859800436005406 
0.005750144553171151 0.3136546919954657 0.21265752356744394 
0.11179406118304708 0.35818445404289784 0.03519627219000648 
0.12838965365220642 0.3493578373928754 0.04522743211619676 
0.02963867152003056 0.3004150021688846 0.19456599406466296 
0.028972154594090048 0.46705096395624096 0.036628004674327475 
0.008351146183580418 0.4103374292944715 0.09750828645498583 
0.08370423726610066 0.30500509426359423 0.1384698193716626 
0.08440340824215539 0.307552763490661 0.13520028482240537 
0.0024976673371991005 0.5090990192894514 0.026105747299506196 
0.06371753705540477 0.4862713112766673 0.0 
0.5980124874823599 8.60858672769913E-11 3.6410606904888087E-4 
0.10149053031892058 0.37879706637505584 0.03575320154482692 
0.04056100379572378 0.1308050066552563 0.3380351814249329 
0.05587365091742174 0.2356090552302548 0.24040582073344213 
0.054440259382862774 0.21026688108094208 0.27599296852257527 
0.4664821450819177 0.016661908310662617 0.03699063259515793 
0.0707280071354063 0.24615798609376258 0.20517442797750218 
0.0707280071354063 0.24615798609376258 0.20517442797750218 
0.4652646342602964 0.021855667517174663 0.04752264622829864 
