0.0 0.0 0.5059320696248033 
0.5084523182291387 7.50778975927307E-15 0.0 
0.0 0.0 0.5059320696248033 
0.2270790130874763 2.1348622905073067 0.0 
0.5084523182291387 7.50778975927307E-15 0.0 
6.271794318090282E-17 0.5243505615375408 6.962582228239933E-10 
0.025024509989125105 0.4404857147718848 0.05261887813463773 
0.36730348914084393 0.016671659053582998 0.12834631721314513 
0.045075188242266515 0.038507184480685436 0.4233282700759888 
0.14868848772685606 0.0861871548345086 0.2666447336511624 
0.005803391995178383 0.10179828204656427 0.4002531417306918 
0.07075872937362968 0.41033642990090896 0.04235428202325725 
0.014087442265192724 0.004829104413128687 0.48376231635525696 
0.018919625733887297 0.051257052014388106 0.44930509043359723 
0.3587957242088685 0.14712061422845787 0.001178418121407843 
0.04396471942566588 0.3617910590980705 0.1174525555902857 
0.16972241214984432 0.30450686161731066 0.03041587718979506 
0.343162464444106 0.1175183093540263 0.05642887892812259 
0.267304040768018 8.158577516515339E-5 0.2399620728507172 
0.027105415356665816 0.012832584013351361 0.46557113204051326 
0.1420137631202907 4.0466754669569744E-5 0.38294831058957574 
0.09505247027583137 0.0885014788196767 0.32218877347943375 
0.221928611861277 0.19776615563392286 0.10458189682121401 
0.08122376828611348 0.14316670518655025 0.28078265276316083 
0.49677932953310333 0.006103556076150522 0.0193928178089858 
0.2811674761500023 0.0447108531408132 0.19783778826574486 
0.3331902515087753 0.12513666826518471 0.06288144512284755 
0.32542093968914787 0.050319346147581476 0.14996893022118266 
0.39571855195043465 0.026292613941081573 0.09015190203354775 
0.23635574053890576 0.20651615825584377 0.07235689746102338 
0.25276232760861084 0.21593177884647285 0.038224937508465444 
0.17894871653237557 0.027264963415750233 0.31774877928509193 
0.3057535923682422 0.10612358419819667 0.10685164439650442 
0.40965859115235387 0.06602874604052189 0.0398447503202058 
0.04871411606873947 0.3224755010925012 0.14083140350107098 
0.4206075126079715 0.08137425094612256 0.013871938180686341 
0.4400696829893871 0.029239423385596968 0.0393104938989118 
0.12108669510894401 0.22408320447831373 0.1628645835928394 
0.036294628866110866 0.33722628507941155 0.14171591045635393 
0.01670913886838751 0.005727808833565169 0.4802062783933808 
0.11007014163272329 0.10508887539036031 0.3039815472840349 
0.2628408103426797 0.09082547294696527 0.17082485995942745 
0.05760333859885263 0.15854994352911989 0.28808619669917795 
0.14512515651825839 0.09758109130382735 0.27365276071602807 
0.2595919822694182 0.17114090288877434 0.09520648030165578 
0.16230351908310753 0.18738169455345433 0.17572135896589808 
0.008431308684490773 0.287591528071879 0.22201247296671592 
0.0016267492692017545 0.0015478500160972701 0.5033584813656067 
6.271794318090282E-17 0.5243505615375408 6.962582228239933E-10 
0.063999640602979 0.3455437028903205 0.10198597576710651 
0.4982863456698741 0.006122071656311816 0.007856531089322013 
0.20929201423117139 0.23160022534099461 0.07878257774336324 
0.18524015785904974 0.109830707516546 0.21815109749297462 
0.05133628076936014 0.017580456925298305 0.4430544645180654 
0.24386093757983204 0.0835118291515167 0.19289292202075925 
0.0907627091257385 0.080936189060449 0.333682805173343 
0.4500294767672571 0.008708882249285519 0.05005811354385912 
0.06437231333585837 0.30106852058605016 0.15922319659859624 
0.3736152785987991 0.12850484226270956 0.013875761594512601 
0.015489943946028411 0.041965357756493134 0.4620264664793511 
0.05270996859867592 0.09329478328243404 0.3760088383239067 
0.06768995204023322 0.3775357376985714 0.07851424435094576 
0.05298665521396287 0.028933551137381178 0.43454469758362113 
0.0874242673353762 0.07788174680825127 0.3424994783257208 
0.09102262050933509 0.01463973547855635 0.3969806590939687 
0.47971101357712675 0.029394752494386153 0.001420833442103231 
0.15750793427084486 0.281786731409774 0.07611571809297638 
0.20459028621808217 0.01123577253114355 0.29543639550792916 
0.343005436906503 0.05471493983311693 0.12101332668842223 
0.005720193508169741 0.2485538113751283 0.2544966679021206 
0.12587598115044515 0.021280761672079415 0.35820117279021135 
0.40197522653478185 0.06115618078886744 0.047920391318953585 
0.13938942874944682 0.16462661936982462 0.213522084476924 
0.3852701704516045 0.11957447939313934 0.013951052173515582 
0.3199440849456911 0.17553998883848557 0.023951770185884857 
0.19889345339467351 0.12065764097474298 0.18898794571609248 
0.2770176942249354 0.19943629937784432 0.03881316686986321 
0.2902392647967008 0.016299419540167937 0.21140980698112957 
0.31474342145388695 0.09709712877783441 0.10684214257335073 
0.08208112145756333 0.22774879446013518 0.20796784093316953 
0.04718346091931099 0.03774093839952245 0.4301253706932876 
0.2072646823680068 0.12363363093854571 0.1818366758670936 
0.2313443632463389 0.2670903197625163 0.02695326209561623 
0.19344919811332079 0.24744304145884521 0.07878257774336324 
0.3257840707394369 0.11307593475437752 0.08068911971228312 
0.06897097576698424 0.3555010324076915 0.08749960685973605 
0.4286454829425225 0.06453279633218706 0.027882906116981323 
0.10587657334477205 0.0645326342441539 0.3379369042131452 
0.4792231925955452 0.03168080130521052 0.0014258520107515971 
0.11635073954975332 0.20815519387396156 0.19119434812748595 
0.1112573220459438 0.1064228609679824 0.3016395607855024 
0.17737763556974742 0.027025590561899734 0.3195244804501029 
0.2919850364876725 0.20882713145456733 0.010912397828769859 
0.45774483154329315 0.0036139105695876628 0.04773697294301486 
0.2039320247140556 0.03070207045258276 0.286761874580002 
0.16516467375245764 0.29548488319982763 0.044577815922542306 
0.002310519329528328 0.2524144105457789 0.25391097351353553 
0.10505015109582949 0.20774527264134712 0.19501049667944925 
0.13295267017872794 0.15574793115663796 0.2361129380982998 
0.1896751754203452 0.1302361842849503 0.1855664358667332 
