0.0 0.0 0.5024417325628079 
0.5035995403999678 0.0 0.0 
2.2466836842796298E-17 0.5037316245124153 0.0 
0.5035995403999678 0.0 0.0 
0.0 0.0 0.5024417325628079 
0.15628821078400862 0.20983346329374863 0.13852527742530502 
0.11682106420956634 0.049734128084731065 0.33720809843070326 
0.052246924834561996 0.42651782742484057 0.035508743418349795 
0.043129249906797215 0.04645988692313609 0.41310857853369765 
0.005238218273985279 0.3091943174541758 0.18962088381376618 
0.14542283186056804 0.19524554218269752 0.1613425433139436 
0.19314960750533927 0.25932378951273083 0.05717354048457966 
0.34258336751498925 0.145995412564496 0.014511817877715228 
0.4901069228814757 0.005760007342525133 0.007329614450776419 
2.1608047713553332E-17 0.48447661116923213 0.019298990788424144 
0.08658881037171998 0.2058478977823371 0.2110285142906192 
0.21269181463009115 0.2279747749358369 0.06563942041866326 
0.007754151576550332 0.10452503921117973 0.39043685638383924 
0.2451449778179328 0.022607069196035202 0.23523655794554052 
0.00986787200470831 0.4438823385900415 0.06468823185189457 
0.3821686760186226 0.08481751296332112 0.03917652110119144 
0.048970423275541713 0.2708420531526813 0.18348236339914942 
0.13551391534173432 0.3196320435014029 0.0495511154513979 
0.15281669617923466 0.18941256995266686 0.1637031621943259 
0.06669283391324672 0.0015753958207371174 0.44527930956471334 
0.012213683242632828 0.40702041693422697 0.08449514175622165 
0.06421654601390346 0.1511733988862687 0.2895691058094576 
0.1688346653404342 0.030951107771745652 0.30619690178033304 
0.337349492391729 0.0660718084262205 0.10274140926518564 
0.1857501584012193 0.044995782179513256 0.2762449589421415 
0.031800810249164244 0.3432523581856895 0.1288591039780666 
2.823721872975105E-4 0.07655336427397322 0.4262788659484887 
0.279855328167994 0.10467111765143126 0.12117326503017954 
0.3562234389103705 0.0035831768620984065 0.14392921251904892 
0.20609505792579416 0.07497894019047927 0.2240504232012305 
0.05975558498954325 0.4372844696827109 0.00820211867715264 
0.034660178516263136 0.36718167531418905 0.09986288095528245 
0.01346781435939848 0.39390513144658235 0.10123742861436723 
0.026498245809652918 0.4617152289008107 0.014926065633236014 
0.33044575810711685 0.13654568555785299 0.039176961928362154 
0.36710066783469564 0.027195314037481672 0.11561723094218355 
0.12388322205318143 0.05274069428172159 0.32713937439009766 
0.2548305716974273 0.12231924838553454 0.12578762354968276 
0.21953061697408524 0.03294305751756535 0.2513789080627916 
0.04199332382452679 0.4610711149264059 0.0 
0.2260252100857256 0.2435613256334854 0.039717863478873586 
0.2386573118720526 0.01380684831370795 0.251369435012461 
0.18266756869070036 0.16715886675995348 0.15311591188814302 
0.19933868981309333 0.029708169764681863 0.27350218016524097 
0.00904397990566687 0.14003060229251763 0.3575901353565429 
0.2952534041271499 0.17649245795318852 0.02972437889298405 
0.01880260626923079 0.29112628599491697 0.19726457944965892 
0.47026247536880356 0.03368607726836386 0.0 
0.32151780761015414 0.11199629184205687 0.06957241526497665 
0.4183847881711994 0.031300869657360376 0.05321265831572438 
0.0994094885958489 0.26183009384740535 0.14166986728082137 
0.10598246961425219 0.006290523665400594 0.3904153053238954 
0.2663241836895332 0.019924669337781684 0.21664946311696925 
0.011060418478251862 0.029543336027456225 0.4623065441822445 
0.13687282853021518 0.1252521565340405 0.2414831978271901 
0.04927054346713311 0.27570749178934123 0.17836716973351638 
0.4280811540960616 0.03326782414063409 0.04303569796311323 
0.0755158114324142 0.35537370021089604 0.07247078002516469 
0.40762465040576734 0.0035231612183647103 0.09288352145704604 
0.30040223137883126 0.00909858583849113 0.19251001723469294 
0.38712594092481556 0.028678813355487196 0.09472640051608652 
0.08522634011797464 0.16018038786092823 0.262613719124671 
0.458672828592915 0.04220061898783088 0.002580989493866612 
0.3705439035963784 0.03494644020994063 0.09632858430247977 
0.23067132132168472 0.11072275378979367 0.16160977427259718 
0.01880260626923079 0.29112628599491697 0.19726457944965892 
0.09850368418704084 0.03645624695325275 0.36907647417280787 
0.10868271779862357 0.15453920488664494 0.2411219164303374 
0.014420689259496423 0.23123137647756892 0.2623683813665085 
0.4439857215640093 0.011546634266919853 0.04904987093691721 
0.41119746066111446 0.05645475394718991 0.038653385744225346 
0.09864067941921066 0.11413860131471841 0.29222993990186974 
0.0015515185456358841 0.4986249967863127 0.005982307444532202 
0.005971414385019225 0.3774533275491463 0.12449247036483684 
0.2678283621550397 0.16009869923790332 0.07354317958037947 
0.06521828785117945 0.0014988209599897141 0.4474286890753975 
0.31170896395769965 0.023455462826564577 0.1697665146374016 
0.45353523711928423 0.007813741117411495 0.04303569796311323 
0.36069257470361116 0.03774517671008309 0.10536692112390529 
0.20459193826569191 0.23606291840240376 0.06563767274676849 
0.2593117957307058 0.12447024601484824 0.11972999302469375 
0.13697366370068143 0.3230751020964665 0.04467191878382422 
0.11270392114076051 0.015468377863040273 0.3767186489620291 
0.3160406151931726 0.02990254527705718 0.15649857209257814 
0.027899431670489902 0.324928990574004 0.1504507603389771 
0.1771097110736891 0.012717269150063675 0.3148436324726696 
2.186853074815603E-17 0.4903169323099632 0.015165371191961494 
0.08133091961604744 0.3827393137578541 0.03932879237766993 
0.09327139505189751 0.38208717761192684 0.03094702768870532 
0.00904397990566687 0.14003060229251763 0.3575901353565429 
0.08182399234826719 0.09467976189546175 0.328158183256088 
0.016720351114430113 0.4340460112101923 0.05569685860161145 
0.4116664212580667 0.09136416512565944 6.704914125547808E-4 
0.2867511022366434 0.016254775513723816 0.20183598228085664 
0.1820849630989712 0.24740904432852318 0.07365202561627167 
