8.799500146507127E-18 2.717443788725282 0.0 
1.255125006896229 0.0 0.0 
0.0 0.0 1.5395949713960295 
0.6808726362129893 0.007052640138748655 0.6243021696482866 
0.4451475921590501 0.6397476311145832 0.20693195993645866 
0.003390849426529857 2.189119779818074 0.0 
8.799500146507127E-18 2.717443788725282 0.0 
1.0670996322695663 1.6240034425722742E-7 0.4938853157437043 
0.7831596923313219 0.0029697342090992036 0.2703125787544338 
0.285126040389009 0.7920858026804944 0.09081902073012552 
0.7293828733965761 0.00276581301600046 0.32429331888227825 
0.9581419507595004 5.5916104290898594E-5 0.7064070564186394 
0.38416989748743324 0.0 0.7405915622746133 
6.412456354229413E-4 1.9671825441411452 3.040981989994211E-4 
0.002414318267778408 1.0448283526040647 0.19975014523401943 
0.022813593765006725 0.6280467020363063 0.8840681492535483 
2.4231980722549577E-5 0.36291755440297363 1.2491923153575728 
0.16425270882090812 0.44204943830330584 0.9699456266390142 
0.43696527059061124 1.2072834484025123 1.604342405594989E-4 
7.692514896637146E-4 0.5220170074265726 1.0381876526050315 
0.003672110986815418 1.7188206788537876 1.6806874739517158E-4 
0.0013905654458465613 0.7236339335901475 0.49627093472405576 
1.1589843976795113 2.2420057317891616E-5 0.0 
0.12337567361662065 0.0399002636554469 1.3699657131084113 
0.34295336173108676 1.2394918802188684 0.006625901414917579 
0.9703917479468807 0.1516062183436468 0.005453052122910936 
0.1558322381289466 0.33566159063828543 1.0484528693714619 
4.779836452843714E-18 1.476099399243565 0.08451069804554043 
1.1495089702668662 0.0 0.025429161633760407 
4.089175303031901E-4 0.7780989511590823 0.8262796061341353 
9.177814951516375E-5 1.3745430863057067 0.24752049649685978 
0.3600207118079799 0.04329539337087243 1.1585864640647812 
1.1235708296913258 2.173499699635852E-5 2.826959822367298E-4 
0.10194152868374173 0.6775344515938547 0.82730712415158 
2.7693184244205732E-5 0.41475531095093476 1.209780717569551 
0.2563658373727104 0.7247056240595346 0.18712870699099357 
0.16438170346792771 0.4994665153023157 0.7045840726847913 
0.20550607397297518 0.021222275755576097 1.4068836848334636 
0.9746688559817858 0.0017146872589895365 0.6663087147698494 
0.7632173575058963 0.034881811608837764 0.27442840481697967 
0.7207592317723915 0.01368066635901661 0.3229675756349721 
0.19148331290543208 0.034425371405278286 1.4017975370060605 
0.14392445913480667 0.38683348391298256 1.0994992898982079 
0.014330026416405057 1.56985952595897 0.002189992784202044 
8.80890414392176E-5 1.3745467754137828 0.24752049649685978 
0.11886455459379604 0.017550124659596558 1.4268344316410893 
0.2737158629267952 1.2638315627545225 0.0 
2.360389234631253E-15 2.0793794673432084 5.279970742932965E-5 
6.719734544393544E-4 0.45600376010955207 1.1042981779572765 
0.017797023375942644 2.057878870107966 5.270566609667001E-5 
1.820220759872533E-15 1.603519291894284 8.409103151898102E-4 
0.001847223928010945 1.0947744412353928 0.007755234723012607 
1.0146684468769556 0.012437022069006624 0.14243672653471456 
0.08334658890291283 0.41245485371288576 1.087489778278657 
0.011086703434847352 0.639731617428614 0.8840111343981931 
0.2596543317998195 0.7213248903626115 0.18711111335386046 
3.744362189655009E-5 0.10942034199602757 1.4609974097972522 
1.0219722128277613 0.012526545990437923 0.13482003538277987 
0.003390849426529857 2.189119779818074 0.0 
0.27119353912759037 0.753381037482825 0.1434562871892135 
4.779836452843714E-18 1.476099399243565 0.08451069804554043 
0.12337567361662065 0.0399002636554469 1.3699657131084113 
0.049359878461686116 0.006513274339420744 1.4825897606637037 
0.0029637624413341563 1.6938409944932546 6.648087412017582E-4 
0.3754881305207051 0.031090257342715557 1.1679578640950816 
0.05891058342307799 0.01905195523374517 1.4547892256591857 
0.3650402646630914 0.12611879255233063 1.0477387359001231 
0.09133785492318247 0.45200100072089944 1.0683189605857566 
0.2804879982133198 0.7903072061345308 0.0972356594517784 
0.006065700106800537 0.48603338218521164 1.0497439940155793 
0.9746688559817858 0.0017146872589895365 0.6663087147698494 
1.0219722128277613 0.012526545990437923 0.13482003538277987 
0.9581419507595004 5.5916104290898594E-5 0.7064070564186394 
0.049359878461686116 0.006513274339420744 1.4825897606637037 
0.011265466388739181 0.7917034228783287 0.30179177830888637 
0.06745518216765052 0.4463976897347733 1.103348255600663 
8.312366491178563E-4 0.059075770550679085 1.1041073584678787 
5.828225334990046E-4 0.02554938836292803 1.5124169510947487 
0.10194152868374173 0.6775344515938547 0.82730712415158 
0.008000098365191168 0.7170421443296302 0.4962531910652282 
0.015566522441521534 1.093968831293474 0.011410738428214814 
0.27119353912759037 0.753381037482825 0.1434562871892135 
0.1558322381289466 0.33566159063828543 1.0484528693714619 
0.0016758589581103824 1.2619374123915912 0.2875984678685036 
0.3754881305207051 0.031090257342715557 1.1679578640950816 
0.2031821260484018 0.023099940276948446 1.4041144288514604 
0.9651818041551073 0.15079225854058284 0.011476955717748283 
0.9651818041551073 0.15079225854058284 0.011476955717748283 
0.08404636236118866 3.762419802680924E-5 1.5279806962529152 
0.09163044240818095 0.01352905996554748 1.4557150074511545 
0.2835006111127124 0.7875703278706201 0.09695992481629635 
6.238134017821144E-4 0.02554374957901062 1.514462973601728 
0.0016758589581103824 1.2619374123915912 0.2875984678685036 
0.003630837740245194 1.6995017339899083 1.7054207152575755E-4 
0.08404636236118866 3.762419802680924E-5 1.5279806962529152 
0.003672110986815418 1.7188206788537876 1.6806874739517158E-4 
0.015566522441521534 1.093968831293474 0.011410738428214814 
0.011086703434847352 0.639731617428614 0.8840111343981931 
4.779836452843714E-18 1.476099399243565 0.08451069804554043 
4.779836452843714E-18 1.476099399243565 0.08451069804554043 
