0.739477701888971
0.7157274475030984
0.7531439323271563
0.6547319440727072
0.7203343484572117
0.0
0.7364439505739949
0.6691407002316695
0.7345937865202791
0.7438986080190505
0.7331750120227575
0.7230318206639671
0.05539510343614843
0.6979169816855981
0.6888738213898775
0.7251816618848507
0.7324263824801729
0.7444918781587972
0.7516801816739908
0.7593805429836107
0.017364613644809696
0.6982976234056785
0.0
0.6900849460101249
0.0
0.48665669093942787
0.687862026291935
0.7430097725211149
0.7364116973182177
0.6259666996668121
