0.9449084097839578
0.99691285587672
0.8032975162194418
0.9109846024778938
0.9144805883377614
0.8950602258473361
0.7818658166564552
0.9584169896546094
0.8832605022148926
0.8310551485626593
0.8693330732026517
1.0032874211879532
0.8411381035497
0.7953289620409151
0.7581142473153201
0.8643169097414802
0.7769292748282032
0.8703373215703184
0.8047930885858549
0.7743359512002446
1.0238019901549698
0.9311147837957702
0.9253543758328111
0.9739739376798935
0.7739050628279386
0.9440716088283738
0.8500419262318331
0.9413989288890324
1.5944958109889342
1.0252344229675592
