1.0 1.0 0.5004496645786626 0.5001215581710449 0.5002860326565354 0.500370174223857 0.49975816241930965 
0.0 0.22712236993107793 0.5001165979562743 0.5000962509892433 0.5001685474158722 0.4999553105919204 0.4999272601152734 
1.0 1.0 0.5004496645786626 0.5001215581710449 0.5002860326565354 0.500370174223857 0.49975816241930965 
1.0 4.8676204367858666E-17 0.5000813957178735 0.5001314902536426 0.4998099977248066 0.5995978729569581 0.4999361491956942 
0.0 0.22712236993107793 0.5001165979562743 0.5000962509892433 0.5001685474158722 0.4999553105919204 0.4999272601152734 
0.9963153274128065 7.189334133459511E-12 0.5000533680238674 0.5001312474850163 0.5001378623095203 0.5008091368437901 0.5010903552074416 
0.9965013966304335 4.8676204367858666E-17 0.5000770512910394 0.5002212248748564 0.5001428402393079 0.5995978729569581 0.4999361491956942 
1.0 0.020632509028524648 0.5004496645786626 0.5001215581710449 0.5002860326565354 0.49968614510180637 0.49975816241930965 
0.4089462997179911 7.189334133459511E-12 0.4988167993918426 0.5001312474850163 0.5001378623095203 0.5008091368437901 0.5010903552074416 
0.8815270318595191 0.9412820114518627 0.5001056542826788 0.5002426788735903 0.49994996570250344 0.4997826309262104 0.49992782486981374 
0.18391132290933626 0.008196453184180719 0.5000835291012078 0.5001120644748006 0.5001514962140198 0.49978455005773215 0.5001888498476107 
0.40491631370094416 0.6067655879965739 0.50011233060859 0.5001082339912372 0.5001722985038032 0.49993285290760775 0.5001294368156786 
0.8555316584246961 0.8522115333274813 0.5001512443329156 0.5002115073369867 0.5002260319018828 0.49993304765086166 0.499928617656933 
0.3475317147558951 0.9535027583911284 0.5003536633554034 0.500133013637805 0.5001668353053723 0.4999526029046321 0.49992034416789843 
0.9013201954165158 0.9876647109066339 0.5000770351270768 0.5002193456958904 0.500198448476909 0.499721924205939 0.49993418110564025 
0.8644714350487122 0.1957574590636063 0.5001176671335286 0.5002383300236093 0.49996052689910386 0.499778894733339 0.5001397906435607 
0.5584678070060025 0.8970743083878663 0.5001100540665794 0.499631831845218 0.500213828710473 0.4997821431866075 0.4999204541713492 
0.29796760821931656 0.011935427667772724 0.5000973896549135 0.5002133498722897 0.49997164510449527 0.49974668406067424 0.4999473865944985 
0.6797775711982886 0.9660505950955401 0.5000674179299769 0.5002122491859051 0.5002861243565314 0.4997801723901283 0.4999585396024266 
0.49145214696143463 0.9944630919152947 0.5000636780520183 0.5002505865798668 0.4999502178958965 0.4997202443460219 0.5001461739650982 
0.6657331425295764 0.40958376556380666 0.5000630112297233 0.5001423029407024 0.5002913224889434 0.4998967157037254 0.49994898174690633 
0.28596195111620143 0.11488037683708739 0.5000837595865884 0.5001351715522896 0.5001526672873564 0.49973655046536575 0.5001304381016867 
0.4326988432358144 0.4446762909109889 0.499723548583115 0.5002245033371228 0.500129659308697 0.49977303185616734 0.4999463780493919 
0.9875171208501279 0.8792883621634395 0.5001065933215112 0.5002266908878465 0.5001445833194619 0.4999631653734781 0.4999363506729565 
0.6540466488365706 0.9811331166952797 0.5000640718267424 0.5002242564043107 0.5002867010676599 0.4999589999108927 0.4999557593022171 
0.6308949202776242 0.8432792738603572 0.5000655176795274 0.50023896642247 0.5002126545175245 0.4997182268650854 0.49993758692373114 
0.7584647246389077 0.9845521590434105 0.5001125556478192 0.5002381123198755 0.5001743610306059 0.5000101828567071 0.4998936367055544 
0.661876773435126 1.0 0.5004496645786626 0.5001215581710449 0.5002860326565354 0.5003596957232036 0.4999375331486973 
0.5405329150570286 0.8262331087435791 0.5001094554511117 0.5002212410908695 0.5002322746634184 0.49993239582002746 0.4999291761509358 
0.5850040193256528 0.3607803875991706 0.5001031691462974 0.5002417720002827 0.4998348816284814 0.4996741256168191 0.4999146533501095 
0.8018669269825762 0.9812129438254567 0.5000835291012078 0.5001120644748006 0.5001518774490432 0.4997848924465517 0.5001888498476107 
0.2724962682434777 0.1825001394272565 0.5004497279700579 0.5002237254498066 0.49994867321748704 0.49978136795741396 0.4997586312860174 
0.997204328287438 0.06890951248360422 0.500342258343411 0.5002312650607438 0.4999720480901541 0.49993889483247217 0.49962209249582895 
0.4001581979186687 0.4446762909109889 0.499723548583115 0.5002281777910059 0.49995896778605203 0.49978179488220803 0.4997726016066023 
0.6065143536304899 0.9998876734862641 0.5001142728523565 0.5001140018977768 0.5001353383712228 0.49989278455549346 0.5001519393420284 
0.5583662248848055 0.006240426860591897 0.5004706147234631 0.499621933813714 0.5002119581600768 0.4997821431866075 0.4999204541713492 
0.8061911266171058 0.9954216021785689 0.5001243111298236 0.5001185655144016 0.5001767750473373 0.49988580557277823 0.49988921194366054 
0.7851160665409783 0.404576008238976 0.5001153107945749 0.5001138473115442 0.500180029416752 0.4998921342089135 0.4999378508945482 
0.9336828361908905 0.9875467133729533 0.500077550626893 0.5001497192569695 0.5002369734571223 0.4998871774123527 0.4999194812972712 
0.975192722645817 0.0695214186479598 0.5003510743943466 0.4997155248977908 0.499972618399282 0.4999402084943349 0.49962209249582895 
0.7757492197932587 0.37711812559830227 0.5000634315517556 0.5001913998097268 0.500134258425631 0.5000100792242692 0.49976591486322275 
0.9145216221966941 0.4117480363132047 0.5000645930598976 0.5001218349301744 0.4999619551912964 0.4998881927391351 0.4997638768952778 
0.6299559919502504 0.9998876734862641 0.500114308179966 0.5001138473115442 0.5001444508060997 0.4998920437414058 0.5001519393420284 
0.7674038767863582 0.5571047883067093 0.5000837181110241 0.5002212410908695 0.500176694343909 0.49993760417249805 0.4999321524702017 
0.8459295695013365 0.41856679519463846 0.5000651483632288 0.5002458216773036 0.5001738288410853 0.5000101828567071 0.4999261192308897 
0.68659620103396 0.1825001394272565 0.5000597491503197 0.5002237254498066 0.49994843483260654 0.49978136795741396 0.4999394575172186 
0.48241564096263345 0.07614214097956873 0.4995716516248435 0.5001849386243146 0.5001508198398729 0.49977655728741993 0.4999565578825914 
0.7385905787102379 0.5207508838644535 0.500075464998166 0.5002773238852767 0.49994501595934066 0.4997197231800285 0.49993569198616095 
0.9496729485236001 0.9983279238568873 0.5000824450786305 0.5001921939523756 0.500221054700232 0.4997204889968247 0.4998988105715404 
0.8949444809166692 0.0947733428906456 0.5000976696164509 0.49965940066957526 0.4998352436891248 0.4998972710315114 0.49992460846383824 
0.49145214696143463 0.9544477079835054 0.5000636780520183 0.5002505865798668 0.4999502178958965 0.4997202443460219 0.5001461739650982 
0.9496729485236001 0.999859114884586 0.5001136671032949 0.49962956653933366 0.5002320818481825 0.4997204889968247 0.4998988105715404 
0.9332420897991974 0.15329856483350784 0.5000976696164509 0.49965940066957526 0.4998352436891248 0.4998972710315114 0.49992460846383824 
0.9641783092081856 0.8772596485402187 0.5000865151514208 0.5001690728831545 0.5002347457656035 0.4997809078200355 0.5001456691459163 
0.2741594143834073 1.0 0.5004496645786626 0.5001215581710449 0.5002860184692096 0.4989349466314905 0.49975816241930965 
0.47195572709942935 0.02425982781035979 0.4995274095827185 0.5001113878251698 0.5002192250036172 0.49971190315305064 0.5001886840429804 
0.21143230629659104 0.015468629313815652 0.5000834004369382 0.5001127260855197 0.5001563866539677 0.49973584225076273 0.4999225447735667 
0.7001381924896466 0.8305631520728787 0.5001071994256876 0.5002156501054901 0.49996083490150717 0.4997474254407594 0.4999540040801778 
0.6101039513065075 0.007888003377739483 0.4995206160642427 0.5001268985209347 0.5002191940702142 0.49980732614421897 0.49994644809832417 
1.0 0.020632509028524648 0.5004496645786626 0.5001215581710449 0.5002860326565354 0.49968614510180637 0.49975816241930965 
0.7621193692486783 0.5207508838644535 0.500075464998166 0.5001258263218776 0.49994501595934066 0.5003766033192852 0.49993569198616095 
0.005000772118804286 0.22712236993107793 0.5001151771888248 0.5000935290195228 0.5001688579453828 0.4999553105919204 0.4999272601152734 
1.0 0.9459607203873085 0.5000423696387037 0.500116788238365 0.5001948875582971 0.49991119766319936 0.5001070242052682 
0.7587361580329813 0.4446762909109889 0.499723548583115 0.5001814047675819 0.5001429137680623 0.49978179488220803 0.5001523753386476 
0.1457168143293927 0.8710034438978405 0.5000640718267424 0.5002267763725208 0.5001948864394941 0.4999106551265581 0.4999489768167922 
0.9534282597901655 0.8772596485402187 0.5000866096862896 0.5001690728831545 0.5002347457656035 0.4997809078200355 0.5001456691459163 
0.7197778192916295 0.00779542841065365 0.5001221869414784 0.50022739824942 0.5002855194207106 0.4999614854177091 0.49992782486981374 
0.8949444809166692 0.010481374478684427 0.500097957257595 0.49965940066957526 0.4998352436891248 0.4998978324366902 0.4999222066251863 
0.8275969683920537 0.5139996408645291 0.4997396758524588 0.5002214384728645 0.5001607142993931 0.49993813619137484 0.4997684280660496 
0.06656196649880869 0.19355109468837978 0.5001136923763774 0.5001229086559756 0.4999491059457177 0.49979775642571533 0.5001730705747645 
0.21143230629659104 0.008196453184180719 0.5000834004369382 0.5001120644748006 0.5001504599158537 0.49978455005773215 0.49992736082293654 
0.4089767896126762 0.43598985551659925 0.4997255041524141 0.5002246317959251 0.4998318599394746 0.4997810596729178 0.4998961473843957 
0.1191456468619281 0.9843158756694339 0.5001066372882496 0.5001814117578937 0.5001510571093645 0.49977655234321444 0.49993151697802046 
0.9988276235468992 0.9991471975634989 0.5000830249149049 0.5001981191936715 0.5001511967795009 0.4997262138123853 0.5001255472516639 
0.3290364062454655 0.41856679519463846 0.5003506892334842 0.5001312474850163 0.5001738288410853 0.4999125195378054 0.4999261192308897 
0.8001674801893807 0.07390227814586267 0.5000463791245663 0.5001341845463873 0.5001766851296092 0.4998877671264278 0.5001070507872291 
1.0 0.998777726543696 0.500066816903994 0.5001215581710449 0.5002866812522548 0.5003788447803741 0.49975816241930965 
0.4249357844279896 0.07390227814586267 0.5000443476887012 0.5001155028487092 0.5001909937836528 0.4998877671264278 0.5001070507872291 
0.33099024218099143 1.7346563992949757E-10 0.500125748515468 0.5001312474850163 0.5001675929090037 0.5008091368437901 0.5001522403364719 
0.7817128592636405 0.36070958591572655 0.500076807525624 0.500220517770115 0.500160325254637 0.4997055796916896 0.49993753589262707 
0.5541147151454408 0.86153975622005 0.5000837181110241 0.5002212410908695 0.500176694343909 0.4999376460024103 0.4999321524702017 
0.3290364062454655 0.41856679519463846 0.5003506892334842 0.5001312474850163 0.5001738288410853 0.4999125195378054 0.4999261192308897 
0.6313352447871206 0.026491928408782117 0.5000824904012751 0.5001402225782129 0.5001712812681086 0.4998967157037254 0.49994537156054236 
0.8378364857041356 0.37711812559830227 0.5000634315517556 0.5002435046372082 0.500134258425631 0.5000100792242692 0.49976591486322275 
0.7202465486793728 1.2082655776961748E-4 0.50046882484723 0.49962191890502894 0.49996364655032477 0.4996852009431743 0.49993040050670884 
0.5654352777882464 0.8639170979062657 0.5000707239030965 0.5001848482862261 0.4999459445440702 0.4997172848809136 0.4999229459684458 
0.1457168143293927 0.8742339441313832 0.5000648563405822 0.5002262682473541 0.5001948864394941 0.4999027349686954 0.4999491391409482 
0.8104570502715545 0.025297673130728133 0.5001122131042206 0.5001338763588001 0.4998362608571636 0.4999169467301937 0.49993696240843816 
0.5352740497901615 7.189334133459511E-12 0.4995261398804197 0.5001135474808649 0.4998659356219488 0.5007737457465028 0.5010499261447743 
0.26744487010455376 0.5853700203039989 0.5000960008625916 0.5002773238852767 0.49994437938152964 0.5000138279472252 0.5001562892480046 
0.9998505724520839 0.5542569975697865 0.5001169955025956 0.5002319152244669 0.4998370274430267 0.499894441336893 0.4999303835422085 
0.7142103621128165 0.95309872185742 0.5003474503686983 0.5001154942127116 0.5001713330614033 0.4998810364641504 0.5001070507872291 
0.6101039513065075 0.09220946414691619 0.49952032842309857 0.5001268985209347 0.5002191940702142 0.4998067647390401 0.49994884993697614 
0.9478562879118494 0.09832192998773659 0.500109556292821 0.5001814117578937 0.5002475149189317 0.4997764840848866 0.5001405619223637 
0.9897126754818444 1.0 0.500077256802081 0.5002191829685664 0.500148142304218 0.500370174223857 0.49974759448221134 
0.6065143536304899 0.2446603770211902 0.5001038689945561 0.5001120976221228 0.5001721506768609 0.49989278455549346 0.5001635727964397 
0.577773443240744 1.0 0.500104475963499 0.5001182192869786 0.5002860326565354 0.4997946968059503 0.4997620469241413 
0.7499667256086151 0.5760840717486153 0.5000771029425058 0.5001214610691652 0.49994437938152964 0.4997197231800285 0.4997604465527795 
0.9985180628684953 0.07390227814586267 0.5000463791245663 0.5001153595167892 0.5001767750473373 0.4998877671264278 0.5001070507872291 
0.7142103621128165 0.95309872185742 0.5003474503686983 0.5001154942127116 0.5001713330614033 0.4998810364641504 0.5001070507872291 
