0.0 0.9366226424853349 0.5000142109397838 0.5001275916240673 0.500038531624139 0.49998733910558557 0.4999187538255254 
1.0 1.0 0.49997707321153784 0.5001364982051831 0.5000629358811698 0.5001049119019645 0.49995175237426726 
1.0 4.460080675804893E-17 0.500064756443096 0.5001286129808306 0.500060712884039 0.4999155429112576 0.49992102850890824 
1.0 1.0 0.49997707321153784 0.5001364982051831 0.5000629358811698 0.5001049119019645 0.49995175237426726 
0.0 0.9366226424853349 0.5000142109397838 0.5001275916240673 0.500038531624139 0.49998733910558557 0.4999187538255254 
0.7255006158013729 0.42687505780063706 0.5000026583025973 0.5000263009108058 0.5001994027607286 0.4999864960173091 0.49991989049665353 
0.33062193169056897 0.7013955110036285 0.5000693732909478 0.5001517222764938 0.5000628688778446 0.49995083276113184 0.49993747977936426 
0.9309535806982364 0.10912859517747822 0.5001105023100733 0.5001039867109828 0.5000429152638214 0.49965900256966 0.4999416296876557 
0.17821671770504902 0.48141160226456137 0.5000075162278965 0.5001398377855708 0.5000630341517682 0.4999888171703226 0.4999399133431259 
0.6238079606997022 0.016659275611713154 0.5001135246350412 0.5001214477179395 0.5000664100577057 0.4999516779785276 0.4999183521254313 
0.6786075008820192 0.42687505780063706 0.5000182826449616 0.50010282538551 0.5000528488248074 0.4999840740651021 0.49991993352707614 
0.887817356924111 0.42687505780063706 0.5000633691977838 0.500127473898462 0.5000529716549222 0.4999840740651021 0.5002727112976658 
0.9711546629242517 0.701183476407337 0.5000695815191307 0.5001169881590959 0.5000801484878004 0.4999503045318898 0.49993773201997177 
0.9854338935186575 0.9883839655531714 0.5000086428775201 0.5001364982051831 0.5000629358811698 0.4999141146661126 0.49995175237426726 
0.9616912952643422 4.460080675804893E-17 0.5000651242459181 0.5001308254808361 0.5000611355244619 0.4999174498889875 0.4999204571571143 
0.5808478820723149 0.2960941904943909 0.5000886507100583 0.5001274818109113 0.5000702305419621 0.4999893846273289 0.49992294925634084 
0.8703562289915127 0.48265927044662044 0.5000680401379686 0.5001242227038261 0.5000628560644576 0.49990752188409376 0.4998230890150265 
0.22334514965147095 0.06906134184035917 0.5000643844105841 0.5001277403803578 0.5000543451476399 0.49999051351822027 0.4999367613024906 
0.5323222919444119 0.9155671471118357 0.5000652422658878 0.5001367245287617 0.5000626994282434 0.4999864193256354 0.49994343240538625 
0.875224854957487 0.021747366225514403 0.5003676134387379 0.5001280021616379 0.5000615507492528 0.49998894921032183 0.4998230890150265 
0.9226009338088994 0.818372545131949 0.500064278845138 0.5001267982271868 0.5000699241754782 0.49990046950740413 0.499834456051281 
0.6354376224837057 0.15312230411540048 0.5000675681220216 0.500139614868 0.5000561468865029 0.49994938907592534 0.49994003964821226 
0.9018200857996643 0.29773727022903923 0.4998643868156747 0.5001269133650155 0.5000660600897626 0.4999881843559064 0.4999074475342464 
0.6764327545955022 0.4465331031050286 0.5001165957110654 0.5001278156487979 0.5000510632929335 0.4999884082241298 0.499834456051281 
0.13293458640111727 0.9769234411544601 0.4999803898286558 0.5001004386879515 0.5000566708893057 0.4996537060224361 0.4999400255068701 
0.8322607966296177 0.02913332488335351 0.5000641540832884 0.5001286129808306 0.5000605267805958 0.4999155429112576 0.49992054824269366 
0.42654933028228736 0.2981408720990491 0.5000177353373874 0.5001239152552356 0.5000704164124194 0.4999865881539819 0.4998284985843053 
0.3948470630039276 0.8450785194080532 0.5000688650100248 0.5001275259703285 0.5000570690335886 0.5000936625436145 0.4998340119279588 
0.7970190074881044 0.8362213192703067 0.500064278845138 0.5001267982271868 0.5000699241754782 0.49990046950740413 0.499834456051281 
0.45512836778310245 0.8049985968712187 0.5001157416062416 0.5001285533916678 0.5000699316452519 0.49990046950740413 0.49983851216744984 
0.7442826638036795 0.08479013890716672 0.4999841616746296 0.5001282094091297 0.5000733591603945 0.4999855726869796 0.49986831281746397 
0.15272014784156912 0.003675011138076889 0.5000035483357873 0.500131996184102 0.5000711041543728 0.4999505585112089 0.4999187237993662 
0.7603849430196402 0.7277921485260207 0.5000040152093292 0.5001275969726833 0.5000561879993362 0.5001046821348172 0.499834746472345 
0.7142764035522298 0.9900413813837033 0.5000035431821609 0.5001319169064554 0.5000707816081409 0.499906471785786 0.49991838720381976 
0.5564450781911412 0.7332412791898939 0.5000012882216606 0.5001318936697977 0.500070832229222 0.4999527684995238 0.49983492520589456 
0.983765965887649 0.12022287626083938 0.5000612565528677 0.500021059088825 0.5002023041770466 0.499926250896536 0.49994973835507567 
0.80095288317753 0.08625328144859493 0.4999850967213381 0.5001037991421621 0.5000421061509444 0.4999835934664562 0.4999349969087849 
0.80095288317753 0.033060158996942285 0.5000033466498105 0.5001037991421621 0.5000421061509444 0.4999835934664562 0.5002727112976658 
0.9703341430430217 0.05427594112466433 0.500064472419755 0.5000246312369956 0.5000610542882504 0.49998897608296683 0.4998477445213641 
0.9226009338088994 0.7076055944703477 0.5000642322843516 0.5001267982271868 0.5000699241754782 0.49990046950740413 0.49983426387831104 
0.7732609627743159 0.9310281735351342 0.5001159308709866 0.500130478544994 0.5000708844242601 0.4999082674891782 0.4997623276420056 
0.3506089458815296 0.7013955110036285 0.5000693732909478 0.5001517222764938 0.5000628688778446 0.49995083276113184 0.49993747977936426 
0.7498940968858137 0.6756746473891253 0.5000024818060141 0.5001240518714251 0.500070832229222 0.49994992711688235 0.49991736807277803 
0.5010863955716062 0.8695188415826111 0.5000645290800688 0.500104270654043 0.5000192668363511 0.4999513296212782 0.49985426440461594 
1.0 0.0834750393583628 0.5000614818663478 0.5001306214166789 0.5000611710989036 0.49998872931882965 0.4999204842998649 
0.9220154714127532 0.4813281320759104 0.5000633691977838 0.5001407552080444 0.500034102261949 0.4999865731617044 0.5002627856799209 
0.5010863955716062 0.9453116501623477 0.500062637131353 0.500104270654043 0.5000192668363511 0.4999508358624268 0.49985426440461594 
0.69555971435231 0.522166280702555 0.5000633174053754 0.500127473898462 0.5000431633617727 0.4999508798100406 0.49992745578652675 
0.45577016661876574 0.8702965418541608 0.5000692233880236 0.5001037860307798 0.5000628688778446 0.4999507514961019 0.4999377679829088 
0.29422728094754735 0.06066748450546394 0.5000000716464784 0.5000234352157137 0.5001983042544478 0.49999054694302086 0.4998340749559168 
0.9407255377003212 0.6258738610342451 0.5000671113131457 0.5000825860477559 0.5000162021319221 0.49998845946062187 0.4999437055847649 
0.6110664067045226 0.06066748450546394 0.5000612565528677 0.500021059088825 0.5002023041770466 0.499926250896536 0.499850711121483 
1.0 0.9331557217654772 0.49997707321153784 0.5001364982051831 0.5000705562276698 0.49990013635459285 0.49992332676520523 
0.8617088448413548 0.7416547881981796 0.49999842453437 0.500139614868 0.5000580005466991 0.49995066760784346 0.4999227685431495 
0.8941880364131953 0.9303938893481596 0.5000194574797882 0.5001275916240673 0.500038531624139 0.49993212158678096 0.4999187538255254 
0.7182994525981776 0.2751899111484129 0.5000632435716375 0.5001274818109113 0.500054293689194 0.4999893846273289 0.4999215639273987 
0.22334514965147095 0.9439711770244517 0.5000624924618682 0.5001274022330597 0.5000543451476399 0.4999904871527085 0.4999364080083485 
0.5691982729669522 0.9303938893481596 0.5000194574797882 0.5001275916240673 0.500038531624139 0.49993212158678096 0.4999187538255254 
0.0807375681341973 0.2723989102213931 0.5000632435716375 0.5001274818109113 0.500054372807083 0.4999893846273289 0.4999215639273987 
0.5204938957887376 0.522166280702555 0.5000648618834196 0.500128631991283 0.5000526515406732 0.4999508798100406 0.4998970343208245 
0.6456364976456599 0.15161191872013302 0.5000668878036256 0.5000248456563063 0.5000561878554751 0.49986667000116414 0.49991138997650864 
0.9146768329931084 0.9278901098517964 0.5000024818060141 0.5001240518714251 0.5000375046573294 0.49998286719463947 0.499834746472345 
0.8560260290199934 0.17525562677173281 0.50006123815735 0.5001314176890441 0.500062808598449 0.49995068087178113 0.4999185645029503 
0.8157187552423721 0.9914309133631348 0.5000659749324335 0.5001281180727346 0.5000707816081409 0.49990841514535067 0.49991838720381976 
0.6165221863292395 0.9706023850912731 0.5000632993739251 0.5001015697212142 0.5000223709759591 0.4999882706590789 0.4999264983724026 
0.8144552009683612 0.9310281735351342 0.5001159221585668 0.500152562287833 0.5000708844242601 0.4999082163061298 0.4997623276420056 
0.48306466674336435 0.3472860781767213 0.5000622102622121 0.500127351600843 0.5000660826826568 0.4999889762926239 0.49976199341573957 
0.9948734397717025 0.9157459450253096 0.5000635068106505 0.5001015697212142 0.5000563913789096 0.49998829389179156 0.49986840729073684 
0.8080411500907059 0.913816837456843 0.5000165160203967 0.50010282538551 0.500030169510208 0.4999840740651021 0.49991993352707614 
0.678710661020811 0.6756746473891253 0.5000181168211746 0.5001015866340015 0.500070832229222 0.5000890720602779 0.49991741110320065 
0.6110664067045226 0.06066748450546394 0.5000612565528677 0.500021059088825 0.5002023041770466 0.499926250896536 0.499850711121483 
0.2677583002292425 0.7298735510219271 0.5001097027762392 0.5001321675069429 0.5000581579223835 0.4999501595923523 0.4999257879214369 
0.5219096621599311 0.41289386799508443 0.5001176841756326 0.5001286685294964 0.5000528443249588 0.49998411580388397 0.4998973344617452 
0.48354759564821703 0.058703716641779286 0.5000622102622121 0.500127351600843 0.5000660826826568 0.4999889762926239 0.49976199341573957 
0.9027911243503141 0.9746524388023814 0.4998688397199197 0.5001269133650155 0.5000660600897626 0.49998717608816956 0.4999074475342464 
0.9236560177937755 0.8792804734294368 0.500064278845138 0.5001267982271868 0.5000699241754782 0.4998934477728453 0.499834456051281 
0.42133741729714014 0.4635821640103972 0.5000184463402456 0.500124092425934 0.5000709261494622 0.49999202964894246 0.4998270969794269 
0.9881809677608366 0.0031019420106243867 0.5000633915370978 0.500126242543165 0.5000635313761216 0.5001067430584604 0.49983572974240537 
0.7548961378935309 0.015573889037250821 0.5001133557732624 0.5000255269095005 0.5002028611908047 0.49998998746738027 0.49984055010320017 
0.8533448775791027 0.6258738610342451 0.5000671113131457 0.5000825860477559 0.5000162021319221 0.49998845946062187 0.4999437055847649 
0.12976301485962666 0.9775346835812107 0.4999978752096294 0.5001275165422263 0.5000566708893057 0.49965332197005935 0.4999400255068701 
0.6637827062857091 0.9300180420350451 0.5001174441575936 0.5001274074254073 0.5000708844242601 0.4999053675836866 0.4999229928452434 
0.9146768329931084 0.9830632742543918 0.5000024818060141 0.5001240518714251 0.5000375046573294 0.49998286719463947 0.499834746472345 
0.7908575944856057 0.9052670672491256 0.500064278845138 0.5001267982271868 0.5000699241754782 0.4999016408966194 0.499938709356085 
0.8703562289915127 0.46429066914787687 0.5000680273764695 0.5001242227038261 0.5000617746173407 0.49990752188409376 0.4998230890150265 
0.7622102655811862 0.6756746473891253 0.5000024818060141 0.5001238705137127 0.500070832229222 0.5000914940124849 0.49991736807277803 
0.9114918010128481 0.29773727022903923 0.49986462292146877 0.5001269133650155 0.5000660600897626 0.49998765990599725 0.4999058916858475 
0.2538613526746676 0.8793157493212977 0.4999980031958827 0.5001304214263587 0.5000707981626503 0.4999905416550206 0.49983442419874663 
0.6885239382996217 0.9135622590820655 0.5000142109397838 0.5001275916240673 0.500038531624139 0.49998733910558557 0.4999187538255254 
0.7010590432795734 0.07907365141676959 0.5000654762567299 0.5001364560038025 0.5000533274211768 0.49995315431659343 0.49992745578652675 
0.3761403486712244 0.9330059976981482 0.5000024818060141 0.5001278360683864 0.5000563914123457 0.49998549540990894 0.49983398498481635 
0.9699982153936992 4.460080675804893E-17 0.5000647627670579 0.5001306214166789 0.5000611355244619 0.4999155429112576 0.4998470529447481 
0.9218735230586664 0.17525562677173281 0.5000643210877962 0.5001314810227214 0.5000627171430663 0.49995068087178113 0.4999185645029503 
0.9388767817951104 0.19621271270910567 0.500064278845138 0.5001267982271868 0.5000699241754782 0.4998934477728453 0.499834456051281 
0.29422728094754735 0.06066748450546394 0.5000000716464784 0.5000234352157137 0.5001983042544478 0.49999054694302086 0.4998340749559168 
0.3497465156935735 0.4635821640103972 0.5000621911907065 0.5001013743190278 0.5000567933549173 0.49999202964894246 0.49982743635604465 
0.8900278316365174 0.037093165133712525 0.5001116161870499 0.5001239521903142 0.5000702762173951 0.49992728487766513 0.499834456051281 
0.9986688704032792 0.818372545131949 0.500064278845138 0.5001267982271868 0.5000699241754782 0.49990046950740413 0.49995024426203005 
0.6001995906829649 0.9463549168273383 0.4999823735249001 0.5001281990418304 0.5000699875493896 0.49998832409085986 0.4998349135729355 
0.8536170002758124 0.4239522786117339 0.50006123815735 0.5001314176890441 0.500062808598449 0.49998379568051093 0.4999185645029503 
