1.0 0.0 0.5000185462427613 0.500003071356568 0.4999993625661653 0.4997945131970318 0.5000483703298646 
1.0 0.9999999999774011 0.4998686463061694 0.4998846421761891 0.49994717959945656 0.4997596144107156 0.4999665550819927 
0.0 0.9864533155576172 0.4998670486948663 0.49992684960259154 0.4998791885424436 0.4998097674103 0.5000252033302035 
0.0 0.9864533155576172 0.4998670486948663 0.49992684960259154 0.4998791885424436 0.4998097674103 0.5000252033302035 
1.0 0.0 0.5000185462427613 0.500003071356568 0.4999993625661653 0.4997945131970318 0.5000483703298646 
0.2118252813093482 0.9178889263569406 0.5000640300105635 0.4999733191170282 0.49991314079886023 0.4998112324902304 0.4998655065990635 
0.823571627279635 0.215284353769559 0.4998663682805529 0.4999266201152302 0.4999477285251802 0.49976108444271017 0.4999676297271141 
0.48261378644295644 0.02221097604141503 0.500131057325992 0.4999267959403145 0.4999928079790195 0.4997618769099135 0.5000418056397682 
0.6210596265600112 0.18511653496185837 0.49986701837444897 0.5000901114877487 0.49989356357301157 0.49975888774890825 0.4998627721757349 
0.852885171843615 0.18471250115968807 0.500008812866834 0.5000992370045453 0.5001201602024402 0.4997953806560457 0.49986691856148946 
0.8735081742638756 0.736331009779731 0.5000135467142849 0.4999872805280124 0.49991812489783244 0.49978720433198653 0.49986737233162193 
0.8479040819648686 0.014655705706391353 0.4998407188177648 0.4999922806761275 0.5003807403273656 0.49978565488148785 0.4998659398886628 
0.08852186062144946 0.7713674226806243 0.49984525321329365 0.500075274349179 0.49986985601082784 0.49978419346390945 0.4998979425325766 
0.9060205232539222 0.7174596471613591 0.499845265399185 0.499982157275154 0.500007154014509 0.49979439749972315 0.49986550329325347 
0.15251528979025664 0.2277698319756173 0.500067123340087 0.49988884232184194 0.4999477285251802 0.49976108444271017 0.499862350747157 
0.6824206078573658 0.7859092529305078 0.4997901019388852 0.49998002940220565 0.5000075015644063 0.49981571770405797 0.4999684088944793 
0.5728845111944442 0.2900019350037977 0.5000216346499021 0.4999893409010646 0.49987841969535546 0.49980111980944136 0.5000251896720648 
0.9475403459602314 9.271668677822247E-4 0.4998703028396092 0.49997734600062055 0.5000007852915885 0.4997866108257225 0.5000418056397682 
0.5391584919700949 0.626877938953776 0.49984325019740167 0.4999796473652306 0.49989468823240013 0.49976063438040325 0.5000327896716534 
0.7939113522288965 0.2972015292237342 0.5001413291302998 0.49991572056674527 0.49998160568406963 0.4997866017791107 0.4999821686186393 
0.34018130545137715 0.9701111003511083 0.5001744988162781 0.49999285382650754 0.5001215097161443 0.4997827279098993 0.4999840732290296 
0.03547670100204775 0.05864980044272382 0.500024615061635 0.4999777839578041 0.5000217056645156 0.4997867507623361 0.49986496717526724 
0.48033094344679944 0.8206653088307225 0.5001407035165392 0.49992202603133024 0.5000078220437395 0.4997934358052013 0.4998736088387312 
0.9301395168502417 0.8371957871147889 0.4999159313268034 0.49991591274944785 0.500128706046636 0.4997861345044082 0.4998651387465795 
0.43842086155545545 9.271668677822247E-4 0.4998703028396092 0.49997876716861556 0.5000007852915885 0.4997608995645903 0.5000418056397682 
0.5418136577903279 0.6861375212746549 0.5000204840570486 0.49999042140257943 0.49989337005129186 0.49980694188740077 0.500050163380642 
0.6472154084851717 0.08526210851758581 0.5000179682741783 0.4999796473652306 0.4998933538361876 0.4997600072889852 0.5000474471810152 
0.7387702334603664 0.0 0.500019011938193 0.5000049137177872 0.5000115499936152 0.4997945131970318 0.5000483703298646 
0.968366711749734 0.07083756413568332 0.500079811147205 0.5000863097044287 0.4999071242196467 0.4997849617074587 0.500043275713731 
0.9437286411906632 0.626877938953776 0.49983318924863723 0.4999796473652306 0.49987048957325153 0.4997606393448979 0.5000327896716534 
0.957016030054836 0.6567984839388468 0.5001413555215121 0.4999260715967809 0.4999214838371542 0.49977773418267796 0.49986196778324427 
0.14754087522081635 0.8306612571459269 0.5000599290549294 0.4999785547049676 0.4999474175076369 0.49979441072311764 0.4998622896066744 
0.9210753885618488 0.9432949573517337 0.5001292966880766 0.49992684960259154 0.4999113942057325 0.499809412849512 0.4998634405118677 
0.48195304853848314 0.19555605154880373 0.5000746046082527 0.4998802664574584 0.50029139446777 0.49979636030979463 0.4998636410131641 
0.5305328051134693 0.05864980044272382 0.4998703028396092 0.4999778150319209 0.5000007852915885 0.4997608995645903 0.5000344198459326 
0.5493147491002051 0.823720951955675 0.5000161485212014 0.4999798589962018 0.49988892507378957 0.4997600072889852 0.49988476614879296 
0.9060205232539222 0.029306162771109867 0.499845265399185 0.499982157275154 0.49990606165544127 0.499794394751446 0.4998878178031396 
0.641673600066575 0.7427522826744338 0.5000536600849419 0.4999129221976422 0.500128855585469 0.49978641034757204 0.49986518090385906 
0.40660256216841195 0.706508669894847 0.49981250161928537 0.5000026458612863 0.49998037380627414 0.4998012309769169 0.49997798569804697 
0.6711492673926166 0.20543370864545113 0.4998848110778197 0.5000901114877487 0.49989356357301157 0.49975888774890825 0.4998627721757349 
0.2698390450803472 0.295010896770021 0.4998574092054264 0.5000983111958575 0.49995781312949866 0.4997839503797227 0.499862386734916 
0.7622650857916917 0.9178889263569406 0.5000725933984146 0.5003790634069747 0.5000401908500409 0.4997922310198505 0.5001637415209851 
0.9628377535810397 0.9349751341931543 0.5000181314906407 0.49998656614624853 0.5000229144612721 0.4997869353725357 0.4998654774364 
0.8466003190026707 0.5681857921755212 0.4998571106045057 0.49985529104177695 0.49995524752559345 0.5001793680509642 0.49986257460356454 
0.7076338598115712 0.12376925678036904 0.4998731822746288 0.49973884139329616 0.49988904839035975 0.49977954581165235 0.49989709973643776 
0.9018771401064595 0.1870417418435576 0.5000224149022454 0.4999808945197677 0.49986331968597353 0.4997950882340649 0.49987724235953984 
1.0 0.9942183459020556 0.4998667011442951 0.4999777506435377 0.49994482007715696 0.4997596144107156 0.4999694743327193 
0.9861683729793169 0.7649645841172461 0.4998692328792589 0.4999792005855437 0.49991136512538603 0.4997905179096078 0.4998641228838781 
0.9816149381641719 0.21116623192492495 0.4998848110778197 0.4998924374319965 0.4999447255887131 0.49975888774890825 0.49986232891774196 
0.9261956904625301 0.709451178895268 0.49984609450150697 0.49991094672973013 0.5002433811967683 0.4997956411062201 0.4998655080042547 
0.5374588877306438 0.6479158382012276 0.49984325019740167 0.4999807860685118 0.5003667222358612 0.49976063438040325 0.4998684329236737 
0.9996658374250744 0.0 0.5000185462427613 0.5000039928218222 0.4999993625661653 0.4997945131970318 0.5000483703298646 
0.9808047348998473 0.5726570711799968 0.4998571106045057 0.49986287008785757 0.49989423271152694 0.5001354906869921 0.4998668917956785 
0.10595577718636066 0.7905811737857049 0.4998670486948663 0.49992684960259154 0.49991135173629525 0.4998097674103 0.49986803961673965 
0.8042252589975395 0.16240854807684818 0.500061635948455 0.49997960760908167 0.4998889576469735 0.4997608177512626 0.4998941400472233 
0.5493147491002051 0.8160977159919285 0.5000161485212014 0.4999798589962018 0.49988892507378957 0.4997600072889852 0.49988476614879296 
0.7100039781700693 0.7386345748189269 0.5000722258996347 0.49998079871776635 0.50001600773368 0.4997871658812988 0.5000241592986256 
0.8535316768703446 0.04606342492978105 0.49986365483297895 0.5000980238262616 0.4998968263146509 0.49980398960608213 0.49986691856148946 
0.9210753885618488 0.9496180682911708 0.4998670486948663 0.49992684960259154 0.49988902488201586 0.4998097674103 0.4998634405118677 
0.6080112668495454 0.6861375212746549 0.499855607944696 0.49989354349315107 0.5001066736330205 0.4998051899595551 0.4999668816087835 
0.968366711749734 0.04642012171099429 0.5000917645067351 0.5000980524607588 0.4999071242196467 0.49975938070282405 0.500043275713731 
0.4508630326604962 0.709451178895268 0.5000181314906407 0.5000054322013673 0.5000058279453666 0.4997609403264428 0.5000234616753445 
0.9998636785512182 0.9239371808967571 0.5000861971605646 0.4999940812507278 0.5003822310009796 0.4997601893300791 0.4999677558675494 
0.28045122848637977 0.7090209287565045 0.5000144747434605 0.5000158810351071 0.5000430588666317 0.49980132493231066 0.5000149541728977 
0.9823212760539919 0.6166013282661157 0.4998292051982853 0.5003730332206784 0.49999759650810355 0.4997985257695352 0.4998589176342018 
0.31138829071590807 0.9853661593569033 0.5001742326762967 0.500003071356568 0.5000203377500144 0.49978268160927225 0.5000483703298646 
0.5197244919674996 0.20180832241818625 0.4998730688759484 0.4999781087409346 0.49988130882355275 0.4997767126608147 0.4998699010573461 
0.8535316768703446 0.04606342492978105 0.49986365483297895 0.5000980238262616 0.4998968263146509 0.49980398960608213 0.49986691856148946 
0.8924441448145896 0.7870996470619638 0.49992352183740324 0.49998352165665205 0.49986128693886767 0.4997945374819134 0.49986242702574224 
0.9648317171573344 0.9239371808967571 0.5000781254795735 0.5000148617111977 0.5004274520650681 0.499760189791748 0.4998624646188849 
0.7042912295172674 0.23868205835245854 0.4998663682805529 0.49988884232184194 0.500006644060896 0.4997605332537647 0.4998697950229324 
0.5069010662893526 0.626877938953776 0.49984325019740167 0.4999796473652306 0.49989468823240013 0.49976063438040325 0.5000327896716534 
0.9465321100860568 0.5614708260974413 0.4999277844040575 0.499925738888552 0.5004707267823819 0.49978636781013547 0.4998624646188849 
0.9356101633682311 0.177281033744064 0.5001431422189123 0.4999810576619951 0.4998698033021075 0.4997842116704465 0.4998947491648296 
0.9566057946691731 0.9399110865394007 0.5000181314906407 0.5003966232599072 0.5000229144612721 0.49978690456386377 0.4998627396811837 
0.730426426375867 0.8215270845737611 0.5000722258996347 0.4999212007759477 0.5000116196871615 0.5001259044651917 0.49986700122115585 
0.9974201814879592 0.5708037802061272 0.4998571106045057 0.49986287008785757 0.5002354891715101 0.5001793680509642 0.4998670734977928 
0.26824685129093623 0.9239371808967571 0.5000781254795735 0.5000148617111977 0.5004274520650681 0.499760189791748 0.4998624646188849 
0.8031873886644203 0.16240854807684818 0.500061635948455 0.4999796147498942 0.4998930323316199 0.4997608177512626 0.4998945948682844 
0.3822870983067344 0.7064595670945157 0.499922427299632 0.5000026620926545 0.49999447125351426 0.499794492479306 0.49986777627830237 
0.8310387603027434 0.9536552877893182 0.4998445435113082 0.5000870370327997 0.5002188822254124 0.4997853374365023 0.49997189718377033 
0.23955961380299057 0.8413021995253067 0.4998452596974896 0.5000980852372885 0.4999514138819312 0.49979433594455136 0.4998623855318432 
0.36655157614084977 0.17097880984315544 0.4998377562576701 0.5000870370327997 0.5000211633577808 0.4997657915896593 0.4998620717372549 
0.4069129727423214 0.7174113534311508 0.49986679253975297 0.5000026620926545 0.49999447125351426 0.4997590982995182 0.49986777627830237 
0.7786915764304806 0.2077836203785159 0.5000613884749483 0.4999703885141211 0.4999116400011877 0.5001372510696611 0.49986198651533253 
0.8335264458430129 0.9939484295397013 0.4998645084689225 0.4999988802840715 0.5002234548455472 0.4998086566681672 0.4999699696770901 
0.9396580887056085 0.7859092529305078 0.4998323129981549 0.49997964432144903 0.5000075015644063 0.49981571770405797 0.4999684088944793 
0.9602882798592783 0.709451178895268 0.5000181314906407 0.5000040110333723 0.5000058279453666 0.499786651587575 0.5000234616753445 
0.32729972304497923 0.7018947253637594 0.5000749886271371 0.500114028264821 0.49991432615377585 0.4997951767118266 0.4998624646188849 
0.7880411382518793 0.2972015292237342 0.5001413315312906 0.49991572056674527 0.49998160568406963 0.49978596793541313 0.4999821686186393 
0.36655157614084977 0.5689025163502587 0.49983776122215995 0.5000870370327997 0.5000211633577808 0.4997657915896593 0.49986259754963136 
0.8578337337024728 0.8095016413862431 0.49984910588821657 0.4999798589962018 0.49988892507378957 0.49974916162002425 0.4998836530409889 
0.7975729968509798 0.626877938953776 0.49984325019740167 0.4999796473652306 0.49989468823240013 0.49976063438040325 0.5000319902914693 
0.8321915189720972 0.9701111003511083 0.5000149216138152 0.4999872968152961 0.5001215097161443 0.4997868345428817 0.49986504817612765 
0.03547670100204775 0.21631449205173964 0.4998703028396092 0.49988302262037 0.5000007852915885 0.49976107747381454 0.4998530148961655 
0.006513076151159092 0.9814029687081238 0.5000790377250875 0.4999263408345625 0.5000162290021496 0.4998097674103 0.5000252130402669 
0.8335264458430129 0.9932643706501706 0.4998670570668862 0.4999988802840715 0.5002234548455472 0.4998086566681672 0.4999699696770901 
0.7175124671718283 0.721688156038752 0.49986023686941344 0.49998130748579545 0.4998789672739741 0.4997871658812988 0.5000241495885622 
0.30735643802664836 0.703382699885226 0.49984267031288226 0.4999733191170282 0.4999132834313311 0.49980436129247324 0.4998655065990635 
0.6716334339433676 0.20543370864545113 0.49988481090590475 0.4998860069648385 0.49989356357301157 0.49975888774890825 0.49985637607839867 
