0.9991823707289093 7.644703164672706E-18 0.499572327467931 0.6030467956686463 0.4986789459167707 0.5003789307156022 0.5001056360835989 
1.0 1.0 0.4995725899408521 0.6005564545460802 0.5003982348059497 0.5004210092823215 0.5001097556018967 
0.9988874321929672 4.517339130147353E-16 0.499572327467931 0.5998178755421376 0.4986789459167707 0.4995014185346884 0.5001426902661771 
0.29849202177838535 1.0 0.49958239124005027 0.5999308197942056 0.5004115891313331 0.5004029212929565 0.5001925252648922 
0.4230195036033919 0.0030495445696947406 0.49955679177233814 0.5999821619099419 0.5002810598410776 0.5001058861899016 0.5000550191372262 
0.7649953721061274 0.9820983087010557 0.5003886703925773 0.49917901255961566 0.5004106576312032 0.5000869171629045 0.5001084166806973 
1.0 0.3145586845480406 0.5003992376565857 0.6005752760672302 0.5004093308476222 0.5001074058056098 0.500204960398037 
0.3482727283900596 1.0 0.4994280256937707 0.5999153714227607 0.5003963276739808 0.5004062559220837 0.5001922657107715 
1.0 0.20332627707773893 0.499528037546299 0.5022066207603142 0.5004175750215896 0.5004087219850358 0.5001919614243491 
0.9999349871621963 0.6188903380652023 0.49952997270060734 0.497878204755676 0.5003967315735486 0.5000749407912632 0.5001442302320146 
0.48621192755501547 1.0 0.4995729760860047 0.600577055851088 0.5003982348059497 0.5004210092823215 0.5001925034870055 
0.5909247646472661 2.9367496694176E-4 0.49953340296064336 0.6004701237428511 0.5003398139410894 0.5001101326378844 0.5000675531345555 
0.5726063406474221 2.9367496694176E-4 0.49955860016407505 0.6004701237428511 0.5003398139410894 0.5001101326378844 0.5000675531345555 
0.37050787088848813 0.9820983087010557 0.5003886703925773 0.49917901255961566 0.5004106576312032 0.5000869171629045 0.5001084166806973 
0.49424668125906207 0.9995078267468184 0.5003604853480964 0.5998960435532096 0.5002922839840084 0.5001752809576966 0.5001330796150963 
0.6734866801747321 2.9367496694176E-4 0.49956995269379023 0.5999071270193505 0.5003398139410894 0.5001180169715139 0.5000675531345555 
0.5312916081491046 0.5230083551760283 0.5004006506434787 0.49917901255961566 0.5004178916805249 0.5000869171629045 0.5001084166806973 
0.6368379075296446 0.9994723471906474 0.4995722765500169 0.5998664358978991 0.5003969441598565 0.5001080976083621 0.5001901434957051 
0.8305816729040805 1.1866700562718836E-16 0.4995740679508635 0.59981734593574 0.5002783313343687 0.49919234408477337 0.5001188047237054 
0.2911521114585425 0.9995802323093839 0.5004006528369079 0.49842815017131203 0.5004021231156671 0.499519429944938 0.5001913816391096 
0.6514519905086293 0.999936151542863 0.4995722765500169 0.5998681771359115 0.5003953940468667 0.5001080976083621 0.5001901434957051 
0.9963481113896582 0.5230083551760283 0.5004006506434787 0.5992992749621878 0.5004178916805249 0.5004196395915634 0.5001913619793639 
0.9630339043673366 1.0 0.4995770002429557 0.600577055851088 0.5003982348059497 0.49948194482236224 0.5001923436422497 
0.3524693477446871 0.9952261212204193 0.5004007600794672 0.49842815017131203 0.500395315788937 0.5000898449207519 0.5001079161022317 
1.0 0.00366010119347486 0.49950674429506986 0.599651841420624 0.5002811739665177 0.4991030251414567 0.5001183248562133 
0.9962329480824866 0.5230083551760283 0.49954873777040376 0.6004514058306035 0.5004182971705536 0.5004196395915634 0.5001162722323115 
0.9974355391760823 0.7651328629525768 0.4995253263447627 0.5998792844193508 0.4987714557150009 0.4994879908983312 0.5001442302320146 
0.9890881213082872 0.5230083551760283 0.49951174243598456 0.501111840347884 0.5003353868011745 0.5001084963216689 0.5001088875503333 
0.9892350250125954 0.002069632301356497 0.5003992376565857 0.6005752760672302 0.5004012604522512 0.5001102092879011 0.5002039536781948 
1.0 0.09033964258532323 0.5003992376565857 0.6005752760672302 0.5004012604522512 0.5001081981069986 0.5002039536781948 
0.8559765078054626 0.10018865992997072 0.4994585794886982 0.499051723906577 0.5003873379628087 0.5001429153721002 0.5000917185086935 
0.9963481113896582 0.44447991015943344 0.5004006506434787 0.5992992749621878 0.5004178916805249 0.5004196395915634 0.5001913619793639 
0.7714915517554527 0.9999183086042368 0.49948888867342195 0.5999124348135603 0.500463807217438 0.5001021321586229 0.5001363657400355 
0.590503966457383 0.016344124974629032 0.500400761049608 0.49917901255961566 0.500410606851753 0.5001087720110019 0.5001084166806973 
0.7972407732492364 0.061306109531372346 0.49949273482272283 0.499051723906577 0.5003873379628087 0.5000967931329653 0.5000917185086935 
0.7170379512920126 0.5200001003692964 0.5003886475651443 0.49917901255961566 0.5004089571805048 0.5000742535902155 0.5001050583277838 
0.3482727283900596 1.0 0.4994280256937707 0.5999153714227607 0.5003963276739808 0.5004062559220837 0.5001922657107715 
0.5909247646472661 0.5349516471426806 0.49953340296064336 0.5010493851332174 0.5003023715557487 0.5001113144538876 0.5001428799840661 
0.9785044652284063 0.5562501109818268 0.4995618853343718 0.5002675044343972 0.5004019273378769 0.5000077807489789 0.5001334590018005 
0.3606444518041668 2.9367496694176E-4 0.49956995269379023 0.5999071270193505 0.5003398139410894 0.5000877610826288 0.5001065021578444 
0.9999338882853256 0.9910432529448935 0.4995258299515897 0.5998140032356891 0.50043935140941 0.5001440022116816 0.5001140712239149 
0.5312916081491046 0.4373022375295793 0.5004006506434787 0.49917901255961566 0.5004178916805249 0.5008931405071522 0.5001084166806973 
0.3188127525405351 0.9952953559349943 0.5004006528369079 0.49842815017131203 0.5003953161716514 0.49951728154463054 0.5001913816391096 
0.5316624728803998 1.0 0.49943378772003233 0.5999168476728676 0.5003963319082461 0.5004210092823215 0.5001095940464144 
0.4279923684931176 0.5230083551760283 0.4995131511187804 0.49917901255961566 0.5004178916805249 0.5001084963216689 0.5001084166806973 
0.6395093017938456 2.9367496694176E-4 0.49956995269379023 0.5999071270193505 0.5003398139410894 0.5001180169715139 0.5000675531345555 
0.7649953721061274 0.9843516805974825 0.5003886703925773 0.49917901255961566 0.5004106576312032 0.5000869171629045 0.5001084166806973 
0.7996381283816308 0.9999604168236474 0.5004037624737283 0.600577055851088 0.5004530816575227 0.499548341876615 0.5001909638472346 
0.7848062163300916 0.10018865992997072 0.4994585794886982 0.499051723906577 0.5003873379628087 0.5001429153721002 0.5000917185086935 
0.9775015943564209 1.0 0.4995770002429557 0.600577055851088 0.5003982348059497 0.49948194482236224 0.5001923436422497 
1.0 0.19245837366591884 0.499528037546299 0.6005752760672302 0.5003986173815391 0.5004087219850358 0.5001919614243491 
0.6684696277794981 0.4720082677396143 0.5004032558651004 0.49917901255961566 0.5004178916805249 0.5000869171629045 0.500191807994399 
0.5909247646472661 3.868490243370284E-6 0.49953340296064336 0.6004701237428511 0.5003024390494902 0.5003814646485292 0.5000701560056526 
0.9690878993398548 0.007699594099488574 0.49955789924494254 0.5998178755421376 0.5002761430967805 0.500194921446679 0.5001426902661771 
0.9614182941458099 4.517339130147353E-16 0.49951140527792465 0.5998178755421376 0.5002749066684078 0.5004056578242838 0.5001424995513322 
1.0 0.17027906028137324 0.4995586520713002 0.6005752760672302 0.5004012604522512 0.5004087219850358 0.5001919614243491 
0.16853698074855922 0.011509978481123506 0.49956995269379023 0.5999206198995708 0.5002949168445323 0.49971769417285966 0.5000675531345555 
0.9926869341849924 0.00366010119347486 0.4995050038121374 0.5996542724484423 0.5002811739665177 0.4991030251414567 0.5001422103986851 
0.9999349871621963 0.6188903380652023 0.49952997270060734 0.497878204755676 0.5003967315735486 0.5000749407912632 0.5001442302320146 
0.32218200598138347 0.9952261212204193 0.5004006528369079 0.49842815017131203 0.500395315788937 0.49951831120252016 0.5001913816391096 
0.9366570894307805 0.9996874487689149 0.5004053082641178 0.5998794930120477 0.5004178740768267 0.4996870586915846 0.5001326033554913 
0.47263742692582117 1.0 0.4995729760860047 0.600577055851088 0.5003982348059497 0.5004210092823215 0.5001925034870055 
0.997916347252578 0.9957403862712118 0.49953340296064336 0.6004701237428511 0.5003955281562223 0.5004190058733123 0.5001085727975956 
0.553087930384743 0.9999342558611561 0.5003883844612077 0.5999601212535696 0.5004103133968537 0.5004169945431078 0.500127914432205 
0.5790151075405501 0.9999756001214403 0.4995722765500169 0.5998681771359115 0.5003953940468667 0.5001080976083621 0.5001901434957051 
0.7714915517554527 0.9999183086042368 0.49948888867342195 0.5999124348135603 0.500463807217438 0.5001021321586229 0.5001363657400355 
0.9892350250125954 0.002069632301356497 0.5003992376565857 0.6005752760672302 0.5004012604522512 0.5001102092879011 0.5002039536781948 
0.03352081359388415 0.20332627707773893 0.4995423554985443 0.5008750383027702 0.5003993833316854 0.5004087219850358 0.5001918695201855 
0.3482727283900596 1.0 0.4994280256937707 0.5999153714227607 0.5003963276739808 0.5004062559220837 0.5001922657107715 
0.9962329480824866 0.5272355735501275 0.49954796392364903 0.6004563725594635 0.5004180115730551 0.5004196395915634 0.5001162722323115 
0.8254549950451012 2.9367496694176E-4 0.49956995269379023 0.5999071270193505 0.5003862092808002 0.5000877610826288 0.5000920749227198 
0.9999349871621963 0.6188903380652023 0.49952997270060734 0.497878204755676 0.5003967315735486 0.5000749407912632 0.5001442302320146 
0.3482727283900596 1.0 0.4994280256937707 0.5999153714227607 0.5003963276739808 0.5004062559220837 0.5001922657107715 
0.9880147796471462 0.9586457463145277 0.4995539748563567 0.49937246458047224 0.5003968869360166 0.5004182861145641 0.5001157339964705 
0.6734866801747321 2.9367496694176E-4 0.49956995269379023 0.5999071270193505 0.5003398139410894 0.5001180169715139 0.5000675531345555 
0.5726063406474221 2.9367496694176E-4 0.49955860016407505 0.6004701237428511 0.5003398139410894 0.5001101326378844 0.5000675531345555 
0.7575840737985801 0.999156688328526 0.5003879182705455 0.4995027072617899 0.5002982166133212 0.49942274101113787 0.5001914738200881 
0.9802388020533089 0.9970613921594427 0.49947319337466156 0.5997557584670087 0.5003755766457053 0.5001075871224526 0.500190610439264 
0.19137007480198473 0.9859849172548218 0.4995729760860047 0.600577055851088 0.5003982348059497 0.5004210092823215 0.5000998074147712 
0.4230195036033919 0.0030495445696947406 0.49955679177233814 0.5999821619099419 0.5002810598410776 0.5001058861899016 0.5000550191372262 
0.0 0.9940422912028873 0.499542584059642 0.5019662673869631 0.5003993762104734 0.5003839567301941 0.5001930498623984 
0.6284777278817035 0.999936151542863 0.4995722765500169 0.5998681771359115 0.5003953940468667 0.5001080976083621 0.5001901434957051 
