0.0 0.549626553179969 0.5000094781292798 0.5002241342034801 0.49998709989405465 0.5001365940579866 0.4998471568377343 
1.0 1.0 0.49999817485291514 0.500231069785218 0.5000389016424017 0.5001154737717032 0.4998682524815361 
0.0 0.549626553179969 0.5000094781292798 0.5002241342034801 0.49998709989405465 0.5001365940579866 0.4998471568377343 
1.0 9.149933325641202E-13 0.5008466650079192 0.5001169052441748 0.4997605708655769 0.5001333221761102 0.49973935554203974 
1.0 1.0 0.49999817485291514 0.500231069785218 0.5000389016424017 0.5001154737717032 0.4998682524815361 
0.9999999991340175 2.666674035196046E-14 0.49992964751796454 0.5002258586553778 0.49934130419205264 0.5002507290338336 0.49983896138622264 
0.3075376176094362 0.8831901871978699 0.4999014589036222 0.500226585167991 0.5000085724294038 0.5001129331891804 0.4998396364416074 
0.8809577940210324 1.3241006341921988E-16 0.49990117788765814 0.5002287518063872 0.49933313640681504 0.49941675267656654 0.4998377729664219 
0.9003153650119806 0.14065522000649647 0.4999009928726183 0.5002282319356831 0.5000395732285585 0.5001331448395139 0.49986790085823535 
0.5303813568223488 1.956131299435946E-14 0.500858622871489 0.5002446894612791 0.4993310459315805 0.5003175389088015 0.49983896138622264 
0.7381954992600193 0.039273246750863744 0.5000297241451079 0.5002256566245905 0.4997565704020118 0.5001342771637134 0.4997513544560164 
0.9149355045511764 0.04789869348952713 0.5000099115538205 0.5002243757783873 0.4999897158840049 0.5001376136621966 0.4998471452277055 
0.1933833845414415 0.0024972456305210056 0.49932322725885825 0.5002266514133807 0.500126243200616 0.5002451401518075 0.499842411530194 
0.8809884114562271 0.012681593133669273 0.49990102673370274 0.500234316205632 0.5001572346635766 0.49944381898859425 0.4999027699349359 
0.3663838650836631 0.8209978016659109 0.4999008268606599 0.5002266207644214 0.4999933749321681 0.5001140986711701 0.49983750192136817 
0.8349280060340283 0.011937799521486547 0.4999257718193 0.5002346893566763 0.49995392182877385 0.5001380473536712 0.49989280578673684 
0.9975755624591258 0.9482498677998119 0.5000276461616203 0.5002305967252033 0.5001572346635766 0.5001157595477119 0.5001734664497811 
0.20781907613455036 0.9987492123995404 0.49999929765123274 0.5002308715443117 0.5001253625400813 0.5001332210776307 0.4998676608635144 
0.6594069311357119 0.5496025426965618 0.5000051126520263 0.5002262678858281 0.49998709989405465 0.5001364267468699 0.4998471568377343 
0.06968045486626184 0.9455432341900559 0.4998847943759631 0.5002209553779776 0.4998813348321678 0.4998136245036479 0.49967741755096223 
0.14508792485472416 0.8209978016659109 0.49999929765123274 0.5002266514133807 0.500126243200616 0.5001382686661496 0.499842411530194 
0.5974473775481822 0.6790959263574794 0.5000533766740223 0.5002214003550453 0.49999236768054406 0.5001354691713926 0.4999003826374462 
0.7588427328115751 0.5126986991804987 0.5000495751416986 0.500220622131335 0.500044465061267 0.5001351161359223 0.4998645107165248 
0.7381954992600193 0.8977641972652186 0.5000495751416986 0.500220622131335 0.500044465061267 0.5001351161359223 0.4998645107165248 
0.9003153650119806 0.17215857999818332 0.4999009928726183 0.5002282319356831 0.5000395732285585 0.5001331448395139 0.49986790085823535 
0.8992878685045393 2.666674035196046E-14 0.49992858733688017 0.5002258586553778 0.49934130419205264 0.5001336775687514 0.4998669454528598 
0.8759216540887689 0.6067471973806735 0.49990098350972206 0.5002281356980725 0.500139380917118 0.4998363525068639 0.499847861654163 
0.6847430968207175 0.2630036171818374 0.49990006268828396 0.5002242868213148 0.5000418167141506 0.5001768885363971 0.49975238464933774 
0.516233066240509 0.11402760732597793 0.4998985975703669 0.5002282878294066 0.500039562102951 0.5001371459855193 0.4998996460749635 
0.16262513777111862 0.8725316292271111 0.499999312414376 0.5002348796271472 0.5000418444294747 0.5001380114789449 0.4998544154787175 
0.6501045773325058 0.5148409664333793 0.49992717306667 0.5002929965858655 0.500041445975983 0.5003228195600801 0.4998709722222249 
0.43618452801760005 0.595511532034057 0.49990006268828396 0.5002266294486022 0.5000435512675694 0.5001752405441436 0.4997526553085405 
0.3378252258933252 0.02885448123594206 0.500005658223524 0.5002285984379589 0.5001209326073301 0.5001389274634936 0.4998570973977309 
0.8014291866663243 0.8779020944813879 0.5000533766740223 0.5002416389280795 0.4999921639862824 0.500135457093079 0.49984988950463227 
0.3494100877978836 9.149933325641202E-13 0.5008466650079192 0.5001169052441748 0.49977931628454914 0.5001333403716766 0.49985244111517435 
0.4848189866701968 0.8867871886224745 0.49990117788765814 0.5002339407853035 0.5000867337590821 0.5001424540374815 0.4998386968239878 
0.7088293202966712 0.13887953447820184 0.500052630258654 0.5002265845384537 0.5000377131871349 0.5001380105232411 0.49990026642483715 
0.19303591617520627 0.8209978016659109 0.49999929765123274 0.5002266514133807 0.500126243200616 0.5001382686661496 0.499842411530194 
0.6625005362648781 0.4968696539875376 0.5000086151959297 0.5001848879592636 0.5000383441538947 0.5001335359826483 0.4998471568377343 
0.9811011804914735 0.5126986991804987 0.4999315529128787 0.500220622131335 0.500044465061267 0.5001351161359223 0.49986418712700786 
0.6975957210010264 0.595511532034057 0.49990006268828396 0.5002244557254901 0.500166655917585 0.5001768885363971 0.4998463814950598 
0.5690987957461364 0.05104208161370288 0.4999996892478541 0.5002206230740627 0.4999922405211687 0.5001354691713926 0.49990512739857584 
0.36625390880722064 0.8450428869744755 0.499994931813747 0.5002207308287178 0.499876389652708 0.5003148945809112 0.5001420972523094 
0.9731872477834159 8.272911260882865E-4 0.499847059547965 0.5002282319356831 0.5000410597991696 0.5003185034967781 0.5001726935837589 
0.569301782320036 0.5048939765267536 0.4999993979770453 0.5002203814991555 0.5001658354902221 0.5001354691713926 0.4999051390086046 
0.009308704178148053 0.8724221189936016 0.4999903084943301 0.5002331870514403 0.5000427141724901 0.5001354672281169 0.4998866419612946 
0.4948562209947758 0.11402760732597793 0.4998985975703669 0.5002282878294066 0.500039562102951 0.5001371459855193 0.4998996460749635 
0.6169020844604798 0.9997742201396361 0.49990006268828396 0.5002241333599317 0.5000492969263847 0.5001783789148138 0.4997547747873322 
1.0 0.49251152487945016 0.5008466650079192 0.5003101714483558 0.5000446227723938 0.5001348580718742 0.49973935554203974 
0.7754515089002688 0.6753465900759521 0.5000533766740223 0.5002416389280795 0.4999922405211687 0.5001453412724202 0.4999001745886745 
0.9401512501545379 0.5757260690665454 0.49999470318122835 0.5002202303595658 0.500129502482539 0.5001380514420102 0.4998364224226138 
0.4520256846040963 0.5233259748294747 0.5000094058690224 0.5002312084447406 0.5001233667343209 0.5001163526316029 0.4998784019028443 
0.7670229801999545 0.680291727671575 0.5000533766740223 0.5002416389280795 0.4999922405211687 0.5001354691713926 0.4999001745886745 
0.7087356038069761 0.680291727671575 0.5000533766740223 0.5002416389280795 0.4999922405211687 0.5001354691713926 0.4999001745886745 
0.7088293202966712 0.8108592450868172 0.5000527786939674 0.5002265845384537 0.5001326486939124 0.5001380138248022 0.49990026642483715 
0.9158539092253744 0.549626553179969 0.5000096074749226 0.5002241342034801 0.5000383441538947 0.5001376136621966 0.4998471568377343 
0.9375881999309288 0.08323915142825308 0.5000292270011181 0.5002204425299966 0.5001574561923404 0.5001347648336625 0.49991152417754176 
0.9830086099392823 0.8507802692601227 0.5000287055068561 0.5002339096363807 0.5000154197686982 0.5001367332758629 0.49988359166053686 
0.8737029511310671 0.977748590821689 0.5000672948966504 0.5002208611694751 0.5001329886912281 0.5002163327055837 0.4998376173866308 
0.5210280769848451 0.680291727671575 0.5000529729158832 0.5002416389280795 0.4999922405211687 0.5001354691713926 0.4999001745886745 
0.7655873190581732 0.8779020944813879 0.5000533766740223 0.5002416389280795 0.4999922405211687 0.5001354577834805 0.4999001745886745 
0.8436782064316981 0.8488540686947066 0.5000156475437865 0.5002347067026055 0.4999770482724017 0.500127850416901 0.49989280578673684 
1.0 9.149933325641202E-13 0.5008466650079192 0.5001169052441748 0.4997605708655769 0.5001333221761102 0.49973935554203974 
0.40382615982447184 0.04679316831744634 0.49999778065824224 0.5002261030692566 0.49980992721973544 0.5001784689042001 0.4998768121541076 
0.9293514766600172 0.09986400203501883 0.5000285367464341 0.5002258469477256 0.5001572346635766 0.5001159059152438 0.49989495684500973 
0.6847430968207175 0.595511532034057 0.49990006268828396 0.5002242868213148 0.5000418167141506 0.5001768885363971 0.4998488918474843 
0.9836570617638786 0.8986508130101634 0.4999003102025644 0.5002205798020112 0.49999328042465574 0.5002902474154792 0.49975694978537494 
0.9646108381890839 0.8779020944813879 0.5000532124239431 0.5002334613300367 0.5001448625451572 0.5001354410334611 0.4998996204962564 
0.08111374631241478 0.05497649493342188 0.5000049305057542 0.5002228539577173 0.50004642426602 0.5001327259738056 0.4999068156415822 
0.9993391851752151 0.4625887081368096 0.4999953115818879 0.5002205829075993 0.4999467918834335 0.5003476368226694 0.49988558539967076 
0.24978991021029956 0.8725316292271111 0.4999977700338391 0.5002348796271472 0.4997996123584471 0.5001373688610408 0.4998421387013025 
0.9836570617638786 0.911588971765295 0.4999003102025644 0.5002205811385794 0.4999939339068608 0.5001347572648323 0.4997513544560164 
0.9631595243538349 0.8096614613066112 0.4999940219970376 0.5002310887165715 0.5001345133333561 0.5001348578169521 0.49989526121005196 
0.5838576103451629 0.01844637507415392 0.49999966872579954 0.5002340146859341 0.4999922405211687 0.5001352788656501 0.4999072400456452 
0.5508263881997278 0.7130202491638411 0.5000273489247845 0.500220622131335 0.5000444650493442 0.5002845472221878 0.4998978336438831 
0.7655873190581732 0.7719856282833805 0.5000533766740223 0.5002416389280795 0.5000069699164125 0.500113541433104 0.49990008773750433 
0.9317651948488227 0.8840305641126205 0.5000287055068561 0.5002339060259442 0.5000080478326039 0.5001351246956696 0.49988362305769873 
0.9443111222435234 0.32937539451645154 0.500004818038319 0.5002415282047108 0.5000562250975645 0.5001329885259949 0.49989981840327713 
0.9924246826999695 0.3715091855395364 0.5000285367464341 0.5002258471753979 0.5001572346635766 0.5001377067197245 0.5001555469050114 
0.16900905653930473 0.6790959263574794 0.5000533766740223 0.50022149117226 0.49999236768054406 0.5001354691713926 0.4999003826374462 
0.8759216540887689 0.27423928250396956 0.49990098350972206 0.5002281356980725 0.500139380917118 0.4998363525068639 0.4997513544560164 
0.8197716441048214 0.977748590821689 0.500066957591329 0.5002208611694751 0.5001329886912281 0.5002163327055837 0.4998650536491354 
0.7562973455500109 0.9453178914623372 0.49999931279407395 0.5002206222415422 0.5000444279358106 0.5002961923393614 0.49968323221752514 
0.7354303222620986 0.9453178914623372 0.499999325602163 0.5002206222415422 0.5001693946349743 0.5002961923393614 0.49968323221752514 
0.45812600587754926 0.5233259748294747 0.5000094058690224 0.5002310407209255 0.500044440643113 0.50011587715623 0.4998784019028443 
0.6904618780156278 0.276272119031268 0.4999003102025644 0.500225989856645 0.500139380917118 0.4998363525068639 0.4997513544560164 
0.43618452801760005 0.9994571868314688 0.49990006268828396 0.5002266294486022 0.5000435512675694 0.5001777424806827 0.4997526553085405 
0.5054947654886787 0.680291727671575 0.49999883820164276 0.5002414814647768 0.4999922405211687 0.5001354691713926 0.49990515253455703 
0.18112861686502818 0.4993961873225775 0.5000097408847028 0.5002308715443117 0.5001253625400813 0.5001332210776307 0.49986802392257573 
0.4617485438432595 0.9956256256609114 0.4998914983036236 0.5002266061591373 0.5000435488035766 0.5001766875518106 0.499848161729496 
0.8571305701564801 0.8639102867661862 0.5000067604606211 0.5002274440328268 0.5000469913328038 0.5001348847566017 0.4998652605030855 
0.5377598695390087 0.8126404136124112 0.4998995514820735 0.5002282319356831 0.500134508735336 0.5001371492870803 0.4998996460749635 
0.8197716441048214 0.97201791965114 0.500066957591329 0.5002210925068604 0.4999865218031892 0.5002167418030276 0.4998650536491354 
0.5882202733389154 0.36592490675659023 0.5000276667574676 0.500220622131335 0.5000456474991626 0.5002845472221878 0.49989722816589743 
0.6302258513396958 0.028077534770006407 0.5000276667574676 0.500220622131335 0.5000444651658509 0.5002845472221878 0.49989755903119304 
0.5512160884882669 0.8639102867661862 0.5000067604606211 0.5002274440328268 0.5000469913328038 0.500137190577868 0.4998652605030855 
0.9549619897432647 0.5596222581656674 0.4999946826591738 0.5002336219714371 0.500129502482539 0.5001378611362678 0.4998385350696831 
0.9904491423069446 0.05050505379824581 0.49990117788765814 0.5002263340911789 0.5000867337590821 0.5001424540374815 0.4998386968239878 
0.6316389597309604 0.24202885660509244 0.5000661426897098 0.5002286887151193 0.5001391713692961 0.49984519434079877 0.49976038771384246 
0.06373650083141869 0.549626553179969 0.5000096202830117 0.5002241342034801 0.49998709989405465 0.5001376136621966 0.4998471568377343 
