0.0 0.20363918214786794 0.5001490000537472 0.49991009871079894 0.49993815015894083 0.5001174706891629 0.49998551616527426 
0.0 0.1889260375312977 0.5001490000537472 0.49991009871079894 0.49993815015894083 0.5001174706891629 0.49998551616527426 
1.0 0.023286074989572025 0.4993368387961504 0.5040529869047233 0.4999711845998034 0.5206676928493427 0.4922691924714066 
1.0 0.9999999999999999 0.49938073569523295 0.504041368127976 0.4999703412497524 0.5001738656161384 0.5000073677684428 
0.9999999999999999 0.008090320066873102 0.4993368387961504 0.504041368127976 0.4999703412497524 0.5001776668671565 0.5109736450314252 
0.9633398288777316 0.9999999999999998 0.4993234711127222 0.504041368127976 0.4999703412497524 0.5001756104438859 0.5000475092013239 
0.9999999999999993 0.01953481993420718 0.5001040405228568 0.5043202194010395 0.4998798510742698 0.5001162504024068 0.4999819745294745 
0.9999999999999657 0.9919096799331268 0.5006024255819066 0.4998805379796943 0.5010319986549894 0.5001739950548338 0.4999889106688826 
0.9999999999999362 0.9626920800444209 0.49954716712647707 0.4999970450528154 0.49993295886092665 0.5002281816382292 0.5000009444239477 
0.2942310452080046 0.9564510305427625 0.5001047512537304 0.5000692112948372 0.499967019295651 0.5002277135155747 0.5000303633685976 
0.2807280172058919 0.9959107498825572 0.4995824693986715 0.5000658407366743 0.4999662576851967 0.5002295293257639 0.4999898167891574 
0.47367688141532094 0.13129791849210243 0.5003855428436539 0.5000509327642156 0.4999830750897517 0.4995795647984021 0.49969962120728256 
0.9781077240713699 0.9999999999999998 0.4993234711127222 0.504041368127976 0.4999703412497524 0.5001756104438859 0.5000475092013239 
0.2159097687443817 0.6941874692104979 0.49960896903349555 0.4999065133047803 0.49996615625271584 0.5001226318485014 0.4999506862056917 
0.4108048118478784 0.40436518194245585 0.49958575805556454 0.4998930076212643 0.5002178027085037 0.5001811746072389 0.5000069588243823 
0.4213337641318786 0.6855970120008203 0.4995396222421286 0.5000703638009005 0.5005586249594127 0.5001754218777196 0.4999483883306382 
0.7096379510220818 0.8938481679064127 0.4996359793410254 0.499847837028448 0.4999899555387499 0.5001362167908893 0.5000466880130839 
0.9999999999999649 8.584678920422334E-19 0.5002791843226142 0.4998805379796943 0.5010319986549894 0.5001777963058518 0.4999889106688826 
0.25038001203796556 0.17155615772652744 0.4996504493777162 0.4998627514011153 0.5002063448330477 0.5001170268009728 0.5000466606664086 
0.9999999999999962 0.1250955371574795 0.5001425913759535 0.5043202194010395 0.5011111709080315 0.5001738688114209 0.5000003774161029 
0.8938351756653344 0.8350881233990725 0.5002620658219226 0.49991091341137633 0.5002127884050959 0.5002655791424403 0.5000035868366657 
0.4909111661510901 0.07888962842422528 0.49953505420165367 0.4998990854256869 0.5002175182868412 0.5002571273087804 0.49999892159348996 
0.663685837436108 0.587333110210859 0.4996485422195957 0.4998674340615172 0.49996226212907297 0.5002321047853284 0.4999013939976372 
0.12650754514324497 0.004963139412036037 0.49954504258994786 0.49991841821857114 0.4999082091355363 0.5001253666347159 0.49995047614101773 
0.43810533230897414 0.03693508072079699 0.5003642896869868 0.4998824103576193 0.5002261733273878 0.5001885232801196 0.4999486328273999 
0.08855895561090232 0.006555874317147228 0.49954504056373156 0.4998729790708457 0.4999111624608585 0.5001251456004145 0.49995047614101773 
0.035162135206034645 0.17268168663378952 0.5001515685638303 0.49986604897605025 0.4999714414827747 0.5001213907987999 0.49998546839902447 
0.03248077932155255 0.028658347598245815 0.5001498193459953 0.4997582062484605 0.4999443348325789 0.5001768199660878 0.4999854414499398 
0.3345342512438413 0.9863692020524057 0.5001098936588066 0.4999007326512594 0.4999321862968536 0.5001736626466254 0.5000475751204126 
0.9597843390915392 0.6453770331264334 0.5001472648244026 0.4998698258946588 0.4999310469267331 0.5001734569338154 0.49998967429676877 
0.641111544243703 0.1281774371208637 0.4996002062112562 0.499879863145758 0.5002142823345591 0.5002330357431968 0.49995074094431224 
0.5227720534703562 0.3785796679754096 0.500139796077635 0.4999114894643143 0.5002310802544327 0.5001735929893594 0.4999846888835321 
0.12673995871985405 0.3643858583778518 0.5001398744468732 0.49991891869008936 0.50023058243601 0.5001776100400982 0.49998465009315174 
0.21685280903020815 0.99588698153804 0.4993246073100308 0.5000738755754419 0.4999666760766563 0.5001253675211906 0.499567713817687 
0.1896143799369494 0.6941874692104979 0.4996093670539901 0.4999065133047803 0.49996592761125064 0.5001348298266189 0.4999506862056917 
0.08816208402189268 0.13001125627984572 0.5001394153723842 0.49975970730562125 0.5002182443816765 0.5001859055572189 0.49998799562616963 
0.9859037688136226 0.9084933032077264 0.4993234711127222 0.5000532903758917 0.4999703412497524 0.5001756104438859 0.5000474907296657 
0.6247224575001508 0.039939830650148445 0.4996382342147133 0.4997449198704388 0.4998973299437747 0.5001203940783143 0.5000466762439236 
0.16603854836980184 0.36616305324144044 0.500139796077635 0.4999114894643143 0.5002178027085037 0.5001735929893594 0.499983976095238 
0.7486715485908461 0.7088092755275974 0.4996377130586045 0.49976089114356614 0.5002127312475297 0.5001170053337449 0.5000466606664086 
0.5597297847513055 0.05984098370124652 0.500238554779947 0.4998634935327363 0.4999083155261819 0.5001829649957383 0.5000006492976596 
0.8579655763601167 0.9551971699838196 0.500107198364065 0.49984787684995785 0.4999763045017174 0.499574271518966 0.5000049504804785 
0.9726679493559298 0.9341346123696702 0.500238554779947 0.4998634935327363 0.4999083155261819 0.5001838243809148 0.500000660338159 
0.09064148798797012 0.9809373755696452 0.5001375419047939 0.4999185329950155 0.5002178027085037 0.5001776665899335 0.49999963881335563 
0.3230049127416762 0.13967643702628313 0.4996505817879169 0.49986955736753635 0.4999063329986593 0.5001337015482882 0.49998069305924664 
0.3366288667234415 0.004223650854555366 0.500110170956525 0.4999007324167563 0.4999342447303734 0.5001197986676751 0.4999824046689581 
0.5474960153956627 0.8394766926915581 0.5002327090523288 0.49988156038031417 0.5001830856538048 0.5002356597143601 0.5000014701844125 
0.5227720534703562 0.16998291895196233 0.4995394667823435 0.4998688704967481 0.4999793111598776 0.500160361908492 0.5000095337545423 
0.5946203632536722 0.9341346123696702 0.500238554779947 0.4998634935327363 0.4999083155261819 0.5001829649957383 0.500000660338159 
0.7325660015133781 0.0828436452481803 0.500330845624208 0.4997390080031833 0.4999708755313621 0.5001241908802039 0.49992490250772564 
0.48391563095581497 0.6813710845597316 0.5000696638355613 0.49989670337053216 0.4999061882566304 0.5002272935053683 0.5000303633685976 
0.14675807506248345 0.9863692020524057 0.5001375419047939 0.4999114894643143 0.5002178027085037 0.5001736626466254 0.5000462894979133 
0.8431376307416073 0.14902210395619825 0.5003059627210051 0.49985625193716887 0.49999316125892973 0.5002655791424403 0.5000006050958422 
0.7735343379134969 0.4905502215617479 0.5001113850878875 0.4998696547638834 0.4999389011818001 0.5001736084991908 0.49995074094431224 
0.7906692197337625 0.9863692020524057 0.5001333297812812 0.4999109678891932 0.49997130907434617 0.5001713344973492 0.5000439749897427 
0.2113996814400902 0.0827279059622621 0.5003817058999106 0.49973952957830436 0.4999706793979116 0.5001251341141171 0.49992721701589615 
0.8741894877240168 0.138035467846079 0.4996493470244535 0.4998677499830028 0.4999601761456777 0.5001347393136467 0.4999974579691722 
0.4213337641318786 0.0012371884841259825 0.4995396222421286 0.5000703638009005 0.5005245363289349 0.5001753267086634 0.4999483883306382 
0.6045931412255954 0.017812365664144403 0.500238554779947 0.4998634935327363 0.4999083155261819 0.5001829649957383 0.49998955440029025 
0.4906376230035123 0.7359851350476299 0.4996377130586045 0.49976141025462123 0.5002127312475297 0.5001170053337449 0.5000466606664086 
0.7104218640648419 0.980912400469211 0.5001822055912002 0.5000872371860177 0.49999500308051414 0.500174155356594 0.49998852823271556 
0.7104218640648419 0.9999999999999997 0.5001822055912002 0.5000872371860177 0.4999203561272456 0.500174191327321 0.49998852823271556 
0.7674875734038167 0.0828436452481803 0.5003238108653925 0.4997390080031833 0.4999708755313621 0.500122644048947 0.49992490250772564 
0.5911084706046291 0.6814605371518848 0.49958389317904084 0.4998802243976035 0.49997343307921277 0.5002321852514374 0.4999951866992279 
0.6687791002067953 0.3742985913316816 0.5001485126006672 0.4999114196258839 0.5002224256896173 0.5001739458234298 0.49998490528320566 
0.9654375156891748 0.9348638706566628 0.5001047512537304 0.5000692112948372 0.49996635500384784 0.5001333423704998 0.4999889240005406 
0.30761824302812824 0.9999999999999998 0.4993234711127222 0.5001850393511335 0.4999703412497524 0.5001756104438859 0.5000475092013239 
0.14885269054871986 0.022815525319617974 0.5001378192025121 0.49991148922981116 0.5002198611420237 0.5001197986676751 0.4999811190464588 
0.821031263199612 0.023797086176419957 0.5001113850878875 0.4998696547638834 0.4999389011818001 0.5001721077428429 0.49995074094431224 
0.3230049127416762 0.16471027201188157 0.49959598618957207 0.4998695799125539 0.4999072787557453 0.500133709003613 0.49998069305924664 
0.9633398288777316 0.9999999999999998 0.4993234711127222 0.504041368127976 0.4999703412497524 0.5001756104438859 0.5000475092013239 
0.9434487607869163 0.5006084959254482 0.5001137446400623 0.49992286830430244 0.49992067190925565 0.5001741882615666 0.5000454158345827 
0.8241345762907522 8.584678920422334E-19 0.4995320865579147 0.4998807994521237 0.5005286609941892 0.5002340320010261 0.4999884978808403 
0.5829909094488801 8.584678920422334E-19 0.49954745081049473 0.49991822987025647 0.4999330526876384 0.5002956484108633 0.5000014887080844 
0.9282773579052749 7.404062279336987E-4 0.5001472648244026 0.4998698258946588 0.4998969582962553 0.5001733617647591 0.49998967429676877 
0.7896804267515233 0.0827279059622621 0.5003774937763978 0.4997390080031833 0.4999708755313621 0.5001225853761434 0.49992490250772564 
0.8534486590498597 0.4174714838685868 0.5003466864422522 0.5000678420999591 0.49993813839802137 0.5001879726386326 0.5000078300384595 
0.6952142543900557 0.003800947353309242 0.4995603991939493 0.500078593562126 0.49999481552720987 0.5001726799789383 0.5000002219088453 
0.821031263199612 0.4905502215617479 0.5001113850878875 0.4998696547638834 0.4999389011818001 0.5001736084991908 0.49995074094431224 
0.4249926029026616 0.006555874317147228 0.4995397151397963 0.4998780829872586 0.4999111624608585 0.5001258121754811 0.4999505371237093 
0.9926747559182718 0.9863692020524057 0.5001375419047939 0.49991091741999455 0.5002178027085037 0.5001738198854162 0.500000880417107 
0.18930155068998955 0.37030540653485866 0.5001318179156611 0.5000678420999591 0.4999606660610947 0.5001222559675066 0.49998618181613536 
0.9059705708370882 0.025281107975214566 0.4995753596070769 0.499851922277441 0.5002117392710252 0.5002399309840726 0.5000035098816632 
0.685815280457021 0.4810549580056563 0.49957120650386005 0.5000692112948372 0.4999666716789791 0.5001253635546878 0.500007974644936 
0.42085820777917843 0.018662936889762727 0.5003642896869868 0.4998824103576193 0.5002261733273878 0.5001885232801196 0.4999486328273999 
0.6687791002067953 0.1657018423015591 0.49954818330537565 0.4998688006583178 0.4999706565950622 0.5001607147425625 0.5000097501542159 
0.7486715485908461 0.6864042221166808 0.49961790939726936 0.49976089114356614 0.5002127312475297 0.500188109427284 0.4999012700171041 
0.9178247054552642 0.1271362127482654 0.49957612036174 0.49978206987394563 0.49993813267606196 0.5001250379527806 0.5000019994932962 
0.9703165614650987 0.40436518194245585 0.49931332332984424 0.4998930076212643 0.4999764832703363 0.5001811746072389 0.5000473874610031 
0.8621086208869718 0.97119079134891 0.500330845624208 0.4997458415733645 0.49997643034437916 0.5001241908802039 0.5000023334584298 
0.9160074923639613 0.7192065416944512 0.49954716712647707 0.4999970450528154 0.49996930645986354 0.5001738829098594 0.5000010182141403 
0.25016714615805624 0.13967643702628313 0.4996505817879169 0.49986955736753635 0.4999063329986593 0.5001337015482882 0.49998069305924664 
0.803012673233094 0.20314482864379535 0.5003466864422522 0.5000678420999591 0.49993813839802137 0.5001879726386326 0.5000078300384595 
0.9465530938245721 0.20314482864379535 0.5003507843997073 0.5000679100672891 0.49993813839802137 0.5001844569062607 0.4995630795985129 
0.9985456129993998 0.09037113653907619 0.49937867265562313 0.49991835136177165 0.49996562361315844 0.5001776353637023 0.5000003774161029 
0.8621086208869718 0.97119079134891 0.500330845624208 0.4997458415733645 0.49997643034437916 0.5001241908802039 0.5000023334584298 
0.5456558268377021 0.6827105992788917 0.49958845205067776 0.49991691013757744 0.4999309917855186 0.5001333697288808 0.5000014136594642 
0.809654815078846 0.7088092755275974 0.49963756684507066 0.49976089114356614 0.5002127312475297 0.5001326702790951 0.5000466606664086 
0.5778621989584143 0.0032878170645254945 0.500238554779947 0.4998634935327363 0.4999340968771889 0.5001829649957383 0.49998239682670736 
0.641111544243703 0.1281774371208637 0.4996002062112562 0.499879863145758 0.5002142823345591 0.5002330357431968 0.49995074094431224 
