1.0 0.0 0.49990746235761124 0.4997672056374749 0.5016662868275603 0.6000818893338639 0.5004210634894505 
1.0 0.9999999999999999 0.49858325108897544 0.4999991093467216 0.5022067323351479 0.5997145950552508 0.4997824955112924 
1.0 0.9999999999999999 0.49858325108897544 0.4999991093467216 0.5022067323351479 0.5997145950552508 0.4997824955112924 
0.0 0.9813232360923794 0.49990772958352137 0.4999894293568197 0.4995281116168826 0.6000881657675599 0.5004021240975004 
1.0 0.0 0.49990746235761124 0.4997672056374749 0.5016662868275603 0.6000818893338639 0.5004210634894505 
1.0 0.9999999999999998 0.4998631409799959 0.4999991093467216 0.5021465872073406 0.5997152251242752 0.4997824955112924 
0.9999988277773241 0.9999984396296006 0.49990746235761124 0.4999901515580168 0.5016099666847309 0.6000719463126211 0.5004176990091928 
1.0 0.9999752345734605 0.4998721769751899 0.5000003553715126 0.5007068882687147 0.5997144093930501 0.4997824955112924 
1.0 0.08507689979220345 0.49990746235761124 0.49999774941160774 0.5016627756602519 0.6000818893338639 0.5004542079745957 
0.9997364388267672 8.371338515417979E-8 0.4998645659633034 0.49986779344989146 0.5004044084992981 0.6000826593098166 0.5004214135289698 
0.20506203815901147 0.5516099002195697 0.4998739166559257 0.49986897150805576 0.49987090709726856 0.6001969980138647 0.5004210551146322 
0.9482301660357033 0.6683129657717918 0.4995272708869521 0.5000033117746138 0.49988362652242624 0.5997081851299637 0.4997745420736502 
0.8991593436506577 0.2889608206709162 0.49986305619783045 0.5000045961933114 0.49989062830347153 0.599731977162233 0.4995350464749202 
0.886988599829998 0.020156704170468887 0.4998645468918181 0.4998671126890595 0.4998861052400891 0.6001958758384791 0.4997629338279422 
0.9877205125145949 0.9832840395500119 0.4999087701773754 0.49977138821818573 0.4995810009572431 0.6001854627262139 0.4997722398674822 
0.09737451534117564 0.31847552377299787 0.49987722569072357 0.49987117631490796 0.49988029851849286 0.6000867361630675 0.4995350464749202 
0.6977199651904202 0.6785916000617715 0.499866136517984 0.4997677061917844 0.5003604561875274 0.599705363986567 0.4997427595422681 
0.47528160521030627 0.9969405707068739 0.4998642697536142 0.49976541862879226 0.49988630917098625 0.6000420748103839 0.4997419859351939 
0.7735002668430146 0.009265366041183776 0.4998712490948756 0.499866077521552 0.5003758215451815 0.6002073617463399 0.5003936020796533 
0.9615320080760815 0.6360371033300536 0.4998130922235825 0.4997355284938136 0.49945904563644233 0.5997281668363271 0.49960096958491934 
0.952738311372429 0.0 0.49990746235761124 0.49976720635039884 0.5016575050450626 0.6000818893338639 0.5004210634894505 
0.17529283194014617 0.5497357856693244 0.49955725161679554 0.49987261604971567 0.4999429674412137 0.5997299844155402 0.4995437093493327 
0.7292710552393411 0.5823934500301522 0.4997974427811262 0.49986656420825953 0.4998807578417068 0.5997337786697811 0.49976411765003076 
0.8513457686044448 0.1677317191308087 0.499862665167754 0.4998667218015373 0.49953050522029174 0.5997353432791045 0.49975808486414636 
0.9619491211384883 0.8305438178239808 0.4998116154654213 0.4997355284938136 0.49941776718947495 0.5997269610543334 0.4995738465293836 
0.05050932008220527 0.0 0.49990746235761124 0.499767288101537 0.4995421384345418 0.6000818893338639 0.5004210634894505 
0.4568214441386585 0.2646999094733405 0.4998637361214835 0.49987111492544883 0.49989104807137197 0.5997147939701747 0.4995349600821882 
0.9638266294990967 0.7261873172436344 0.49986487559881426 0.4999959479345097 0.49988726715306697 0.5997271820052619 0.4996039043218062 
0.5290087362516266 0.6018663334034727 0.4998849322182543 0.49986648792619487 0.49988899396625464 0.5997359607554322 0.4995425118928105 
0.9551577201310749 0.0011722430168726464 0.4999287960019948 0.4998712038187949 0.4998962842227173 0.5997052217569441 0.5004157855722609 
0.24842693824166895 0.3163592007788817 0.4998941862337528 0.49987117631490796 0.49986815197083745 0.5997057040024668 0.4995491094185276 
0.7858892733097043 0.05361815900532069 0.4998740288692887 0.4998703109315546 0.4997550111929748 0.6002031181103947 0.500302040301589 
0.87324202823506 0.3185912760765237 0.4998623267881758 0.49987106468298287 0.49990874345120273 0.6002046754354861 0.5003882795724466 
0.6159396913140105 0.016034482700570202 0.49987023425124144 0.499867858655021 0.5004365993366788 0.6000343850053399 0.49959593920883494 
0.7292710552393411 0.6633214210243917 0.4997974427811262 0.4998639968666922 0.4998807578417068 0.599707510640761 0.49976411765003076 
0.9349809532341249 0.9832840395500119 0.4999087701773754 0.49986900112512855 0.4995724965249244 0.5996834762792743 0.4997722398674822 
0.8479657948129796 0.8966901109246826 0.4995084754420326 0.49976989955162987 0.49989883740413443 0.6001993243240337 0.49953688747838215 
0.6646799939402885 0.5659236674903355 0.4998615707666233 0.5000049128376773 0.4998961721368197 0.5997303073669062 0.4997558870447942 
0.9965987586972274 0.06731167145660477 0.49982001386932234 0.49976492325839 0.49986399386809194 0.6002034562660745 0.4997631720900397 
0.06951959273990843 0.31664679022199926 0.49987722569072357 0.5000003642946371 0.4998815068194482 0.6000867361630675 0.4995356522512137 
0.5147070056245083 0.6084381516476753 0.4999076740414161 0.4999894293568197 0.49989724291889187 0.600084224192455 0.500389374098596 
0.8095726480426241 0.3031941235468799 0.4998629601988507 0.5000049128376773 0.49988362652242624 0.5997084150962559 0.4997781874733538 
0.8195236433823402 0.0 0.4998775293024247 0.4997672056374749 0.49957012178905547 0.6000818893338639 0.5004210634894505 
0.43157617176944707 0.9981871125122027 0.49956177150948017 0.499885037851592 0.499836409316273 0.599672558337122 0.5003702684545739 
0.507374394738766 0.993605247401139 0.49954709499312 0.49986620419827993 0.499964577412267 0.600201724967529 0.5003970101237722 
0.5907796970562771 0.09660448041648295 0.4998136938481782 0.49986994060252954 0.5003430202962663 0.6000424705126537 0.49975322991053034 
0.02991633371192759 0.26960708594585847 0.49990808535510417 0.49987153084842834 0.4995625360782522 0.6001838704067552 0.5004210551146322 
0.5838034865641923 0.08057436101215605 0.4998613573566098 0.49973058150202937 0.5003349140459983 0.6000424705126537 0.5004571349080571 
0.340391881854293 0.9561254598006363 0.499863137088144 0.4999988140353886 0.500465993929341 0.5997284822168412 0.5003584275269234 
0.34824526420018936 0.6018663334034727 0.499863220744166 0.5000051243034789 0.49990221372278865 0.5997469378731058 0.4995425118928105 
0.9590991675723959 0.599934873088374 0.4998645468918181 0.499867321855698 0.49988609879539797 0.5996833602231638 0.4995512920351045 
0.7526404112226087 0.033893369126785367 0.4998712490948756 0.4998670653742246 0.5003525953754712 0.6002076418197045 0.5003936020796533 
1.0 0.5977430003503914 0.4997997097501749 0.4997672056374749 0.4998155412004867 0.6000818893338639 0.4997229090244662 
0.622075569808195 0.06046485507999544 0.4998646118018842 0.4998673209003472 0.5003430202962663 0.6000424705126537 0.4997532076169279 
0.9180933650145253 0.8266271778911347 0.4998708642477189 0.4998689163916503 0.5003677739421474 0.600196830420828 0.5003936020796533 
0.38075249904944763 0.9039361452803587 0.4995151299806695 0.49976669769839005 0.4999431983744736 0.6001902014014814 0.49977290135164554 
0.11736059521799685 0.9660055452173948 0.4998631409799959 0.4999991093467216 0.5000643699071678 0.600092378622608 0.4997844479774744 
0.408531581592876 8.371338515417979E-8 0.4998645659633034 0.49986779344989146 0.5004044084992981 0.5997189158713341 0.5004214135289698 
0.6796186281905583 0.5882491281517233 0.4998642697536142 0.4997655378589919 0.4998861052400891 0.6001857532366776 0.4997422360435908 
0.9805888948402233 0.9424842707514984 0.4997992777372461 0.500017684350803 0.4998807578417068 0.599735128747942 0.49976411765003076 
0.9605782704902542 0.3031941235468799 0.4998707075992576 0.5000040193104706 0.4994256761409617 0.5997279248006445 0.4997835289771266 
0.4568214441386585 0.2769766978657174 0.4998637361214835 0.49987111492544883 0.49989104807137197 0.5997147939701747 0.4995349600821882 
0.8096245929744801 0.004669094286900058 0.4998714412748177 0.49986701402285416 0.49956043174000236 0.5997084150962559 0.49975742969054937 
0.2921881308617455 0.5497357856693244 0.4995513459409875 0.49987261604971567 0.4999429674412137 0.599732294606938 0.49977060872669354 
0.8595658540316384 0.2911528128498838 0.49990808535510417 0.49987153084842834 0.4995625360782522 0.6001839073538023 0.5004210551146322 
0.38075249904944763 0.9039361452803587 0.4995151299806695 0.49976669769839005 0.4999431983744736 0.6001902014014814 0.49977290135164554 
0.6489977290618547 0.32069815792761547 0.4998616780482384 0.5000025483119133 0.499904518819802 0.5997093108396274 0.4995349376115077 
0.5474886661479783 0.06046485507999544 0.49987544213124074 0.4998657945439521 0.5003430202962663 0.5997155066748354 0.4997567516144201 
0.24842693824166895 0.9179367540544072 0.4998943752775128 0.49987117631490796 0.49986815197083745 0.5997143216894301 0.49979030551818165 
0.7190232238509675 0.3031941235468799 0.4998629601988507 0.5000049128376773 0.49988362652242624 0.5997084150962559 0.5003723843722472 
0.9181622198724606 0.7986005470866879 0.4998708642477189 0.4998662232018381 0.5003778242118646 0.6002073617463399 0.5004297188743824 
0.1497278813844259 0.021968964887722958 0.4998743217435594 0.4998716769304128 0.49988029851849286 0.6000868781475631 0.5004237343677372 
0.29559543607187977 0.5994905595219472 0.4998661329274424 0.4998682882238061 0.4996881148457028 0.5997361379722379 0.4997427595422681 
0.9765441772765393 0.0 0.4999350951873225 0.4997672056374749 0.5016662868275603 0.6000785431534753 0.5004210634894505 
0.9081163515680557 0.9961751172946235 0.4998767806267608 0.5000017026058985 0.5001575655076479 0.6000723400045829 0.5000275706102082 
0.9976108013891717 0.020688889254137338 0.49986305619783045 0.4997663160602684 0.49989062830347153 0.599731977162233 0.4995350464749202 
0.9391107311990374 0.0 0.4998614551443634 0.49973488073904665 0.5015672487891043 0.600207425660833 0.5004203921786996 
0.7190232238509675 0.2841152582740766 0.4998629601988507 0.5000049128376773 0.49988362652242624 0.5997084150962559 0.5003723843722472 
0.11392827810876227 0.021968964887722958 0.4999093529927037 0.4998716769304128 0.49988029851849286 0.6000868781475631 0.5004237343677372 
0.2365790010661352 0.5476495652456279 0.4999090655525094 0.49986898251768735 0.4995599411115231 0.6002162330886921 0.5004210135399991 
0.9077740140468379 0.7910614176203525 0.49987281982185344 0.49987736002081923 0.5001575655076479 0.6000723400045829 0.49977914971838194 
0.7526404112226087 0.569849931852699 0.49954598914763315 0.4998670653742246 0.5003524040353347 0.6002076418197045 0.5003936020796533 
0.9887870193589343 0.7998402184008321 0.49986313708766134 0.5000037930907206 0.500465993929341 0.599746629448801 0.5003584275269234 
0.9924130030655446 0.1693143997253572 0.4998632215117664 0.4998801877967308 0.49956658344957516 0.5997352163412898 0.5004228032011291 
0.5554574038256213 0.9988090880096888 0.4998847223851378 0.4997712622351935 0.49989744695985616 0.5997278157858101 0.49953480666586225 
0.9235692406290821 0.27370368504346165 0.4998645468918181 0.4998715372034389 0.49958568497115663 0.6002126920259652 0.5004548812590374 
0.6489977290618547 0.28152322753408776 0.49986340042637534 0.49987148677102494 0.49985919981478094 0.5997062134379616 0.4997717285947597 
0.9235692406290821 0.555599851320607 0.4998645468918181 0.499867321855698 0.4998861052400891 0.6001851357708723 0.4997629338279422 
0.5907796970562771 0.13960229183119022 0.4998136938481782 0.49973481739967157 0.5003430202962663 0.6000424705126537 0.49975322991053034 
0.9994635649607932 0.1098398606386291 0.4998677335700115 0.4997669181431725 0.5003974451212624 0.600201885473294 0.5003935980193337 
0.328335951006853 0.6679625011323113 0.4998629150575184 0.49976066408631636 0.5004346868538562 0.60019054198578 0.5003756849469666 
0.2938647010844973 0.902816873079005 0.49990455814456664 0.4997716921459015 0.5004071247517037 0.5997321320667286 0.5004208878610811 
0.0698511395029365 0.6680359113371874 0.49986305738054376 0.5000003642946371 0.5000027151404401 0.6000867361630675 0.4995356522512137 
0.42653346310128765 0.6770024248996157 0.49956545846150086 0.49976003647890466 0.499836409316273 0.599672558337122 0.5003702684545739 
0.66177221983224 0.31303935494509383 0.49986280777398595 0.4998708467082062 0.4998962017504021 0.5997385677171825 0.500417617522137 
0.9810632617909801 0.7357745026014216 0.49986487559881426 0.4998808351342171 0.49988726715306697 0.5997271820052619 0.49959757776585895 
0.400903123750364 0.9561254598006363 0.49986317388919954 0.4999978988315982 0.49984607834082023 0.5996857760160631 0.5003653180981394 
0.7526404112226087 0.009265366041183776 0.4998712490948756 0.4998670653742246 0.5003758215451815 0.6002073617463399 0.5003936020796533 
0.9733849203886404 0.0 0.49990746235761124 0.4997672056374749 0.5016662868275603 0.6000818893338639 0.5004210634894505 
0.3384889941712339 0.6679625011323113 0.4998629150575184 0.49976066408631636 0.5004346868538562 0.60019054198578 0.5003756849469666 
