0.0 0.17432439631158955 0.4997302170142188 0.5001512716887521 0.5000388000704159 0.5005648846310871 0.500207446110223 
1.0 0.9999999999996496 0.4997308348717603 0.5001558348987902 0.5000614683952406 0.5997670411060586 0.5002212970001292 
0.0 0.17432439631158955 0.4997302170142188 0.5001512716887521 0.5000388000704159 0.5005648846310871 0.500207446110223 
1.0 2.5950848598983074E-16 0.5002529235070146 0.397961158046802 0.5017928461089464 0.5015016621957457 0.50019860806031 
0.9999999999999785 0.999999999999999 0.500306627920653 0.49903517118434604 0.5001493095442234 0.39248123868237994 0.5000519619643863 
0.999999999991438 0.9999999999999983 0.5006425936348472 0.49903517118434604 0.5001463489096506 0.397213574825278 0.5000488580353675 
1.0 1.8914640239758862E-4 0.5002523230075407 0.5001199633055065 0.5016711247117175 0.4996209968445584 0.5001864828854187 
0.9999999961768411 3.7463881064799434E-17 0.5003936340236033 0.5002462569659762 0.5979244658249372 0.500546705995566 0.5002013126185808 
1.0 5.618847942231146E-7 0.5002484850044608 0.49708165164528595 0.5018133736907194 0.5006635317127839 0.5002074944463735 
0.9995805106674084 1.0 0.5002835029661225 0.5001985049540871 0.5000378860599186 0.5023658807032879 0.5002084106045306 
1.0 2.5950848598983074E-16 0.5002529235070146 0.397961158046802 0.5017928461089464 0.5015016621957457 0.50019860806031 
0.9999999999798728 1.0 0.5006425936348472 0.49903517118434604 0.5001290523216707 0.397213574825278 0.5000488580353675 
1.0 0.012571190966788826 0.500301242502099 0.49899573708267075 0.5002170110679077 0.4996328505377648 0.5001987357722156 
0.99999999999226 1.4848618352731509E-16 0.4996330063503147 0.5002147947278673 0.5975655901548504 0.5006312961563145 0.5002226736141958 
0.8160698852429964 1.0 0.5007137051252505 0.5002091391041124 0.50003765880301 0.5023658807032879 0.49994701344418796 
0.4148394617576414 7.749097784177546E-4 0.4996899509129865 0.5002644626223267 0.5000259224155533 0.49986550008154434 0.5001856994367682 
0.9994075275766164 0.9999865845466147 0.5007224888352977 0.5002378453186797 0.50003765880301 0.49970084590081004 0.49994435797893183 
0.39593498509744385 0.12076833093248557 0.5002807468483764 0.5002156059760097 0.5000496744404853 0.500616643312876 0.4999666387329393 
0.957655925046938 0.3521493163760987 0.500266321268956 0.5001807557949007 0.49999125105464914 0.4995557292050075 0.4996479964014309 
0.99999999999226 1.4848618352731509E-16 0.4996330063503147 0.5002147947278673 0.5975655901548504 0.5006312961563145 0.5002226736141958 
0.8251954617218538 0.7948173533914573 0.49970933590950095 0.5002069743472753 0.5000573047428896 0.4995304346711205 0.5001947785580286 
0.23673930973246277 0.15887591835264678 0.5006564758380894 0.5002669536483415 0.499625578147822 0.49987911068976504 0.5001839905201955 
0.8399641602438706 0.18332724285995455 0.4996606586052933 0.5002069171404848 0.5000516229956206 0.49987942132176183 0.5001947785580286 
0.3388268899017126 0.27516052462965307 0.5002663108924317 0.5002035147618326 0.5001596713945544 0.49962440838968747 0.5001861356797906 
0.28220931559654255 0.2773444026949173 0.5002663108924317 0.5002035147618326 0.5001596713945544 0.49962128046152515 0.5001861362177203 
0.7702129553388853 0.4397702223759928 0.49971382064620645 0.5002136438531235 0.5000865759751073 0.5005887397365045 0.5002013227143313 
0.16819073833622958 0.4516723352425749 0.5002649877576857 0.5002196781054823 0.5000665040672005 0.49960281901986514 0.5001850415673553 
0.2429566550826856 0.21224394297675742 0.4996567810290982 0.5001415328266369 0.5000790585435316 0.4999180410252966 0.5002160385181403 
0.667252647461783 0.015411049600598824 0.5002749742368473 0.500169172932892 0.5000987212678565 0.4996207998033413 0.5001862009468699 
0.04960141445695987 0.047213172297170036 0.49972957202658336 0.5001560969887902 0.5000388000704159 0.5005648846310871 0.500207446110223 
0.9326884228589067 0.0028431663883590197 0.500268617991561 0.5001309470469448 0.5001098054081692 0.5006393251847656 0.5001855884032321 
0.9999999999999964 1.1632428743356656E-8 0.500266286410091 0.499370666144202 0.5001727855759864 0.500546944223653 0.5002008253901089 
0.8031108945544652 0.4612869992471472 0.500252980247361 0.5001999857143271 0.5000669174784207 0.4995659728285389 0.4999002378490814 
0.7337012784672762 0.025269675628077137 0.49974676675448265 0.5002068986981978 0.5000618584839295 0.4996284210486748 0.5001856536485534 
0.10371820821597061 4.886806008459477E-4 0.5003006103373546 0.5001598644968958 0.5002117610993524 0.49987295034001483 0.5001979489747739 
0.9081237878304556 0.3958247758455764 0.4997466214007131 0.5002134210581458 0.500060516460493 0.49964210678555326 0.5002157332380969 
0.2253775415847195 0.42409262606077996 0.5002745884997756 0.5001695525525865 0.5000615552125682 0.5005280801886577 0.5001914006055299 
0.8524218719580537 0.4485174327188699 0.5002745821125351 0.5001756777103925 0.5000233857930685 0.49993491891459296 0.5001858567509034 
0.7702129553388853 0.9680278151889788 0.49971382064620645 0.5001641441214579 0.5000687388466236 0.4995904922131576 0.5002013227143313 
0.8683045587150552 0.0037240691361364337 0.5002767566747859 0.5001702523712751 0.5000233857930685 0.49993491891459296 0.5002304439618773 
0.645690106254435 0.1697145591864996 0.4996777630006718 0.5001630841850238 0.5000682332661065 0.5005738335579437 0.5002070153872046 
0.29163451961665576 0.1343550089329783 0.5002845378826005 0.5002008703428681 0.5000382523737069 0.5005574489861999 0.5002098253321164 
0.2497264062814859 0.8266830766726322 0.4996567550489423 0.5001787725024258 0.499612271982962 0.49962085643541343 0.5001900920501963 
0.6055833604081431 0.15887591835264678 0.5006564758380894 0.5002669536483415 0.5000760788904175 0.49987911068976504 0.5001839033821885 
0.0454080070761777 0.2760488246913099 0.49977745887075914 0.5002039339192281 0.5001661234977804 0.4995800861177823 0.5002088613788247 
0.9999998552098235 3.7463881064799434E-17 0.5003398263020916 0.5002249640935915 0.49971530677393183 0.5004887818443448 0.5002224572474803 
0.43716432255788684 0.35186833612816015 0.500266321268956 0.5001807557949007 0.4999961400556502 0.4995557292050075 0.4996479964014309 
0.21916648489155338 0.10820946471475701 0.5002415952905837 0.4993681144668816 0.5000780745832706 0.500545532007254 0.5001876776245477 
0.49679232746973057 0.9961546048375379 0.49972563117360025 0.5001675234871551 0.5000615552125682 0.49959930635711675 0.5001854182191682 
0.41806444748015004 0.44771208452712286 0.5006557184290668 0.5002152512721908 0.5000854231235733 0.5005521966598298 0.5002139926935539 
0.478615025344432 0.014799328817150837 0.5003006103373546 0.5001598644968958 0.5002117610993524 0.49987295034001483 0.5001861533441361 
0.597578535516408 0.9548029415637299 0.5002496248329037 0.5002131613141477 0.500083590645978 0.4995430893824152 0.5000374959656076 
0.7216642646939256 4.177067052783944E-4 0.49973518886410523 0.5001603726990883 0.5006396231642394 0.49962063869717727 0.5001981945842013 
0.9902987222214972 0.17790563636783702 0.5002845378826005 0.5002012438173716 0.5000515438088121 0.499632720619976 0.500209039528899 
0.7337012784672762 0.17767828516462475 0.5002714951029242 0.5003372199347947 0.5000686046005055 0.49962789880922387 0.5002089121491327 
0.5416136841423042 0.417980265559288 0.4996741975514151 0.5001784536529492 0.5000607734624617 0.49958873598055126 0.5001901039859213 
0.30602863890087567 0.2773444026949173 0.5002663108924317 0.5002035147618326 0.5001596713945544 0.49962128046152515 0.5001861362177203 
0.7238604950927021 5.827834331750756E-4 0.5001600582719442 0.5003325044343744 0.5000716610059496 0.49961632689860314 0.5002082361602754 
0.8893362287957741 0.9866873961968262 0.49972563117360025 0.5002067011699198 0.5000615552125682 0.49952994635990894 0.5001851207668471 
0.2372420155964088 0.417980265559288 0.4996521030012848 0.5001791632617016 0.4996288055068198 0.49958873598055126 0.5001900987050953 
0.7216642646939256 4.177067052783944E-4 0.49973518886410523 0.5001603726990883 0.5006396231642394 0.49962063869717727 0.5001981945842013 
0.3288455584801828 0.9373794091727687 0.5002113214868242 0.5002181690273014 0.4996705328374761 0.4995987601246185 0.49990038082872335 
0.8749180882665057 0.18332724285995455 0.4996606586052933 0.5002069171404848 0.5000516229956206 0.49987942132176183 0.5001947785580286 
0.07402189274957655 0.4594339219107547 0.5002415092560515 0.5002039339192281 0.5000661149488599 0.4995934844350486 0.5001872437232807 
0.07992371832720914 0.2098153451461089 0.49973348234928205 0.5001692315245905 0.4996339318152085 0.49955337069882905 0.5001838640532323 
0.6830841551863785 0.42762577462434037 0.5002745852461934 0.5001691280278909 0.5000987899676425 0.4996208688568041 0.5002291330013523 
0.5506635660196574 0.3411145719916383 0.49972563117360025 0.5002042547885877 0.5000615552125682 0.4995882437349627 0.5001856758817477 
0.45496933124078565 0.864392333125078 0.49973348234928205 0.5003266226401109 0.49963873769390466 0.5002661020050955 0.5001862850820147 
0.6534425614399283 3.0149495157008588E-5 0.5002605956018104 0.500169487727223 0.5000635854591575 0.49956617497728306 0.5001855287104994 
0.09639981044028212 0.9747513668118711 0.5002745521446502 0.5002008703428681 0.5000615587672911 0.4996345790845519 0.5002097912466749 
8.554577556742493E-4 0.16935108323912818 0.4997466214007131 0.5002145562757793 0.500060338519384 0.49964439066490984 0.5002157332380969 
0.5583930861827413 0.8266830766726322 0.4996567810290982 0.5001415730677121 0.5001049946541277 0.4999209263255031 0.5002160385181403 
0.45807281740278316 0.45413727336620713 0.4996858066545959 0.5003351682103201 0.5000615552125682 0.4995799385959669 0.5001856758817477 
0.6847663701558517 0.015411049600598824 0.5002749742368473 0.500169172932892 0.5000987212678565 0.4996207998033413 0.5001862009468699 
0.38715973516125013 0.14225945972572157 0.5002807468483764 0.5002156059760097 0.5000496744404853 0.500616643312876 0.4999666387329393 
0.9848771325640864 0.08011881784256211 0.4997466214007131 0.5002145562757793 0.500060338519384 0.49964210678555326 0.5002157332380969 
0.9729782300504258 0.42762577462434037 0.5002745852461934 0.5001702523712751 0.5000233857930685 0.4999516265448232 0.5002291330013523 
0.8251954617218538 0.025528870876445342 0.49970933590950095 0.5002069743472753 0.5000573047428896 0.500580577306085 0.5001947785580286 
0.08006903887919337 0.8679484579891925 0.49973348234928205 0.5003266226401109 0.49963873769390466 0.5002661020050955 0.5001980807126526 
0.46291793396022735 0.01476011831418847 0.5002745248348969 0.5002129264338492 0.500022243931679 0.49962179741772333 0.4998906292184024 
0.2281914441263992 7.749097784177546E-4 0.4996899509129865 0.500264464090229 0.5000217096033406 0.4998862510679466 0.5001856994367682 
0.5193147867941577 0.42155919046784823 0.4996741975514151 0.5001784536529492 0.5000607734624617 0.49958873598055126 0.5001901039859213 
0.012352235544970724 0.004676238113226636 0.4997302170142188 0.5001512716887521 0.5000388000704159 0.5005641432292862 0.5002073059628224 
0.46869054987732417 0.9373794091727687 0.5002113214868242 0.5002181690273014 0.5000097731005239 0.4996018120608446 0.5002100670585646 
0.5834581596751667 0.994578901072926 0.4996555402750259 0.5003351682103201 0.49960615764352023 0.4995278061580717 0.5001856758817477 
0.9745161625055191 0.015411049600598824 0.5002749742368473 0.5001702972762762 0.5000233170932825 0.49995155749136033 0.5001862009468699 
0.7210744240792712 0.352300432410076 0.5003349121695579 0.5001603726990883 0.5000683285390605 0.4995915521887516 0.5001981945842013 
0.540480414370098 0.8981445699156777 0.4996858066545959 0.5003351682103201 0.49960615764352023 0.4995278061580717 0.5001856758817477 
0.6114778847411148 0.9548029415637299 0.5002496248329037 0.5002131613141477 0.500083590645978 0.4995430893824152 0.5000374959656076 
0.14129326299699263 0.3958247758455764 0.49968674621027864 0.5002134962002804 0.5000659784842775 0.49964318051724005 0.5002157332380969 
0.09786689398227498 0.9747513668118711 0.5002745521446502 0.5002008703428681 0.5000615587672911 0.499634668252659 0.5002097912466749 
0.5554548431148167 0.7766724040399015 0.4996567810290982 0.5001685003540199 0.5001049946541277 0.4999218222117573 0.5002160385181403 
0.9366805912588623 0.9280847410258048 0.5002745852461934 0.5001710192521556 0.5000233857930685 0.4999516265448232 0.5000035364191647 
0.33167926325693764 0.28150009918599994 0.5002764812449993 0.5001807557949007 0.49965685473503313 0.49955267726878144 0.4998789165906471 
0.9999394839390661 0.015411049600598824 0.50027491247443 0.500169172932892 0.5000987212678565 0.4996207998033413 0.5001862009468699 
1.0441979690283595E-4 0.8882004450763259 0.5002713319514069 0.5001352899371315 0.5000683471969765 0.49958308868612483 0.5002161330373152 
0.8022292972983336 0.38748437735321 0.49974662585254104 0.5002091579763659 0.5000678362381329 0.5005746897606658 0.5001978170141149 
0.6504994235901114 1.210724839097852E-7 0.5002663481725084 0.4993681144668816 0.5001727855759864 0.5005285041617136 0.5001855315351781 
0.9354393358166863 0.9620012363292083 0.5002743073095175 0.5001710192521556 0.5000233857930685 0.500509349063363 0.5001853358577527 
0.9966938529278723 0.17790563636783702 0.5007147400417286 0.5002405841819642 0.5000513165519034 0.499632720619976 0.4999449869033001 
