0.0 0.35854734094439955 0.5001162935079314 0.49984681305887657 0.4999787895919667 0.4999944780039346 0.5001503449841297 
1.0 0.9999999999999852 0.4999990104625256 0.4998504344125834 0.49999816469500685 0.49999333484653746 0.5002513550583716 
0.0 0.35854734094439955 0.5001162935079314 0.49984681305887657 0.4999787895919667 0.4999944780039346 0.5001503449841297 
1.0 0.09614083666764744 0.4999990104625256 0.4998504344125834 0.49999816643519546 0.5043459537715077 0.5002513550583716 
1.0 0.9999999999999852 0.4999990104625256 0.4998504344125834 0.49999816469500685 0.49999333484653746 0.5002513550583716 
0.9999999986721513 1.1961071043196076E-16 0.49993308855804636 0.49979191587024596 0.4999972246697185 0.49968403383487164 0.5003146212118945 
0.8984444652103719 0.05375716505898992 0.4999828273941829 0.4997954558815823 0.49996704345216275 0.4997346279617233 0.5002644907849165 
0.7494808906532141 0.95658141123982 0.5001160989663614 0.4997733253992647 0.4999645981850415 0.49999500750196374 0.5002421628232921 
0.1648858115533861 0.5392906036740058 0.49996980853503253 0.499793297061615 0.4999673012655078 0.5000265042033272 0.5001567657068604 
0.46832721799888033 0.6330519678642669 0.4999996033839541 0.499879305669713 0.49999684481437573 0.5000029080469158 0.499971518233748 
0.21187487191212945 0.05393403073754255 0.5000032822643751 0.4998661872328205 0.4999644316586336 0.5000843875383647 0.5002307459342723 
0.9190862026364043 0.1470784480150027 0.4998904673999053 0.49982830683320906 0.49996197784908497 0.4997282999248673 0.499652528303196 
0.03763147422623539 0.7447153280538832 0.49998099394289836 0.4998661872328205 0.49999899263315917 0.50008347771966 0.49995649936782327 
0.13508977994335747 0.269599906136227 0.4999693998374864 0.49979306725060296 0.49997471246315583 0.4997172223868608 0.5002700665036001 
0.9976761382243333 0.7091997173230582 0.4999747580116149 0.49986530991854883 0.49997299217979596 0.5000600166764554 0.49977922996484586 
0.775514746359737 0.10835266372699107 0.499717978754298 0.4998613915805339 0.5000006896234689 0.4997275214242741 0.5002490832658594 
0.9397281889420359 0.3578910487781854 0.4999788114605203 0.49984693299783234 0.49997699633765313 0.4999944780039346 0.5001503449841297 
0.8908763767401676 0.7449029435608221 0.4999690117061512 0.4997842286370876 0.4999981380501674 0.5000768184001221 0.49965380264832115 
0.5270263901119758 0.9996948759878386 0.49997279324676736 0.499792663419978 0.49997527847906453 0.4999894758685027 0.5001730907008747 
0.07900549542711033 0.6786873600137011 0.49997220838255135 0.49978516301170417 0.49999813315051594 0.50008347771966 0.49995649936782327 
0.27057817615371343 0.9997151316458145 0.4999660347991028 0.4997809220552229 0.4999781830098587 0.4997282102657513 0.5003601584232926 
0.3629393778737147 0.5178448665594931 0.49996442224532495 0.4998247866807318 0.49996814879541 0.5000245259447271 0.5001567657068604 
0.8005215491374679 0.5287857487139513 0.4999808291501997 0.4997941031436129 0.4999633653478023 0.49968331330885596 0.5003185328498945 
0.44418529375197585 0.3619751187699532 0.5001169047220921 0.4998793109151416 0.4999772925464358 0.5000050633768084 0.5001536706423502 
0.9628686196159196 0.987862867775355 0.49997321275743556 0.499792663419978 0.49997873069838017 0.500224526318645 0.49963802982979755 
0.6222423148083107 0.862798937142847 0.4999721144767362 0.4997838223983727 0.4999669312560929 0.49973296454726995 0.4996532030113114 
0.879354497437321 0.7269707214079848 0.49988134126064615 0.49984349403433675 0.4999630531438595 0.49971350257811614 0.5003045690519307 
0.7147302622051387 0.8660794489057083 0.4999371550793035 0.499789846355086 0.4999981066860755 0.4996838888241936 0.4996648565959078 
0.8239781279060556 0.9376968761346934 0.4999708948600566 0.4998550620436935 0.5000008091563473 0.49972722578600787 0.5001640637061037 
0.8595635609134247 0.5336887284610614 0.4999703973989795 0.4998465351644033 0.4999754228665015 0.49973587196810354 0.5002437813743313 
0.9245936053031496 0.5392906036740058 0.4999646398197515 0.499793297061615 0.4999675077062033 0.500021498644546 0.5001567657068604 
0.393565753260081 0.8677829549300081 0.49998122256445166 0.4997920417296069 0.49996258509585195 0.5002899275478024 0.49966292785970096 
0.7940125166013522 0.7423416731102163 0.49993602914099267 0.49978919713929976 0.4999982138414269 0.5002839920813859 0.5002459384714767 
0.9227114057780259 0.8611929709330283 0.49997179120831103 0.4998550620436935 0.5000008091563473 0.4997358828834208 0.49974361127839745 
0.7249499574863115 0.13123781974639281 0.49999982459181563 0.4998613915805339 0.5000006883028011 0.49972973624659844 0.5001717078865316 
0.9731087745730311 0.8378940095951243 0.4999992399438827 0.49985946643477563 0.49996318129449757 0.5002456478070862 0.5002812559469796 
0.9227114057780259 0.9376968761346934 0.4999815090875946 0.4998550620436935 0.5000008091563473 0.4999855986807626 0.49974361127839745 
0.6794221869087098 0.3508031704205242 0.4999415104482055 0.49978606213217763 0.4999753373726511 0.4999944780039346 0.5001775864796932 
0.7249499574863115 0.09716893354840206 0.49999982459181563 0.4998613915805339 0.4999970026029968 0.49972973624659844 0.5002490832658594 
0.04463791917827853 0.7447153280538832 0.5000005790673523 0.4998661872328205 0.49999899263315917 0.50008347771966 0.49995649936782327 
0.4144523310565221 0.511575778489982 0.499966443981293 0.49976787219204716 0.49996689754449253 0.500001888948651 0.49962887361773345 
0.6743036328483711 0.7431887707752418 0.500000134805925 0.49978128731873556 0.4999668190907541 0.49971090653733624 0.5003398789379103 
0.4286718735921672 0.2664930091820158 0.4999700353733586 0.4998433941747537 0.49999657944553394 0.5000911623982205 0.5000958532900539 
0.4700339178921693 0.5979456969918692 0.49993462392993276 0.49979584029273383 0.49999712482683506 0.4999999757469291 0.4996540096993006 
0.8189782196310534 0.6026750945056807 0.49971508170615014 0.49979448991471953 0.5000002130075515 0.4997260979088542 0.5002534923541859 
0.6655516544159132 0.46414178453594657 0.49998271076533557 0.4997851273217048 0.49999853504830316 0.49972720411561183 0.49963066036009113 
0.5714337057730832 0.02848195354411065 0.49998282727149385 0.4997977911479356 0.49996704338930537 0.4997346279617233 0.5002644907849165 
0.006267308901561963 0.5124266475882251 0.4999817722202061 0.4998783142805116 0.4999671578628362 0.4999944780039346 0.4997765888181762 
0.9999999986721513 1.1961071043196076E-16 0.49993308855804636 0.49979191587024596 0.4999972246697185 0.49968403383487164 0.5003146212118945 
0.8006253563049665 0.15627073817652243 0.49999892961138814 0.49987932661761125 0.49996336085976273 0.500316303750134 0.49997159332055446 
0.9846631491894514 0.987862867775355 0.49997321275743556 0.499792663419978 0.49997527847906453 0.500224526318645 0.5001716958919151 
0.8484002396915664 0.47470106172488913 0.4999720788648747 0.499847805559618 0.49997545235423235 0.49973296454726995 0.49967844324746996 
0.5749381100651759 0.6277819317175131 0.4999679819938994 0.4997731005128357 0.4999719056412589 0.5000261956713833 0.5002826970022839 
0.13461057457294945 0.7449029435608221 0.4999690117061512 0.4997842286370876 0.4999981380501674 0.5000768184001221 0.5002604080807564 
0.62924150834658 0.7449029435608221 0.499970185183753 0.49977349174407987 0.499978858959512 0.4997383628814673 0.4997099322801288 
0.33974102553538676 0.5286155594738697 0.4999806951665331 0.4998247866807318 0.49996345572762024 0.5000245259447271 0.5001465998569901 
0.9016146607857694 0.9810155787539636 0.49996996314834424 0.49986887054525686 0.49997474493253796 0.49973857151727397 0.4999552385176837 
0.6965235134555817 0.17614975492753543 0.49988853029149843 0.499796084973349 0.49996342410915406 0.49971192885636806 0.49966615917663304 
0.9731087745730311 0.7440754972291722 0.4999680564722195 0.49985946643477563 0.4999623448955066 0.5002463749604118 0.5002812559469796 
0.11060118991973211 0.269599906136227 0.4999693998374864 0.49979306725060296 0.49997471246315583 0.4997172223868608 0.5002700665036001 
0.27969530797803127 0.3610154321661877 0.49998122256445166 0.4998465659397401 0.4999630148617297 0.5002899275478024 0.49966292785970096 
0.8500892537678992 0.15203514442291974 0.4998904673999053 0.4998284075800162 0.49995481176532436 0.49972395442839923 0.499652528303196 
0.15861717945825743 0.6468081267607003 0.4998914143013529 0.49979331700192037 0.4999981066860755 0.4997277887611219 0.4998047269743847 
0.3255301815263559 0.5288631982827734 0.4999694594364053 0.49982500345071196 0.49999956555514685 0.5000822692150515 0.5002017970925828 
0.21021351698418275 0.8614479552184695 0.5000005790673523 0.4998661872328205 0.49999870328228607 0.50008347771966 0.4999565316048567 
0.9972169257322598 0.9422619925890662 0.4999699528152819 0.4998594809785869 0.5000005575791852 0.5002521414138377 0.5001496005905666 
0.8523201695400615 0.35854734094439955 0.49988289048145723 0.49984681305887657 0.49996273749045445 0.4996923767833677 0.5001512042158045 
0.42214337656148226 0.9479406120083085 0.4999828529811691 0.4998404537600977 0.4999544531096724 0.49972228554387865 0.5000954362363519 
0.7667139692510668 0.8624286231405796 0.49994045504735685 0.4997882643648907 0.49996343406085764 0.5002742850538553 0.5002545053168553 
0.49978117545808654 0.02249617891846667 0.49993915883609913 0.49979202791795757 0.4999970522341832 0.4999999757469291 0.4997954053530602 
0.2911931094303729 0.855387111294352 0.4999806951665331 0.4998250459178651 0.49996557094167104 0.5000245259447271 0.5001465998569901 
0.9062318312033453 0.8679506942915453 0.4999996033839541 0.49987027944601414 0.49996554316913605 0.49969482607381177 0.49997210018271976 
0.5874273391106376 0.45849365390988056 0.49997558811241 0.4997806504337806 0.4999772925464358 0.5000050633768084 0.5003582781021712 
0.9731087745730311 0.7631459906925578 0.4999680564722195 0.49986128455654655 0.4999623448955066 0.4997156590311411 0.5002963420313962 
0.9538888768190873 0.6457202196271854 0.4999661903290747 0.4997919281252518 0.4999754982944176 0.499699955848627 0.5002485302179053 
0.6283708214725956 0.6224151846112693 0.5001162935079314 0.4997767135887463 0.4999785362243146 0.4999944780039346 0.5001503449841297 
0.9246737035710547 0.5814154103950808 0.49996707834585535 0.4998467553062026 0.49997458041008325 0.4997362075613762 0.5002445668072795 
0.5918323722824922 0.9468275282272178 0.4999828858051118 0.4997978036301372 0.49997528076311704 0.49973296454726995 0.5002620547400263 
0.7940125166013522 0.7642361134103893 0.49993602914099267 0.49979030809934744 0.4999982138414269 0.5002839920813859 0.5002459384714767 
0.5983608693131771 0.2649231634538703 0.49999819218856106 0.4998007440447932 0.49997528076311704 0.4997330702775832 0.5002620547400263 
0.1648858115533861 0.5555936962494035 0.4999646398197515 0.499793297061615 0.4999635079250627 0.4997127226532972 0.5001567657068604 
0.645359338241862 0.6263697155083157 0.4999679819938994 0.49978424170572877 0.4999719056412589 0.5000261956713833 0.5002826970022839 
0.948698362140272 0.46414178453594657 0.4999829140094103 0.4997855504523565 0.49999853504830316 0.49972720411561183 0.49963066036009113 
0.8484002396915664 0.4387675280949387 0.4999720788648747 0.499847805559618 0.49997545235423235 0.49973296454726995 0.49967844324746996 
0.8446939552053429 0.7423416731102163 0.49993602914099267 0.49978919713929976 0.4999643953764119 0.500296132749004 0.5002459384714767 
0.829092855364931 0.16248651133339703 0.49999929094222867 0.4998550620436935 0.5000014011987489 0.4997280932391277 0.5001621598205019 
0.9464882303677614 0.8691491514446015 0.49997686007831665 0.49988841292707975 0.49999729425745987 0.4997279584183887 0.4996446235887472 
0.3352228012226367 0.6213078204094205 0.5001125763889194 0.4997767135887463 0.4999785362243146 0.4999944780039346 0.5001466306419766 
0.9972169257322598 0.9379906955447199 0.4999699528152819 0.4998612991003578 0.5000005575791852 0.499721425484567 0.500164686674983 
0.6292529692782349 0.35854734094439955 0.5001162935079314 0.49984681305887657 0.4999787895919667 0.4999944780039346 0.4996513872241938 
0.4191640807286513 0.5111045043490525 0.49993462392993276 0.4997678625293501 0.49996661212531446 0.4999999757469291 0.4996307016061912 
0.39013631759471284 0.8677829549300081 0.5000008076889056 0.4997920417296069 0.49996258509585195 0.5002899275478024 0.49966292785970096 
0.9786752511825805 0.5830230477174588 0.4999826539989373 0.49978977747711595 0.4999971311586273 0.49973106170221787 0.49995633686943713 
0.9062318312033453 0.9921668102504418 0.4999996033839541 0.49987027944601414 0.4999972206511679 0.49972930614637606 0.4999552385176837 
0.4500113326166542 0.8691491514446015 0.4999373436508825 0.49988841292707975 0.49999729425745987 0.4997279584183887 0.4996446235887472 
0.9117668235810599 0.35854734094439955 0.5001162935079314 0.499846761055403 0.4999787895919667 0.4999944780039346 0.5001243025915977 
0.5008001365577505 0.009070644678003725 0.49993915883609913 0.4997955359517972 0.4999970522341832 0.5000090549416212 0.4997954053530602 
0.6159743539038414 0.3358429923325761 0.4999694594364053 0.49982500345071196 0.5000021266310469 0.5000822692150515 0.5002017970925828 
0.5501012829183239 0.4605209326331985 0.4999754725052298 0.49978128731873556 0.49999827124745144 0.4997279584183887 0.5003589540111211 
0.6328890457854134 0.5928991568010441 0.49998441228554524 0.4998247866807318 0.49996345572762024 0.5000245259447271 0.500150314199143 
