2.0161774033913202E-17 1.867056548676522E-13 0.4999305657318704 0.5003937340375352 0.5999926383416946 0.4989815170007053 0.5997725255431862 
3.577866728343704E-5 1.0 0.49993503108011383 0.5001820830573483 0.59999548841533 0.49968502032190665 0.5997997315237262 
1.0 1.0 0.4999415567728284 0.5001109356881035 0.5999852291509326 0.5002484007487552 0.5997392392839803 
0.9999999999999999 5.701947431713635E-16 0.30053124378462015 0.5001840497254538 0.5999926025595385 0.4926283508313245 0.49846179164484755 
2.0161774033913202E-17 1.867056548676522E-13 0.4999305657318704 0.5003937340375352 0.5999926383416946 0.4989815170007053 0.5997725255431862 
1.0 1.0 0.4999415567728284 0.5001109356881035 0.5999852291509326 0.5002484007487552 0.5997392392839803 
0.9999999999999702 1.508323085878519E-17 0.5003079504559632 0.5005878778828621 0.6000134347503069 0.5004294142490415 0.5057295945915529 
0.9999612548675548 1.0 0.499963351235619 0.5005574980706942 0.6005294069174105 0.500075410070663 0.5004492172516268 
0.9842265709812315 1.508323085878519E-17 0.300154857022483 0.5004958281207547 0.5999854227284154 0.49946866858424305 0.498251874925235 
0.03696709805960752 1.0 0.49993503108011383 0.5000603157786161 0.5999814729262064 0.499708614458395 0.5997360753433072 
0.9509231923748029 1.508323085878519E-17 0.4998928426908205 0.5003911824955972 0.5999825860575415 0.4996065981941337 0.4982612700603492 
2.0161774033913202E-17 0.5269271279370035 0.4999094808781205 0.5003882597916662 0.600453948623281 0.49997664035300166 0.5005355025524082 
0.8505619209284381 1.0 0.4999338959790077 0.500383683869 0.5999206007586304 0.5002635801933351 0.4998090674772245 
1.0 0.99999919587676 0.5002374934345541 0.5001867881541147 0.5999746354508231 0.500261101312238 0.5000291934926533 
0.9999999999999702 5.701947431713635E-16 0.30053124378462015 0.5001745185379207 0.6000409718405139 0.40063299289047105 0.498251874925235 
0.005581836627915893 0.9811704770981757 0.49987544162509 0.5001355928882362 0.6004438605363717 0.49970359728281655 0.5000452312381077 
2.0161774033913202E-17 0.006740365198624609 0.4998729971876776 0.5001495691502392 0.5999927841871108 0.4990051111371937 0.5997339029735664 
0.9780672469707528 0.03662673518333416 0.49987576245234405 0.5000164248035274 0.6004528037847406 0.5001410347970487 0.4996904942857313 
0.8888831545472428 0.9001642112206063 0.4999833900822316 0.4999752554412947 0.6003602162788003 0.5002086331906923 0.5001547954956926 
0.7416810858300688 0.9262577120226072 0.49996486900486864 0.5005478758835855 0.6005257690925989 0.49961956631981386 0.5000562655625984 
0.3714774236903128 0.03796401108377123 0.49990350747639456 0.5001531075389498 0.6005282732871692 0.5001632461133746 0.599978898797217 
0.9999999999999702 5.701947431713635E-16 0.30053124378462015 0.5001745185379207 0.6000409718405139 0.40063299289047105 0.498251874925235 
0.8023362624081684 0.9900502638301796 0.49986980787362834 0.5005703644189035 0.5999872617109259 0.5002893808062397 0.5000628987563416 
0.9875464813379257 0.9851324981890798 0.4999807125498349 0.5002081341013352 0.6000352981088167 0.49974389967175276 0.5000553529565384 
0.8238707554004435 0.2429080221285828 0.4999815174630166 0.5005732060032387 0.6004394222674404 0.5002680899934624 0.5000553529565384 
0.5289202897645173 0.5903226398895832 0.499981706966674 0.4999962013525341 0.6004043101728246 0.4996429236839514 0.5001938856263348 
0.03696709805960752 1.0 0.49993503108011383 0.5000603157786161 0.5999814729262064 0.499708614458395 0.5997360753433072 
0.7144393403055921 0.9887902188712623 0.4999117220507077 0.5002029829207055 0.6000352981088167 0.5001843805371712 0.4997478691284723 
0.9395507269576637 0.9705752081104024 0.49986980787362834 0.5005703644189035 0.5999872617109259 0.5002562896226728 0.5000628647286776 
0.8684327850426243 1.0 0.499963351235619 0.500383683869 0.6005294069174105 0.500075410070663 0.4998090674772245 
0.12515858331767915 1.0 0.4999656681373683 0.5005769071816871 0.6005294113018362 0.5002607443392391 0.5000542229022286 
0.7163898113676058 0.2429080221285828 0.4999815174630166 0.500573485188872 0.6004394222674404 0.49963183230749614 0.5000553529565384 
0.43797458515716015 0.9850295556891893 0.5002889436296609 0.500387271735768 0.6004487879455325 0.49965589993424453 0.500055436289928 
0.9297272771756198 0.7538316170352299 0.4999158876930305 0.5008643018315144 0.6000303037741821 0.5002265640232596 0.4999284316471459 
0.5478410873372486 0.9653077647560537 0.5002889436296609 0.500387271735768 0.6004409897053224 0.49967063997848554 0.500055436289928 
0.42900300010339626 0.8945566110013246 0.4999153972886216 0.500391781925587 0.6004487879455325 0.5002624412884253 0.5000553202931112 
0.5169941318893191 0.17621614082981935 0.499982636888801 0.5002081341013352 0.6004426935092496 0.4996301967787986 0.5000553529565384 
0.4537502765725805 0.99979033932512 0.5002545997317417 0.4999887527219332 0.6005299236200505 0.5001670387873545 0.5009510605836286 
0.9780672469707528 9.678228639045244E-4 0.4984522846516139 0.5000164248035274 0.6004687944695575 0.5001410347970487 0.4996521234489276 
0.14618644855231694 1.0 0.5002398905726939 0.5005769071816871 0.6005302636955553 0.500262252301053 0.5000555148206675 
0.56661223524245 0.8836917917670294 0.49987892235583076 0.5001725571753759 0.6004021930094998 0.4994687695119734 0.5002105514437865 
0.6548987330516063 0.7385912888811543 0.49991283984433876 0.5005765767588972 0.600008501941244 0.5001786211198231 0.49974919444966626 
0.25574585373858594 0.8273528443315512 0.5002775702328679 0.5003787954327321 0.6004519699758432 0.5002492853670463 0.500064087547866 
0.5169941318893191 0.15121649843645385 0.5002906518753546 0.5005756735226493 0.6004426948773238 0.5002466836840773 0.5000553529565384 
0.9862066663374021 0.13797722402214344 0.49991856221562225 0.500555542702355 0.6004431745607184 0.49956592546265777 0.49985947613413495 
0.472741410244982 1.5352198373586035E-4 0.4999295608183884 0.5003781506407167 0.6004487309477652 0.500130984111029 0.599978898797217 
0.2857551114307239 0.2402178804070293 0.4999029012388557 0.5005709132219808 0.5999428628642353 0.5002096201594824 0.5000595931886083 
0.49399925911595666 0.2429080221285828 0.5002827480920607 0.5003816931675581 0.6004438307028536 0.4996301967787986 0.5000553529565384 
0.37183287761224093 0.8767266852910212 0.4998718262510023 0.5003912380000888 0.6004394788685002 0.4996261654611924 0.49946399589595286 
0.56661223524245 0.5785370827618874 0.4999723090880722 0.4995876407227724 0.5999396001226036 0.4995025988394457 0.500065452845514 
0.778540876861767 0.2429080221285828 0.4999126775636297 0.5008433353821027 0.6004430696958777 0.4996301967787986 0.5000553529565384 
0.3119325237580945 0.999858531019138 0.49987432571174495 0.5001440067612676 0.5999768991143074 0.49967565205505854 0.5015267023401978 
0.6743133376920216 0.9993629098724472 0.499982636888801 0.5002081341013352 0.6000057288646055 0.49959971323580016 0.5000553529565384 
0.6186832360723528 0.10551136482734907 0.5002301231652904 0.5002088235575021 0.6004427105713707 0.4996670772212186 0.4997280060182203 
0.6743133376920216 0.9477503959863736 0.499982636888801 0.5002081341013352 0.5999798847900112 0.49960545541817747 0.5000553529565384 
0.6344821974842098 0.1727535100825684 0.5005477850572235 0.5002088235575021 0.6004427105713707 0.4996301967787986 0.49973577390959173 
0.4652806578390215 0.7115726008463756 0.5002986672085183 0.4999962013525341 0.6004043101728246 0.5002482724576552 0.5000554336555729 
0.9395507269576637 0.6959579100234325 0.49986980787362834 0.5005703644189035 0.5999872617109259 0.500281063579811 0.5000628647286776 
0.437806308188794 0.9961871775150685 0.5002562249835731 0.5008794950434334 0.6004008522595177 0.4995281539731151 0.5000456900340544 
0.4655574318700165 0.9041124208739528 0.5002775702328679 0.5003913222236891 0.6004487879455325 0.5002550046838382 0.5000642772841192 
0.25574585373858594 0.9041124208739528 0.5002775702328679 0.5003787954327321 0.6004519699758432 0.5002492853670463 0.500064087547866 
0.6301430535277225 0.9129812783339594 0.49994849244185063 0.5002029829207055 0.6000352981088167 0.4996301967787986 0.5000553529565384 
0.4511536028497551 1.5352198373586035E-4 0.49990350747639456 0.5004010891762086 0.6004427107439124 0.500130984111029 0.599978898797217 
0.2125636872843803 0.9959940192853871 0.5002372788696465 0.5004054115659183 0.60040502882778 0.5001648469942066 0.5000555148206675 
0.15764455403636468 1.0 0.5002398905726939 0.5005769071816871 0.6005302636955553 0.500262252301053 0.5000555148206675 
0.38476987963196135 0.9855908505907844 0.4999838017760101 0.5003986176694255 0.6004409942304315 0.5001670387873545 0.5009799554994349 
0.6743133376920216 0.9014869811531423 0.4999807125498349 0.5002081341013352 0.6000352981088167 0.4996301967787986 0.5000553529565384 
0.5289202897645173 0.7050449656153539 0.499981706966674 0.4999962013525341 0.6004043101728246 0.4996429236839514 0.5001938856263348 
0.6006722014746395 0.9933838384580449 0.4999638354913698 0.49998362524250256 0.6005129066641425 0.5000082052355167 0.4998822378670115 
0.37805031023429464 0.057156002694470465 0.4998946934125379 0.5001576451562716 0.6004394788685002 0.49960694995157484 0.4995144240417448 
0.16405180475448372 1.0 0.5002361069051606 0.5005769071816871 0.6005302636955553 0.5000740821783811 0.5000555148206675 
0.9336316454320857 0.7538316170352299 0.49991435782832594 0.5008643018315144 0.6004548362805803 0.4996300050193892 0.4999284316471459 
0.5911863243434513 0.9568724590678725 0.5002775702328679 0.5003911652138021 0.600448758471434 0.5002359383280761 0.499888053847876 
0.7744126886695393 0.993803645430095 0.499982636888801 0.5002034485764613 0.6004438307028536 0.4996298501848382 0.5000514647077549 
0.38476987963196135 0.9643841271672902 0.5002559108101936 0.5003973858252032 0.6004409942304315 0.5001670387873545 0.5009799554994349 
0.7968966955420643 0.8819711240438655 0.5002775702328679 0.500805540328303 0.6000087615092207 0.5002492755261019 0.5000518080582769 
0.9907535100648287 0.2429080221285828 0.4999811135560515 0.5005732060032387 0.6004394222674404 0.5000705332540913 0.5000562116174785 
0.25574585373858594 0.9985453873080695 0.5002775702328679 0.49999272930531347 0.6004519699758432 0.5002492853670463 0.500064087547866 
1.0 0.5158893151911742 0.4999339756915743 0.5000585219957021 0.599986878215932 0.5015167564287805 0.5999359097859892 
2.0161774033913202E-17 0.5269271279370035 0.4999094808781205 0.5003882597916662 0.600453948623281 0.49997664035300166 0.5005355025524082 
0.6723691687782497 0.2541325970667803 0.5002827480920607 0.5003816931675581 0.6004438307028536 0.4996301967787986 0.5000553529565384 
0.778540876861767 0.2429080221285828 0.4999126775636297 0.5008433353821027 0.6004430696958777 0.4996301967787986 0.5000553529565384 
0.2973850667224774 0.9661134443699244 0.49997562717102756 0.5001839189104367 0.5999415598655343 0.4995961888216073 0.5000594457610558 
0.6154739849125678 0.9993629098724472 0.499982636888801 0.5002081341013352 0.6000057288646055 0.49959971323580016 0.5000553529565384 
0.9430465758699972 0.03662673518333416 0.49987570736465986 0.5000587154206295 0.5999880800427052 0.5001410347970487 0.4996904942857313 
0.49631626201144846 0.9041124208739528 0.5002775702328679 0.5003773144970244 0.6004487879455325 0.5002492755261019 0.5000642772841192 
0.7267866708160688 0.7538178033226487 0.49991283984433876 0.5005765747011867 0.6000301926363945 0.5001803885600912 0.4997457858458174 
0.3161561534998911 0.9063649162136019 0.5002650474162833 0.5003684452975513 0.5999418823360443 0.5002491995625289 0.500060783756413 
0.6717307830358422 0.7538178033226487 0.49991283984433876 0.5005765747011867 0.6000301926363945 0.5001803885600912 0.4997457858458174 
0.2857551114307239 0.9851098960040507 0.49994209453898236 0.5005709132219808 0.5999839967821862 0.5002096201594824 0.49971359366235535 
0.3578589054800967 2.175383170666123E-5 0.500540364382825 0.5000180441489167 0.6004427107439124 0.5001632461133746 0.599978898797217 
0.5169941318893191 0.4983266559097832 0.5002906518753546 0.5005754826184906 0.6004426948773238 0.5002466836840773 0.5000553529565384 
0.9992033451108305 0.7304182513960185 0.5005534102898805 0.5001804448072108 0.5999819612803703 0.5002259158803479 0.49851445363041913 
0.9780672469707528 9.678228639045244E-4 0.4984522846516139 0.5000164248035274 0.6004687944695575 0.5001410347970487 0.4996521234489276 
0.3578589054800967 2.175383170666123E-5 0.500540364382825 0.5000180441489167 0.6004427107439124 0.5001632461133746 0.599978898797217 
0.9785618750815493 0.2626428477435507 0.4998750467009673 0.5000150481648213 0.6004528037847406 0.5001410347970487 0.49968945420805855 
0.8114413730758263 0.10236161808701238 0.499967173976113 0.5003836865885707 0.6000262688696011 0.5002627814491721 0.49901928424794895 
0.2962678783827912 0.9655639216169735 0.4999029012388557 0.5001839189104367 0.5999428628642353 0.5002094930498912 0.5000595931886083 
0.7744126886695393 0.9868961644573432 0.499982636888801 0.5002081341013352 0.6004438307028536 0.49963013537547823 0.5000502331454871 
0.49594342802972863 0.9365231459493442 0.499982636888801 0.5002081341013352 0.5999798847900112 0.49960545541817747 0.5000553529565384 
