0.0 0.979526659116617 0.5999750011026803 0.4994137308910429 0.49964660620496315 0.4998934719975987 0.40008688893239597 
1.0 1.0 0.5011238378486407 0.49949911886881077 0.5002143313627798 0.49990629811110865 0.49867790007546353 
0.0 0.979526659116617 0.5999750011026803 0.4994137308910429 0.49964660620496315 0.4998934719975987 0.40008688893239597 
1.0 0.0 0.5982644196268916 0.4974798502937136 0.4996717451003791 0.5001019787815685 0.5003859788264982 
1.0 5.122972202646997E-4 0.4999390568058201 0.499516449409281 0.49938178682441076 0.502226530474551 0.5003351708954455 
1.0 0.0 0.5982644196268916 0.4974798502937136 0.4996717451003791 0.5001019787815685 0.5003859788264982 
0.9999999999999925 0.0 0.4988833843720174 0.49947905526597536 0.5001518618687646 0.5001019787815685 0.5003883987301786 
1.0 5.122972202646997E-4 0.4999390568058201 0.499516449409281 0.49938178682441076 0.502226530474551 0.5003351708954455 
1.2087133814917125E-4 1.0 0.5993299614195589 0.49940742084587303 0.4990155000405925 0.4990811292812459 0.5002639776290336 
2.2302471866342786E-4 0.0 0.49884187053276074 0.4993947409124013 0.5004598352080725 0.5001021407608643 0.5014259564219384 
1.2684079073947067E-4 0.9999999999999998 0.497522197435457 0.49941285366725974 0.5002298389072979 0.49961663455581534 0.5000791418703674 
0.9986974784966335 1.0 0.49843376384143817 0.49962982803400346 0.5001452693703043 0.4998809004137863 0.5000635524683311 
2.629917700162817E-4 0.0 0.4999778842723978 0.4993958285708459 0.5004598352080725 0.5001021448071371 0.5014259564219384 
0.7045550622665147 0.9999999999999998 0.5999426271200776 0.4997998908652896 0.49924091517196306 0.4998852167694235 0.5001109653055912 
2.2302471866342786E-4 1.539336558151595E-5 0.4989309154918455 0.4993947409124013 0.49955128861035586 0.5001069720979187 0.5014259564219384 
0.9929712447737729 0.999774852064636 0.4993458450666238 0.4993325490526539 0.5001447047870624 0.4999914895544255 0.4999330580046268 
0.999286095924729 0.9991825904963565 0.4990046923341208 0.49949203554727517 0.5001389377635651 0.4999053317495089 0.4998868896388489 
0.004104806185773729 1.545893210350034E-5 0.5001226870306112 0.49957922905851315 0.4990445483757734 0.5001069956556021 0.5004474254868485 
0.9046550082982844 0.9999940159967582 0.49857772061212713 0.4993640235015453 0.5001283257314989 0.5001335605235857 0.5005051368394848 
0.8305775116562022 0.12173895420058234 0.4999422936600834 0.5008454561790192 0.5001534371603963 0.49985661102831186 0.4995751368341868 
0.45862118226571463 0.9949449901164011 0.4999970739785632 0.4995899225736701 0.5002844341421081 0.4999013541846698 0.5002606304351737 
0.31414380399548314 0.9999978083613875 0.4988453000535038 0.4992462153794497 0.5001518234660757 0.5001422106358545 0.5003774771448306 
0.2128345476881231 0.8982661124068232 0.5000936976679354 0.49972556298963483 0.4996256908641301 0.5002054964619596 0.5003742151436716 
0.9998197836821127 0.9992112349022441 0.4990138299711489 0.4994860275820282 0.4990941984931453 0.5002017422224331 0.4999447967773244 
6.5300388264188935E-6 0.1269530330718049 0.5000426509866984 0.49949885623540086 0.5011498700445669 0.5001019888452817 0.5003361888974154 
0.0041004423709229965 1.0 0.5993299614195589 0.49959325531781384 0.4990155000405925 0.4990821555884481 0.5002639776290336 
0.2862326803440007 0.910279949623242 0.5000612122546185 0.49961651750871233 0.5001888049341842 0.4998905860366846 0.5003774771448306 
0.018941243034739152 1.0 0.4987064564701321 0.49924337551650977 0.49962377728931706 0.5002038604457316 0.5000471483547121 
0.2920783924047046 0.998902080154827 0.4988833843720174 0.49980397674253285 0.5001579961498875 0.5001423435428975 0.5003774771448306 
0.7544865992656595 0.8548070095532164 0.49993808066244094 0.49947905526597536 0.5001518082020194 0.4998592223071954 0.49962606026105305 
6.5300388264188935E-6 0.9995882604301956 0.5000450779848002 0.49949885623540086 0.5001729592670907 0.500073392886871 0.5003361888974154 
0.6679275858927456 0.8133243723471274 0.4999495193645677 0.4998060708517938 0.5001535908175396 0.4996813323088 0.49960325574552966 
0.9959156840851587 0.9991825904963565 0.49900201874233174 0.4994921666801503 0.5001389377635651 0.4999053317495089 0.4998868896388489 
0.3722120799026631 0.9563872933065591 0.5000612122546185 0.4996848186412983 0.4996668400558411 0.5001192278696516 0.5003774771448306 
1.2684079073947067E-4 0.9999999999999998 0.497522197435457 0.49941285366725974 0.5002298389072979 0.49961663455581534 0.5000791418703674 
1.0 0.9984487445000759 0.49996520843276376 0.4993811137357235 0.5001518618687646 0.4999072052569198 0.5003883987301786 
0.6679275858927456 0.8068980396512532 0.4999495193645677 0.4998060708517938 0.5001518523907931 0.5001019787815685 0.5002744280623596 
0.2081848234198111 0.9980158782636166 0.5000612122546185 0.4996848186412983 0.500170514124445 0.4998878711473898 0.5003774771448306 
0.6570094344605019 0.9999955748544103 0.4993458450666238 0.4993778516371742 0.4996008246676804 0.4999908473649192 0.49940620414784775 
0.8907923951951888 0.999774852064636 0.4993458450666238 0.4993325490526539 0.5001537671266574 0.4998588697288634 0.4999330580046268 
0.906550253733502 0.9996924494079739 0.49934245115789455 0.49980589664315744 0.5001509557285636 0.5001106788682967 0.5002744325815339 
0.7544865992656595 0.8844060810008055 0.49995477802829497 0.49947905526597536 0.5001518082020194 0.4996136102887198 0.49962606026105305 
0.9915715879688992 0.9818845750874907 0.5000279878400227 0.49937892385358296 0.5001518618687646 0.4999072052569198 0.5004407098629965 
0.9348833855480014 0.0 0.4988833843720174 0.4998044455544337 0.5001518234660757 0.5001423435428975 0.5003782159754128 
0.5454119499997944 0.9999999999999997 0.49993938891119966 0.500862680506898 0.5010998455184632 0.49987758622533524 0.5004939014715968 
0.5443348909286204 0.9882747955135258 0.49993938891119966 0.5007550061767543 0.5001579071708614 0.499859911278813 0.5004278148797333 
0.3508859237104638 1.0 0.49887058782622584 0.49947387342750094 0.49962377728931706 0.49988881237007693 0.5000471483547121 
0.3510811480744048 0.0 0.499562857384932 0.4998044455544337 0.5001515779070888 0.4998930252992495 0.5003774771448306 
0.9187525863123145 0.8068980396512532 0.5002060401705732 0.4994715149714042 0.5001445308941336 0.5001019787815685 0.5002629735362475 
0.08345077427303216 0.99369409898912 0.4993707621095106 0.49998620722220494 0.5002399697604183 0.5000088673294631 0.5002847857026618 
0.5264279295497639 0.09946181135722532 0.49957584800051413 0.4994800497266738 0.5001666330670411 0.49989499521717395 0.4998031461336643 
0.8313116659447036 0.9999600448753978 0.5004669348280439 0.49937872815456685 0.5002658616130998 0.49990223094726305 0.5005096470227306 
0.936569872795214 0.8953161043798445 0.5000403066993834 0.49948431464671333 0.5001466659038704 0.4999042960949759 0.5002754107414322 
0.2895717247022309 0.006228354313025673 0.4995747116574859 0.49947949759619326 0.5001548274892157 0.5004291295825589 0.4998835319284886 
0.6699527559423533 0.9855017932399224 0.4999707608228937 0.5008536261819811 0.5001300475552188 0.5000961569617639 0.5000791418703674 
0.6273937453565787 0.11624458663183482 0.4993876634383564 0.4999901858063031 0.5001576406359751 0.49990369647429017 0.5003388713716006 
0.9958504653780869 0.0 0.5007973171039622 0.49947908147198783 0.5001690973297708 0.49919751784481936 0.4998027945646396 
0.3181513373307267 0.9980158782636166 0.5000612122546185 0.4996848186412983 0.500170514124445 0.5001152127359653 0.5003774771448306 
0.9997367410627913 0.0034819352937390247 0.5000385086067222 0.49949316334286853 0.5004567000486712 0.4998977539504087 0.5002846947660208 
0.5974458200562401 0.006800541346566991 0.4999474234219526 0.49947170670371466 0.5002844341421081 0.4999013446667586 0.5004426661248824 
0.5443348909286204 0.9887864065754478 0.4999392471616013 0.5008454561790192 0.5001534371603963 0.49985661102831186 0.5003781800339446 
0.3181513373307267 0.9006517696697549 0.5000612122546185 0.4996848186412983 0.5001518234660757 0.5001192278696516 0.5003774771448306 
0.9582309237861162 0.9006517696697549 0.5000612122546185 0.4996848186412983 0.5001518234660757 0.5001197451190592 0.5003774074150734 
0.6679275858927456 0.8068980396512532 0.4999495193645677 0.4998060708517938 0.5001518523907931 0.5001019787815685 0.5002744280623596 
0.87773432143395 0.9999600448753978 0.5004669348280439 0.49937948328754683 0.5002658616130998 0.49990223094726305 0.5005096470227306 
0.976553486504256 0.90468043127895 0.49996520843276376 0.49949623104908164 0.5001519489058588 0.4999043726530615 0.5003865739437658 
0.6606882879895623 0.9229212965724147 0.4999474234219526 0.4994783266738084 0.5002844341421081 0.49990289070973387 0.49983542492710914 
0.4561944124745942 0.11814385731644234 0.4999474234219526 0.499701141040165 0.5002925963766179 0.4999014580359438 0.5001920516004813 
0.5445730968241048 0.11755374843502397 0.49993988716217924 0.49947466834953425 0.5003001270549934 0.49984779075323643 0.5004458449320619 
0.2822581598218743 0.05427786587282296 0.5002045681176636 0.4996385178913994 0.5001969671686941 0.4998906898879586 0.5003774771448306 
0.9472868370846923 0.11018333014257962 0.49994268716443246 0.4995050950580518 0.5002774238178351 0.5000962840604343 0.49983258044914797 
0.9305506889798975 0.9474608423313378 0.5000409018146746 0.49948431464671333 0.5001466659038704 0.5001019787815685 0.5002754107414322 
0.909157142370097 0.038940628902161656 0.4999909527107281 0.49947235858441497 0.5002926515782402 0.4999018014298342 0.5003898562139536 
0.5584731701384198 0.006800541346566991 0.4999474234219526 0.49947170670371466 0.5002843170084343 0.4999013446667586 0.5002033778614963 
0.8305775116562022 6.876350612281604E-4 0.4999422936600834 0.4997916738259405 0.5001517848892517 0.5001314540065084 0.4995751368341868 
0.3722120799026631 0.8040457804718745 0.49994849517168455 0.4996848186412983 0.4996714555120915 0.5001192278696516 0.500378541009572 
0.7854942827355373 0.010614079635369644 0.49999728104746344 0.4994880096287823 0.500238128839847 0.4998953136107157 0.49980308152716607 
0.9998811248048336 0.0014208609456642374 0.5006565692467851 0.49949343398165147 0.5001309369559511 0.49984523382084345 0.500390450462224 
0.45862118226571463 0.9487747752290112 0.4999474234219526 0.499701141040165 0.5002844341421081 0.4999013541846698 0.5001920516004813 
0.7906440479671771 0.11706242120567614 0.49938134267142315 0.4999844252994072 0.5002407573685725 0.499881524681053 0.49962959152516884 
0.9999999998626405 0.7961200426109118 0.5000409018146746 0.49949324238345144 0.5001579253128429 0.4998402292054532 0.5002730095250805 
0.7102672503835972 0.006800541346566991 0.4999474234219526 0.49947170670371466 0.5002369801320925 0.49990097046477205 0.5002074744267173 
0.7689201373793693 0.0 0.5006514747882196 0.49947905526597536 0.5001518618687646 0.4995573673951366 0.4996136133858319 
0.9472868370846923 0.006228354313025673 0.49994268716443246 0.4997123698161075 0.5002774238178351 0.5000962840604343 0.49985105863750734 
0.9046550082982844 0.9999940159967582 0.49857772061212713 0.4993640235015453 0.5001283257314989 0.5001335605235857 0.5005051368394848 
0.6606882879895623 9.209275640773354E-5 0.4999474234219526 0.49947170670371466 0.5002844341421081 0.4999013446667586 0.499821717030091 
0.6338052395960609 9.209275640773354E-5 0.4999474234219526 0.4994720081876037 0.5002844341421081 0.4999013446667586 0.499821717030091 
0.3181513373307267 0.9563872933065591 0.5000612122546185 0.4996848186412983 0.4996668400558411 0.5001192278696516 0.5003774771448306 
0.9731442319324395 0.0028679151046252516 0.49999383386758495 0.4994791280928616 0.5001432563972635 0.499899415590804 0.500273359009387 
0.7854942827355373 0.11706242120567614 0.49938134267142315 0.4999844252994072 0.5002407573685725 0.4998953136107157 0.49980308152716607 
0.31881156001350763 0.08466686715005523 0.5000612122546185 0.4996848186412983 0.5001518234660757 0.4998906898879586 0.5003774771448306 
0.9999999998626405 0.8061873104466769 0.5000409018146746 0.49949324238345144 0.5001579253128429 0.4998445890603409 0.5002754107414322 
0.7051623659622536 0.8953161043798445 0.4999651183376323 0.49947918445019834 0.5001216265717139 0.5001021463549555 0.500276798885441 
0.9731442319324395 0.8219213494716733 0.49999383386758495 0.4994863066502102 0.5001432563972635 0.499899415590804 0.500273359009387 
0.0059984542741415015 0.9874981185897497 0.5000612122546185 0.49961610246453375 0.5001888049341842 0.4998905860366846 0.5004451767770359 
0.4561944124745942 0.11814385731644234 0.4999474234219526 0.499701141040165 0.5002925963766179 0.4999014580359438 0.5001920516004813 
0.28380591055288007 0.0803092289193576 0.5000612122546185 0.49961651750871233 0.5001969671686941 0.4998906898879586 0.5003774771448306 
0.5651109723207823 0.12579307507000434 0.5000458049787125 0.49947170670371466 0.5003001270549934 0.5001010029647573 0.5004459182474603 
0.2231451697931225 0.004297419276832276 0.4999474234219526 0.49961390974994885 0.5002834784245678 0.4999013446667586 0.5003832422397665 
0.07789323046343183 0.004297419276832276 0.4999474234219526 0.49961511961493715 0.50028344710356 0.4999029462599023 0.5003832422397665 
