1.0 3.238153511405239E-18 0.4995177043373752 0.5997212190645282 0.5999174090629127 0.5034245183816767 0.4993947097665402 
1.0 1.0 0.5000300460377068 0.600016922741486 0.4998161605026343 0.49872246828396116 0.49904291449465665 
0.0 0.022631090957104028 0.4999612093974902 0.6000085230783548 0.6004247481372346 0.4999940235037996 0.5004184461816645 
0.5242424081653639 0.9897479560917564 0.5000054704509355 0.5997138432220759 0.501461752029829 0.5001951221864895 0.49903253583733953 
0.8398145180516727 0.4103139018492798 0.4999538139935609 0.6002621504683298 0.5011775441638876 0.5001550707728794 0.498796424937923 
1.0 0.0015465600856394129 0.4995204223028521 0.6000262100610856 0.6004232229243345 0.39942230061347467 0.4989500174005744 
1.0 3.238153511405239E-18 0.4995177043373752 0.5997212190645282 0.5999174090629127 0.5034245183816767 0.4993947097665402 
0.6836066452851435 0.9999998478114746 0.49948450955013424 0.6002943153595098 0.5022445968622603 0.500246693439575 0.5004563351812014 
0.7441292778972859 0.9962223342507756 0.5000337524822058 0.6002693164445172 0.5004192321724122 0.5001708852080863 0.5005154816222686 
0.9222460437092481 0.26468892096149393 0.49996057410261496 0.6002621504683298 0.5011775441638876 0.5001513642173067 0.5004426583231766 
0.6930325401139579 0.9962223342507756 0.5000337524822058 0.6002693164445172 0.5004192321724122 0.5001708852080863 0.5005154816222686 
0.5756308019168435 0.9999416445118231 0.4996168533243445 0.6002758755718417 0.5992822859379062 0.5001951221864895 0.49903253583733953 
0.3415567755750698 1.0 0.49959190160735895 0.6000139542248231 0.4998161605026343 0.5004542009456883 0.4990750814702466 
0.9998454885981458 3.2586537410229704E-4 0.4995915281448384 0.6000140631186553 0.5985252480114095 0.49872200653629734 0.4990428382945559 
0.8398145180516727 0.0023054047881456707 0.4999538139935609 0.6000563133408516 0.5011775441638876 0.500953229054675 0.5004426583231766 
0.4240329885723435 0.03505144485256939 0.49961020647335 0.6000355236784896 0.5999484424862165 0.4997829564848885 0.5003903750213168 
0.22513126295863484 6.676547488233256E-5 0.4995122131906989 0.6000125349604569 0.5999658294195827 0.5000086510486651 0.49905199138077055 
0.3846490109081594 0.2709090007350039 0.4999609887477518 0.6002759867929042 0.5999443318444051 0.5001706770322295 0.5008000408470448 
0.9999024365437008 0.26575375461334855 0.4993960211805406 0.6002544950269753 0.6004242314397528 0.5001496610835001 0.5008729336669613 
0.3349103114777543 0.001471445502906702 0.49950284515338184 0.6002724953969302 0.5999646276691031 0.5001757945811524 0.5004898348383133 
0.9999024365437008 0.0021318585531816536 0.4993960211805406 0.6000486578994972 0.6004242314397528 0.5009478193652958 0.5008729336669613 
0.5936520181720756 0.0019179564934639903 0.4999580392402942 0.6002729253985027 0.5013343294935259 0.5002634321736772 0.5005370374719907 
1.0 0.9999806558020412 0.4995911690306994 0.6002692876019523 0.4998030034532037 0.5002194412980833 0.49887888436486494 
0.10649067433796239 0.7556267976648581 0.4999610455176516 0.5997507485830924 0.5999424417145126 0.5002031972884258 0.5005093982079917 
0.9958303305408421 0.2167236834738656 0.5000201578617107 0.6002758178618982 0.5992384604617069 0.5001708852080863 0.5005154816222686 
0.9951633800193072 0.8648783483584406 0.4999613426393558 0.6002694616411799 0.4998030034532037 0.49998372722425516 0.4989273081962896 
0.31916288359934264 0.3170583820346351 0.4999621605815529 0.6002722125989822 0.5999646131439905 0.5001914900318281 0.5005168461537093 
0.9458476539448631 3.238153511405239E-18 0.49961199140820883 0.5997188286347742 0.5999200211635671 0.49983142147609744 0.4993787055401769 
0.9783570207287211 1.0 0.4995056746711802 0.6000303376493326 0.4998161605026343 0.4992277977639204 0.49905472102577453 
0.4851158679282429 5.252580567895876E-4 0.4999177566464244 0.5997364427648344 0.6004071875440565 0.5001649924175119 0.5008818135746304 
0.8474125830021706 6.676547488233256E-5 0.4995156266637521 0.6002792612110147 0.5999651291315867 0.5000078405348162 0.49905199138077055 
0.25822103959670295 0.8926514641619062 0.4995045059982392 0.6000166029823023 0.5999446020741603 0.5000039225885591 0.49938193134912173 
0.9997484632039431 0.9999806558020412 0.49996812251265077 0.6002615578430578 0.49986782545969266 0.5002194412980833 0.49895437220549255 
0.4851158679282429 0.1307821296140993 0.4999177566464244 0.600024475126961 0.6004071875440565 0.5001649924175119 0.5009151663880814 
0.25531962741352365 6.676547488233256E-5 0.499476051033699 0.6002547927124257 0.5999658294195827 0.5000086510486651 0.49905199138077055 
0.8398145180516727 0.2613120934110625 0.4999538139935609 0.6002621504683298 0.5011775441638876 0.5001550707728794 0.5004426583231766 
0.4851158679282429 0.24761940880468025 0.49990721795620485 0.600024475126961 0.5016904396474622 0.5001649924175119 0.5009151663880814 
0.13878959320310041 0.9063977849219813 0.4995085279415396 0.5997517557108658 0.6004134496437592 0.5001514308014495 0.499083715544199 
0.5943800723960435 0.9982438384271634 0.49951477438294045 0.6002657699219953 0.5999713837022288 0.5001571029104035 0.4989560368415117 
0.7441292778972859 0.9562938880796865 0.4995949735335724 0.6002693164445172 0.5004192321724122 0.5001708852080863 0.5005154816222686 
0.6945665851172834 0.9813726536455556 0.5000312259650789 0.6002693164445172 0.5004309272011648 0.5001708852080863 0.5005154816222686 
0.13878959320310041 0.8476137758478983 0.4995156404140889 0.6000332750278536 0.6004134496437592 0.5001514308014495 0.5009048229317365 
0.3255669917125102 0.27116779130679497 0.4995086392657177 0.6002722441818572 0.5999518103042835 0.5004001177193698 0.5009048229317365 
0.998619502633601 0.009045651383648025 0.49961199140820883 0.5997237248623376 0.5999439520381805 0.5001698012888963 0.5008060489453462 
0.8474125830021706 6.408177452572319E-5 0.4995156266637521 0.6002792612110147 0.5999651291315867 0.5000078405348162 0.49905199138077055 
0.0872635578697607 0.8713472424254511 0.5001596084543004 0.6000112979922071 0.6004037694830173 0.5002123535309011 0.4993959998232486 
1.0 0.17802108627999313 0.4995911690306994 0.6002757890193333 0.5019679967463995 0.5002194412980833 0.49887888436486494 
0.9999746085947275 1.1351411667284971E-15 0.4995610796035374 0.5997428700442802 0.5996953122584945 0.39947353877564334 0.5004234140898128 
0.29255821009777927 0.001471445502906702 0.49950284515338184 0.6002724953969302 0.5999646276691031 0.5001757945811524 0.5004898348383133 
0.9999746085947275 0.008574085882970539 0.4995616460792452 0.600024389361268 0.5996953122584945 0.39947353877564334 0.5004234140898128 
0.9994758594023763 1.1351411667284971E-15 0.4995610796035374 0.6000175597227093 0.5996953122584945 0.5000047044537744 0.49910538200196514 
0.9929777282340746 0.001684467840361057 0.4999432199083681 0.6002631545911382 0.4998030034532037 0.49998372722425516 0.49904129930062646 
0.8782115539865805 0.9878911928277728 0.49996057410261496 0.6002621504683298 0.5011775441638876 0.5001548508343029 0.5004584603496736 
0.31314608208065686 0.16810477287678832 0.4999671159502359 0.6000285899882114 0.5999657311049594 0.500004664636648 0.5009171706960149 
0.4240329885723435 0.01703502049564043 0.49961020647335 0.6000294951967674 0.5999484424862165 0.4997829564848885 0.5003903750213168 
0.8398145180516727 0.26468892096149393 0.49995356002283653 0.6002621504683298 0.5011775441638876 0.5001513642173067 0.5004426583231766 
0.06969812697457256 3.420827644664004E-4 0.49950284515338184 0.6000202958247105 0.6003763503970689 0.500210295519248 0.5004898348383133 
0.8847020709395975 0.9878911928277728 0.49996057410261496 0.6002585126706476 0.5011775441638876 0.5001548508343029 0.5004584603496736 
1.0 0.0015465600856394129 0.4995204223028521 0.6000262100610856 0.6004232229243345 0.39942230061347467 0.4989500174005744 
0.8771810817373891 0.26468892096149393 0.49996057410261496 0.6002621504683298 0.5011775441638876 0.5001513642173067 0.5004426583231766 
0.9458476539448631 3.238153511405239E-18 0.49961199140820883 0.5997188286347742 0.5999200211635671 0.49983142147609744 0.4993787055401769 
0.10649067433796239 0.7556267976648581 0.4999610455176516 0.5997507485830924 0.5999424417145126 0.5002031972884258 0.5005093982079917 
0.03631751686186152 0.8834274779050644 0.5001590311606173 0.6000162892021319 0.5999539990184648 0.49999118007490584 0.4993959998232486 
0.9996083530717459 0.0017466726382170368 0.49996552506000647 0.6000546918646433 0.6004241251715166 0.5009478193652958 0.49906759277625556 
0.25822103959670295 0.9235319479077685 0.49947057911946285 0.6000166029823023 0.5999559101655427 0.5004090509685187 0.500554841221273 
0.05086442597677516 0.7556267976648581 0.4999610455176516 0.5997636577865062 0.5999424417145126 0.5002031972884258 0.5005093982079917 
0.31916288359934264 0.7432220974049655 0.49995832410066005 0.6002722125989822 0.5999646131439905 0.5001914900318281 0.5005061627789108 
0.3371304070706014 0.16810477287678832 0.49951235407008737 0.6000351137309257 0.5999657311049594 0.50017430127594 0.4990724509452967 
0.9167524913378841 0.26194364438169687 0.49996057410261496 0.6002621504683298 0.5011775441638876 0.5001513642173067 0.5004426583231766 
0.31916288359934264 0.012326176424773627 0.49995832410066005 0.6002714621189013 0.59996745770061 0.5001914900318281 0.50053518422689 
0.5943800723960435 0.9982438384271634 0.49951477438294045 0.6002657699219953 0.5999713837022288 0.5001571029104035 0.4989560368415117 
0.8847020709395975 0.9878911928277728 0.49996057410261496 0.6002585126706476 0.5011775441638876 0.5001548508343029 0.5004584603496736 
0.5756308019168435 0.9999416445118231 0.4996168533243445 0.6002758755718417 0.5992822859379062 0.5001951221864895 0.49903253583733953 
0.03631751686186152 0.8834274779050644 0.5001590311606173 0.6000162892021319 0.5999539990184648 0.49999118007490584 0.4993959998232486 
0.7268261016469093 0.014029766955257816 0.4999432199083681 0.6002692876019523 0.4998030034532037 0.49998372722425516 0.49904129930062646 
0.31774209352413585 0.13127333884096629 0.499925597379452 0.600020575369771 0.6003997582543835 0.5004001177193698 0.5009048229317365 
0.05146586585762147 0.013875449433579348 0.4995911690306994 0.6002692876019523 0.49931243073162057 0.49998372722425516 0.4990401096781557 
0.016984969698730312 0.022302840575142147 0.49996057410261496 0.6002647124733969 0.6001950649488066 0.5001548508343029 0.5004584603496736 
0.4851158679282429 0.1307821296140993 0.4999177566464244 0.600024475126961 0.6004071875440565 0.5001649924175119 0.5009151663880814 
0.5936665467278509 0.011033975531489826 0.4999580392402942 0.6002729253985027 0.5013343294935259 0.5002634321736772 0.5005370374719907 
0.9898204396197195 0.014029766955257816 0.4995911690306994 0.6002692876019523 0.4998030034532037 0.49998372722425516 0.49904129930062646 
0.8771810817373891 0.26468892096149393 0.49996057410261496 0.6002621504683298 0.5011775441638876 0.5001513642173067 0.5004426583231766 
0.31916288359934264 0.3170583820346351 0.4999621605815529 0.6002722125989822 0.5999646131439905 0.5001914900318281 0.5005168461537093 
0.8145975429418486 0.0013262435557679364 0.49993225934690516 0.6003190144440812 0.5999443751052671 0.5001562543474689 0.4994015649914912 
0.25822103959670295 0.9235319479077685 0.49947057911946285 0.6000166029823023 0.5999559101655427 0.5004090509685187 0.500554841221273 
0.13878959320310041 0.8979152848828278 0.4995090944172474 0.6000332750278536 0.6004134496437592 0.5001514308014495 0.499083715544199 
0.9898204396197195 0.8648783483584406 0.4999613426393558 0.6002694616411799 0.4998030034532037 0.49998372722425516 0.4989273081962896 
0.9898204396197195 0.8648783483584406 0.4999613426393558 0.6002694616411799 0.4998030034532037 0.49998372722425516 0.4989273081962896 
0.05215918905470779 0.9995525402687667 0.4999657092769725 0.6000169178997053 0.6004112546262461 0.49999448525146345 0.49904021759379774 
0.06737216971114895 0.8713472424254511 0.5001590311606173 0.6000112979922071 0.600377224693831 0.5002113003314729 0.4993959998232486 
0.9169885592741243 0.26468892096149393 0.49996057410261496 0.6002621504683298 0.5011775441638876 0.5001513642173067 0.5004426583231766 
0.016984969698730312 0.023839186027372894 0.49996057410261496 0.600302082276345 0.6001904727789632 0.5001494254033358 0.5004584603496736 
0.8145975429418486 0.0013262435557679364 0.49993225934690516 0.6003190144440812 0.5999443751052671 0.5001562543474689 0.4994015649914912 
0.9998998756767695 0.0021318585531816536 0.4995896835275025 0.600050458046429 0.6004242314397528 0.5009478193652958 0.5008729336669613 
0.05215918905470779 0.9995525402687667 0.4999657092769725 0.6000169178997053 0.6004112546262461 0.49999448525146345 0.49904021759379774 
0.9999024365437008 0.0021318585531816536 0.4993960211805406 0.6000486578994972 0.6004242314397528 0.5009478193652958 0.5008729336669613 
0.9898204396197195 0.014029766955257816 0.4995911690306994 0.6002692876019523 0.4998030034532037 0.49998372722425516 0.49904129930062646 
0.4240329885723435 0.01703502049564043 0.49961020647335 0.6000294951967674 0.5999484424862165 0.4997829564848885 0.5003903750213168 
0.9458476539448631 3.238153511405239E-18 0.49961199140820883 0.5997188286347742 0.5999200211635671 0.49983142147609744 0.4993787055401769 
0.9458476539448631 3.238153511405239E-18 0.49961199140820883 0.5997188286347742 0.5999200211635671 0.49983142147609744 0.4993787055401769 
