1.0 0.0 0.4993970486617547 0.5000622830592648 0.5000584569364452 0.5000362788957494 0.49974699651506527 
0.0 0.08850353808937875 0.5002651179203189 0.5000220837087441 0.5000632410503868 0.4999728841818764 0.5001711169354596 
1.0 1.0 0.5003184368125586 0.5000881987671721 0.5000584003771802 0.39964326222192226 0.49966106819074035 
1.0 0.0 0.4993970486617547 0.5000622830592648 0.5000584569364452 0.5000362788957494 0.49974699651506527 
0.0 0.044002043996411416 0.5002651179203189 0.5000220837087441 0.5000632410503868 0.4999728841818764 0.5001711169354596 
1.0 1.0 0.5003184368125586 0.5000881987671721 0.5000584003771802 0.39964326222192226 0.49966106819074035 
1.0 0.9999757923701432 0.5003453340519023 0.5000037816697458 0.5000681836765796 0.49858539078258435 0.4996910337335419 
0.9600168552992282 1.0 0.5003184368125586 0.5000885762318924 0.5000649584177083 0.39964326222192226 0.5001734297232072 
1.0 0.9994989483293911 0.5002834572954429 0.5000869248515963 0.5000688075358571 0.5000987031591478 0.49966165368767657 
0.9999902959350844 0.9999998933064739 0.5003268320232369 0.5000203920531388 0.5000265635475574 0.49896006800075227 0.5002029409531028 
0.9994022517142672 0.9999999582439384 0.4995855831133134 0.5000212499049461 0.5000277925208627 0.49896006800075227 0.5002029409531028 
0.326366709268205 0.2949426588637116 0.5002872370640876 0.5000090978418495 0.5000279466045028 0.5000368514215536 0.5001729471617202 
0.35853484890399545 0.29384650849876814 0.5002468222322782 0.5000090978418495 0.5000279466045028 0.5000368514215536 0.5001758505127676 
0.9765195875005384 0.007769913797062239 0.4994374444480614 0.5000281181523419 0.5002307699848736 0.4999970708781473 0.5002121824075862 
0.9985014177995792 0.058890580358569505 0.49958672492896344 0.5000329943326498 0.5000684699457162 0.4998317842763131 0.4996360328405866 
0.7812517013474276 0.5437919098553874 0.49964512747071693 0.5000209086159753 0.5000880617133056 0.4997214590405681 0.4996690288680435 
0.14549602271556122 0.5184494119205466 0.5002912468815282 0.5000586626605821 0.5000657665028536 0.5000187844840335 0.49971109332713104 
0.7626529305029407 0.7868762194474646 0.49963490430932556 0.5000272071973955 0.5000632410503868 0.5000168892911382 0.5001898786240591 
0.8897158216442365 0.4800009792423416 0.4992216178959848 0.5000276684531163 0.5000817638344385 0.5000381618942192 0.4997122247543204 
0.8896940253880881 0.9782157015115646 0.5003443965037703 0.5000276684531163 0.5000817638344385 0.49996596402301735 0.4996914140645281 
0.392277980632686 0.2919112207437807 0.49959062912346547 0.5000265423640037 0.5000678505434909 0.49990070889050137 0.49974315795809043 
0.41045440791154264 0.910135987784075 0.5002827658270974 0.5000264470411657 0.5000687560019115 0.5000461538444306 0.4996834970253516 
0.9591211922630477 0.2348882273887089 0.4995746639069753 0.5000072010632607 0.5000987372346595 0.49997870956490925 0.4997187370272211 
0.49210326694443024 0.2926398856874949 0.4995791731724889 0.5000034839384352 0.5000671942139846 0.5000218528948202 0.5001803005642718 
0.7109967937292688 0.3781937010411482 0.5002999146156265 0.5000046394198728 0.5000885194594282 0.4992848109770101 0.4996587543788335 
0.8560004074238436 0.7964556696315175 0.5002736437301772 0.500027501258354 0.5000982975225857 0.49996901209471506 0.4996954082980335 
0.4371758143564379 0.9530388786719058 0.49891522857023574 0.5000302473323293 0.5000662627366885 0.49961163135546516 0.49967140971849516 
0.8896940253880881 0.08791118465926506 0.5002756436926907 0.5000276684531163 0.5000813255211336 0.49996596402301735 0.4997484917614737 
0.7289423580793462 0.8763127002838087 0.5002739737979227 0.5000763033969761 0.5000641190116715 0.5000306470960579 0.4996634184579407 
0.5694735740073361 0.043251584750485385 0.50037219786801 0.5000049769543528 0.500101039255705 0.4999665955681327 0.49990403511087245 
0.7106502558029513 0.5454827910641993 0.49957465336459134 0.5000273693112711 0.5000670092181136 0.4999366701477215 0.4997211447028846 
0.18522710031570816 0.5605779802195427 0.5002760901189256 0.500004283452701 0.5000655674723824 0.49997029067755894 0.49971109332713104 
0.9757077967439495 1.0 0.5003184368125586 0.5000885762318924 0.5000649584177083 0.39964326222192226 0.5001734297232072 
0.5624044416979378 0.9993856489641474 0.49956573376557023 0.5000053566777136 0.5000689910165318 0.499864967437451 0.5001783105947798 
0.1909103248036781 0.3129513844692273 0.4994752605671876 0.5000219138274147 0.5000667624455749 0.5000368514215536 0.5001729471617202 
0.8692198034776041 0.2921085986370307 0.4995908253555276 0.5000332267304384 0.5000675725700968 0.49990851435344547 0.5002430815521153 
0.8423860722733422 0.0 0.4993970486617547 0.5000280552954655 0.4999327018656371 0.5000200154327427 0.4997446091436734 
0.8560004074238436 0.02037504836315207 0.5002736437301772 0.500027501258354 0.5000590181639054 0.49996901209471506 0.4996954082980335 
0.9122008202886283 0.3518355382317103 0.5003201042465535 0.5000757965290279 0.5000882021228651 0.49972851883336034 0.4996689697321723 
0.9324869880294038 0.2949426588637116 0.49956788256431695 0.5000090978418495 0.5000279466045028 0.5000369061589588 0.5001729471617202 
0.12239315639243853 0.3001318452037493 0.4994736167707065 0.5000216667025854 0.5000296557035532 0.5000368514215536 0.5001729471617202 
0.8415229778707786 0.0654006026334519 0.5003195766395777 0.500077129397664 0.5000882021228651 0.5000127953293759 0.499753574932862 
0.533086424692506 0.6282367867792693 0.499578951009628 0.5000053311735217 0.5000277598942262 0.4998656935754173 0.5001737012878493 
0.9444793702012281 0.0934238986223982 0.5003186427460923 0.5000914854401269 0.5000894205297655 0.5000179066169052 0.49967942174087143 
0.5996207725929409 0.29273086584508257 0.4995745263113021 0.500027365992727 0.5000278134065719 0.5000222057827217 0.5002033232769245 
0.6610899046249069 0.2940219393235699 0.5002401067197688 0.5000272322888735 0.5000895587367579 0.49990215107812125 0.49967942174087143 
0.7954923501901697 0.3881185847200077 0.5002986220416642 0.5000209086159753 0.5000882021228651 0.4997214590405681 0.4996690288680435 
0.8134738669966672 0.4947340739024785 0.5002986220416642 0.500027540910288 0.5000623505170235 0.49997951255255774 0.4997519597676407 
0.3560394239896745 0.9789947101577394 0.5002780528555691 0.5000285020495986 0.5000678505434909 0.5008480082420169 0.4997215604926528 
0.9267994522056383 0.22918608165241963 0.5002821157219188 0.5000058544587483 0.5000662632740412 0.5000270520137812 0.49974566426175004 
0.6439415121813454 0.7950791510537609 0.500273611685311 0.5000317475999345 0.5000610702417507 0.4998338601457056 0.500191731334912 
0.45008556678096767 0.02637067708455949 0.4995864277024769 0.5000298873094583 0.5000677535566346 0.4998399078750916 0.49971878332293684 
0.25561211914218396 0.8911989368100612 0.5002919026228622 0.5000274833921539 0.5000665787428137 0.4999222975899136 0.49964803638845057 
0.8255868867485057 0.3148404183599582 0.499570045000755 0.500004953022066 0.5000987340419085 0.49999630916732035 0.4998962688488435 
0.990921726525736 0.5364748785360852 0.4995753730749798 0.5000214576492149 0.5000274992546967 0.4999366701477215 0.4997211447028846 
0.9743815780261116 0.2888769909287069 0.4995868908413057 0.49999777402052453 0.5000679303789514 0.4998905690262099 0.49974281391542436 
0.9023233056192387 8.068505849254148E-17 0.5003338752304057 0.49999628253258377 0.5000678229771247 0.49983977398100293 0.49978174354911675 
0.9813811937475235 0.9530388786719058 0.5002546339700505 0.5000218902330567 0.500027892051928 0.5000695959760413 0.4997191184526085 
0.9816281467379672 0.3991018131293012 0.5003181134900191 0.5000045505570334 0.5000904609486617 0.4992848109770101 0.4996587543788335 
0.9743815780261116 0.301235526086141 0.4995868908413057 0.49999777402052453 0.5000679303789514 0.4998905690262099 0.49978275109084613 
0.9368070752811154 0.0011485969880158792 0.5002840746288573 0.49999649753336084 0.5000662632740412 0.5000301754102828 0.49978144512360806 
0.613018672012759 0.29273086584508257 0.49957840912914747 0.5000279824673215 0.5000276394002697 0.5000183030697769 0.5001729471617202 
0.2212637155465063 0.4950992077920803 0.49956797400870306 0.5000276789250941 0.5000718095469477 0.49996565329306997 0.49975153216092366 
0.4832393794447685 0.7950791510537609 0.4996142721566527 0.5000317475999345 0.5000622012874573 0.499608956892706 0.500191731334912 
0.046687506896366415 0.08476178437798469 0.5002918578788098 0.5000303800408882 0.5000612086625535 0.4999708830941148 0.4996649562642489 
0.07207988450253433 0.3128708897715488 0.5002918578788098 0.5000272322888735 0.5000896624985832 0.4999708830941148 0.49967942174087143 
0.5340836418061795 0.8937317184649004 0.4994266731450106 0.5000273693112711 0.5000670092181136 0.49990528712899124 0.4996789145721351 
0.5450751637816709 0.8449551055877655 0.5003127053117468 0.5000209086159753 0.5000971402007554 0.4999009974658757 0.4996690288680435 
0.539553499083454 0.4731250472993246 0.5003127053117468 0.5000209086159753 0.5000672681184661 0.49990317055594763 0.4996690288680435 
0.07447546554013437 0.11948733327244668 0.5002918578788098 0.5000302926101905 0.5000896624985832 0.4999708830941148 0.4996676866717344 
0.9188742167587226 0.3687196038854465 0.5002986220416642 0.500110542358432 0.5000882056706146 0.4998987221222823 0.49966830862372724 
0.7126037877347855 0.11948733327244668 0.5002918578788098 0.5000302926101905 0.5000884787048522 0.499955345442158 0.4996676866717344 
0.4444100249351064 0.10870512001228017 0.4996351648060754 0.5000302457901732 0.5000677535566346 0.5000450668275915 0.5001907847199804 
0.9873354009874371 0.23682972204454492 0.4995678347439707 0.5000089783990772 0.5000925101921271 0.49997870956490925 0.4997187370272211 
0.2989249601098785 0.87813302565884 0.5002919026228622 0.5000311622745467 0.5000645940966054 0.49997426695802083 0.499955642656439 
0.9853895481610266 0.9948748225477562 0.5003064222078754 0.5000044413944104 0.5000867400929516 0.4999050848612579 0.5001702129357224 
0.8995660684498186 0.7940990292633023 0.500340793568333 0.5000318198995751 0.500105445894149 0.49996324744028375 0.49966141349131254 
0.7288026402383017 0.5454827910641993 0.49957465336459134 0.5000269894333074 0.5000670092181136 0.4999366701477215 0.49966546801030254 
0.9995447288475272 0.3068145961272593 0.4993961129750712 0.5000281181523419 0.5000914040023109 0.4999970708781473 0.5002150857586336 
0.03099570975917121 0.8585523396586043 0.5002845763972795 0.5000313516091244 0.5000672238362744 0.500021605769678 0.4997484599062378 
0.8544372773581717 0.7545441963320186 0.5002736437301772 0.500027501258354 0.5000982975225857 0.49996901209471506 0.4996954082980335 
1.0 0.7887589267803622 0.4993970486617547 0.5000622830592648 0.5000977362951254 0.5000362788957494 0.49974699651506527 
0.12239315639243853 0.3001318452037493 0.4994736167707065 0.5000216667025854 0.5000296557035532 0.5000368514215536 0.5001729471617202 
0.9954341167299083 0.7950791510537609 0.49960831705012543 0.5000317475999345 0.5000671949192776 0.499608956892706 0.5001893059317505 
0.8120589790959611 0.393162530025269 0.5002986220416642 0.5000209086159753 0.5000609726614558 0.4997224715618929 0.49969393810466123 
0.5720759827686047 0.6316717066938409 0.49957840500784984 0.5000053311735217 0.5000277598942262 0.4998656935754173 0.5001737012878493 
0.8255868867485057 0.08029432181665785 0.499570045000755 0.500004953022066 0.5000987340419085 0.49999630916732035 0.4998962688488435 
0.16848031816227926 0.3518355382317103 0.5003201042465535 0.5000219010517797 0.5000848829468312 0.4997291079998697 0.500208272046352 
0.4444100249351064 0.1170323169008547 0.5002796318564928 0.49999865204087823 0.5000678939661941 0.500049983536802 0.49966817146853076 
0.9188742167587226 0.4098084256747812 0.5002986220416642 0.500110542358432 0.5000882056706146 0.4998987221222823 0.49966830862372724 
0.6610913170936701 0.9530388786719058 0.5002546339700505 0.5000276269916578 0.5000873563459425 0.4998978851836174 0.4996803374314016 
0.2727751985847122 0.5633689276480919 0.49956797400870306 0.5000276789250941 0.5000718095469477 0.49996490561155 0.4997472146854999 
0.4968635387691379 0.01901535983998348 0.5002857780377477 0.5000224284721777 0.5000632363567757 0.5000168511847644 0.5001949697016732 
0.5972216845297464 0.571493486714133 0.4995679690440222 0.5000221287742952 0.5001433019855897 0.49993748604932337 0.4997198375812631 
0.8995660684498186 0.7940990292633023 0.500340793568333 0.5000318198995751 0.500105445894149 0.49996324744028375 0.49966141349131254 
0.7143848838924843 0.571493486714133 0.4995678857009885 0.5000229495378813 0.5001433019855897 0.49993761896038447 0.4997198375812631 
0.5987721989493151 0.571493486714133 0.49956797400870306 0.5000221287742952 0.5001433019855897 0.4999374848559041 0.4997198375812631 
0.47596766306536875 0.5388438854136317 0.5002912468815282 0.5000586626605821 0.5000622847493115 0.49961351114815344 0.49971109332713104 
0.9990408142898434 1.0 0.5002539568067208 0.5000891743939996 0.5000655863401016 0.39964326222192226 0.49966106819074035 
0.8544163052717506 0.8512713382823478 0.49956630416836756 0.5000312945562846 0.5000971319793708 0.49961163135546516 0.49969385782358866 
