1.0 5.772912171194848E-18 0.5011232019744608 0.49977836185774493 0.5000258457961572 0.4982757541017711 0.500253690881388 
0.0 0.012412163722295921 0.4997739155794537 0.49977514331224543 0.49999599330171524 0.4996435450290152 0.5000200918464671 
1.0 1.0 0.49987233692745314 0.4996835620917327 0.49948988251595405 0.49969774385520604 0.5002533750204793 
1.0 0.003927135077923444 0.5011232019744608 0.49977588802046563 0.5000315421881133 0.4982757541017711 0.5002534712425507 
0.9996100844560973 5.772912171194848E-18 0.5011836342602113 0.49977029945495427 0.5001209583707068 0.49963192281845553 0.5000345846799925 
0.6874026858916196 0.3807756855593011 0.5004291589250173 0.4995650385706398 0.49997829717411757 0.49964191580513917 0.4999691005957818 
0.5270602305820569 0.9731940335218418 0.4998185436670038 0.49966799391970956 0.5000339099470484 0.49964864984129953 0.49996719949002477 
0.9993811544963123 1.9652340410928606E-14 0.5003757088262764 0.4995719806522928 0.5006934513145657 0.4997926225792411 0.49996323681910326 
0.8553530188268446 0.8261746026362805 0.5005751102847574 0.49956747323224204 0.500328545395977 0.49963449337780713 0.49994280817852005 
0.9996100844560973 5.772912171194848E-18 0.5011836342602113 0.49977029945495427 0.5001209583707068 0.49963192281845553 0.5000345846799925 
0.9574428499342585 0.6536840195257492 0.5004333145138523 0.4996228499966377 0.5000302118470124 0.49966296723091774 0.5003738437100327 
0.06147656383680705 3.939531114653949E-4 0.4997756059654678 0.4997789508114664 0.49999599330171524 0.49966755913967476 0.5000200918464671 
0.5579553789379103 0.995229719407255 0.500388558204319 0.49976628701573195 0.4999774700063959 0.49964333540343303 0.5003511541178175 
0.5519285814270589 0.995229719407255 0.500388558204319 0.499764715359972 0.4999774700063959 0.4996433247444113 0.5003488239583912 
0.8062677808997383 0.3807756855593011 0.49977905871276557 0.49956371061196103 0.49997829717411757 0.4996229623162886 0.49992657092694465 
0.5881612531264064 0.9900344020396816 0.5004369352434173 0.499521538224104 0.5003195205527242 0.49966659888002307 0.49997405748663765 
0.8664011752344918 0.9945499247961077 0.5004265478263334 0.4995605018422145 0.5001646128910009 0.4997985993301615 0.4999023371269443 
0.24668396976565132 0.44456142065440374 0.5004757420217201 0.49979408401516007 0.5001625707572439 0.49961599789147776 0.5002763618989523 
0.6065826828652527 0.79149996409347 0.5004284282516351 0.4997802775716991 0.5001620299658347 0.4996437515967519 0.5003553599541914 
0.9716819845893192 0.048881418767806606 0.5001937461546063 0.49965535358648167 0.49997032440011996 0.4996425536359356 0.49996322850753505 
0.5863658635112148 0.20268425004514623 0.5004370452358451 0.499521538224104 0.5001541336120993 0.49966659888002307 0.5000595067092892 
0.4930645157219744 0.10347025000579302 0.500425920797215 0.49952136145309817 0.5000153704422489 0.4996603392640728 0.5002648675690567 
0.9414002855735877 0.2302196326273201 0.5003657904504153 0.4995282855723175 0.5000332967508874 0.499580864722139 0.5000217648581639 
0.7644408178478516 0.7748201184264264 0.5004474297770853 0.4995719806522928 0.5003571713989795 0.4996150997684058 0.5000368752249577 
0.7191096634314952 0.4600534661166831 0.5004303326386117 0.5004059092486571 0.5000404554378776 0.4996155229202305 0.5002677979302522 
0.4492055512338004 0.5297966999077798 0.5004360084298904 0.49976612784932695 0.5000324588973906 0.4996628530299823 0.4999738190947691 
0.946968291990812 0.10402443173289992 0.5001937461546063 0.49965535358648167 0.49997032440011996 0.4996426623419552 0.49996467082295815 
0.4483335614411236 0.5586272286767257 0.5004369352434173 0.499521538224104 0.5003195205527242 0.49966659888002307 0.49997405748663765 
0.8330450296115447 0.20407682849369546 0.50046485766228 0.49966684286279134 0.5000338285951331 0.4996177168814199 0.50006229489151 
0.536737005714186 0.7980677517905599 0.5004259331022342 0.4996251764163508 0.50001537680504 0.4996329005838626 0.5002557445304682 
0.9973121409527566 0.7855037750891769 0.5005787944232388 0.49956747323224204 0.500328545395977 0.49963586111343583 0.49994280817852005 
0.9255819525070874 0.9975974733297038 0.500195885137654 0.4995743934037824 0.5006808294961032 0.4996514839128158 0.4999713956995711 
0.82952638850243 0.3636837162996161 0.500424396760442 0.49951981445120375 0.500121236995443 0.49964550676121416 0.49996928717773714 
0.6095068424770693 0.3628245788866258 0.49977905871276557 0.49978793806104405 0.49997829717411757 0.4996332923204934 0.49992657092694465 
0.8561826992156999 0.7610941619610752 0.5004223462219854 0.49954126553217115 0.5000320238856296 0.4996323236625738 0.500252881833969 
0.14991921177081946 0.5733271399205426 0.5004333145138523 0.4996228499966377 0.5000302118470124 0.49966296723091774 0.5003700476723133 
0.9363861509713485 0.9569782442732524 0.500367823196897 0.49968834978320537 0.5000336643072535 0.49957905996146873 0.5002642359275936 
0.1908486387437615 0.3620280548204987 0.5001998168609745 0.49965396196958595 0.500120381602365 0.4996325044898546 0.4999693852915204 
0.965168868737388 0.46563593596077646 0.500425920797215 0.4997708206429333 0.5000153704422489 0.49963254351315567 0.5000669701971102 
0.9828303932256504 0.7855037750891769 0.5005787944232388 0.49956747323224204 0.500328545395977 0.49963586111343583 0.49994280817852005 
0.7635818767701804 3.0639776538095905E-4 0.5003757088262764 0.4995719806522928 0.5000246706899184 0.49972291978833594 0.500037266182419 
0.26207199517453317 0.5821622306778356 0.5004184811966389 0.49958160931479645 0.4999972125271815 0.4996491391436612 0.4999688505046544 
0.9827128364273917 0.9510972766592093 0.49977905871276557 0.49981820736433985 0.5000383181831243 0.4996332923204934 0.49992657092694465 
0.9982933576587356 0.01923169959987739 0.5003763210557278 0.5004059092486571 0.5000404554378776 0.49979554820910216 0.49995949902442466 
0.990980055301197 0.1980666320235907 0.5003938309202802 0.4995637894590397 0.5000319716093189 0.4996432454108227 0.49992626432579224 
0.9013344510262357 0.7687920974702424 0.5004480199151387 0.49956747323224204 0.500341361108855 0.49961565634499405 0.49997127924781753 
0.9374922787729395 0.986235481962561 0.500367823196897 0.4996868311171506 0.5000336643072535 0.49957905996146873 0.5002642359275936 
0.9918612502665697 0.3807756855593011 0.49977905871276557 0.49956371061196103 0.49997829717411757 0.49962294137448726 0.4999256923419601 
0.855926382597438 5.772912171194848E-18 0.5011486601382356 0.49977029945495427 0.5001035056960714 0.4996319403070644 0.5000345846799925 
0.8553530188268446 0.7855037750891769 0.5005716267063401 0.49956747323224204 0.500328545395977 0.49963449337780713 0.49994280817852005 
0.327659713058913 0.9526286198623676 0.5003683594572365 0.4996456228314935 0.5001625707572439 0.49961599789147776 0.500392562539697 
0.9727778372284243 0.3996629827213928 0.5001937461546063 0.49965535358648167 0.4994753168878438 0.4996425536359356 0.49996322850753505 
0.861862358380846 0.004726820876149597 0.49981834053031426 0.49960675303443636 0.5001566040114664 0.4996596756575176 0.5002529867375315 
0.9121844702314993 0.02996337818322479 0.5003991542777197 0.49966547115492577 0.5000339314933983 0.49964864984129953 0.4999697588953186 
0.046640215817157465 0.3606158452511069 0.4997761245538705 0.4997755149823887 0.499997593558579 0.4996327095960424 0.5003557701751112 
0.8921580059029904 0.27816217563492424 0.5004225167003941 0.49976719459660107 0.500040596159983 0.49964112818859774 0.5003654118634558 
0.9760965151737924 0.34637767890194865 0.4997897697590151 0.4997633000480849 0.5000385312674047 0.4996165263316792 0.4999517986026176 
0.7733195983122276 0.5366262195553891 0.5004301146229968 0.49977837151697607 0.5000379808990157 0.4996223789592484 0.49992725908438285 
0.1571818039577983 0.7980677517905599 0.500428482903713 0.4996218167900767 0.5000330632843387 0.4996329005838626 0.5002557445304682 
0.49304874459050163 0.9727241011560174 0.4998185436670038 0.499675446131119 0.5000339099470484 0.49965153317170585 0.49996719949002477 
0.8894896091818743 0.4518140366266639 0.5003948358302184 0.4997821643538678 0.500334750136374 0.4996438352677001 0.5002705602577335 
0.8359349367673024 0.7980677517905599 0.500428414257327 0.4996218167900767 0.5000229313574034 0.4996453852337366 0.5002557445304682 
0.807225625049202 0.21905651786894043 0.5004223462219854 0.49954126553217115 0.5000320238856296 0.4996323236625738 0.5000593083379246 
0.9828303932256504 0.7712164151545404 0.5004480199151387 0.49956747323224204 0.5003408434894865 0.49961576308302347 0.4999364660467214 
0.9849080904488678 0.9591708657391591 0.5004253189609096 0.5003941750510693 0.5000386033005251 0.4996433195994682 0.4999600389195201 
0.7210328641975171 0.49359574418661 0.5004303326386117 0.5004059092486571 0.5000404554378776 0.4996155229202305 0.5002677979302522 
0.4600967580981061 0.7980677517905599 0.4998260545355748 0.4996251764163508 0.4999800541808683 0.4996329005838626 0.5002542459959577 
0.3744178013801901 0.5697955758056861 0.4998185436670038 0.499680930646921 0.5000324588973906 0.49969843927819657 0.5000482095073516 
0.536737005714186 0.5596180232352054 0.5004259331022342 0.4996251764163508 0.5003311785243503 0.4996329005838626 0.5002839298843957 
0.6706809518306501 0.0406714792525599 0.5004241605931442 0.4995224526400202 0.5006749791614835 0.4996425536359356 0.5000337793801249 
0.28425747112211275 0.5353377337817836 0.5004251176776325 0.49966089367394834 0.5000262491603289 0.49963326994857715 0.49996974842921377 
0.4788412659328506 0.9731940335218418 0.4998185436670038 0.49966799391970956 0.5000339099470484 0.49964864984129953 0.49996719949002477 
0.7191096634314952 0.48528771828601247 0.5004303326386117 0.5004059092486571 0.5000404554378776 0.4996155229202305 0.5002677979302522 
0.34316861849920166 0.5697955758056861 0.4998185436670038 0.499680930646921 0.5000324588973906 0.49969843927819657 0.5000482095073516 
0.7297661719274806 0.20368787177811784 0.5004307255410926 0.4997767886477224 0.5001617513787348 0.4996160215010185 0.5000627263469559 
0.7733195983122276 0.5366262195553891 0.5004301146229968 0.49977837151697607 0.5000379808990157 0.4996223789592484 0.49992725908438285 
0.6933411655038568 0.15482451480452752 0.49975661061728255 0.49976284097936136 0.5000537008690915 0.4996631494145096 0.5003634774194551 
0.870691932678588 0.537315043870753 0.5003601860867256 0.49960576012381 0.5000288609532797 0.4996483272734215 0.5003691100305538 
0.6706809518306501 0.04329243656064577 0.500468169672338 0.49965712336352613 0.5006749791614835 0.4996425536359356 0.5000342705933521 
0.44871910146845345 0.2781119624995207 0.49978154821617776 0.49976719459660107 0.49998003768071314 0.4996626648325578 0.5003679984496568 
0.3317660157312722 0.20368787177811784 0.5004307255410926 0.4997767886477224 0.5001617513787348 0.4996159976491918 0.5000627263469559 
0.17221834232493907 0.8325086811510745 0.5004438475907005 0.4995890053858343 0.5000324574232966 0.4996454764721759 0.49997467253291306 
0.4096729288620857 0.9886808090052728 0.500390810649886 0.49976612784932695 0.4999901330095559 0.4996437516540531 0.49992751136714114 
0.9993811544963123 3.0639776538095905E-4 0.5003757088262764 0.4995719806522928 0.5000246706899184 0.49972289884653454 0.5000363875974343 
0.046640215817157465 0.5821622306778356 0.4997761245538705 0.4997755149823887 0.4999972125271815 0.4996327095960424 0.5003557701751112 
0.17755830655884422 0.2119091293568241 0.49981978533520105 0.49976079825484476 0.5001170777946798 0.49963181994895084 0.5002597081317711 
0.6611309716410816 0.6143619413016576 0.5004206486936998 0.49977528802803906 0.5000379808990157 0.49964820530411697 0.49992725908438285 
1.0 0.02977269134067967 0.5003965136981252 0.4997790197514822 0.5000194443843697 0.4997951373577613 0.5008595894595422 
0.6717672280266032 0.5479227628240559 0.5004206486936998 0.49977528802803906 0.5000379808990157 0.49964820530411697 0.49992725908438285 
0.748204186409683 0.7980677517905599 0.500428414257327 0.4996234560926272 0.5000224020084914 0.49964527295836797 0.5002557445304682 
0.35091022220980606 0.2119091293568241 0.5004184935417865 0.49976079825484476 0.5000330729485075 0.49963181994895084 0.5002608297469897 
0.3219989718596268 0.20368787177811784 0.5004307255410926 0.4997767886477224 0.5001617513787348 0.4996159976491918 0.5000627263469559 
0.35091022220980606 0.2119091293568241 0.5004184935417865 0.49976079825484476 0.5000330729485075 0.49963181994895084 0.5002608297469897 
0.35367877182552443 0.5697955758056861 0.4998185436670038 0.499680930646921 0.5000324588973906 0.49969843927819657 0.5000482095073516 
0.9113625900657326 0.9980441815151311 0.500195885137654 0.4995669411923729 0.5006808294961032 0.49964860058240945 0.4999713956995711 
0.9828303932256504 0.7712164151545404 0.5004480199151387 0.49956747323224204 0.5003408434894865 0.49961576308302347 0.4999364660467214 
0.1571818039577983 0.06444564536823005 0.49970077369338034 0.49962181587830584 0.5000330632843387 0.49963297566508275 0.5002557445304682 
0.6512209923338687 0.09792030462225032 0.49975661061728255 0.4996218004941908 0.500053644116366 0.4996453555402235 0.4999475145565938 
0.16983475888737237 0.8226071800733796 0.4998253902931168 0.4995863133176866 0.5000324179234538 0.4996454764721759 0.5000298247153286 
0.38037962311576956 0.27034896377443846 0.5004225167003941 0.49976854751218197 0.500040596159983 0.49964853293265393 0.5003814627915952 
