0.233135871727645
0.06019719954350469
0.07253907212131419
0.09758113419366332
0.05772759613282111
0.06863710403064155
0.0985692751352036
0.05176360697370441
0.11014444471941914
0.06515322094220882
0.148618197631978
0.28359722985834723
0.09126390993253697
0.055281700019806534
0.2849332796166129
0.053380628504308636
0.04796490289506539
0.0607784171983029
0.07593722794046948
0.052724990351253505
0.056088600944475375
0.05704213718141425
0.5028783516059286
0.06026065606078862
0.08001131252151472
0.05560707462390593
0.05316004417878761
0.08071060284481774
0.12520514301646196
0.05352988898918054
