1.2426534965404794E-34 6.137480405605529E-18 0.5155033897129897 
0.5101323591201741 0.0 0.0 
1.6739668142113367E-17 0.0 1.4060094859200785 
2.073011989724335E-17 1.0238630883781514 0.0 
1.0123682666414682E-17 6.778950468244301E-20 0.8560089976935465 
1.1059786019858995E-17 0.5462441475121491 2.7711598842055367E-5 
2.054613462628866E-17 1.014776033953502 6.6080234942973916E-6 
6.443083096236216E-19 5.587568234412361E-18 0.523431973776944 
0.3671371276711499 0.0663327871186649 0.08914836384914909 
0.3855458740319897 0.08860531917245919 0.0529030577380887 
0.022985492792724604 0.15529226070149066 0.335091530029852 
0.11009124871283756 0.04561928087759342 0.3719455365429881 
0.034353602618457255 0.48867899436843265 0.0027328265945909067 
0.10192201539076068 0.3048673871344128 0.12290634015950322 
0.16408356165660737 0.21680787779035438 0.13885382649798647 
0.3542871340215894 0.03960576787967332 0.12918061954044505 
0.15133129989816999 0.35299043225629373 0.008101317141742578 
0.08908455891307823 0.2442784885139326 0.1859430346098521 
0.12340491757620513 0.32843864002984313 0.07499403095538643 
0.21637021050330235 0.2678725746630675 0.03699604424530399 
0.31468605026020396 0.20189529394257197 0.0014488032327789186 
0.11734148032558327 0.013094952039570208 0.39198741716188884 
0.39357946052472076 0.03809242070254053 0.0805643197612744 
0.04594828577831493 0.01768628773751768 0.46117477191273437 
0.3359089125705875 0.060580210208473595 0.11407429403878257 
0.2712260529489674 0.05518033385550707 0.19775691241640622 
0.19145593272752245 0.07587182864342278 0.25559412812114385 
0.07945659908731997 0.4257135015326916 0.007238489517169086 
0.2793954267054487 0.11197800099538822 0.13588482410394784 
0.20731497315862488 0.007766449934354149 0.31977028441509775 
0.010029066397122768 0.5134809348185573 4.5517713065009434E-4 
0.231311647233524 0.0739408461815777 0.23059332889416448 
0.18346195208640118 0.09910041181976069 0.2427530386945278 
0.1523459650450516 0.3581503140615794 0.0 
0.34536920793098325 0.16896570408891887 0.010974932691794073 
0.4405739841343684 0.019479476251493624 0.07008261236398035 
0.4530357401398503 0.0030267227085510884 0.07569425718417053 
0.17806943914582218 0.05166667721677239 0.2993943055444253 
0.46916632231627564 0.04430098119494307 0.02009000874631853 
0.46099560620521524 0.04352946217584926 0.027216278318145586 
0.40368703555092617 0.04368869873186294 0.0693643855125441 
0.2675056475482435 0.14749993541941187 0.09672317286431913 
0.07075405771108946 0.4564822916678144 0.001978132461618864 
0.30403860799285776 0.18442428637274877 0.03196402581772971 
0.007069177998257063 0.2873214560444327 0.21742693973175217 
8.999911756322661E-5 0.227204005705092 0.29621172241322885 
0.015351079048832223 0.27883352597741073 0.21727477368649856 
0.1362009361965707 0.37518011046323785 0.0 
0.13109242853905403 0.322637215869015 0.0725359435775276 
0.1683665526396669 0.34303371501104246 0.014105668553097458 
0.2231289019564496 0.09490526451488011 0.19268451031250883 
0.24998386722613097 0.1422697663045131 0.12212770703568324 
0.004587776767385766 0.032238461293518164 0.48223448199025215 
8.653940212177367E-4 0.522143291016432 1.4579873201091978E-4 
0.06086353342969539 0.40465772034182823 0.047574524753006435 
0.42273503886042424 0.0457501532863707 0.0526529441114192 
0.06930802295897776 0.19091639481985154 0.2522984045628914 
0.29109787853779345 0.12513382209155768 0.10087091175845814 
0.4779303588551455 0.0038698245706592625 0.048086593870112916 
0.03342323708594757 0.34405327718671275 0.15075016145873057 
0.01658324338718523 0.1374285342560281 0.36211167856450394 
0.10022371847254259 0.31678393666043997 0.1213866728791099 
0.014400769437661791 0.002356185249791624 0.4960871074431258 
0.4893573170062473 0.0073328000601488785 0.01392859020450793 
0.24068570051228022 0.11781270607241669 0.15192509606218665 
0.4336980967405322 0.03500137393164682 0.05267702682611425 
0.06676998263352703 0.02593201402741243 0.4320270254185443 
0.32317651248998813 0.05762013686046722 0.14076990713678492 
0.02692443122362708 0.4859430426299167 0.004084927633658625 
0.30999182926915436 0.06189009892512104 0.1588130289628093 
0.0764141178331299 0.17416368898118567 0.2735295467041388 
0.4252636001361539 0.027385892888736815 0.07469150410906038 
0.094518094299266 0.03631423085158467 0.39317715370807116 
0.04966063394958883 0.3725476207118218 0.09840186174926918 
0.07730601596221551 0.17619651056915694 0.2717258954029144 
0.17250996080535022 0.03432008098038793 0.3151416052851127 
0.5008695268484304 0.008600046370975677 0.002794269077927062 
0.08275944965205326 0.3906835614138669 0.042634032775180505 
0.34335703922346184 0.1442151401222761 0.02228034981740778 
0.05590585510613282 0.40402977226450904 0.0700646621772294 
0.4824728886127588 0.0024079990446450573 0.03704479513786137 
0.06066321358672258 0.46709427130910613 0.0010970583831601435 
0.30564044203252033 0.11079563662930562 0.10166821829114392 
0.0466429641145104 0.4801349617941886 0.0027523958041238777 
0.017587101361922066 0.010011400117369949 0.48565518059018864 
0.259453812666376 0.10291711727531129 0.15475133538095712 
0.1999420447348815 0.09300859919430317 0.22527807611903428 
0.49756988676993413 0.0 0.0133559446379367 
0.09039620323954489 0.21211369192675622 0.223423550679415 
0.09696846613001019 0.2555534016890659 0.1673014063204871 
0.234605768673491 0.1145421584707119 0.16384080679673002 
0.051930043580449295 0.13143293387105404 0.3474355693965398 
0.09138218779603366 0.2612744319346675 0.16736535748600975 
0.41245903241209375 0.011609042824361527 0.0865652131316229 
0.25515826133508895 0.10717032187549741 0.15473325111247582 
0.40987188934077173 0.00608576215000914 0.12696653857850138 
0.32896507952876003 0.002032044776728016 0.19329028741686874 
0.08303553928202596 0.38817813064308626 0.04437315565347183 
0.008833563766209413 0.04129552597999346 0.4586766549574299 
0.0016498075360012541 0.006672797160300086 0.5150444122546356 
