0.5179488463059485 0.0 0.0 
0.0 0.0 0.5147278458046518 
1.3415685901885914E-17 0.5172050339132479 0.0 
0.27556241265780507 0.11848975016032676 0.1227411406513327 
0.06865011288292858 0.43552976007135474 0.011654655344769112 
0.05014173968279816 0.08464556403612472 0.3846385744958509 
0.060055580110238455 0.008353337371488006 0.4527526210221845 
0.035781018389066915 0.0463816777959352 0.43160088732150764 
0.025271346245566866 0.02310473456547698 0.46686883226447445 
0.39991481600629364 0.0562806422787685 0.06157874126991415 
0.01103957540427042 0.37829083130424657 0.12864836330512103 
0.2258542630026582 0.18333681679162017 0.11216207252360388 
0.36864711789093396 0.06853233802881757 0.07933173956940347 
0.2918949225797518 0.1256396408370708 0.10135388167821069 
0.04672925398280428 0.24352832497440566 0.22696885929891386 
0.004993763299098152 0.45670528442566394 0.05839548502939367 
0.35005415133006074 0.07696050333412849 0.09499915729033516 
0.30412163665649944 0.17376763327124806 0.0384283712772073 
0.02348486739713141 0.01811557740291598 0.4822869495372712 
0.10584998719208435 0.394635877905011 0.02166935678390853 
0.05792435085854048 0.41169982079563733 0.04631871279399456 
0.3783778806989759 0.07021311383424612 0.06967627272539836 
0.4526325511558799 0.06369969222377987 0.0011468037110251776 
0.43153833516924794 0.007703436929835656 0.08672078643684662 
0.031234466818790597 0.42384220799314953 0.06324651838633734 
0.03350144446048071 0.2307057344679133 0.25104639897855446 
0.3304106310910938 0.1357239393169402 0.057303393035494844 
0.01851945559302299 0.014285396020428547 0.4911440582480971 
0.21205460093851697 0.03934958831966423 0.2667806660441133 
0.030215713370377262 0.4853533721538951 0.005400033737143459 
0.24594681881264321 0.19085395154490423 0.08441252787859713 
0.07814995356239215 0.1013881713541625 0.3455636763325065 
0.4240246509371455 0.0932231497275733 0.004766011289805616 
0.08811366022394067 0.020094534902418488 0.4184220653354982 
0.21824310919210826 0.27948409988574824 0.022492213059223467 
0.26327986182623236 0.11278271359264715 0.13858179666117312 
0.2844527561896608 0.008562188836729991 0.22240214326925312 
0.3097611174600642 0.043085740142103944 0.16911206295421827 
0.03758327294261195 0.25881500716070704 0.2189917743387692 
0.13835269625363206 0.025716569572224443 0.3555440137903809 
0.1281099889154199 0.07522006743445846 0.3147800496338591 
0.07474061531205006 0.057482601422183 0.3938250853365028 
0.09231805828889147 0.23208200906690077 0.20401303735087822 
0.042582078243022604 0.4649557726350458 0.006843034009741816 
0.17274578332296858 0.2684286409736784 0.0883787293966599 
0.06444103110403972 0.12991856770931 0.3214129383919333 
0.23491836604522182 0.20063687259991575 0.08019858667570356 
0.15119079951105646 0.3351503911716201 0.03378435672752262 
0.10404629761070726 0.40407042745988214 0.019465407136781635 
0.34426291041989204 0.10994106049242684 0.06044808094667986 
0.08693698059220951 0.19671694898931302 0.23427948644852453 
0.16586214993635656 0.21428637614711388 0.13533744763251918 
0.2592983949447009 0.10738999324858874 0.153504906695159 
0.09892571694880788 0.28499872754910593 0.14656121485905754 
0.31653349417855 0.14813298006200043 0.052857112141056574 
0.005144042205611924 0.16763672936585414 0.3468327912456119 
0.1797804606070043 0.13332664895798335 0.20704658102393225 
0.20537821112981203 0.2930078447710716 0.01860351095026068 
0.0748017529894648 0.16119362582950267 0.2842281728372391 
0.2510534046069337 0.19481664592919648 0.07529133533187692 
0.10983510175314773 0.04722826179391096 0.3634574075623304 
0.15582235774765943 0.12205344435703672 0.24795774237015528 
0.08581846924597909 0.14021978485861092 0.29297556610313497 
0.053544271648432666 0.14549227772548026 0.3243028594157559 
1.1120019468669119E-5 0.4980691453385513 0.018593663504356334 
0.0015990088368660258 0.33999795114271836 0.17526651163748352 
0.12112114873566442 0.32911441817687553 0.06721857884959026 
0.31837504830891544 0.17330117788494798 0.040352839927411774 
0.18535647190196533 0.22400402687363505 0.10936262992170624 
0.22556623257229913 0.09581262516449156 0.1941844653209749 
0.15422292377499583 0.03864722966549932 0.3336273972771905 
0.4784190052933878 0.011349782991892812 0.026701440580891585 
0.08101283752870267 0.21046070262458896 0.22791968830609402 
0.31234605006031146 0.04344528731578518 0.16067292628618918 
0.0726181752068049 0.0341883111094276 0.41188952079138896 
0.4940042396353963 0.019257553354862147 0.008611680101956986 
0.07087784945398501 0.152893776615024 0.2860397159076309 
0.07414717252678901 0.03152221640515311 0.4072862309677928 
0.12598970469774584 0.25400589810587243 0.13654955669869423 
0.489896140618573 2.2728833274207377E-4 0.026720775044210162 
0.00802190522501883 0.31129769630034 0.20030760482095883 
0.1326596376205098 0.353390295812427 0.033764124143869007 
0.09621596690123743 0.3540628469658522 0.07268077163988672 
0.0015342191026852614 0.3185359135380888 0.20077840927315746 
0.1298890255142704 0.3659718124632551 0.024773993432401425 
0.45407376872285443 0.0318981517237002 0.030519734472105372 
0.5093859762087667 0.0033244850246975043 0.0030601638578849643 
0.14278005745549302 0.0016721296205055537 0.37191476209675395 
0.016373538164471377 0.4761037565098291 0.02225497026607531 
0.16408399892537298 0.2549691459311476 0.10924446557471763 
0.20885297672753977 0.004640899737981251 0.30196637852505254 
0.3780230356103604 0.05133998376408901 0.08568723236632862 
0.5039771405028737 0.0159809105784299 0.0 
0.32569526357528245 0.15940858427835555 0.031879537660775024 
0.41145591968530565 0.09777389289975144 0.006865846399958769 
0.10036659101739254 0.14218941164781196 0.274373007865937 
0.26272482635617905 0.07529244644157841 0.1818856552322226 
0.465940407334747 0.031367580658973535 0.022864265985801813 
0.23836306839643032 0.1399554104286229 0.14268128726947835 
0.0068767281103392 0.5057543471908463 0.0043320132352181896 
