0.0 1.1041964934569322 0.0 
3.328775738249903E-17 0.0 0.7945437658528949 
1.0221705206287286 0.0 0.0 
0.0 1.0331602295136799E-11 2.999837242575314 
0.0 3.476208899609219E-11 1.5793858372906686 
0.8673621869423824 0.008449911505320692 0.0 
0.5338735776778756 0.015596905734674734 0.0 
0.0 0.7008273636109809 0.29398173857595195 
7.218968373419353E-5 0.8653394341590477 0.0 
0.2796965402174051 0.0 0.7650906886200571 
0.0 0.22935287146734964 0.9469652565466145 
7.374627840869328E-10 0.9269111137991877 0.037266267275719175 
0.0 0.2786474191765216 0.8321014244629311 
0.0 0.8910581058450775 0.27052637021382986 
0.0 4.645945689871905E-10 1.3222891209151877 
0.3107259333901274 0.12965831567384453 0.0835244001190524 
9.24028370542577E-8 1.0686170209077355 0.035870048069467975 
4.828508010148627E-7 0.5321488270820884 0.3321947789414238 
1.0787585694028716E-4 1.3235064972510424E-6 0.5239017290565776 
0.30892828230302344 0.1289081999381537 0.08606208861891533 
0.2559171866907694 0.2986566854023342 0.0075469238433119624 
4.123627020766598E-6 0.9978191797619794 0.012418052379048368 
0.196826731117601 0.3500363644280997 2.812362515196804E-5 
0.0 0.2074149920575887 0.9684614755718439 
0.0 0.007708490757624557 1.124350842847304 
0.0029380527753017477 0.5782810746264387 0.07903712744340746 
0.20036544045896096 0.39309937690571367 0.0 
0.367420527198608 0.005583781904502069 0.14874139532443473 
5.928914572533522E-22 5.4654979721070063E-17 1.3045710466285438 
4.16088562839486E-6 1.006834872285935 0.0037729166622757506 
0.005565726288075617 0.595851110625084 0.0 
0.07461120975512858 0.28509890174788755 0.1594558735754126 
0.06697770566864455 0.07816333021439864 0.43185998267807485 
0.004801237170593358 0.5140070410220684 7.163370173659857E-5 
0.44057572280937035 0.07972109202732108 4.3844196463847044E-7 
0.006377368556913263 0.1652088674000049 0.5123935896479116 
0.06810858867267279 0.3917027105631528 0.0903815063108749 
0.4788283611142971 0.036496488201459634 0.006420855111788154 
0.16942007563657022 0.27875369005991185 0.08821479998409644 
0.1550322385566051 4.0569915767188146E-5 0.4016602821971418 
3.9183392227750227E-4 0.16797425728629028 0.5027775413816195 
3.7724104353177183E-4 0.6373271353794384 0.019838928953591663 
0.02442718114057515 0.4773946519936189 0.060391295944375846 
0.015535898195302817 0.4244243421083646 0.08344398153590615 
0.19394161906241175 0.3190999754114823 0.01575392690848036 
0.04416387956661201 0.4661899253207034 0.01396745458622106 
0.2616065863976952 0.3064930436448777 0.0 
0.3856528189601972 0.053155891922100316 0.0832592937576327 
4.0492811486916906E-4 0.6841028565398624 8.536992178702706E-6 
0.08195053819818822 0.3131434071988866 0.12563049441959137 
0.4854489855486503 0.07306238886301582 6.850259659692563E-7 
0.0 0.025831436938935158 1.0311315510858543 
0.19323908506452023 0.4010938279069751 0.0 
0.0 0.02653243695659497 0.9943284594566162 
0.0380179627540655 5.777685152507419E-4 0.4708767269838851 
0.0 0.6965928137692675 0.29772081870898176 
0.39998230671142576 0.024133428343615794 0.13370688658604887 
0.1358735597964632 0.015702078253628547 0.39251037735943617 
0.5044318991249913 0.007665978087460571 0.006040627309561966 
0.0895203644265079 0.4577018398088766 0.01655683279418098 
3.8931193562100844E-4 0.6577202161658867 5.715281773453697E-4 
0.1221775081503291 0.4073659172494079 0.016021941148846326 
0.025349404957228525 0.4542350829545425 0.058869412205836594 
0.4054916145406669 2.589310465125348E-4 0.12791707002809433 
0.12681633503923412 0.019207806784712195 0.37813458513671944 
0.4240501449027889 0.010320869136951044 0.08238391462430236 
8.699472294151194E-4 0.4390319652023629 0.08343291892292637 
3.405718098513602E-5 0.8716613531697294 2.3056653916733058E-6 
0.10864560936440702 0.4598968783084572 2.9127375276569274E-5 
0.10463628735426886 0.4560518207739165 0.0075041038914501115 
0.07661732273473963 0.28844961586733264 0.15821370026351364 
1.1447034643869611E-17 3.4072356493939254E-17 1.0865000017387878 
0.38247385684036994 0.05793010766413223 0.08352813939979842 
0.4401194765758951 0.0657248252770478 0.01885481925337673 
0.4233282881609274 1.686792744963407E-4 0.1335118136729238 
0.4629504816518206 1.2114810583823148E-4 0.0930480776474967 
0.5104962660906843 0.0 0.035812285756134335 
5.214160460321662E-5 0.6396229439778226 0.0079608470671666 
0.024042395987950237 0.4748800454618805 0.06352623868593196 
0.5196188801895213 0.001060887366093633 0.022180352784856087 
3.799078980138359E-4 0.6552632715845702 5.893613097718964E-4 
0.018716228793930322 0.022127638086071908 0.48285125161180437 
0.4594895910542108 0.006233865291955081 0.09358092688821616 
0.12121075558759399 0.44881680680918573 2.467741250008488E-4 
0.3725633090277284 0.06741441324912491 0.08247817687114625 
0.1283510020825984 0.019167175358025954 0.3820034422382606 
0.13492540293956637 0.01841619005995293 0.39708337901403257 
0.44711136663882106 0.006520564961246307 0.09204626243014019 
5.96331700860055E-19 4.526263278842823E-17 1.0946052605691587 
0.5320121382778891 0.0 8.169319002740839E-5 
0.016394734666622727 0.4478868480887932 0.06669386668591241 
0.5210547309649283 3.525352419388135E-4 2.681450371355129E-5 
0.3689471325413393 0.0027697397913758284 0.1523387950947765 
0.45800340520815713 0.06380052078871128 2.3244293491976622E-4 
0.03807304651246644 0.40189564151870577 0.08344558375345527 
0.45496992314798457 0.0689104788746513 2.6839262501228194E-5 
0.45141731804075624 0.06837692677463258 0.004285554714863331 
0.01823303762143519 2.770920457572654E-4 0.490760513029387 
0.04353255484976205 0.45952571860948177 0.013985542135531132 
0.38351189424961196 0.06801966827318033 0.06733830790545856 
