1.0088895713827313 0.0 0.0 
9.607539513533183E-7 0.0 0.706123150945739 
1.1514214359328524E-17 0.5651034466395028 0.0 
2.7638157920863923E-34 1.3564467198922204E-17 0.5154995954870785 
4.253556307097948E-16 4.934410589439177E-24 16.16507710160261 
0.5959564253725098 2.8485628065118128E-5 1.065885647898467E-7 
1.0086816650625867 1.7935725291494728E-4 3.459426897455823E-8 
3.4228093930428672E-6 0.5521804903442985 4.940982223470907E-6 
3.1944172157370793E-6 0.5153354049264987 4.919170085988961E-5 
0.5705660783040212 0.0 4.190772620755488E-6 
0.14952110851521855 0.36215728698675836 5.626527152661103E-4 
0.1766022542081834 0.3364023614200528 1.00892396936607E-10 
0.5371244769711281 0.001925170732986625 0.0 
0.016517012000585744 0.4883937318913314 0.029808055546676215 
0.4029553927570556 0.1073300272668807 0.0020781820096908094 
0.527895875074001 0.004879048876461638 0.0 
0.07925808409728499 0.191972176995461 0.2679972260536522 
0.13306758326072504 0.11858619325107088 0.3003905710292067 
0.30649269220974196 0.20324878840321495 0.0018485415148929174 
0.1618794240456205 0.24396383717029174 0.10937224266914544 
0.32137849484399184 0.1735072322283159 0.014742797938322033 
0.07727520342710686 0.4194120407374866 0.011229255969726081 
0.31500631010365193 0.10348528135613802 0.10036600194777191 
0.18537645466528993 0.35090698873840526 0.0 
0.04239480864492237 0.4704815388891893 7.082640178526877E-4 
0.188194689801126 0.21765107000381895 0.1093729160233985 
0.23739061671240086 0.2740804273375614 6.83404027678542E-5 
0.25257357655078366 0.16399648671303493 0.10625514464841739 
0.16474818173256425 0.34641592742045124 7.162183160174333E-11 
0.2077939246840467 0.30497241488505433 1.3603095252772533E-5 
0.2564571346397925 0.2531611005771076 4.317819320024204E-5 
0.48526006315567416 0.025982786506525295 0.001326233564688187 
0.11869998914313674 0.14852631967434776 0.2635515571904072 
0.3027535316533353 0.20890771045414536 5.711747624411375E-6 
0.3600915511063747 0.14306333094267334 3.877837076101025E-5 
0.44859671139995605 0.06358037036189902 2.663177763862245E-5 
0.030044615061933715 0.12828765829321234 0.3507819310769131 
0.00429979715748774 0.15518113785492288 0.3810821816366288 
0.05536327570004434 0.44818637481234447 0.03213306739773507 
0.2928945818399695 0.21993452324506024 4.059080263726217E-6 
7.332058700843999E-4 0.5060563836095766 0.0 
0.09403439354752054 0.3858112549111763 0.04234153654689867 
0.07712767866522136 0.43304940686388255 0.0020777408079841668 
0.4671799125508443 0.05096557182462508 1.0167668303256318E-12 
0.3719658483712816 0.058891575433665584 0.07584944720424058 
0.5033682077974758 0.0021162612813873014 2.999111571555946E-12 
4.830068796528185E-6 0.478137563515031 0.05124214331988179 
0.12994100671376604 0.1369541234699872 0.26388282713389816 
0.02557110024210858 0.0933706746604676 0.3900460354157743 
0.03961223811768808 0.41044354345697476 0.0636683248296819 
0.06508468523759273 0.44271555186728856 0.032404310531987064 
0.1452349934634287 0.019093980026422583 0.3435560329495719 
0.2233657275418411 0.2876788252507457 6.828341697238235E-5 
0.3845495922094138 0.08919734268442793 0.046378731268743076 
0.2777217072788518 0.18050863890197444 0.09693389636047944 
0.2819782610569618 0.22772881265197695 0.001848416740683057 
0.00915212963569066 0.497459825162888 4.378368496806455E-6 
0.34116389675565 0.03202107440793382 0.22986035148827857 
0.10006901256120145 0.37271026392326306 0.042670894754053515 
0.2144377399602302 0.2954805009434089 0.0 
0.04072307108562753 0.46211146547456977 0.010840035969500969 
0.35656983185149943 0.08270735979682686 0.08072264775298163 
0.4396474890045948 0.03487130935391354 0.04689356834943186 
0.5921239112205705 3.895954637638063E-5 1.0590501429124849E-7 
0.006550120641320466 0.2692110561096461 0.23896404513873326 
0.25476872582056315 0.23737852802783843 0.051010397186595786 
0.43163766346409405 0.07445488287579938 6.729660261314357E-4 
0.41442463218068887 0.0823960553552126 0.011232272897967114 
0.2871939300295195 0.23194104553068945 0.0013269740436471313 
0.10587962828467415 0.39265856653001796 0.009803037095643816 
0.0014762498610474833 0.3204621636433581 0.20299347606699453 
0.1480713102709546 0.3304096303184093 0.04077176028170015 
0.2466228175079227 0.02087703966975052 0.267026286408671 
0.47513614871269394 0.029115245148159205 9.895021897974386E-13 
0.12803142294344147 0.38651539818307395 0.0 
0.023417068656963056 0.12411007538702967 0.3649804221438322 
0.11348428847595297 0.4033294492623702 1.319974029151199E-4 
0.42761379445668046 0.044923066871871684 0.03550898827752321 
0.2488014316074331 0.2603898982016599 6.77086568929765E-4 
0.06894972128015296 0.40537189546080604 0.03868299898816956 
0.2637695591758043 0.007999987634383766 0.267457929813694 
0.4228029419539338 0.07803343453258597 0.0068130182280175325 
0.0628316111206404 0.45663476777978607 0.003349173370722831 
0.4995217502806344 0.028519752945767803 1.0361859780810803E-12 
0.4334744226681075 0.06727035845829037 0.011320989996895152 
0.1015501083785341 0.37660237982394695 0.030266584501621167 
0.1636191408738628 0.32539724455618396 0.05068588690982313 
0.3964869006514566 0.06277387647391956 0.051212882716438084 
0.10009089993172188 0.3989133821328075 0.009812202031545383 
0.20137412578111427 0.30986580164626737 1.0056044192292565E-4 
0.0066858100449587055 0.2622275229134208 0.2684372598298639 
0.0014460914716909155 0.31391542453081595 0.21025323258329362 
0.3398033966125039 0.08703580483353475 0.08250523934337746 
0.21817116429819122 0.28285703897222997 0.010406358793095868 
0.23161039045295054 0.29505881941947426 1.0357980680478924E-10 
0.1619679373552485 0.18726281948291928 0.17006437581032136 
0.0282806882259414 0.4557684681599203 0.028576464881009053 
0.3897313550110484 0.0672262984594439 0.04950695889883564 
0.07736711343921981 0.43439376324355117 5.110062951280494E-4 
0.26582399957400504 0.03847678916299541 0.2141985193531914 
