0.0 0.5224050245384522 0.0 
0.0 0.0 0.5173330454941389 
0.5180656245984068 0.0 0.0 
0.12466480763789897 0.3952927924848799 0.012222034858631797 
0.35876380688893494 0.03539938361810074 0.12406381803651194 
0.03131366711988287 0.4132423692492118 0.08232494994510922 
0.11808936064953163 0.21428445278976593 0.18269971896092513 
0.05576219640838222 0.14435765017540797 0.32144518284168416 
0.4624718703240872 0.046247389416806596 0.00804136593285692 
0.053445560303024386 0.09179867505507222 0.3745135052088092 
0.16687357433683875 0.3156254397533719 0.03387685154979531 
0.012670230465011798 0.14146608928070045 0.3614239722981246 
0.017904821049864815 0.49828568157783276 9.896778638295938E-4 
0.3397415618495527 0.15391745491184308 0.027924583542424768 
0.012347212055478668 0.0888567990526556 0.4105274903398415 
0.0748850897958453 0.25167710376114305 0.19680755781175194 
0.3347401348842544 0.03902969829103277 0.14222546152675536 
0.44541018784569425 0.06830168274723132 0.023245092543777237 
0.4733217820324419 0.04075554320104637 0.0048868979298541835 
0.2874182960574819 0.005421889610494292 0.22376831682727608 
0.008703971673445183 0.10620162208737083 0.4003769898749735 
0.02953596721716442 0.4247539509809634 0.07800172461620261 
9.427338141664032E-6 0.061386364343363246 0.4583562299338664 
0.008518042666272247 0.13124381316946582 0.3859818622623321 
0.024398272233600145 0.013400560053363979 0.4838182066452116 
0.500779845149388 0.0 0.019583672467417948 
8.139627747123834E-6 0.05300140368319244 0.4664607158732227 
0.1801534589901703 0.01874236362936587 0.32574042382179796 
0.0033904124777351 0.3278368314801278 0.18186144377298158 
0.21210371670933106 0.07585556486541452 0.23114214442813097 
0.08305271159085499 0.3848581666409689 0.057593813789537006 
0.08293722881045992 0.18024719091948313 0.25725997847042686 
0.047423256950473794 0.2277672701811508 0.2468183242547213 
0.1294223153938057 0.3306598199147522 0.05618799791453734 
0.10127643010445679 0.3739904824964244 0.04085756953133696 
0.36628089645004513 0.08641641274152441 0.06677302980452754 
0.3947814991520408 0.07085341489432927 0.05994123894497666 
0.0960460937663914 0.26075378172380514 0.16399952800147044 
0.15832893894869662 0.3499212105431563 0.017694140358046714 
0.07036105650975318 0.022223309369151355 0.443376566098248 
0.19625423415213614 0.05374287790992546 0.2800095311864419 
0.014116844485961963 0.15761787348127765 0.34163519581085444 
0.04977485933352645 0.46406680602662365 0.023250965663610634 
0.1394333584818539 0.29212480200185137 0.10256413481107535 
0.14130128983722529 0.36671966831381564 0.017686161326939235 
0.09703874398048336 0.3345359876763585 0.10256807311694274 
0.045613279716987976 0.4414462500339566 0.04294146700099974 
0.03230923734686545 0.36025942476103257 0.1310852964504027 
0.09072911346692182 0.1736584773164909 0.2517697608923813 
0.02894528822318907 0.4363402174204083 0.05045030578060272 
0.039916659851026756 0.2024525532103621 0.2769999740251043 
0.24925311511584067 0.07886399390703838 0.1962457647134931 
0.1541763004502266 0.02364225392199904 0.3406845402352881 
0.3392591131937867 0.01727769927239255 0.15763325040605264 
0.40936336988208855 0.11210135518051588 0.010703317784487174 
0.018747379713257635 0.2754253969172221 0.23910247400575355 
0.22739123139896728 0.03064623427418088 0.2620341614237255 
0.31577091143779645 0.10152483339039722 0.09756384411703269 
0.14666435502209066 0.34682043416740826 0.029829403992923182 
0.02091692047165306 0.010970601870736429 0.490343315203766 
0.06487823182585066 0.16589702515296534 0.2857550193325945 
0.09794483641862196 0.008813303284454949 0.42772459878450764 
0.4838430440525312 1.3545609846861702E-4 0.035825468169442286 
0.18017999759209394 0.01874512458733057 0.32571112426190957 
0.03786072738463833 0.3038702931309821 0.17425863873640432 
0.2761305271415296 0.06517452040601526 0.17331260884560068 
0.11194209199568726 0.2432833592015105 0.16747560755168853 
0.3994575655976867 0.0 0.12038412222112456 
0.013316049183003938 0.006984062222536922 0.5013025891555667 
0.04343810071202801 0.4849965634390764 0.003234403117220668 
0.14779870890896676 0.0226642784602131 0.35078679252759043 
0.4366420383058659 0.04932097046271511 0.033789312630365984 
0.08741132413232755 0.1874045832320094 0.2478851513845494 
0.41651545809933244 0.11405990555534441 3.6571934189491887E-4 
0.23243662290528846 0.004782014097980844 0.3059536589027772 
0.031587624192897124 0.4542586358992785 0.048419194337729156 
0.3014981222641172 0.12344829728578385 0.08861136950721596 
0.49335592653609134 0.0 0.024703800109522608 
0.3719156002414448 0.03580755999244167 0.11088059108645869 
0.22248769682214226 0.0259413998367348 0.2673434421982402 
0.0185928072865747 0.20731637784709203 0.29469089058016135 
0.43022265678908966 0.021910266799305477 0.06198911568265217 
0.31978901904233675 0.13242156921132245 0.06670123827620676 
0.27270288307470014 0.0688658341295633 0.17177434816193687 
0.15505786981254258 0.28199401375037036 0.09013787131307623 
0.20177868447667585 0.11026468130958124 0.20626204942347243 
0.03437035588128216 0.4942768371137822 0.0036141895918756525 
0.29791898478255424 0.003636411422264493 0.21413896796073395 
0.32815537522180704 0.11735961885658525 0.07161340297835034 
0.06283646140353671 0.2678089288788591 0.1895928040063395 
0.37469832109086665 0.12045774087893159 0.04256739254176414 
0.42639586495360216 0.04889094067167508 0.04085927968747428 
0.05311903761486047 0.23476059258945187 0.24248409297013013 
0.07272620555794684 0.24442143065143399 0.2095379644730604 
0.38236319452275463 0.004414590953410219 0.13352818346912404 
0.006173780038961162 0.013996230874450196 0.4980898130159672 
0.26361233206102513 0.060387257930226985 0.19026761325405847 
0.010582435075571776 0.3013613727612914 0.20619624117715177 
0.10412829219842924 0.19015955256261274 0.22221204808276007 
0.31357055497289155 0.12937544402143863 0.07596261043828059 
