25.185228219922895 0.0 0.0 
0.0 0.0 1.0033857577898093 
0.0 0.6253635127246522 0.0 
1.0087216674485773 0.0 0.00704730030169676 
5.216820223441674E-6 6.338362319072094E-4 0.6099886863091714 
0.0 0.6040087732307796 0.007906265783663423 
1.222695839071365E-6 0.5279686476084018 0.006758463380278532 
0.0 0.0012151620617876602 0.5185917769129548 
6.380942595590218E-4 1.190626620119895E-8 0.6090848647381664 
0.0015200203085805875 0.2775638636121282 0.3315302770802459 
0.019017019937631427 0.20979458699717757 0.28267411470621573 
0.023784664826352782 0.39570622000158634 0.09484244303377617 
7.906931543179423E-4 0.3239696283572657 0.18561926796211325 
1.0335592136568571E-4 0.3099772928471008 0.20447438707402305 
0.005002845672228941 0.24167453485415064 0.26208881360385905 
6.609834235128718E-4 0.33250350411635293 0.17443404034125942 
0.8000405070586526 0.0 0.23992204268128373 
0.02352470923693811 0.352905907923836 0.12788146054857116 
0.03890691970885427 0.29132807594818566 0.17967319153464734 
0.034399497630550654 0.34229417494246867 0.13484703746335358 
1.9090602664716821E-4 0.3767691201941355 0.13540611200987454 
0.19454659191569745 0.2547538018357481 0.06193505589627182 
6.802811842994801E-6 0.06503915592850147 0.45348091818492886 
0.19218207840894275 0.4062462812076607 0.0175132252432543 
0.0169620371547209 0.26461949137515745 0.2247560867999428 
0.08668148067928508 0.06953819083774773 0.35446677570094515 
0.03470915278267955 0.4684068671757809 0.01118489850284699 
0.0022197862261671523 0.03243158691983219 0.47401909043550666 
3.2638842735744614E-4 0.029109115438061193 0.48214684235110233 
0.012149916152391535 0.16067255781555206 0.3401359657605174 
0.0015674303401213374 0.3615673821223152 0.15161695041058557 
0.00683671315987492 0.09018071182268425 0.40692474018143565 
0.022447188414096656 0.29609307605325696 0.19624000905018035 
0.001466053755420696 0.5166924795039286 0.0 
0.22930585475993506 0.20106855546251537 0.07362878424035894 
0.10828947558988528 0.17126492195413767 0.22951318703472506 
0.23669516190719686 0.22348053807056967 0.04780332236285411 
0.24119651754621427 0.21471325249175563 0.054381623171834884 
0.2427885213550381 0.24526939376667534 0.015769051465736764 
0.46933974989794175 0.014854101536091808 0.020350493732401574 
0.49255380858399084 0.003522259682368444 0.09155317101156056 
0.38020951847589296 0.009422091253766264 0.11904086541915955 
0.005963583775513076 0.07866356497832348 0.4289607946066458 
3.0489677533640976E-7 0.14245585483383902 0.36604059689465035 
0.01527364472198551 0.023593823611266922 0.4669313660738035 
0.0014020200544961402 0.08423460537754951 0.43407766223598104 
0.026046231526193862 0.4333319766228876 0.05537097874557664 
0.0 0.43880474164640754 0.08048985064769816 
0.23455379264748744 0.2057561723386518 0.06370722617527029 
0.4470571091580399 8.341684428335998E-6 0.16248435292906765 
0.0 0.4762410201481763 0.04095765797002576 
2.5641590992628424E-4 0.30004318429626853 0.21123248228700933 
1.9731253506925003E-4 0.3723107216964041 0.14163247886293387 
0.050002523740508224 0.04385771437108967 0.4163987499034571 
0.02113266676778629 0.21027807248713606 0.2785437883367711 
5.069625677969158E-4 0.15905004908758222 0.3507115319262805 
0.024460147070956586 0.3669388778872754 0.11681596536216678 
1.1700087983126682E-6 0.5052180135038604 0.030904271100642863 
0.004165215117775001 0.42341482326551133 0.07843090596577998 
0.0023402874852894357 0.11485779409811253 0.3997823951012118 
0.44816585797902303 0.061410800675023386 0.008299741506463811 
0.020906575758044985 0.2788181783643025 0.21029234286176873 
8.627617272173338E-6 0.10382224591633206 0.40815458890762873 
0.14828386998266935 0.1496709853020868 0.21309802173416825 
1.8537182552482676E-4 0.4141131517423035 0.10783748477725782 
0.03854317897967232 0.27278383083934343 0.1994870888263018 
0.25587502336372814 0.17630671943603188 0.07550560272522706 
0.005697034128227411 0.007873178258267648 0.49964446332173346 
0.009494463599318027 0.11855465041719246 0.3832788397261687 
0.10037919439222746 0.0503593276688442 0.3591552246360377 
0.17484313990067712 7.019037924695028E-4 0.44570818393793293 
0.008348110377290949 0.11044027134988023 0.3927985937768365 
0.12502291247910555 0.1722828311524637 0.21975346146701036 
0.017638001004038718 0.121694681600599 0.3698253636969784 
0.011828520827188988 0.458591618234512 0.03618652465107054 
0.009858089582425344 0.48685162194604237 0.01665627800047845 
0.04332817196405551 0.4800250987943533 0.009698131950208322 
0.704328351260005 1.3522857776707003E-5 0.04290310516705134 
0.014743211588149925 0.49156579105498555 0.0032532130411090723 
3.212704121812888E-5 0.15439354491888593 0.35870179740291275 
0.18299785255902098 0.18340412968331668 0.1399689273423921 
0.0012424090969160488 0.018151882438786213 0.48882423105792594 
0.22466187597857326 0.16498963158259386 0.11692297136716685 
0.030705102234941953 0.2690196518874055 0.21029234286176873 
0.0014487580877548967 0.5105968357542535 1.1681956941226476E-4 
0.484653998810541 0.05205790521800927 1.0383307048823E-4 
0.0014868492567411886 0.3629433109270088 0.1503022153864866 
0.007726457319465054 0.49887411161771694 0.0029950591757086256 
0.22057224986244742 0.23157033066929514 0.06053649729350801 
0.04635016849430001 0.0403853284363234 0.42123671695415366 
0.008097186965339313 0.1071207117787274 0.3963228112923062 
5.987111062149925E-4 0.09658317659396126 0.41394281370425395 
0.10701785554621472 0.19098022765665013 0.21312893844409683 
0.0016868409608670515 0.0823012316276373 0.4257214249276261 
9.265408890303608E-6 0.4144297958642862 0.10787406524230655 
2.1612546442842091E-4 0.017015941016613436 0.4917768476786498 
0.014681262953746489 0.023219111000999434 0.4704615382226888 
0.17783246650395618 0.23286708076254786 0.0988254620141824 
6.67454378571724E-5 0.461354604925368 0.05860071073767426 
2.9822233661846287E-4 0.41856225063437574 0.09834967627214668 
