1.6476230564819723 0.0 0.0 
0.0 0.25442434353786986 0.2523216533454585 
0.0 0.0 0.5064790291740557 
0.0 0.504355199385575 0.0 
0.9189847765304411 1.4498001658699132E-8 0.0 
0.8424278985606249 2.858616728012806E-4 0.0 
0.5721993826334552 8.053840629055018E-4 0.0 
0.009093639019772535 0.02346464146742869 0.4767734565418601 
3.7619292194249333E-13 0.4764925762090573 0.032092157109627935 
0.14001247042209983 0.02692779366498728 0.34340743548011654 
0.3334510770595515 0.0668976846603039 0.10895704524133529 
0.03453674150888215 0.4602591472127676 0.013002118554610934 
0.06618878462290485 0.1621848442929845 0.29329149179213604 
0.4950969337588903 6.599231355909432E-4 0.01725687000233434 
0.08984216903046245 0.2917047471233135 0.13967731430656122 
0.028788930844961726 0.3058618171553391 0.18442975378177529 
0.04393753352881752 0.3712772760343672 0.10052571473310795 
0.054619924750746326 0.014928822275419095 0.43633052836658515 
0.015671688425611927 0.22421690966386154 0.26703224483856414 
0.17601365753516177 0.03238441534361123 0.31274407818068817 
5.677270131321976E-4 0.34632799142088855 0.16328623584071425 
0.01122646208133782 0.226739467879107 0.2747345769814203 
3.42280719960998E-11 0.16720519966482086 0.3779201597109875 
0.0010411020863673676 0.05640309358889017 0.4502665686285568 
0.01840940068425028 0.3972608682463849 0.08854606636640074 
0.2210603516577173 0.001997889915549065 0.28496819918849947 
0.02098596930285613 0.3347542693062131 0.1512561366156967 
0.014870200589272475 0.0021249842305354656 0.4895358905527987 
0.35066207736121124 0.0501103788187593 0.11589459111584473 
6.474504474889679E-5 0.18606536773061086 0.3327560722777422 
0.008287710293189084 0.4339226847239683 0.06420989520142101 
0.11526886111485392 0.28426642143505937 0.11775697668723169 
0.01430742620283481 0.20254897818344514 0.2911646812465234 
0.08717700639801826 0.27610723795371694 0.16684175867403028 
0.025433006013136483 0.487960450645884 9.133557440216479E-4 
0.45975276987050284 0.05587418004436175 0.002495701951960754 
0.3002911139927403 0.004354226189365636 0.20277877701219313 
0.07835680792639982 0.25898615487507504 0.2298793761339605 
0.2922337708461684 0.12492066138326154 0.08813587896226693 
0.02911730571884774 0.011665940182719006 0.4649958665162918 
0.2654948659400529 0.06257101694059035 0.21233843966137705 
0.25014822345458226 0.05842780065748997 0.21585341529221094 
2.4799224884227337E-5 0.3544056159080748 0.153104593852423 
8.70057589369364E-4 0.31914012954854704 0.19790932334648234 
0.3638520773512522 0.14694572669253353 0.010534767474143445 
0.006497396125330247 0.2699946005618194 0.23421333342052464 
0.0016884210365283427 0.44211429905339117 0.06048205445907094 
2.0851752669424696E-13 0.36249340855544593 0.14632842364451318 
7.638649582309561E-4 0.24313138433853806 0.2894778376545137 
0.15362462477200955 0.005992249016834383 0.35245062557853024 
9.123616055608318E-9 0.26608581965643263 0.24150583425349728 
0.0017193830008911597 0.4502217123557799 0.05769004991396772 
0.05263068867678992 0.1397224228641893 0.3288333846984101 
0.19988049852980294 0.006322421063990184 0.3062699611818449 
0.1854260285239731 0.002648906369686249 0.31974480109858333 
9.01894337173999E-5 0.07670991510339413 0.428509322083514 
0.012346370161408524 0.42265979540254905 0.07335237032964688 
4.8356019813337447E-4 0.38109621845529057 0.13968934466376737 
0.268248208618109 0.1074744890917135 0.1304980128394315 
0.5136728980845437 0.009596180325133784 0.01079197683274056 
0.3222356181604463 0.14119129890571894 0.04350632557446235 
0.004440618579693492 0.214102609270207 0.2940159684905665 
4.235081474546586E-4 0.38916832539725305 0.12173338387609124 
0.009067125620312574 0.13450450616404575 0.36004433366630684 
8.384517793150717E-5 0.11824329193488127 0.3879538823074051 
0.3749573486585172 0.10999500701146252 0.02600292008600633 
0.0 0.4982677163062251 0.009761127033854861 
0.13030903933146998 0.04580569034761953 0.3568217807036966 
4.283586924882295E-4 0.1145195178381772 0.39086785502327215 
0.11062774846841265 0.2597519525613042 0.13446117869287277 
0.01983607699063683 0.4070774796326121 0.077302778673787 
0.09702195995433352 0.23765442031368259 0.18192612364040892 
0.3738622502732281 0.0752602953388928 0.0957906141328761 
0.002205688683542506 0.0383020138810411 0.4683441291672873 
0.01882370052653097 0.04840714420659489 0.4414199513151337 
0.45473121754248397 0.04314039776763756 0.013082941703421242 
0.0011642958238031976 0.31033004100684786 0.1936210233368892 
0.39741912189327183 0.08178640302463126 0.06570763482709394 
0.04993543149306903 0.4200672464950732 0.034290289602337924 
0.009972795305279218 0.1738482206199218 0.3357346039080437 
0.0502279334274327 0.4138270285997234 0.048099198945576564 
0.045768787847618134 0.389687633504392 0.07884966602632502 
0.04977978550108005 0.41013474599758165 0.0505670492906061 
0.012212328326098703 0.2084178387837767 0.29732418329755883 
0.019270141668907576 0.11263338707599264 0.3725683409102092 
0.08142772797245616 0.2590623087737264 0.21950219798587106 
0.007384254931793589 0.09840739830174546 0.40353229994125006 
0.5438603762591451 0.03669300026784767 0.0 
4.987634540391891E-4 1.9650263753235882E-5 0.5014234015921768 
0.430731675644808 8.694864238175003E-4 0.0851813942688546 
0.18716395625573146 0.07855048356653804 0.24116875279187933 
0.1632511916996252 0.0041290748504623385 0.36525110357226154 
0.4107135784109775 0.09297850987638186 0.0066556112798442525 
0.43361120294198885 0.0842997516651902 0.02901637254019338 
1.6128557643662995E-4 0.09813188800565212 0.40924201417957595 
0.38568299026725367 0.12136160897229313 9.812659804270035E-4 
0.3183971012266825 0.058924260560962886 0.1428568321080803 
0.09944181714813853 0.23348758813299375 0.17186572146196338 
0.010081757155056402 0.08477022670200178 0.4189946243076222 
0.03083594321354469 0.31390826359200485 0.15832706936894375 
