0.5300664436136078 0.0 0.0 
7.500769468092491E-18 0.5005838187059126 0.0 
0.0 0.0 0.5109263454865616 
0.2676722819204403 0.17909575635602806 0.07394782467524622 
0.0752113688777923 0.3471057215118867 0.0997004551860798 
0.09060085744573264 0.04562307703745706 0.374662218106228 
0.4866649626438264 0.030925163739372135 0.0040451433694748155 
0.2219525370073994 0.1446450676809892 0.15353921297289844 
0.24048919812536906 0.09132008720738476 0.16944391494142222 
0.004468017730280777 0.09956225302846616 0.3966616590297408 
0.37423628974657364 0.12594665849767872 0.026583924634450532 
0.15735254249932168 0.020947010453179624 0.35379530749325144 
0.25169283335202636 0.13099829864858673 0.11877415210072981 
0.03383377688028936 0.2065453919085743 0.28140450985276555 
0.007803311798053747 0.06086080041804453 0.45475942072010817 
0.06942688489871618 0.00553496814733418 0.42660986938331064 
0.045221791343212504 0.10563371074627892 0.3664909273006834 
0.07987207899560474 0.1999160722720176 0.23936605299479474 
7.134441434681086E-18 0.47613594217215444 0.04344037841184826 
0.005499684532747453 0.03424847844265435 0.47972332160796477 
0.4652765278610039 0.046089721431104826 0.003740798206987869 
0.013490325806099972 0.41937069714877234 0.08558240370943286 
0.16494023316506048 0.08284821213547731 0.2536814006704871 
0.3880405531579584 0.011572806578671553 0.12237116288546837 
0.06611257525878184 0.0026698564173756613 0.45554304534409085 
0.337544802644342 0.17105225863300091 0.0141923878123678 
0.2793028218721222 0.07953276993579539 0.14715631974798507 
0.039403355875008775 0.25997045289356724 0.2341641667944489 
0.06302688845253213 0.02353632317515672 0.41499047939374983 
0.0018021813656298688 0.45922319218834073 0.05765321016327588 
0.017999953252412045 0.0017809363595405242 0.49495553996665753 
0.4062302048260988 0.10287374989655214 0.028614841105960884 
0.030679612678554465 0.22141266169557378 0.2680032902344072 
0.3469436408997255 0.14301857466539997 0.03160433490519451 
0.5213264887419066 2.3509406285693256E-4 0.008521331012134344 
0.17480628133415746 0.1935826993598844 0.16430670346866724 
0.2995228299794895 0.18487028017283472 0.01747615973610839 
0.13161638385322183 0.048998688578581355 0.3459431559442025 
0.0019302054930029964 0.36677625777310524 0.1489115733991818 
0.3202540381252489 0.009551161622412502 0.1925885854615013 
0.41917544483389646 0.06354080887938418 0.038100048898489614 
0.44355688242672386 0.05904696870603411 0.03051369516668583 
0.3971241923802428 0.08668121798072939 0.03622003129176568 
0.18915188746682451 0.29132238108780295 0.050070486746126776 
0.20974511378156183 0.11843999215090686 0.1840645127025276 
0.024978216024844225 0.013096615789544835 0.4814876015074734 
0.10047058241950138 0.30307452676748864 0.09747504786579897 
0.096951157637227 0.30659231728887615 0.09747465311523813 
0.23319643992380046 0.131682612368071 0.14736577519111635 
0.3572791583245793 0.050975173176669525 0.11351360665293361 
0.13765240428878672 0.287823218088695 0.10660415873813088 
0.06244311787265886 0.3811971184486727 0.07641418654128268 
0.3089472931091176 0.137905201721852 0.07396180369332689 
0.13599642428424363 0.04067745431856103 0.33839434502253163 
0.05483909957795506 0.3347767928575756 0.13204573373912093 
0.362176681696004 0.15951335999499114 0.0032773105638171335 
0.06708756595950344 0.44549134119921036 7.24802759164081E-4 
0.1473267506931138 0.06476571352532862 0.3016005960343417 
0.012538601207675373 0.2794016186643819 0.20929911188938058 
0.45597526204545064 0.022456202943543037 0.042591641881383334 
0.4264245703586677 0.029088180115900204 0.06534376723130156 
0.04265127994016279 0.33092483115935845 0.13772432175327973 
0.11450852667082537 0.0018473328934242856 0.4058687276681726 
0.32585764137068174 0.10966515594830305 0.0903458928027483 
0.30457713132443814 0.14659249431087426 0.060964661781685935 
5.991427567351077E-18 0.3998538688494319 0.11972282882417482 
0.20172947177427067 0.16468950994043977 0.16573753449393747 
0.4272054350586712 0.05687023909300805 0.03741796959527119 
0.20741410567898397 0.11168841339049286 0.2138026820713991 
0.041941094931816435 0.24691943047269407 0.2313153951393973 
0.1566464535840609 0.068862710199297 0.29370823939724683 
0.11868609262135184 0.2772391806069334 0.12144365831105579 
0.07400427784059807 0.4320262565571933 0.015263273927659646 
0.12290914602584804 0.21856395204794368 0.2002411643047421 
0.18443648182165312 0.11573541910612307 0.23612150495307335 
0.0676636054531975 0.317801328874096 0.12823699733398722 
0.19469285379139867 0.11617667859549492 0.22187057992182205 
0.29143927956953064 0.19346719706975488 0.03582909966076059 
0.0037692172991586202 0.22808668131213822 0.287351661238624 
0.1252386309301849 0.21480013574572934 0.19940006674616434 
0.08493089503169292 0.4001133571924257 0.03583927971691083 
0.17225041783329778 0.33160537373172766 0.018364749568563 
0.06849975726205859 0.3742652926149553 0.07051714921010296 
0.508756934686974 0.0 0.02723028097025539 
0.09130162463787797 0.43012615771153817 2.5995376294566335E-5 
0.18967973634946514 0.12119299751576415 0.2218728648477506 
0.006621721974137092 0.4544458501562701 0.057658487277151706 
0.2846565472431426 0.10078028655679029 0.12822764881241933 
0.1745398148018655 0.15456185737795383 0.1943335072793776 
3.7131222968583026E-18 0.2478051014086277 0.2529146699157368 
0.10648422201596329 0.23572777147794766 0.17448543834545213 
0.2093194742631203 0.029571781107911116 0.2643012850664929 
0.05074756668055348 0.41368567576484544 0.04878184079399399 
0.034066956553153116 0.2657790908369237 0.21149861326796457 
0.12783029130416057 0.004577657617445321 0.4025009106483539 
0.05779803307514166 0.31579378710321965 0.13773011313598418 
4.091753955237858E-5 0.07482076430328086 0.4260397924417204 
0.1413280287384776 0.26926994306327307 0.11102520061525617 
0.3386028747881007 0.14992401760531363 0.03746079756608036 
0.062224296600239905 0.3798612780655662 0.07797494371361059 
