1.4854666406968599E-18 1.0188970489976352 0.0 
0.5299805710910483 0.0 0.0 
0.0 0.0 0.5060117500879198 
8.048557297008521E-4 0.5342677867544233 0.0 
0.0048630872815901005 0.4776063314269227 0.02244367978424086 
0.22889999742327496 0.012733385799713986 0.26585315265677484 
0.05844296610760441 0.2960537019510277 0.1537748174069065 
0.036595145377661994 0.017246083993289783 0.4539361169119927 
0.11056798564878624 0.25074804899758457 0.16280436083252853 
0.02484737892894437 0.006692915778413277 0.4736740357431294 
0.37011701919997914 0.011424375235424672 0.12340499188233524 
0.39263894259568866 0.0012059952393985163 0.10897315567679329 
0.19239495857838357 0.09066939292865017 0.22462338344937374 
0.40249512924017006 0.12624516899236193 0.0132429491663038 
0.28496558759797597 0.13429487458497022 0.08829789338821162 
0.006456437280382756 0.26705484583549155 0.25196006522278275 
0.44293885750960676 0.021933822869417138 0.041628313476749744 
0.01742875782550173 0.13143559833288462 0.3732892418591739 
0.34780626799435 0.09368545734933656 0.06157437522797158 
0.0659095589468521 0.23398218069338 0.20944239968732267 
7.432618390199208E-19 0.5098110409633203 0.0012982373669144145 
0.04783569050069751 0.11197599644065033 0.34835926590200816 
0.5126673187571406 0.005199610942332137 0.0 
0.01965485907202872 0.4424016118624631 0.04769400795166953 
0.4967330848054033 0.0019030540713680633 0.008197309657144785 
0.33195325438006157 0.14843259103464485 0.029606410781716313 
0.1575531797248738 0.039124679631676304 0.31384228930956537 
0.2500370171706345 0.11149711603468818 0.14207628965952993 
0.3861545461129504 0.14862389594264128 0.00406182601169445 
0.2720833501535632 0.09701628839800563 0.1356083762781108 
0.299994464965261 0.08080682045959149 0.12220764759158267 
0.42498040583586144 0.10732074636791836 0.004043010144099043 
0.16980484391024425 0.005367412843325022 0.33125458484156145 
0.2577325396856231 0.003854554792982986 0.24255670085763614 
0.305760956727935 0.0960478642078469 0.10138094511724255 
0.01891215099443317 0.31131048707134307 0.1769418427091809 
0.08253737470240281 0.023401342175625887 0.40759158499713555 
0.47143787548595945 0.0033202637333013207 0.029259572541223737 
0.296975586171352 0.053460186352215444 0.15241631275056242 
0.003605085865770712 0.05934285513781306 0.4435808396638859 
0.21834609194677884 0.09505465507310773 0.19311300215588728 
0.024038445819666972 0.20626412909815936 0.27454352190493736 
0.015270403196323203 0.1308085979041134 0.37505219576414006 
0.18852270373328514 0.0 0.34359987871533865 
0.03455160627227606 0.16665605050226226 0.3027637764590689 
0.17473903894244786 5.861792776250303E-4 0.3294280042819235 
0.10033353492266889 0.00909885024176492 0.40039265485210845 
0.14406886515480463 0.35637086347207386 0.007631082935698642 
0.1611140778126387 0.05541013907256258 0.29049593146583225 
0.07494921559340814 0.23881561409373164 0.19015196098510284 
0.2502493179292439 0.0 0.2530039101149538 
0.3564198976932707 0.10365975968317312 0.042859596916222674 
0.18046531938341953 0.016365683877953535 0.3112436465618912 
0.4559696550293297 0.03765671988174797 0.010048019307677942 
0.08975971709900395 0.2223238102186458 0.1977210331197045 
0.11735824192978077 0.16664386119018543 0.24019739932204653 
0.4845232535665852 0.0018562764965285446 0.05146335201850414 
0.31479779561824844 0.12184755215275148 0.06921799806998409 
0.0065456400097812905 0.3333870044760581 0.19588072346906724 
0.42633624033938144 0.0954805735545522 0.006276500569783825 
0.04874587875312612 0.39152107170408 0.0643505153870971 
0.09123812040578627 0.1908351952931678 0.23856610956298274 
0.010389281423646873 0.08194003128472385 0.420904233163112 
0.04020945449123512 0.16970452154458104 0.29768019109101806 
0.02616758534723279 0.20107439747000397 0.27716368736059493 
0.32496279250810867 0.010271847527699175 0.17203949457622636 
0.12550247664794797 0.03340830890814148 0.3456624602760729 
0.26430413452994017 7.536998431984883E-4 0.2372838090319074 
0.04463970191882223 0.0016642889403735235 0.4853358618157182 
0.02329651373524485 0.31310618526924733 0.17067241406678324 
0.28345119908745914 0.008371121078440416 0.22876491585923847 
0.07020841452883574 0.35565376663299775 0.09324593049902584 
0.20092316781067748 0.06496378029192722 0.251981245534578 
0.3656509122668787 0.09677626399054685 0.05814511798026073 
0.11801185797544024 0.2317952279376252 0.15761857647005492 
0.0011555710185138979 0.11468774194308524 0.38709749524517584 
0.09209120219111941 9.340139405927294E-4 0.42838358239403396 
0.26716296121939836 0.06754973360160378 0.16823756853785637 
0.09415898884767443 0.37768576496373696 0.03261820961252317 
0.15331064735816802 0.07384553319466174 0.2770590356070232 
0.08596212064924683 0.4139494132442739 0.0052347824670062135 
0.20629495843343876 0.026988215473090445 0.28733713102115843 
0.2287029584275159 0.08852316008044461 0.19065991847413605 
0.27352497681896554 0.03312692613324389 0.19955364146811408 
0.07189740650135343 0.23113907750887597 0.20479707878669237 
0.008065864916808852 0.002172629745883364 0.4938759519004937 
0.008876789681896638 0.386637388324589 0.14356279684350862 
0.10685375164735628 0.3575512720522242 0.03954706814233845 
0.5276019639700843 0.0034611768335045708 0.0 
0.10006180091037142 0.007436220704648594 0.4186746957699002 
0.38922116805363777 0.03706946608521274 0.08188500286560899 
0.48353481548696126 0.019047956478323094 3.4764992470630345E-4 
9.712498866813664E-4 0.045357249637633594 0.4855927496970189 
0.3620706770346247 0.1716448142197309 0.001105860516819264 
0.13171234767829348 0.3679659228700417 0.005331039155549775 
0.08693190400750654 0.3408719309577202 0.07657131269209382 
0.2107320262218713 0.006051057398298033 0.2880815611418677 
0.04725791502974439 0.3825505921849663 0.07325739999251185 
9.591568680344799E-4 0.11545818004120563 0.3890156312744539 
0.40249512924017006 0.12624516899236193 0.0132429491663038 
