0.5479228245404695 0.0 0.0 
0.0 0.0 0.5093015437937716 
0.0 0.5069951900147469 0.0 
0.061186077624684705 0.44360162348542864 0.0031306740879993057 
0.5187456424260102 0.0015778647264637945 4.0904120236859985E-5 
0.0019771709780053944 0.19557344631479592 0.32834903847719954 
0.31541745293695517 0.13821371721692302 0.06908622613504009 
0.10175206526252213 0.4130185309039386 2.063878594413016E-5 
0.10895994526887726 0.24525877185282477 0.15367993152557335 
0.5004362523803991 5.151376996572312E-4 0.010167406141009354 
0.169198143558573 0.25266841997628636 0.09340227478226909 
0.1994280756521899 0.06371011197722269 0.26586313496063724 
0.4288420407998569 0.007968716470342987 0.08021506043397501 
0.11966080700873126 0.26583051597290025 0.1301848672329549 
0.4426516922452844 0.05959828669078011 0.013716644702721109 
0.06917824441664894 0.05108980891840463 0.38723250086890054 
0.05636549683979345 0.23537940295375614 0.21558722712735073 
0.22700290453311653 0.18691615051356755 0.10081053704570435 
0.0824863664971382 0.16078186070882738 0.2814423278634638 
0.07074685863484591 0.380945818819319 0.059863345065977916 
0.03843695216725436 0.4589705671909978 0.005196055886167598 
0.2883495600364652 8.770706921895484E-4 0.2303926922509923 
0.4854165233547545 0.0011477313595956511 0.022411814541122833 
0.32987736499319625 0.14454994933506884 0.03971752801758833 
0.3711339108070902 0.08690044137104 0.05013677616062183 
0.26985848731462164 0.20921012331544953 0.03518168526989348 
0.012697670736089595 0.4881195704043154 0.013677516069332511 
0.011893466574303622 0.14133126406739943 0.3491810138083484 
0.5470525213682398 0.0 9.321998230566566E-4 
0.1758627399116478 0.16764047044578478 0.16646511592009927 
0.3344466138233337 0.12289641389551675 0.05006110327821804 
0.18329734776833992 0.1526636815370512 0.17837624172025288 
0.0930912439307304 0.37428660860714363 0.045828611798638584 
0.28022958082853006 0.023032886619666036 0.21653432158734612 
7.056219973878986E-4 0.07835138177084494 0.4293256461271448 
0.017298120169793815 0.013009026236598721 0.48106449041246513 
0.04376144620069129 0.09768084850185164 0.36643655473579345 
0.0968736283305674 0.016333378763575275 0.406912098964471 
0.13923062120205906 0.3148119664966795 0.05356176025023662 
0.47247342863660186 0.022076875274546763 0.015602370431862758 
0.13048641067226333 0.25856182356156654 0.1269518591378521 
0.212555375481257 0.006400354033202275 0.2876156210237055 
0.05202632953742652 0.042133703304166444 0.4207209495855527 
0.09630907476316854 0.0 0.4612536514747234 
0.030089592058234523 0.09131308319459452 0.38631696082416805 
0.007633015040853685 0.3121488631212958 0.18873042852435387 
0.2615071473548483 0.1380151133156049 0.1114993863013895 
0.41253071945886693 0.0537444980691016 0.04305242710076304 
0.15833171892451345 0.04931641430752972 0.31026917462676257 
0.16178262605791843 0.26180149839301586 0.08837025360487749 
0.27571968899610544 0.2137540705478014 0.02482902857360825 
0.015221425831262821 0.4790995068945995 0.008082462926499367 
0.3006950351043703 0.13176245690740238 0.07478611995909147 
0.04009777802461099 0.29071056881573454 0.17564045973151157 
0.03387462781900525 0.10279955614673238 0.37709724827390223 
1.798666416673124E-4 0.07881047610861439 0.44042298758309156 
0.29516760804426184 0.2205978923247017 4.054580227707098E-5 
0.00463928461265107 0.36360799967578744 0.14039881239234814 
0.04569528250325663 0.32850129827653185 0.13287647885317866 
0.17840646214384895 0.16793116777142827 0.16222722583565938 
0.19036849456982394 0.021028988148001103 0.3012283699293384 
0.0419044204422321 0.1914704382898165 0.27666132791023296 
0.05947744898608572 0.04563595906320186 0.41713383087405764 
0.22040812198261098 0.0720834999188215 0.2435271070236144 
0.013092466087888619 0.29634718524003245 0.20522836973183947 
0.45818112189978444 0.03450919024051249 0.014457672880031329 
0.1554657951177573 0.35998234508071086 7.848519658993745E-6 
0.2148185946969865 0.07025546978084252 0.2508176129887084 
0.35484082333225436 0.004902995363067234 0.14519331207475583 
0.010971112989048699 0.3496022093158715 0.14885563190076115 
0.024567683474523906 0.17811673337560344 0.3053344884343741 
0.3418358776575886 0.11491361001969967 0.05160177658191047 
0.18489968964903297 0.06663791736829872 0.25881170591966524 
0.4037564900013862 0.007502578305711192 0.10555227610350809 
0.45979579097967316 0.030884746060765564 0.01646775042826691 
0.30333817439529676 0.017463647650885965 0.18635909384509727 
0.07724238644262439 0.3056733539960349 0.12495074097320744 
0.03224299532480625 0.027806838348638344 0.4574418214067372 
0.04383110445895121 0.31777734170862965 0.14389222979620683 
0.3958941218470349 0.1109012386392042 0.004900127864476838 
0.0013275805737051772 0.5047456992951738 0.0 
0.38263169123036156 0.12846665555363354 6.546935371101212E-4 
0.22125182095486973 0.005401355024256026 0.29653113294510314 
0.2951849794855407 0.024262114457071278 0.20105624755915333 
0.14663164529595255 0.047391834145880996 0.3238484222022729 
0.04730727100060794 0.10612313530515824 0.3554710743378421 
0.1006054775455041 0.3946270455493702 0.01842395412015509 
0.12427159679354202 0.2760735408878951 0.10912847240652515 
0.0852127547080461 0.333815497918869 0.09201700169797779 
0.08462577723781378 0.33705751283344765 0.08933281953970035 
0.38743027415141096 0.03708615045354643 0.08856475475893674 
0.260504218766011 0.011855442415809814 0.23382117576945421 
0.005330259733599366 0.45304158838831354 0.051042121363903535 
0.24147298695122318 0.08107333436083228 0.18737250237353972 
0.022921669358006626 6.972066961858534E-5 0.48853482613824395 
0.24313088447014608 0.08162996506965264 0.18517381142781558 
0.27136664745636024 0.21037933749274798 0.03318398955123573 
0.22921391680438452 0.035421209817215575 0.2421121952582407 
0.24597696673067754 0.011465832543027958 0.25295395343535765 
0.018899007302564847 0.38616072753198827 0.1097397257851102 
