8.59684238636437E-17 0.615902905408971 0.0 
0.0 0.0 0.5063062488870447 
0.5239117546271039 0.0 0.0 
1.5976092571052407E-17 0.5594099486890728 3.1989473141342823E-4 
1.5814847273790636E-17 0.5537638732756766 0.005483423997014354 
0.2609405015692154 0.06104690387152951 0.18593965961389106 
4.4045859036250014E-5 0.5050083760196566 0.0 
4.648033149998466E-17 0.3329986747299117 0.17241647902553858 
0.13728591303797386 0.36082207743909267 0.01735667037447203 
0.003038255789304045 0.4712234104635153 0.034410435982743584 
0.47734125734824906 5.53322398099478E-4 0.026544183617052776 
0.15344882722120784 0.19235173889548252 0.1607940968892529 
0.02138340816920352 0.4304581131445143 0.057032213260093154 
0.11295378870270004 0.38562981348301145 0.007370908585943736 
4.456089531935192E-4 0.45434632487951393 0.05425215376519066 
0.07774038195895082 0.004709262723373348 0.43617288342428023 
0.20718767579562175 0.2476925518529112 0.05154282930630769 
0.32137752746889486 0.009431227878398075 0.19897417674063655 
0.04299974813290648 0.34962068562648185 0.11458265983562127 
0.12806541071798713 0.15845398668174845 0.2333666257256128 
0.03513511160406157 0.1261418922820412 0.3429944377702755 
0.14591616030896742 0.030650753382565458 0.33010610831285575 
0.07216999880248452 0.06290654557826965 0.3884731070913781 
0.031193443753291902 0.4177424147200524 0.06194217931351017 
0.3284910864869203 0.1405628913354692 0.04285217533699051 
0.49788073771042574 0.0 0.00823562670580526 
0.36497928745162284 0.10807208257171153 0.03253815264418074 
0.13357235298812345 0.16865990022475266 0.21725706816719673 
0.2857237013737637 0.22477373557386013 0.0010143451006996275 
0.3015644144761585 0.08967650634182793 0.11425339089427544 
0.43567291549694903 0.012574578484782006 0.05807983038143348 
0.010067905474059653 0.002114836952335968 0.4939650451734461 
0.05992344461535214 0.016932153720457904 0.4287308633278103 
0.030689065791360246 0.25194881048347734 0.22250260747751519 
0.1806670126460572 0.04419814938745951 0.2949377551038736 
0.1731347160316785 0.04980733782225047 0.2819138258547583 
0.18622754789123253 0.3149406527896811 0.006767943422612772 
0.18958601870531244 0.054540043132096316 0.26485498791963097 
0.09531388160147145 0.32865519362000867 0.08257548809366717 
0.18917297615122441 0.07795421468799907 0.24547256776661222 
0.05336765932580292 0.10307784074868725 0.35793833280175114 
0.0695545512843646 0.11762790217688537 0.3191909774169649 
0.09801118940900846 0.032297032040853886 0.3752835227714825 
0.16240656367397707 0.03411468284486557 0.31018967952047904 
0.10616375335995362 0.17577507209822257 0.2286268934461445 
0.20065499391802774 0.1864571727001502 0.11825282820186724 
0.2091446913701158 0.29399834535121716 0.0025873274185335394 
0.09995547181476014 3.023712927409151E-4 0.421913834557616 
0.14824138137714896 0.2863232469813642 0.07397493982576059 
0.2785943261245119 0.10156011568852526 0.13007720477471785 
0.49514403245615335 0.024602628154824408 0.004184893554135364 
0.1581453628395144 0.21643994062698144 0.13586414709824654 
0.4167665019324007 0.029546882383319355 0.06133363357079391 
0.01821924318077769 0.40015664309696 0.08615269713799283 
0.28468336134184935 0.06660153440783483 0.1558159193019574 
0.31421653853945786 0.12948204337729496 0.06545540980028408 
0.1055660448961404 0.03548904017129785 0.3641765385964878 
0.2268238120318036 0.05770193466018776 0.2216367631286705 
0.23802221108455568 0.26606922117303333 0.001001616536358055 
0.09221356292759844 0.3072448488105085 0.10558736920958085 
0.2930534210485527 0.08280608041395733 0.13411087208750672 
0.39277672487595916 0.08625359484981232 0.04768896763518306 
0.03220112026030711 0.02230396784723379 0.4518801471051172 
0.11662403005542324 0.04805831605383492 0.34825990951381364 
0.3578396196467493 0.008878894225561006 0.14439167938752312 
0.34155730170411347 0.07254961250034478 0.09456791227420248 
0.11296819345578807 0.13528019828636623 0.25857099190499544 
0.12555810154867764 0.026560634524506785 0.3543368007670153 
0.20038077805802978 0.004069022160940778 0.3011682092288126 
0.11643300717269482 0.13942933683864295 0.25176105975047613 
1.4242435523762325E-17 0.4987051802636413 0.00927828647258645 
0.4066387700839379 0.02591015532222569 0.0864570996178185 
0.25183641078902474 0.14734707926152182 0.10752817368339164 
0.02512026351710417 0.0035647822234293886 0.4791812596055046 
0.018103897539212536 0.3976232598896226 0.09022510837776179 
0.046433308052109344 0.001311292115181674 0.4593728063355857 
0.21800156954609026 0.020315753738815986 0.2734106097646927 
0.41626781394110973 0.01201450012360884 0.07799445621410503 
6.783220927011974E-17 0.48596976531803265 0.019005731562422256 
0.005593153002835799 0.09569061526475217 0.40458129872048754 
0.3358563087685476 0.07701826856709264 0.09689189897630511 
0.2504478391858824 0.1512565548830788 0.10820723033750558 
0.2212608923082276 0.2015544005982386 0.10111617680664592 
0.4511868009845126 0.03303274019713451 0.021579933698239143 
0.10734817949634484 0.03498945788778346 0.36748783689557274 
0.014065415200631386 0.015077296051215551 0.4768586604519652 
0.0015118957597810314 0.017517448405527578 0.4873892250646293 
0.04019401505268768 0.0011350923986922052 0.4694163789121705 
1.399581444624213E-17 0.4900696341369749 0.01675358678347392 
0.1688146408327372 0.04856454001841877 0.29145126322502396 
0.23396288960293454 0.21312510079937808 0.07069388463944318 
0.24130729093013517 0.2198153766624741 0.056662876890874736 
0.2701319295780395 0.20309143269144825 0.04367663310963937 
0.37514860189393656 0.11148844221487741 0.023038142013767922 
0.4500936242676461 0.0026603768795583275 0.0697977150295064 
0.3868841330030919 0.01092573702753462 0.1082463759117609 
0.09632609977303737 3.0589881805343416E-4 0.40764952596522464 
0.29131459593773734 0.17044538842969673 0.04520098832034098 
0.39874299073305436 0.01056048198152163 0.0970708944615669 
0.3501268302260232 0.00868752066687498 0.1513937161670154 
