0.0 0.0 0.5006875317783983 
2.6826957319953694E-5 0.50604860022704 0.0 
0.5007097026633929 0.0 0.0 
0.47025032872445693 0.031054998020370147 0.0 
0.06800417067900365 0.4286678249446711 0.004732757480786668 
0.43835064536324 0.05468044356317606 0.011202101731060565 
0.10813842413193295 0.28048161567940116 0.11647104653658509 
0.115677652115675 0.24300418953991604 0.14418353151110289 
0.03923184992612147 0.4478684729013798 0.01601060651010061 
0.021974940406087457 0.13517765360843909 0.350409782103016 
0.16505303279274014 0.3296150564384858 0.006069834226357345 
0.19683181087432736 0.11521103416742642 0.1927909630559946 
0.04246020695417071 0.34155550192957385 0.121328689928468 
0.17770781302831648 0.32297203515783224 5.652490648704788E-5 
0.0334275572332671 0.26390177566252626 0.20375972850340202 
0.047894736263982066 0.07171426857074047 0.3816862398352851 
0.08169302892994211 0.19924688696996076 0.2220244404277476 
0.2621081021620576 0.14303715851705712 0.09868416690258829 
0.003958407415062116 0.08881715773711352 0.4214902723946918 
0.2127259697218458 0.22890877847496502 0.06484716793098765 
0.22433414709198057 0.025418519567701352 0.25319881005072914 
0.36958911184774745 0.08463568395756872 0.04760050060323684 
0.4209648788109464 0.07386142549799536 0.010792968457091396 
0.1252972902248972 0.26579052678536585 0.11227895933509631 
0.3834093316807631 0.08107192429916048 0.03663563845719073 
0.3541946190704558 0.01847894854782219 0.1292640247003569 
0.23186838267437412 0.034451873891449124 0.2364453606703768 
0.01427395209829864 0.11475273665602632 0.37283894690376873 
0.23411310970841998 0.07995678589979222 0.18733860270727945 
0.05947723153597323 0.3537508023702231 0.08750843661379447 
0.30178372080286753 0.012417140617001462 0.1874167221084105 
0.05676591868202102 0.12041635858898708 0.3240626788484313 
0.03667743450879192 0.22067624642804484 0.24590974793993958 
0.026739252613209367 0.2054668971727951 0.2720034112822979 
0.010701554130504205 0.4686674327201529 0.028923887323419092 
0.016365529367043986 0.09465854275064405 0.3914995203878553 
0.16109153048278016 0.2355716753958498 0.10409544048887472 
0.010207271093370877 0.006641734160241958 0.48370158336033275 
0.27129318909864136 0.14601894040715457 0.08601712768990959 
0.3879909093009246 0.09971331628545449 0.016473286200339082 
0.018850217759316706 0.41412589953442125 0.07692374399629234 
0.06406866845293138 0.17777642796561702 0.2594776136693104 
0.28626781773645726 0.16620938546324632 0.052724990351253616 
0.13060227026614216 0.06478392897520793 0.305682903523056 
0.39193890736864717 0.10497722629456158 0.005744191251951462 
0.01287976599326194 0.018771909784542004 0.4702801233747952 
0.05821377884480053 0.3502534563256736 0.09444086378756911 
0.0067460175794039345 0.05706439989668753 0.4421286791154981 
0.02386967786734363 0.18438447927536555 0.2929312122860375 
0.18489319888473996 0.25540370025463954 0.0646507256835246 
0.09967336551306245 0.22926944574743657 0.17393654943528544 
0.14606163731383046 0.31059684920320596 0.04437393744155486 
0.2859587555848387 0.1542565655941256 0.061443461732020574 
0.43454282458205756 0.010548124547784902 0.05816666284131 
0.08062887937214801 0.17145553307722117 0.2489709090438016 
0.3166567413167822 0.15667179593425243 0.027926424839656367 
0.49113175255895797 0.0035306560186469755 0.00606976452178871 
0.01215655571613204 0.4899966799863802 8.325672625208266E-5 
0.038449580568897926 0.3014598613098198 0.16236103653331874 
0.07594377517649231 0.21391708717465957 0.2114703600260248 
0.3363189437117512 0.022827946516501888 0.1443704725204975 
0.09522280163903969 0.016610333014840033 0.39435248361322744 
0.07269810318544799 0.21716347904065714 0.21147088521667767 
0.023715886227661485 0.14588698737093705 0.33856217155446494 
0.029478624963262087 0.4091088702671907 0.06259307822174472 
0.13555091817884754 0.2579033526701394 0.10980083001222332 
0.40209445178762093 0.06073630330948577 0.04160871179002277 
0.2770972816378832 0.16088489882914012 0.06456533060644631 
0.029779931594003002 0.3955549507508963 0.0818424334962233 
0.19186890214858665 0.028265372694758067 0.28221921690414187 
0.3050869192648349 0.044065305113145846 0.15313134488805655 
0.10082253802981228 0.28853136327247775 0.11225335704479053 
0.08947493793227483 0.017693128391183602 0.40307735034732595 
0.05321102254383264 0.08167511710175832 0.36581460696790025 
0.03609373957360262 0.009344995692555771 0.4628432332714794 
0.014756886416437402 0.030045977033329965 0.4563139335221554 
0.08340583305433519 0.18930773642458565 0.22972530649088047 
0.31530297280248615 0.011715873035666496 0.17462813849418482 
0.07641268847882814 0.386297505133635 0.04159787325344699 
0.37159028278678347 0.08057287934555578 0.050129902552504796 
0.003004298068343985 0.0686507354986623 0.4470566276566186 
0.40897314263207485 0.05070690043005947 0.043243682668673566 
0.14020920728763614 0.05380540325638435 0.3118262140214968 
0.10463126900369951 0.2959159535396292 0.10726468132005745 
0.05743809885991811 0.3662323201573182 0.08389304766745394 
0.2045892704699661 0.06843572361263832 0.22965260358440684 
0.20765927028784212 0.015285673710177838 0.2817001956820396 
0.24743624282337728 0.026474799054050466 0.23073401945770125 
0.25070386854047866 0.13176638830245643 0.12401250188019027 
0.3444810365913916 0.02491004889740304 0.13403946425468255 
0.024387597439454536 0.18739656069925217 0.2897944707795906 
0.02651304044860528 0.20372866191856878 0.2725694478923777 
0.35166247380861165 0.051144295089579496 0.09886608915255851 
0.4172201306434672 0.017672089621058335 0.07817902899240962 
0.020166533654331194 0.45948051812672447 0.023839972537304785 
0.2554788744915453 0.12673505050858316 0.12371780312580116 
0.05044751573288682 0.3982698731698762 0.053794513424132995 
0.10312697403369338 0.23721346276018515 0.162532817230826 
0.12159081046693601 0.3153232946385428 0.07122533880423719 
0.01200437816619773 0.46759562257395676 0.03004913838191544 
