1.7066328218051758 0.0 0.0 
6.425690054766423E-18 1.5959795661200644 0.0 
0.0 0.0 1.5631010344497316 
1.5509184955208466 0.0035562306900945276 0.0 
0.21635032883670385 1.4298567966741749 0.0 
0.17732162413648403 0.7502587895425656 0.6369824042376203 
0.3360771299950958 0.9183933813375622 0.2965668719314727 
1.0978035397516133 0.34107880984643646 0.15167126534431913 
0.07874159639306959 0.9697033399021152 0.5255170664434528 
0.20527827758387643 1.3247065999342371 0.07802708197601277 
0.4421707019234161 1.1418927958522125 0.02451621912913855 
0.30952847352354274 0.7726247970482889 0.4722293466656386 
0.3740081759061046 0.6903433550507755 0.492707840333845 
0.07928128943221474 1.2627036085481806 0.24388307968121872 
0.8662047044072708 0.2730319129030393 0.42845607428796645 
0.6799070951655518 0.3073304685757023 0.608924049177868 
1.3557644790318106 0.028674120011280897 0.1891324491581356 
0.7866348391345989 0.8531155982446573 0.002707237462922684 
0.16156396877201604 0.42386134819681986 0.9739578446584005 
0.02587316081103314 1.5120312565423233 0.015834536236088215 
0.11431603929691243 0.6036498284554055 0.8301999865835739 
0.4058479191428711 0.09133353506200073 1.0616948168500042 
0.6007756541679149 0.24902700642908498 0.7068527806040821 
0.35877912150213687 1.388416661992622 0.00849198168920733 
0.11912017592218807 1.1747349664347069 0.2692127994313811 
0.007144089894307446 0.1438100984150301 1.4987605912976543 
0.278443777515384 0.10395440072233458 1.2048791627345294 
0.48137920767561176 0.44678882232825795 0.6730418003840584 
0.007459833797139763 0.4377841908883214 1.1530108906650105 
0.05784766988632445 0.5762624370506645 0.9479263555919901 
0.2699388420074119 0.5381616754255084 0.733816465153146 
1.1608400608108111 0.05354269006868329 0.38259139449601226 
0.11196481905562414 0.2891458427986431 1.1800225171743588 
0.9888299655289363 0.39894414567614095 0.21343792933766556 
0.09034453522996419 0.8916594897143605 0.6137191925523444 
0.009528280977814448 1.5323078057875774 0.11047227481070136 
6.377727037925281E-18 1.584066760778457 0.03704871557812527 
1.213079690200233 0.3140890078272332 0.053625315528297565 
0.9185396533627873 0.37058546975208195 0.3218186563667076 
1.310190674771351 0.055759368013651944 0.18352693770102746 
0.27816630399745884 0.8226635716866945 0.4487663326873972 
0.503411731067805 1.027494661776337 0.023564778338882583 
1.4384715457438266 0.031836462161691455 0.08643993978545426 
1.4884389213443339 0.05254194747485147 0.01578972308171663 
0.9409325581182255 0.033129892222432976 0.5776279008639009 
1.0776854573746608 0.17193813042750278 0.2891560893581872 
0.6335553654859172 0.26261449674181686 0.6509747267705714 
0.013803499420954362 0.3006843503774449 1.3124245019517984 
0.11385293305997855 0.031653073973238535 1.4163304072709344 
0.02546811430450292 0.634276716149438 0.8491321835578588 
0.11329748844902397 1.0104386258969436 0.4561472413796298 
0.6486566522584847 0.19574599772026316 0.7530246112096295 
0.18091929794826414 1.2884373484554341 0.08549749996502395 
0.2848859377141465 0.0014942694205480468 1.35590321868494 
0.0066135792688758075 0.1331309515422654 1.5203171022016022 
0.5550314031086744 0.12490634477909461 0.8780533596924117 
0.7540837687861875 0.03478142672793554 0.7921324036927335 
1.251496418912866 0.2124335480894406 0.04448243776561573 
0.6200920708538638 0.027925101347679015 0.9113659894256938 
0.7246863141962882 0.1210998154213668 0.6921205703359063 
0.6244914071047858 0.8022453911979935 0.09486791628391966 
0.5611789244158826 0.6464610646022234 0.3488454624251061 
0.4190875620169612 1.1050455601554516 0.06166643688726188 
0.01863636301645128 0.4641337396916581 1.0270256339782937 
1.056828673405613 0.38195994179151344 0.132400129304013 
0.034172764738964835 0.6838311660955557 0.8302439997766142 
1.0274566570155486 0.22862471491653855 0.3187701727367552 
0.3391265976405631 0.8757844358369584 0.3683804475945024 
1.1899975092988506 0.1949661627547567 0.126696712437579 
0.43507187228688254 0.5379460153631364 0.5480004540837404 
0.9866688351082478 0.49583578250979965 0.10369580463266867 
0.2745766454134129 0.011803561721281632 1.35590321868494 
0.7540837687861875 0.03478142672793554 0.7921324036927335 
0.38626440029830184 1.2183527248048436 4.898503819475938E-4 
0.248970781821355 0.3854909219587264 0.9484519550272682 
0.04414031170486983 1.0315012255703493 0.4895919399089941 
0.5833753964456552 1.0628317290652234 0.0 
0.8164916750074188 0.038648219916947 0.6956551350173765 
0.9006083572412799 0.4534583550447571 0.2169990642621709 
1.3076742542258983 0.05874211214345257 0.1835895922174684 
0.27363821448670034 0.013497550021923255 1.2966222819404445 
0.13973121501371458 0.5666790817496021 0.9046373469834487 
0.5747824355033728 0.8642252559786099 0.1515320297453188 
0.6557701100987553 0.3839546599323936 0.5711395774697017 
0.19494641762548345 0.4866125388678465 0.8730995430568685 
0.09369871622366804 0.029462378972793905 1.4511552672478432 
0.7160546555308103 0.0 0.8477266298681355 
1.2445925671475229 0.2359607572642793 0.06703350470796003 
0.007600689774293939 0.4460503964992115 1.1107605702789831 
0.1503917463883191 0.17270247089709112 1.248111339262506 
0.03466152348112281 0.11202817744996751 1.4278522797670723 
0.8534509263171469 0.3541207334129663 0.3488257244549463 
0.8222155575015533 0.297165864615821 0.5153350398646916 
0.0016261370193333515 0.010199510621170676 1.5486781153629134 
0.2588388696293371 0.3716101550309019 1.081520977524009 
0.07899222824342457 0.5187160585038337 1.0032077558821046 
0.13208860195406058 1.184954186013179 0.23935027263330727 
1.1618869694778398 0.06115687082228648 0.3516942397654919 
0.11877532919644192 1.0873423917348517 0.3465294048112626 
0.34742460005087533 0.15799786991596096 1.0786098857724034 
