2.833186301579235E-17 2.1339725166834462 0.0 
0.0 0.0 1.0172651682118445 
1.518762345743518 0.0 0.0 
6.714167689664488E-4 1.5152022302324752 0.0 
1.2107370047708887 0.0 0.019339234948168593 
1.1839953146083961 0.0 0.04759222119280739 
0.3095654624583915 0.10879116296329683 0.12391111058359754 
1.0334292457858365 0.0026285668726050136 0.0 
1.539134388516179E-17 1.159285036337047 2.676667899125845E-5 
0.16633965040951765 1.3553755785486576 0.0 
0.2939745073125469 0.004236383096399215 0.7124597443504787 
0.9095909712944321 0.013380434593385147 0.09582552810983892 
0.5306997881705443 0.0043212071451455775 0.5243733980529164 
0.02727221866561736 0.48312698997351206 0.5085521717283089 
0.3827662061683175 0.024076523267654533 0.6427639221044077 
0.022266773033082367 0.569080351634109 0.4473804909913051 
0.06159168821204272 0.33595437681660417 0.628076279817608 
0.6725112015916298 0.007031027558920956 0.36331541224779135 
0.46047194669609753 0.0 0.5443297851681042 
0.060065873815213576 0.7728528740977617 0.17188711786790198 
9.73273132912241E-4 0.06850671142210263 0.9955367425531436 
0.7401238085347439 0.2601030787733361 0.0067289778463992264 
0.37696566679621235 0.02892565508937755 0.6412608094656463 
0.016286849337960617 0.19840745472920338 0.8076836943437639 
0.8095190699908147 0.010773832112073145 0.23048912723529366 
0.1832792351226163 0.6149399227754484 0.23955512716489938 
0.2827883708995278 0.0014328144622111343 0.743017047198995 
0.6946979012695391 0.020623846819403182 0.33536679818550474 
4.861356134571726E-6 1.0295089104237232 0.0027564710130182444 
0.7643515886523166 0.007082567005552281 0.2374557099067413 
1.1304925640639331E-17 0.8514936206922661 0.3026603222066724 
0.1422203494140306 0.0806947469867754 0.8386104576378273 
0.0022502252054484584 0.15600268576939344 0.8566464831863416 
0.6055459487265901 0.033680102983892686 0.40689969645004814 
0.04815095103406806 0.5865780077668603 0.3882847313075031 
0.2289443170019262 0.7681557625600841 0.00991660010753709 
0.541127184525347 0.05841839426436156 0.44479354321318176 
0.11045900648930383 1.4332648346468755 0.0 
0.044614999657312804 0.44342598276867656 0.5871375176362895 
5.190299618072999E-6 1.0991705928670346 6.340920571363722E-4 
0.05795578971608062 0.7060211883699014 0.25513840555237577 
0.8342009915751235 0.1730958049200285 0.006776540317374083 
0.06875820565245284 0.722598000026488 0.2223764834731502 
0.1696291890094398 0.5438635356530587 0.29080420432127335 
0.040643946224461394 0.21693902072273066 0.7840290519660369 
0.11112029160887073 0.6742173842204158 0.26335743167266434 
0.0014870322423041187 0.10466916763033274 0.9588830681695298 
1.0091287916421132 7.935554010739998E-5 0.024873595080594627 
0.9286408659689016 0.013660665903662859 0.0741605872210103 
0.6335845172132636 0.01924369472176926 0.39798638913113016 
0.8637887882298646 0.005134164673542446 0.18309213541440722 
0.7270680350971215 0.010922318652804715 0.3037839063824732 
8.241681533050357E-4 0.5115021324093305 0.5104722898754983 
0.1924648451396944 0.6457595533286227 0.20395576881717156 
0.4561417218089753 0.028691944590459584 0.5654175860669146 
0.04232851221528415 0.985184008744447 1.0524619283558261E-5 
0.0354847443446313 0.4414949973240199 0.5996223970679082 
0.8660682796148911 0.13937813629845255 0.0067640919718033035 
7.737670766543479E-4 0.7943827481147655 0.011901019707393714 
0.09682081348050407 0.9027703892637482 0.0058466742978174596 
0.008168339905000542 0.20876135659614048 0.8265936828048025 
0.11155581920018955 1.3653533189526588 0.0 
0.5874988465936498 0.0 0.4219895963914345 
0.002208264892611633 0.12353095561853533 0.907696867550276 
0.040187595724492646 0.24889721365202716 0.7295977619020194 
0.1493449008264267 0.013399813413639595 0.8809612805990169 
0.13476614977884874 0.04397608716790154 0.882672432301067 
0.01853416636056647 0.2221236983489061 0.7651679462330668 
0.11896679429465992 0.7444264401269465 0.19639980265211274 
0.9402251213400714 8.510777708122676E-5 0.07418521619543786 
0.0027325592036354885 0.7394388976525392 0.2803711846436933 
0.22773458034492902 0.012577315765701568 0.7640679444419073 
0.4268243888963165 0.12276605067637596 0.015367889604852147 
0.19264985974709792 0.6463803157860442 0.19874410952982197 
0.5841070359232582 0.43428762503425034 3.363661617039652E-4 
0.39710192503775693 0.024978259793388562 0.6214370283735684 
0.07494875369049994 1.4676059986805499 0.0 
0.003245831189117014 0.5818614970603457 0.43483969380267357 
0.012315328906202107 0.3821925214027795 0.6232762559555256 
0.649066852795698 0.05544446406345899 0.33746516886551414 
0.007533476470957108 0.47313748592997923 0.5605630014754167 
0.9542656815223646 0.05233244130494898 0.016204793267586497 
0.4363936484844318 0.02926191229064979 0.5544713941938431 
1.5128890494878427E-17 1.139516893258602 0.00740688281784486 
0.04187297329925364 0.6546888047917052 0.3397718768112402 
0.9848218688993814 7.744410026089682E-5 0.04380896585494159 
0.13380925648008854 0.1293405228025172 0.7522846432115485 
0.0011148138327833018 0.3927179986633807 0.6239540344849303 
0.1317590102732746 0.8870908555397233 3.3651651157901854E-4 
0.052227258061785485 0.5488699401649841 0.40392074372806336 
0.08957520304493434 0.9403199223020364 9.367184844987477E-4 
0.129443941292781 3.709024649971516E-4 0.9421427638326116 
0.9782760567594766 0.014719295224559352 0.043989595877282676 
0.08432052427272618 1.459247912427911 0.0 
0.16239082785192976 0.04848988639886051 0.5499810289746254 
0.28306780968136797 0.0040792097758121345 0.7232653842153309 
0.03126839706470992 0.6560129437036634 0.31682615544988024 
1.6697686612309788E-4 0.16737135837905842 0.921086839885893 
0.16665143390127243 0.001212810625690427 0.9228786133925723 
0.08950839076896148 0.9396185572811824 0.0017048957813257791 
