1.0 0.0 0.4997363960419605 0.5002089261339414 0.6006991081117167 0.5002737820174464 0.4993011284936782 
1.0 1.0 0.500274511436873 0.5001784758771938 0.5005746405062016 0.5002625971578686 0.5006408734005442 
0.0 0.9845532822574773 0.5000072630697491 0.49987571266248787 0.5003235759806519 0.500270218760468 0.5005693097213579 
1.0 1.2448184515551075E-4 0.5003297249715825 0.49988000020621864 0.5003191993989288 0.49862139832075725 0.4993280180890445 
0.9426007680973332 1.2448184515551075E-4 0.4997954445498543 0.49988000020621864 0.5002889456548482 0.49862139832075725 0.49931876401168246 
1.0 5.006747826592772E-4 0.4997291984565773 0.49985172332866656 0.4999755516376309 0.5003058116663089 0.49932914817417906 
1.0 0.9940144973388056 0.5000169385418904 0.4998430020620958 0.5005746405062016 0.5002419406527391 0.5000969264018456 
0.49107027271567827 0.4047430338052761 0.4998200310975816 0.49985605023759927 0.49968130589179804 0.5002195230094129 0.5001623805896876 
0.5728927482351799 0.7663515808916018 0.49981202343278147 0.499923361697935 0.4998030044279199 0.500210797714441 0.5006824457891894 
0.1848934118099935 0.9743944675070143 0.4998223918941644 0.4998527646570713 0.49972976656213214 0.5002771261106067 0.5001223438560564 
0.8420426539009545 0.061190698323177084 0.49979620829075644 0.49981054041741285 0.4996835928557494 0.5002766047098176 0.5005247843808297 
0.25898352359014565 0.3965361293566668 0.5000036747977634 0.4998771538550415 0.4996463241693633 0.5002699877735062 0.5005727037367302 
0.7967836192083573 0.031017333680846013 0.4997474850151013 0.49985484620103565 0.499821853590498 0.5002616582292947 0.5001599322580125 
0.27081718931258114 0.8681694287940119 0.5000273894642749 0.499874932115283 0.4997695167000126 0.500261247032032 0.5000964045595662 
0.09133854643165595 0.9961069024496809 0.5002534825054834 0.49988588822239544 0.5003191144093221 0.5002446619402149 0.5001451688415554 
0.38845570280131314 0.7798754106500491 0.49981176622986073 0.499923361697935 0.4998030044279199 0.5002099877600124 0.5006824457891894 
0.45036779094235446 0.9082624922732883 0.49980970700117455 0.4999219083273204 0.4996684018971875 0.500276991753386 0.5001833803600504 
0.2945611014866332 0.4205756334643821 0.499779947791502 0.500195786882008 0.49998622768328266 0.5002776353187567 0.5006063467736682 
0.7224906342192574 0.06182646231379632 0.49981076460576135 0.499923368349649 0.500289002849161 0.5002626844602814 0.5004957505707305 
0.619128485754021 0.9986965482945935 0.50001730515455 0.4999265870928018 0.49986686748836656 0.5002873026175918 0.5000949566576948 
0.7662483626249257 0.97872448011603 0.49983204095466277 0.49983339675535826 0.4998695472990136 0.5000907951794474 0.5001075763814673 
0.7776691698101225 0.97872448011603 0.5002867643261495 0.49983359670547567 0.4998665347908537 0.500270315348032 0.5001075763814673 
0.4681980468835262 0.9882965564058034 0.49980970700117455 0.4999219083273204 0.4996818406688729 0.5002697335083963 0.5001833803600504 
0.07752760123958738 0.001967517128106151 0.5003035921745472 0.4998031093764548 0.4996822731190559 0.500276838506528 0.5001599755879056 
2.176257762848688E-4 0.9190285429671787 0.5000273894642749 0.4998943108208091 0.5006237421058334 0.500261247032032 0.5001432560251243 
0.5258262711264668 0.8213725252333688 0.49999652471047695 0.4999084928189771 0.4997245105243627 0.5002190627143697 0.5005574106608656 
0.5728927482351799 0.741985031579002 0.4998120063171882 0.499923361697935 0.49999559779873604 0.5002145966441949 0.5001050933896792 
0.9905652306120729 0.9971724104379205 0.49974585839874225 0.49982967356035873 0.49983350947436145 0.5002217842256872 0.5001435728306244 
0.935444663461283 0.9914526935997987 0.5000085355246667 0.49992449359098107 0.4998339793609093 0.5002701687026878 0.5001351781098413 
0.8367338687362544 0.3887784814079583 0.5000084996729725 0.49992751973663074 0.4996312966215374 0.5002701687026878 0.5006126975982232 
0.6583222897202363 0.9081004978296259 0.4994796711194387 0.5002134970007246 0.49986218782501757 0.5002408923490936 0.5001103914507916 
0.11698522155829733 0.9286628654146745 0.5002869885495501 0.5003398775498555 0.5000151867933933 0.5002616829200048 0.5001249702526178 
0.9730242521101091 0.06102614219507506 0.49980933443913156 0.49988352877563713 0.500289002849161 0.5002626844602814 0.49939161174244184 
0.7227503364677569 0.9704860316703989 0.49981110762000186 0.49981151478682123 0.49985659956468176 0.5002871635913113 0.5001076285983703 
0.0011334039456108204 0.9997475946498741 0.4997649890957606 0.4998485846350002 0.4997686167257422 0.5002748869928075 0.5001488667353144 
0.5071262930986593 0.9852988884842098 0.5002998116290075 0.499909110226529 0.4997814299491826 0.5002217324992168 0.5001286441258347 
1.0 0.9068420645662186 0.5002753357162137 0.5002030292347862 0.5006109385391032 0.5002623550025309 0.5006225747347157 
0.6718336042470394 0.814629250256799 0.500012936520986 0.4998995958736394 0.499768240825417 0.5002792017141077 0.5001692431090394 
0.15065106951511822 0.021002720399528982 0.5003294849260292 0.49980404616004553 0.4996822619618626 0.5002797704153275 0.5001599755879056 
0.2905165905431869 0.7930690705993777 0.5000164047846843 0.5000065188061418 0.4996698427405447 0.5002796065338593 0.5000931919780055 
0.9930357723292506 0.3918127556942468 0.4997291984565773 0.49985172332866656 0.4999755516376309 0.5003058116663089 0.49932914817417906 
0.5965062737466977 0.06182646231379632 0.5002317629935247 0.499909175746654 0.5003004096758082 0.5002626844602814 0.5001329519294363 
0.8786565614141447 0.01882077507434904 0.49972470665583035 0.4998794974446811 0.49978149778031067 0.5002197281725044 0.5001416797533161 
0.9327266953833492 0.38676026672416786 0.5002744147514983 0.500195786882008 0.4996835659017759 0.5002774768114937 0.5005950915330808 
0.41389147237346924 0.08271821249809808 0.5000194065892647 0.4998332124265359 0.49980461059844034 0.5002421076048591 0.5000813006646011 
0.9815597635192924 1.2448184515551075E-4 0.5003297249715825 0.49988000020621864 0.5003191993989288 0.49862139832075725 0.4993280180890445 
0.7260507785806921 0.8227129020449007 0.49998700009900154 0.4999033892862885 0.49985659956468176 0.5002189281115381 0.5001052772471754 
0.5894571105538522 0.9609227797740884 0.5002376311300706 0.499909110226529 0.4998647400086075 0.5002700392054186 0.5001279376041343 
0.8934983079840262 0.4264598132525237 0.49978718879229234 0.4998780938995555 0.4996734384351753 0.5002873026175918 0.5001246721556705 
1.0 0.8906330871899634 0.4997503901478705 0.5002069154540186 0.5006395220917526 0.5002197905573763 0.5000916864492747 
0.8523364819311249 0.9830499045595126 0.49977316560127866 0.49981151478682123 0.49997954369193326 0.5002607352859297 0.5001076285983703 
0.7582388777536656 0.4422692675818361 0.4997130697851296 0.49987939163665535 0.4997747629553267 0.5002195538703493 0.5001256058003184 
0.8484255368190534 0.9913127291650082 0.49980970700117455 0.4999219083273204 0.49966823708561475 0.5002697335083963 0.5005303191355117 
0.3590670582597284 0.04205289839641452 0.5003035921745472 0.49981054041741285 0.5000364539956373 0.5002768386358435 0.5001589123568884 
0.2537305896128417 0.9816297001924019 0.5000289854350155 0.49992346229655216 0.4996308115064456 0.5002771245056981 0.5001797243990965 
0.8688154053424268 0.7478465359768964 0.4998116490450166 0.4999203016692027 0.49999559779873604 0.5002781912032367 0.5005154288949895 
0.8652323252035189 0.7478465359768964 0.4998132188687609 0.4999203016692027 0.4999979936412575 0.5002780901960562 0.5005154288949895 
0.9595355912642736 5.006747826592772E-4 0.4997291984565773 0.4998512424157605 0.4999755516376309 0.5003058116663089 0.49932914817417906 
0.14370994756047023 0.9986965482945935 0.49978377801067114 0.4998560587761443 0.499865794482645 0.5002613128182936 0.5001259119330653 
0.6910020399852523 0.4422692675818361 0.4997130697851296 0.49987939163665535 0.4996583415741156 0.5002147406798249 0.5001256058003184 
0.6967718973600003 0.3073234528266227 0.4997130697851296 0.4998541276670443 0.4997662950217126 0.5002147406798249 0.5001234238689353 
0.954179201619155 0.03204242424104172 0.5002857193461169 0.49985484620103565 0.499821853590498 0.5002616582292947 0.5001599322580125 
0.27491679995030005 0.006718380840272348 0.499753516087522 0.4998840711487793 0.49984519417503126 0.5002757953309726 0.5005574106608656 
0.9755360649329822 0.8058586086067405 0.49973575618449734 0.4998886631239381 0.4998265444155146 0.5002614934434951 0.500162608436225 
0.7260507785806921 0.9927406219709969 0.49978600723800626 0.49981151478682123 0.49985659956468176 0.5002573657295851 0.50010764897934 
0.8397506299745157 0.09455438395648227 0.5000289854350155 0.49992346229655216 0.4996308115064456 0.5002771245056981 0.5001794573170953 
0.3059136165620512 0.9271349070291768 0.4997824327005739 0.500195786882008 0.49986849987127285 0.5002874124009116 0.5000669482724583 
0.9033075411188332 0.9687555167848098 0.5000188648293334 0.49991082249145774 0.4998036822169391 0.5002771182703821 0.500081300184687 
0.3998665633579486 0.3512569176547878 0.5000037106494576 0.4998741295153909 0.49984900690873524 0.5002699877735062 0.5000963934740337 
0.6718336042470394 0.7486812023116337 0.500012936520986 0.4998995958736394 0.5005124150503608 0.5002792017141077 0.5001692431090394 
0.3724692210130794 0.26102382631216836 0.49977295046333053 0.49985386957794486 0.4999800762774484 0.5002419167806429 0.5001340350119144 
0.9245864608261526 0.9169966465656345 0.5000192196568438 0.4998323486366704 0.49980461059844034 0.5002770129177034 0.5001433901099945 
0.6915481986867875 0.031593349364855805 0.5002663429393358 0.4999301161093884 0.49965474913130287 0.5002902813789686 0.5001306813244417 
0.1617421900658108 0.9999424421089991 0.49981839812041795 0.49984920665261656 0.49977385664597224 0.500220577487556 0.5001166655976265 
0.9626356612234085 0.028066476672699667 0.5002857193461169 0.49985484620103565 0.49982335696923225 0.5002616582292947 0.5001594372573314 
0.11673227347156068 0.9151463964462807 0.5002867509719813 0.49988658216596155 0.499821853590498 0.5002612461100167 0.5001595388853739 
0.9244200897459074 0.5795062367100124 0.4998026780377932 0.49992312222518465 0.49967816322091035 0.500269241465226 0.5001617420266163 
0.5546060567809458 0.6109368478069584 0.4997965129535939 0.49984681448859186 0.4996464196457246 0.5002849972483645 0.5006719413071331 
0.3724692210130794 0.976347892415419 0.49977295046333053 0.499853321682241 0.4999800762774484 0.5002604370992408 0.5001332085059401 
0.015451566375780167 0.9349851019722822 0.5000037106494576 0.4998928033583624 0.4998438097498307 0.5002697308510807 0.500148640344139 
0.8077366329608214 0.9784512715402711 0.5003066431567195 0.49992520058517154 0.49966522947393316 0.500278947058959 0.5000998265772347 
0.7582388777536656 0.040454151263453864 0.4997130697851296 0.49987939163665535 0.4997814154650615 0.5002195538703493 0.5001254886003889 
0.9059343948669969 0.009544335638944912 0.5002757979925533 0.49988009783772275 0.49981391041236695 0.5002612461100167 0.5001595388853739 
0.8994889718467094 0.29481046542587597 0.500240137215048 0.4999213765725564 0.4998300533083879 0.5002796547315003 0.5005143733769977 
0.7576012012540796 0.8286248476726099 0.4997004650914872 0.4998294436245924 0.4996825686381226 0.5002665081974828 0.5000785384897437 
0.9167265151913756 0.9560397785363186 0.5000193846765835 0.4998332124265359 0.49980461059844034 0.5002770129177034 0.500081300184687 
0.8085035566768544 0.4424364464917215 0.49981325389431847 0.4999240546642528 0.499997916489166 0.5002707545774319 0.5001482471669367 
0.6077759706798753 0.4232335073225907 0.500014820245478 0.4999265870928018 0.49998459530037637 0.5002775255354368 0.5006343551589046 
0.8370421155286085 0.7894713554854602 0.5000185403067401 0.49992189540265086 0.4998240995117266 0.500276955678759 0.5001794573170953 
0.014231496997273607 0.9996925285177767 0.5002376311300706 0.499909110226529 0.4998647400086075 0.5002700392054186 0.5001484405455715 
0.3966066264591116 0.3400892007702584 0.49973348213088187 0.49988768650084725 0.4999800762774484 0.5002606573430507 0.5001340350119144 
0.2775907372808144 0.9929706902396828 0.5000036747977634 0.4998768868824778 0.49977117495955153 0.5002699877735062 0.5005727037367302 
0.5568042756958445 0.4699755053297655 0.5000033286913933 0.4999084928189771 0.49986589151109 0.5002660889162786 0.5005574106608656 
0.8845450598108369 0.45291476104935463 0.4998138941181423 0.49992338620283805 0.49967748962216274 0.5002697335083963 0.5000999953557788 
0.5291971308295902 0.9925808957831562 0.500272680800782 0.4999125058643785 0.4997871660091211 0.5002700392054186 0.5001078556475913 
0.8099144262351056 0.9977303480541655 0.5003066431567195 0.500006159246921 0.4997735522422362 0.5002788544179666 0.5000930658337208 
0.717842938438976 0.3073234528266227 0.4997130697851296 0.4998541276670443 0.4997662950217126 0.5002147406798249 0.5001234238689353 
0.8397506299745157 0.7223545994498409 0.49981306860787544 0.49992346229655216 0.4999891652498528 0.5002771245056981 0.5001034802795945 
0.34496142499108884 0.061190698323177084 0.4998572021408653 0.49981034046729544 0.49968660536390935 0.5000973184672589 0.5001589123568884 
0.9850116139195861 0.9841639481080872 0.49977262557816754 0.4998213547273572 0.5002430938779516 0.5002738362532478 0.5001299994655911 
