1.0 1.457916324478733E-18 0.4997551246051281 0.40016455606630336 0.4999203795663482 0.5001106460681927 0.5003200235490489 
1.0 1.0 0.5001489881680284 0.49947050578973307 0.4999988575891351 0.49997889415853636 0.5000251104785439 
0.0 0.9136347682666068 0.5002007072472321 0.49986735347493416 0.5000070917512973 0.500038137959128 0.4999612926222814 
1.0 0.0015041989924288318 0.5001487801125397 0.49943514176452053 0.499988035519915 0.5000423958097415 0.499890122748353 
0.9555494205810092 0.010079576223935072 0.5001080581077973 0.5001356132350855 0.4999546677858647 0.500102189533569 0.4999152068102145 
0.4761375251150267 0.9473028700344641 0.499732188697093 0.4999972574324873 0.49995362084668565 0.4999667788857552 0.4999711440038281 
0.6974553524952117 0.1648618206418183 0.49973580886040886 0.5000272631566418 0.49999239040873966 0.4999643735275467 0.49989091519996864 
0.10603314575784617 0.679686288838822 0.5001027927208914 0.5001322627782113 0.4999537614091829 0.5000748702555218 0.49979273567640137 
0.6893760245987548 0.3060146106081396 0.5000899141645504 0.5004317676011865 0.4999542178247648 0.500067701432809 0.49979241456518486 
0.062429532985008473 0.7877979314869252 0.5000901152637162 0.5001679346606812 0.49993820798371197 0.5000299999561711 0.4998915346420293 
0.7556077333630381 0.9700573112064808 0.500189746042956 0.500083552491949 0.49993036123311 0.4999820976137751 0.499955979402652 
0.7832751902070952 0.9969378932581241 0.5000900219289984 0.5000737567117148 0.49995321456738473 0.500039443365618 0.49989393295330553 
0.5575560172461898 0.679686288838822 0.5001027927208914 0.5001322627782113 0.4999533494651327 0.5000682626843542 0.49979273567640137 
0.9755657592188296 0.7612340700824713 0.5002075247659447 0.49939253162565095 0.4999811165148368 0.49996307530957224 0.4998932062909799 
0.8260340068900066 0.679686288838822 0.5001027927208914 0.5001322627782113 0.4999551755707579 0.5000593010138182 0.49979273567640137 
0.5205065585033594 0.02360574381733077 0.5000934416211777 0.5003840716618948 0.4999542178247648 0.49996632314934464 0.5003138246221801 
0.9178119806639443 0.952817569637489 0.49975264255230045 0.4999708987779968 0.5000244548749826 0.5000103878316563 0.49994433865723753 
0.2850968694337715 0.11707811241905453 0.5002082229985437 0.5004074728094312 0.499953365504676 0.4999621341438821 0.4998934193208169 
0.877601819804591 0.7877979314869252 0.5001114996714819 0.5000688030429007 0.499993737466144 0.5000494455129485 0.49989322756456134 
0.5887917508065772 0.21977784058314215 0.49974484256274987 0.49999510451793033 0.4999188070232287 0.5001172126640686 0.49990477488655616 
0.9974599612608175 1.457916324478733E-18 0.49975664478239124 0.500052230102617 0.4999203985795288 0.5000436267293257 0.49979429179965645 
0.3144841043100901 0.2993253585906617 0.49982143346439706 0.5000514992041954 0.49991975598496263 0.5000402479223945 0.4997996232311374 
1.0 0.9899595617249598 0.5001305360701074 0.5003888460935058 0.4999236192985254 0.5000726192895943 0.4999600338482724 
0.9064365607740397 0.042537785548760976 0.49976779886733547 0.5001809689466136 0.5000040779053586 0.49997647327265166 0.4998927289752196 
0.9838264232937731 0.9961834814547239 0.4998135322560226 0.5001246488734035 0.499953499737202 0.5000718867291287 0.49989245817151967 
0.9419473326859429 0.6910138122273226 0.49974467836862735 0.4999941736881515 0.49986001368258304 0.5000723446810572 0.49989445366679724 
0.38524994531641704 0.8010722723967185 0.49970916911890195 0.5000190451980504 0.4999319442380295 0.500072653977161 0.4998919059461418 
0.7178845329464972 0.6916000294462745 0.5000985321973892 0.4998409653053958 0.5000234307773732 0.4999804351062234 0.5000251104785439 
0.9924619107880274 0.722083232503992 0.5002059043654288 0.499441618975307 0.4998408097919358 0.5000420058903198 0.49989011028578034 
0.7313132102253743 0.7371542037301373 0.5000985321973892 0.4998409653053958 0.5000234307773732 0.4999804351062234 0.499891621579667 
0.7570467648382903 0.7877979314869252 0.5001114996714819 0.5000688030429007 0.499993737466144 0.5000494455129485 0.4998959739763568 
0.9924619107880274 0.7983834039742357 0.5002059043654288 0.499441618975307 0.5000079547835874 0.5000420058903198 0.49989011028578034 
0.3458984444857149 0.9693592299214604 0.5001918364990748 0.5001423150932244 0.49993003222852256 0.5000160525736367 0.49994636105828233 
0.5188739738513269 0.9852647363943322 0.5001103253518996 0.5000325433343344 0.4998538929344795 0.5000590990516283 0.49993760088883415 
0.7985234359743331 0.7609612850604952 0.5001349639331747 0.49999886693442036 0.49995452270766955 0.5000742938550051 0.49991938642323086 
0.651115467631309 0.057270910029693686 0.5002143917563118 0.5000623298569289 0.4999333939796501 0.5000836090687069 0.4998937940674752 
0.20629496738788689 0.7791049121109448 0.49970916911890195 0.5001711051728376 0.49992149352126114 0.500072915924467 0.4998919059461418 
0.9419473326859429 0.9930064100875416 0.5000677645640043 0.4999941736881515 0.4998604127556009 0.5000719886058147 0.4998932546874193 
0.696896329529045 0.8474465492856608 0.5000982037309061 0.5000731759124634 0.499993737466144 0.5000494455129485 0.49989322756456134 
0.1242731773713533 0.057270910029693686 0.5002143917563118 0.5000623298569289 0.4999333939796501 0.5000157998923599 0.49989237658821983 
0.6187408486538992 0.6966993347112982 0.5001027927208914 0.5000315596900332 0.499952000191993 0.5000632117658125 0.49978067513126484 
0.4561837287982018 0.10437766850085835 0.5001921412843816 0.5000244026708078 0.5000037612726447 0.4999763906535139 0.4998951594523672 
0.280311372605078 0.10453523833876739 0.5001826887666219 0.5004074728094312 0.499953365504676 0.4999621341438821 0.49989518123218213 
0.3542843509211281 1.0 0.5001489881680284 0.4994531409394442 0.4999988575891351 0.5000587403701094 0.5000251104785439 
0.39924417041565136 0.17172113042891105 0.49983519743389326 0.5000301662282923 0.4999983094305912 0.5000628443087854 0.49990946396108454 
0.3473483880915281 0.9966566174360083 0.500097950474938 0.5001419397153349 0.49991992197493285 0.5000204091928413 0.4998924553821679 
0.2146469407639983 0.9168541357469918 0.49972678564402917 0.5001290134476849 0.49992132808870665 0.5000188161704661 0.4999591817808977 
0.9849802768393068 0.28788454815548936 0.5002086331100535 0.49982972488875566 0.5000073751818435 0.5000775886027248 0.4999439807756896 
0.42705249010201374 0.7440926476046769 0.49984343357763183 0.4998419991795154 0.4998559522372754 0.4999804351062234 0.4999780078373039 
0.6226520637833213 0.23887067160504022 0.500128369738944 0.49997423991062495 0.4999236187118629 0.5000707132466915 0.49989188612815494 
0.49726321458839406 1.0 0.5001312107702862 0.4999937419842736 0.4999178264491648 0.5000714741419312 0.4999381206600692 
0.9147817623094455 0.7746917125736833 0.5001054785066076 0.5000516415167338 0.4999528444093937 0.5000574966186969 0.49989780506616893 
0.38740567617345506 0.9168541357469918 0.49972678564402917 0.500021291570917 0.499931778805475 0.5000188161704661 0.4999591817808977 
0.9800505655578078 0.9237141251041712 0.5001328175230941 0.5000884388559214 0.4999939715010067 0.49997781304605377 0.4998940746462305 
0.6121630749044646 0.28761440204962596 0.5002471558872346 0.49982972488875566 0.5000073751818435 0.5000775886027248 0.4999439807756896 
0.5417824736515897 0.4132301861166398 0.5002096548273841 0.5004317676011865 0.49991532564233687 0.49997163470470124 0.4999179791491736 
0.9043152680215362 0.9961834814547239 0.4998135322560226 0.5005702003347349 0.4999185257949657 0.5000718867291287 0.49989245817151967 
0.8631685836914887 0.7209461802930858 0.5001278331043222 0.5000189256905684 0.49985050125309954 0.5000982310985983 0.4998966576338184 
0.6344235974986867 0.019255697021043128 0.5001491069952463 0.4994386160039963 0.49998958098910673 0.5001146528633699 0.49989011028578034 
0.9881147888112205 0.8170228114306031 0.5002059043654288 0.5004504864506586 0.4998408097919358 0.5000420058903198 0.49989011650046744 
0.8724766387555993 0.11071891429166952 0.49983519743389326 0.5000728527462152 0.4999535617469893 0.5000628443087854 0.49990951257173644 
0.5417824736515897 0.32345534060783393 0.5000896087254348 0.5004317676011865 0.49991532564233687 0.49997398961726863 0.4999179791491736 
0.17989726792233224 0.11252419322628582 0.5000690218124607 0.5001338362807212 0.4999505482606639 0.5000566582979346 0.5003250968365875 
0.41354686407057206 0.19155205980365242 0.499732188697093 0.4999972574324873 0.4999433640613916 0.49996628025826517 0.4999711440038281 
0.4505143305330431 0.11515295291310021 0.49983519743389326 0.5000728527462152 0.4999983094305912 0.5000628443087854 0.49990946396108454 
0.66085498384852 0.9693592299214604 0.500189746042956 0.5001500423914285 0.49993036123311 0.50008586165072 0.4999458923843452 
0.3149409661901662 0.7897668884384841 0.49982143346439706 0.5000514992041954 0.4999209855819337 0.5000402217274876 0.499937435476618 
0.5276445579476243 0.9971564702285409 0.5001076315181888 0.4999937419842736 0.4999178010156328 0.5000387869448896 0.4999381206600692 
0.08709653842957785 0.9640573326512092 0.4997357449529818 0.5004680351092182 0.49986414971977355 0.5000426042957742 0.4998938118364374 
0.6634178849104881 0.06925186332982947 0.5002122578865024 0.5000623588936174 0.4999345071308181 0.5000837756055532 0.49989322634981037 
0.5605637249081691 0.9713143221064054 0.5000896087254348 0.5004317676011865 0.4999185062905963 0.49997398961726863 0.4999179791491736 
0.8203728117430291 0.1648618206418183 0.5001016112305197 0.5004084139637097 0.4999403246614309 0.5000304861280921 0.49989091519996864 
0.513425909081577 0.7556714206713977 0.5000952668417753 0.5003970792105564 0.4999542178247648 0.49996632314934464 0.49989520774523616 
0.8883053926920812 0.7907210714262323 0.4998135322560226 0.5003960997205753 0.4999981684782811 0.5000725295606262 0.49989315983880267 
0.6893760245987548 0.33736268568547156 0.5000899141645504 0.5001370363157338 0.49995503409057274 0.5000567731614064 0.49979241456518486 
0.23033190202766815 0.009975293255787304 0.5001035995793932 0.49993820857869203 0.4999662189092876 0.5001107356384138 0.49995725626739584 
0.17841128955770535 0.9899595617249598 0.4997600462018662 0.5003888460935058 0.49995512337130665 0.5000726264893103 0.4999726570888544 
0.665498597387516 0.7981859228920849 0.5000901156341536 0.5000723077885034 0.4999372301762346 0.5000286938078732 0.4998915346420293 
0.9353407247359964 0.19955501907584677 0.5000959698584245 0.5000271310994967 0.4998329244294937 0.5000731301097225 0.4999554118579275 
0.4505143305330431 0.6749129474930247 0.4998348701966892 0.5000506402772752 0.5000011931640754 0.5000682439126936 0.49990946396108454 
0.9896370966243568 0.17195466561800998 0.50019724139998 0.499932538822611 0.5000285665481027 0.5000775886027248 0.49995726848539407 
0.4480869679851066 0.8843113499308615 0.49973962488014545 0.5003385054258743 0.49992265505336303 0.500097766471924 0.4998955689732691 
0.624600984096641 0.7209461802930858 0.5001278331043222 0.5001443679099229 0.49985050125309954 0.5000982310985983 0.4998966576338184 
0.6057853501058922 0.8919722140501225 0.499766444453954 0.5000071550604511 0.49996825071531736 0.49997942170257254 0.49991745548847805 
0.5967240178873546 0.2372566020760934 0.4998175667612931 0.5001830305471543 0.5000140251563824 0.49997557404279075 0.4998915759488393 
0.020309861644500438 0.7877979314869252 0.5000901152637162 0.5001679346606812 0.49993820798371197 0.5000299999561711 0.5000250235409062 
0.7336877597425544 0.02244366997572228 0.4997523408695167 0.5004680351092182 0.4998538929344795 0.5000421056682841 0.5003037103024796 
0.9215261355542826 0.2300874154980697 0.5000978830683634 0.500030656439571 0.4998369705479573 0.5000395590038478 0.49996314051895824 
1.0 0.9934825511929387 0.5001489881680284 0.49947050578973307 0.49992412031697536 0.49997889415853636 0.4999235977266582 
0.20430177784451742 0.9308245808348014 0.4997575912960253 0.5004376104894083 0.4999560457337623 0.5001099975441132 0.49997229295534135 
0.8388647607187623 0.9130418003198763 0.5002007072472321 0.49986735347493416 0.49985044376560983 0.500038137959128 0.49996690456651727 
0.99930875145035 0.9620998618718295 0.5001352036143946 0.49997812546223014 0.49992499693198733 0.5000103878316563 0.4999279958582505 
0.08709653842957785 0.020964414920703778 0.4997357449529818 0.5004680351092182 0.4998538929344795 0.5000421056682841 0.4998938118364374 
0.997932280539741 0.6783964171316713 0.5000912371294421 0.49942028351214834 0.5000079547835874 0.500067445376951 0.49993946072661866 
0.9894436814270302 0.2635943074605895 0.5001964262389277 0.49994161128582904 0.5000281882072153 0.5000782096898396 0.49995726961083675 
0.8481857937534277 0.20320506012895523 0.5000884854995539 0.500171388665662 0.4999537230827475 0.5000509663832718 0.4999513739421755 
0.4293885219915684 0.9720870406618063 0.49983487819377354 0.49999479170961036 0.4998569334972937 0.49997070525396875 0.4999745827214444 
0.8543781263190715 0.10995109272264059 0.5000884854995539 0.5001270505676426 0.4999537230827475 0.5000507044359659 0.4999513739421755 
0.23033190202766815 0.00823895214835782 0.5001063490050851 0.4998351411201922 0.4999662189092876 0.5001107356384138 0.4999440729345535 
0.9755657592188296 0.7612340700824713 0.5002075247659447 0.49939253162565095 0.4999811165148368 0.49996307530957224 0.4998932062909799 
