1.0 1.0 0.4999201166646329 0.5000513219562936 0.500319354392303 0.49999321842109756 0.500439829223172 
1.0 1.4984043006989624E-17 0.499981900804918 0.5000564915534645 0.5000121828483084 0.499993119879907 0.49995312041305506 
0.0 0.65604744649379 0.49996022198866785 0.49997001431661436 0.49997364446663967 0.4999702792426155 0.5003264894149343 
0.8579881468252806 0.5991303293607582 0.4999179573039159 0.4999545369042327 0.49999126450280634 0.49998119539576413 0.5004478556914256 
0.8090093790312828 0.17809217431478686 0.49992459288077934 0.5001167160883436 0.4999647697024404 0.4999727619704975 0.500449102331991 
0.26664244821031263 0.665087657242149 0.4999657856201545 0.5000112881410738 0.49999127459951065 0.4999810670718228 0.5003294164150702 
0.992245264835346 0.9402516351007889 0.4999617540583636 0.5001266682983372 0.49999126450280634 0.49998108997644514 0.5004485220187024 
0.7048099504602208 0.6054391359050508 0.4999813225865942 0.5001137810128322 0.5002844077993643 0.4999931489914756 0.5003312125852275 
0.6619594351742002 0.7247813993035044 0.4999283314146247 0.5000856827813673 0.49999537553608175 0.49998614939331704 0.4999998572098813 
0.20777301284383287 0.04294920793431756 0.4999617485625753 0.5000570697929828 0.4999924028291046 0.49999938420601675 0.4999527883433031 
0.9495337956823797 0.748198816173606 0.4999137425999449 0.4999680963540033 0.5000027428342452 0.5002478619229602 0.5004485321949268 
0.33508978606396256 0.882517874518957 0.4999402813237619 0.5000509518697961 0.5003108022380234 0.5001718184305138 0.500439041941688 
0.7631458131472042 0.6576918363282668 0.49991455035335775 0.5000856827813673 0.4999991675908067 0.4999861267374862 0.4999983849817867 
0.46068740481620274 0.14075170095128814 0.49985853691124815 0.5000856644668258 0.49999642564723057 0.49999629789696637 0.5004395893439386 
0.13118269985095776 0.11364469074464001 0.4999607639936547 0.5000517702194723 0.49999170044558755 0.4999731072843348 0.5004818877980141 
0.1494539059797328 0.9261628692138393 0.49990467822625023 0.50005415400678 0.49999746948100054 0.4999937279362911 0.4999379338281958 
0.29159474873985936 0.2997689226899113 0.49995851150007364 0.5002494955035092 0.4999997412863387 0.4999252850821019 0.5003257612351172 
0.5389307241865227 0.28547341491672273 0.4999660861650181 0.5000564279084475 0.49977192581598706 0.5000029928287587 0.5003709723301493 
0.9163926901768322 1.4984043006989624E-17 0.4999820782862745 0.500256928385606 0.5000123105469205 0.4999804012200612 0.5003624737609029 
0.07651654451693563 0.13836323797280742 0.49996022198866785 0.5002514235850536 0.4999865986188843 0.49999830425937414 0.5003636151415012 
0.992737823671507 0.9098694497438823 0.49991503135870846 0.5001258331345418 0.5000443176314194 0.4999993638671293 0.5003577377106176 
0.8349243151560914 0.03116548982398537 0.49991380838741223 0.5000526548914477 0.5000033164601495 0.500220985700063 0.5003574007829787 
0.49412431732705836 0.6656494130103915 0.49991455035335775 0.5000856827813673 0.49999537553608175 0.4999861267374862 0.5000053022186353 
0.7655655338768319 0.9710399907893501 0.4999311130345069 0.5000259255370756 0.5000525963842753 0.4999877622417991 0.5004629453741695 
0.13118269985095776 0.9611840356277905 0.4999607639936547 0.5001133167025076 0.4999870611321879 0.49997461543854627 0.5004808009049746 
0.9728525741346161 0.6636782402882889 0.5000138556785494 0.50008874731744 0.499987567098915 0.49998542127498213 0.500471560784974 
0.7091725848038046 0.778358747706474 0.4998597495143292 0.5000216474867369 0.5000766744928961 0.5001634865062464 0.4999109226037358 
0.561110590961509 0.13161924898202643 0.4999823361156836 0.5002468063908229 0.5002650422643604 0.4999732029760943 0.5004554830192642 
0.17259011981628253 0.7281024729490491 0.49993125159345797 0.5000598621845902 0.5000402687257565 0.49999312939087803 0.4999241341083046 
0.8888459790452712 0.003909071970892061 0.499981900804918 0.5000564915534645 0.5000116125237675 0.49999308995238345 0.5004306595298529 
0.03842916194633092 0.9099668217922617 0.49991455024630665 0.50012668593998 0.5000503088412264 0.49999627343938124 0.500351204922309 
0.9467847482216684 0.7979317407726766 0.5004348565932446 0.5000560365065725 0.5000138307320214 0.4999780765401869 0.5004348436909285 
0.48470375740249305 0.12169993211701158 0.49995994771580654 0.5000862719604504 0.49999610529135763 0.4999962627068727 0.5004409578429404 
0.9394049812498607 0.708102849317796 0.4999817849881382 0.5000561770258812 0.5000121828483084 0.4999804012200612 0.5004630325433154 
0.9839245318231898 0.9995492496560182 0.4999183054762108 0.5000513219562936 0.500319354392303 0.49999321842109756 0.5004396861112288 
0.691556157946118 0.47451549990671227 0.49992456368200805 0.5001167160883436 0.5003417597593713 0.49999046819547815 0.5004414996930664 
0.9651778644665903 0.618346594329759 0.49991607356155743 0.49995490041032215 0.49998622837350815 0.4999135072758359 0.4999532898057998 
0.34301063528880843 0.72871207303542 0.49992079792937755 0.5000806218903614 0.5000424788761346 0.5001863212619244 0.500468698438949 
0.7123137857433797 0.005235073656980893 0.4999607707645996 0.5002593386453988 0.4999879439132734 0.4999994133175854 0.5003308805154755 
0.6313344627857886 0.9710399907893501 0.49991528914562705 0.49996093867978325 0.5000536377404952 0.4999700070847378 0.5004629453741695 
0.9268455140374314 0.8683682010071168 0.49991531520605675 0.49997009060146946 0.5000390249606306 0.4999745798079086 0.5004478665800576 
0.942763663701388 0.882517874518957 0.4999402813237619 0.5001138106907447 0.5003108022380234 0.5001718184305138 0.500439041941688 
0.9303495014077549 0.8208345418955616 0.5000020528910634 0.49996806942478933 0.500002711998426 0.49998604966793614 0.5004489822114189 
0.9056243865463472 0.3936774554771374 0.4999512824914858 0.5000521171360003 0.5002808872997044 0.49999329112939683 0.5004746712940841 
0.6406741830418368 0.639106132454169 0.49996015714745606 0.5001133167025076 0.4999879439132734 0.4999994133175854 0.5003308805154755 
0.07328249575504274 0.6560295826547703 0.49996022198866785 0.5001061704418187 0.500280669719899 0.4999857277807797 0.5003260071830895 
0.8054468537968849 0.24896989241652906 0.49998161177470163 0.5000880217865106 0.49999961775202767 0.499993119879907 0.49995312041305506 
0.8054468537968849 0.24024959802653403 0.49998161177470163 0.5000878980340713 0.49999883007044343 0.499993119879907 0.49995312041305506 
0.7123137857433797 0.639106132454169 0.4999607707645996 0.5001133167025076 0.4999879439132734 0.4999994133175854 0.5003308805154755 
0.7824442662105652 0.875138683797373 0.5000105754783241 0.5001261353080012 0.5000504231664757 0.49998238452634475 0.500448979217077 
0.799646288918151 0.3235259484893863 0.49991521561932417 0.49996093867978325 0.5003176572918935 0.49996995790199134 0.5004629980267853 
0.8530650193865009 0.14075170095128814 0.49995171489550083 0.5000856644668258 0.49999642564723057 0.49998651751618317 0.5004395893439386 
0.8579881468252806 0.6913854049891403 0.4999179573039159 0.5000559048557506 0.5000038349389241 0.49998119539576413 0.5004478556914256 
0.34301063528880843 0.7697596575099174 0.49992018807870875 0.5000496175072735 0.5000430443587909 0.5001829658197713 0.5003293005057353 
0.7468747419521478 0.14075170095128814 0.4998582580063859 0.5000856644668258 0.4999962046283581 0.49998628359562236 0.5004378898599121 
0.9937571154668179 0.6942372917873841 0.5000138556785494 0.5000877687168653 0.4999779905171125 0.5001477353383471 0.500471863410404 
0.9985879650874138 0.13088241639004977 0.499982884123221 0.5000471899647776 0.49999099670447267 0.4999917311210531 0.5003634046876625 
0.41287780705870053 0.6946345370450133 0.4999737417353798 0.5000892321569169 0.5000035356478225 0.4999838599623913 0.5003602084635679 
0.5824367749556506 0.04294920793431756 0.4999143521932284 0.5000570697929828 0.4999924541319556 0.49999938420601675 0.499956400770535 
0.91825383304549 0.9530628635721949 0.49991504000462855 0.4999695498786823 0.5000504806522758 0.49997469809855094 0.500448976879191 
0.8745455513946327 0.9361418970476783 0.49996169505342564 0.5000875807753092 0.49997492072244665 0.4999844216444138 0.5004485729826909 
0.7306391450035612 0.11417025519814467 0.49996077082056345 0.500051724392875 0.5000413260315575 0.49999955554095143 0.5003294250207454 
0.22280808374207034 0.9841234218857348 0.4999201166646329 0.5000525138165054 0.4999943805117449 0.5001495644494874 0.5004399323507486 
0.8281968588359307 0.748198816173606 0.4999137425999449 0.5000523272691276 0.5000027428342452 0.5002428494604219 0.5004391166563165 
0.8809596168825808 0.6750834143489808 0.4999607707645996 0.5001133167025076 0.49998780701400186 0.4999811583129213 0.5003286402095404 
0.7695762158691274 1.4984043006989624E-17 0.4999820782862745 0.500256928385606 0.5000124646840327 0.4999804012200612 0.5003624737609029 
0.6885549092309619 0.5505431810062037 0.49991521561932417 0.49996093867978325 0.5003188659290263 0.4999698280151932 0.5004629980267853 
0.928248464686124 0.882517874518957 0.4999402813237619 0.5000509518697961 0.5003108022380234 0.49991640885781263 0.5003285192061795 
0.5987979069941947 0.649992066135412 0.499988007989337 0.50011274899157 0.5002840803197508 0.5001404049688568 0.5004690175721895 
0.5553131431044931 0.14519496865514436 0.4999201166646329 0.5000610138004853 0.50000160544836 0.499972922128555 0.5004398793172711 
0.434325125471414 0.6946345370450133 0.4999737417353798 0.5000892321569169 0.5000035356478225 0.4999838599623913 0.5004309302669969 
0.7652668126983942 0.2997689226899113 0.4999588907775407 0.5002492890777681 0.49999931118481206 0.4999229021597369 0.5003257612351172 
0.9707204005037202 0.14624468843301697 0.49985729046793576 0.5002514941580729 0.49999099670447267 0.49999110210021436 0.5003631442645603 
0.6303564845689451 0.35993800600739445 0.4999660861650181 0.5000224927871333 0.49998950931322106 0.5004455855997427 0.5004713346676702 
0.5597158153282731 0.6144361988966783 0.5000105754783241 0.5002473083092857 0.4996844492047193 0.49999524892448816 0.500454635353605 
0.7503669162401695 0.17553764150112072 0.49993005375581046 0.5000822434516831 0.5000054313974435 0.49997771586483714 0.5003557837033226 
0.5835294268338272 0.626284770644854 0.4999139942679511 0.5000502700616192 0.5000034460884967 0.49968033681092927 0.5004684629313821 
0.931195214440052 0.6010216270761998 0.4999152346920534 0.4999695498786823 0.5000033104004546 0.4999745798079086 0.5004485897368912 
0.4465572471215862 0.016256723774268345 0.4999737417353798 0.5000892321569169 0.5000114001796779 0.49999341560820126 0.5004309302669969 
0.6303564845689451 0.36830692027991013 0.4999660861650181 0.5000224927871333 0.49998961609071757 0.5004051998516869 0.5004831899837061 
0.931195214440052 0.1750992711329974 0.49991531520605675 0.4999695498786823 0.5000390249606306 0.4999745798079086 0.5004485897368912 
0.9648333450677783 0.34186451900904247 0.4998730476867048 0.49995490041032215 0.4999877425934672 0.4999219467950691 0.5004479364685219 
0.8626152449168913 0.15470904327495058 0.4999607707645996 0.5000543603961158 0.5000393224069201 0.5001438879407907 0.5003282813700275 
0.949196025250592 1.0 0.4999204408727277 0.4999634659924261 0.500319354392303 0.5002477346401221 0.5004398124685352 
0.9999501482635567 0.1750992711329974 0.49991567844306983 0.4999695498786823 0.5000392154086797 0.4999745798079086 0.5004550328496051 
0.5835294268338272 0.6101523732592637 0.49991367186457075 0.5000502700616192 0.5000034460884967 0.49968033681092927 0.5004684629313821 
0.8888459790452712 0.014361716968167567 0.49998196814010515 0.5000565485597712 0.4999752689370479 0.49999308995238345 0.5004306595298529 
0.7503669162401695 0.738529694831652 0.49993068730632023 0.5000804623144705 0.5000053180196831 0.49997771586483714 0.5003557837033226 
0.6287343401714818 0.5303522575433707 0.49991528914562705 0.5001113422574873 0.5000522416403782 0.4999700070847378 0.5004627538629578 
0.49489777636142196 1.4984043006989624E-17 0.499960875068734 0.5000586786693069 0.49999146001849387 0.49999332554351683 0.49995312041305506 
0.6623063564989845 0.31116449464199736 0.49992792068574776 0.5000466537797463 0.49975040645282426 0.49999654831003115 0.5003153067907706 
0.47475118602377575 0.8762123751161087 0.49990358146758246 0.5001174899494573 0.49999688597148095 0.4999935196273457 0.4999041938239491 
0.9049485442125259 0.10926773116702476 0.4999504871161736 0.5000520854863517 0.5000033164601495 0.5001439611687793 0.5003285311622929 
0.5863873634745881 0.11361482617389518 0.49995125078416996 0.500052160790981 0.49999194666529134 0.49997281142222355 0.500330136098167 
0.247533662142099 0.965427622323826 0.4999823361156836 0.500238306406843 0.5002578173277452 0.5001498452970267 0.5004555360527418 
0.7306391450035612 0.15470904327495058 0.4999607707645996 0.5000540824859611 0.5000409398261281 0.49999955554095143 0.5003294250207454 
0.1494539059797328 5.465752110443102E-4 0.4999607639936547 0.50005626346099 0.4999858783169966 0.49998069830578185 0.4999379338281958 
0.78715439327435 0.34420050376360634 0.4998741221960729 0.4999545418009317 0.49999126450280634 0.49998119539576413 0.5004479389886589 
0.9287800869085641 0.6931100008214518 0.4999137425999449 0.4999680963540033 0.5000027428342452 0.5002478619229602 0.5004396468244288 
0.8500656347522944 0.14075170095128814 0.4999512414528604 0.5000856644668258 0.49999642564723057 0.4999859443226717 0.5004395893439386 
