1.0 0.0 0.49985328043529464 0.5000722428026804 0.4997979472565163 0.5003645155321211 0.5001626641363673 
0.0 0.8092937295616194 0.4998526367259472 0.500076499693842 0.4998326312907476 0.499701373157973 0.5001754322681594 
1.0 1.0 0.4998531637074935 0.5000698930836107 0.4998675143293222 0.5003638049711555 0.5000812646879276 
0.9770340049576329 0.23975956425766554 0.4998583634557542 0.5000615338829844 0.4998227365599004 0.49969017917275194 0.5004178967508937 
0.7605994747645681 0.9101910465749874 0.4998609575392563 0.5000663669087272 0.4998231914321329 0.4996468757363949 0.5000699634185948 
0.8437503875001954 0.07043806530136631 0.49964926275613514 0.5000522199615179 0.49983427816145015 0.49965792336082365 0.500044827021024 
0.645293909571413 0.3552908077431878 0.49985582938232176 0.5000531826455883 0.49982176652786103 0.4997016360364964 0.5000908339138311 
0.38369107454200013 0.27864400937882283 0.49984158035114606 0.5000910352508727 0.49979174534337695 0.49963164926859915 0.5000771961233809 
0.9844388958187892 0.9090905474261741 0.49985325982809187 0.5000285497335962 0.49979564841651086 0.5003165071814737 0.5000738549885649 
0.27944602652704514 0.3679702686392715 0.4997735286360088 0.500053604936981 0.4998346004572846 0.4996585263717878 0.5000443618239371 
0.9343949750482476 0.345852674230831 0.49978731140373206 0.5000691606011329 0.4998147895008636 0.49973237708222545 0.5000994806402601 
0.2989685631813678 0.0822014596294671 0.49985862132970216 0.5000615298893413 0.49981852948268773 0.4996875168744079 0.5000568455232429 
0.9980863963833861 0.034686459666962655 0.49987510271849656 0.5000516083941178 0.49983476954652023 0.5003477993112045 0.5000863737076582 
0.9464619218737729 0.6882109924344049 0.49977281859905387 0.5000828892903261 0.4998239028606571 0.4996843619955955 0.5001716451039326 
0.1977677958495252 0.12200318861162471 0.49985808365029605 0.5000167728394177 0.49983252188618027 0.4997495903883794 0.5000873556382505 
0.6239607709519859 0.22931340881863932 0.4998572636411654 0.5000869151230903 0.4998245921254112 0.49958971136735425 0.5000981957967022 
0.7243667471640757 0.8955782547792481 0.49987388960383855 0.500072096056872 0.49983344416396847 0.4996784741645678 0.5000988264379354 
0.9567095798367377 0.8670428178574157 0.49984074093423897 0.5000717066685719 0.4998167159198758 0.4996583498630746 0.5004398373926967 
0.9905833625677197 0.9207209865120278 0.49985325982809187 0.5000541081953198 0.4998225854819806 0.500361233859429 0.5000750357449748 
0.5668512698756201 0.9814851585409058 0.4998613929687799 0.5000497527819664 0.4997907006679319 0.49968842814569114 0.5000750165936549 
0.22299529890968184 0.07574889427544412 0.4998578923893687 0.5000657009511275 0.4998199589455986 0.4997029102666192 0.5000978843153974 
0.8534605499274943 0.0650156783895059 0.49985841714657486 0.5004091126398379 0.4997924927986438 0.4996945494289764 0.5000570241250915 
0.11812516186216826 1.5355023338682605E-4 0.49985791800985685 0.5000159918816516 0.4998286917783039 0.500351651372761 0.500163051942717 
0.2658364732180546 0.060946834279901746 0.49985855428522996 0.5000102521373335 0.4997993165764616 0.49955759541803607 0.5000679112959782 
0.07246471925906353 0.6454768773905881 0.4998736661362505 0.5001230596483182 0.49982862956469853 0.4996102463927629 0.5000808944694494 
0.9623654007161984 1.0 0.49985314714260776 0.5000722815421746 0.4998675143293222 0.49960594097067446 0.5000812646879276 
0.10204538637917798 1.5355023338682605E-4 0.49985814473003165 0.5000150140252216 0.49982864322278936 0.500351651372761 0.5001543066430789 
0.37911185887111043 0.9057679372923897 0.49965291112781823 0.5000997396961229 0.49983428976838074 0.499714127158555 0.5000994806402601 
0.6455555382106138 0.010235910661281267 0.4998529296896639 0.5000535953865471 0.49982001240577034 0.49972906601793804 0.5000474168739828 
0.5547264313875144 0.7365753781208657 0.49984905002201263 0.5000722418433098 0.49982334471595585 0.500362953808495 0.5000499878325984 
0.8904028552666169 0.17749685988216538 0.49965856133344966 0.5000674376082493 0.49983427816145015 0.4996763767412247 0.5000704990247453 
0.5056917139275608 0.3151297059892941 0.4997893696256717 0.5000289824575912 0.4997953939366142 0.5003099988662276 0.5001545203766714 
0.5271759787229208 0.17232881322179772 0.4997911513863816 0.500077086921386 0.4998345889600426 0.4996245863983688 0.50007095403321 
0.891165507553665 0.2813026315551408 0.4998542489582843 0.5000696926882326 0.4998145036220003 0.4996924113099112 0.5000982385737175 
0.9208377611491209 0.21309379512709004 0.49985764642764374 0.5000696926882326 0.4998145036220003 0.4996932190066672 0.5000982385737175 
0.8714593985605226 0.8091077393505 0.4998592163105342 0.5000710699222939 0.4998320453819645 0.5003700610571505 0.5000846023087808 
0.8859513724056587 0.8478348320605672 0.499858176721832 0.5000872080078224 0.4998245921254112 0.49958971136735425 0.5001794317478745 
0.6851003920090041 0.269187576465481 0.49985248881410144 0.5000503843829857 0.49982334528226874 0.5003607765579672 0.5001580405413025 
0.9663573867051651 0.31151774201541005 0.49985321642877606 0.5000607760968819 0.4998222641171535 0.5004411202235575 0.5001064623995466 
0.17274461692079324 0.7599669322332642 0.4998581521982736 0.5003973671112509 0.499828607137393 0.49960572299970546 0.5000366224123624 
0.47168675194292947 0.7850260050340748 0.49987041094937074 0.5003878940583456 0.49981428191183397 0.4996881535965029 0.5000699532020125 
0.33452431347870637 0.0822014596294671 0.4998585945885062 0.5000686770224155 0.49981829301527364 0.49972720323535896 0.5000570241250915 
0.9567095798367377 0.09686808736819619 0.49985962033649006 0.5001078836144685 0.4998167159198758 0.49965756944009554 0.5004398373926967 
0.8079763085821563 0.32309285572441077 0.49964155568809326 0.5000944537826892 0.4998246482028169 0.49958587184205244 0.5000769239635028 
0.9663573867051651 0.27814067032095685 0.4998616371148014 0.5000607701333002 0.4998222641171535 0.5004411202235575 0.5001064623995466 
0.8079763085821563 0.2248480665398219 0.49964155568809326 0.5000948525611342 0.4998246482028169 0.49958587184205244 0.5000777785644238 
0.918978516523248 0.09365031773490212 0.4998572947611655 0.5003941376178361 0.49982857111045564 0.500294575150523 0.500109357125984 
0.7496719077397972 0.08230213072378462 0.49986123788044945 0.5000544770282336 0.49981505757732014 0.49961501166808325 0.5001868397697199 
0.5122228520528338 0.3431670646798527 0.49978731140373206 0.5000992931665599 0.4998356407167064 0.49973237708222545 0.5000994806402601 
0.9021780053603712 0.06220973546801345 0.4998754093464182 0.5000583915635377 0.4998348538406192 0.4996784741645678 0.500098872259732 
0.46666074747523656 0.16469360669548572 0.49987049316143933 0.5000716548875643 0.4998346057931615 0.49962335383323087 0.50007095403321 
0.6257443565461934 0.7596468098177126 0.4998407474101191 0.5000869151230903 0.4998194839231748 0.49959069604431366 0.5001170512316677 
0.34294598474253507 0.8670428178574157 0.49985266793872246 0.5001074237377329 0.49981830975185015 0.4996581981154331 0.5000655682648886 
0.6934219594087423 0.9515402094025522 0.4998570536106615 0.5001221208060902 0.49982862956469853 0.4997333023748306 0.5000875192678653 
0.9798873345959961 0.7850260050340748 0.49980087817319646 0.5003917313181059 0.49981428191183397 0.4996886986097802 0.5000356991766001 
0.5516340319178732 0.06372914559937966 0.49964976852662313 0.5000533196653213 0.4997644020953146 0.499615342374751 0.5000895450320464 
0.49615755259243083 0.8812333930104554 0.4998742638699965 0.500090663669519 0.49983468317434576 0.49961993051931036 0.5000863737076582 
0.8105039777604063 0.7567077195282775 0.4998526367259472 0.5000170972872567 0.49982176474051515 0.4996924782761583 0.5000462670246546 
0.9429990541408363 0.2972013691910802 0.4998542489582843 0.5000696926882326 0.49981453043804414 0.4996924113099112 0.5002846014794365 
0.061060205659669076 0.6559594140635779 0.4998581363190912 0.5001221208060902 0.49982862956469853 0.49960733066171903 0.5000808944694494 
0.44677972920929826 0.2811316632259504 0.4998435585828684 0.5000648019060463 0.49982228849311416 0.4996877712491463 0.500098306760723 
0.1997410430974223 0.9174460766273456 0.4998534432291439 0.5000288543601613 0.49982203658666996 0.4995821803978085 0.5003473699907613 
0.9310788867480191 0.9997201195953408 0.49985297228275455 0.5000497587455481 0.4997884826126276 0.49968842814569114 0.5001861428171788 
0.37916770625124685 0.9057679372923897 0.49965291112781823 0.5000997396961229 0.49983428976838074 0.499714127158555 0.5000994806402601 
0.6622826918876465 0.11079101723780363 0.49985262566883054 0.5000497527819664 0.4998286714253297 0.49968847886951145 0.5001064764683948 
0.6632206324588339 0.8090431979417584 0.4998526367259472 0.5000582334184598 0.49982176652786103 0.4997016360364964 0.5000462670246546 
0.6795958134223975 0.3151297059892941 0.49985248881410144 0.5000287989359944 0.499796318747991 0.49962420636747157 0.5001568597848928 
0.768421569408485 1.0 0.49985317294548093 0.5000722815421746 0.4998671489507243 0.4996128203961736 0.5000812646879276 
0.0389187237407001 0.6559594140635779 0.4998736661362505 0.5001224682452461 0.49982862956469853 0.4996102463927629 0.5000808944694494 
0.993916510633506 0.0822014596294671 0.49985841714657486 0.5004091126398379 0.4998147807347019 0.49968855278441143 0.5000447290514233 
0.32702745198844746 0.8670428178574157 0.4997747701110947 0.5001074237377329 0.49981830975185015 0.4996583498630746 0.5000565461976114 
0.9349895878494205 0.8985087968162571 0.4998532953670265 0.5000501351805875 0.49980029582356833 0.500361233859429 0.5000750357449748 
0.5257611454281801 0.3180722869016533 0.49985248881410144 0.5000287989359944 0.499796318747991 0.49962420636747157 0.5001568597848928 
0.9993111865824531 0.7850260050340748 0.49985381791445405 0.5003917313181059 0.4998135010242546 0.4996886986097802 0.5000826941251881 
0.43672815935424925 0.9798413220883866 0.49984329116805554 0.5000958763519247 0.49983479545872317 0.4996790089798754 0.5005226433857377 
0.9093724029202009 0.0650156783895059 0.49985810738590214 0.5004327544698012 0.4997924927986438 0.4996945494289764 0.5000570241250915 
0.8274558941654748 0.7094967939333645 0.4998401029407672 0.5000724438717045 0.4998384183369425 0.49972699496615636 0.500076461011134 
0.9523147644201619 1.0 0.4998531637074935 0.5000698930836107 0.4998675143293222 0.5003638049711555 0.5000808963580679 
0.7861940049524112 0.9121767819814283 0.4998440409786392 0.5000501351805875 0.4998246431161206 0.5003538198477031 0.5000750357449748 
0.4816640630177066 0.8955782547792481 0.49987388960383855 0.5000583915635377 0.4998348538406192 0.4996784741645678 0.5000988264379354 
0.43393997748446 0.08230213072378462 0.49985860962357714 0.5000544220544293 0.49981505757732014 0.49961501166808325 0.5000570241250915 
0.8794272352717187 0.9515402094025522 0.4998581363190912 0.5001221208060902 0.49982862956469853 0.4997333023748306 0.5000864965264145 
0.8714593985605226 0.7071683577275218 0.4998592163105342 0.5000710699222939 0.4998321506012094 0.5003619771015709 0.5000863370023036 
0.6653809903141493 0.7983836614394039 0.49984271325852536 0.5000529238193767 0.49981959360037387 0.49973021853575655 0.5000475268442941 
0.8290219594000279 0.35478137869693505 0.4997586703412828 0.5000117967375773 0.4998674820298973 0.49955737547046075 0.5000592242221824 
0.602045351310849 0.6466366749001479 0.4998579550508074 0.5001176115366653 0.4998324967616993 0.4996596135230538 0.5000863370023036 
0.9932097467332504 0.0650156783895059 0.4998584171764733 0.5004091126398379 0.499793232513496 0.4996945494289764 0.5000570241250915 
0.5847560438104978 0.9879411495598155 0.4998589470246362 0.5000497527819664 0.4998166714537898 0.4996883606372753 0.5000764233208151 
0.8615171717779551 0.7365753781208657 0.49984905002201263 0.5000722418433098 0.4998285882322402 0.50033701368071 0.5000499878325984 
0.6355653889166116 0.1900418492145609 0.4998537104126503 0.500077086921386 0.4998221065003605 0.4996245863983688 0.50007095403321 
0.9208377611491209 0.7567277266085882 0.49985764748238676 0.5003998700378031 0.4998145036220003 0.4996024235334203 0.5000969840515612 
0.9208377611491209 0.8971338145872676 0.4998572849334504 0.5000696926882326 0.4998145036220003 0.4996932190066672 0.5000988258264512 
0.542796608488295 0.18451822234578083 0.49964977816669026 0.5000674376082493 0.49983267318518654 0.49961625408177524 0.5000710144594246 
0.6021574081357907 0.22931340881863932 0.4997677198782411 0.5000869151230903 0.4998245921254112 0.49958971136735425 0.5000981957967022 
0.7433660356812767 0.9885862344757588 0.49985314714260776 0.5000722815421746 0.49986973238462656 0.49960594097067446 0.5000812646879276 
0.0389187237407001 0.3060870946210603 0.4998744358038789 0.5001224682452461 0.49982862956469853 0.5003179835947944 0.50015386608338 
0.6300218795727891 0.8136193384323189 0.4998526367259472 0.5000159631862527 0.49982176652786103 0.4997023285372307 0.5000462670246546 
0.602045351310849 0.033924170987571126 0.49987381300691436 0.5000284004880071 0.4998325319043956 0.5003619771015709 0.5000889232031458 
0.5697732929637594 0.35383144106063946 0.4998613929687799 0.5000497527819664 0.4997908030153001 0.49968847886951145 0.5000678382756472 
0.8536108111188592 0.7079205042710078 0.49985902891897843 0.5000710699222939 0.4998324051259304 0.5003619771015709 0.5000863370023036 
