1.0 1.0 0.500268905123522 0.4998779029602791 0.5000270829555445 0.4998609431746956 0.4999438008372482 
1.0 2.056469271863598E-17 0.5002511545934536 0.49989046965213857 0.5000272969723979 0.4998627491223748 0.4999759819973876 
8.414644636139904E-19 1.2553309883782681E-12 0.5002515477896234 0.4998799490208846 0.500007346649742 0.4998584112294547 0.4996641174175 
8.414644636139904E-19 1.0 0.49939605838014683 0.4998443606449139 0.5000074119431624 0.49992048879321827 0.49994681382681927 
0.8832400749058545 0.9566124248395395 0.5002512056325437 0.4998774146171281 0.5000079000161191 0.49984821377920485 0.4996731960233999 
0.6252955980571019 0.7573446501747334 0.5002203217468496 0.5000060649228814 0.5000105614831875 0.49985925931481084 0.499984363792624 
0.9568019403062775 0.833953837568489 0.5002126591230331 0.5001190834744156 0.5000074197883275 0.49988697497235624 0.49994340971048357 
0.7600434944147316 0.833953837568489 0.5002127259418169 0.4999983082536002 0.5000074197883275 0.49988708281649 0.49994340971048357 
0.19459671588743593 0.016288063248703105 0.5002511545934536 0.4998608151074039 0.5000309181972864 0.4998527542252294 0.4996729718221451 
0.9449109893657455 0.16991294820341232 0.5002622808964499 0.49999444091822276 0.4999919512341453 0.4998639577913461 0.49963868163808395 
0.8402161890932422 0.035114782495236696 0.5002588240701767 0.5001116037789307 0.49998903087372204 0.49984716328048445 0.4996821821641112 
0.6727999186395697 0.4722790110318301 0.5003138091953369 0.5001288339433276 0.5000078131589876 0.49985821316259055 0.4996571056304174 
0.9484664394530657 0.5698470107059077 0.5002410465200124 0.500002862010754 0.5000063032623734 0.4998611028200065 0.49996576587044506 
0.9045937457451382 0.9519673029245668 0.5003651133981314 0.4998763724273664 0.5000267542640444 0.49984433140123496 0.4996828215147786 
0.28905035342961827 0.40671359839982735 0.5002146738032063 0.5001177667194333 0.5000228526604465 0.4998681694554121 0.499988301219468 
0.7334319033295469 0.6708121491464056 0.5003630444081092 0.49985834342153723 0.500007700823375 0.4998673019995695 0.49995968687198455 
0.48741335706210126 0.25810471118673894 0.5005395253399949 0.5001276179866881 0.4999291581765898 0.49978932626699374 0.4999525806355039 
0.8203906219666881 0.8346375938502106 0.5002403848909317 0.49999917278580125 0.5000072029889941 0.49986242527478325 0.49964577414660133 
0.9724035441141535 0.38238760912190134 0.5002301070211208 0.4998349051891069 0.4999919512341453 0.4998639577913461 0.4996420567529814 
0.9490421300651211 0.04792446475234324 0.5002281956327583 0.49989380719822574 0.5000270864986015 0.49979207239285384 0.4999370017930382 
0.9392596156703076 0.0011251833810450584 0.5002514489420035 0.4998678439084836 0.4999864572296787 0.499789479566675 0.499690777077409 
0.39838366912611206 0.40526985351514816 0.5002569056999483 0.4999996788354617 0.500027290974043 0.4998627305465815 0.4999777183984866 
0.15352288401021547 0.4079283154541938 0.5003655686916871 0.49998694020035916 0.49998772460378815 0.49985837392671983 0.499945737032218 
0.7811521370544543 0.8615863134782071 0.500258489928466 0.5001094405561295 0.5000127536536217 0.499787703259019 0.4999716764183483 
0.968934896273171 1.0 0.5002281956327583 0.49989380719822574 0.5000269235716502 0.49979207239285384 0.4999370017930382 
0.0902190311086267 0.7968334931970924 0.5002106083199157 0.5001269933451987 0.500007395652422 0.4998725351621248 0.49994283674901224 
0.5428224243356409 0.2678193209889013 0.5002197167477285 0.4998930960286007 0.5000213476239471 0.49982674092209545 0.4999722010464208 
0.8626563848125942 0.329878177980238 0.5002593164579134 0.4999984348634896 0.5000104427733558 0.49985929954205444 0.4996722354863807 
0.35672146113390935 0.2861081089389793 0.5003680329150484 0.500135091037389 0.5000074197883275 0.4998889206840707 0.4996729369805026 
0.48350580159747236 0.8720430624400801 0.5002152173994501 0.5000001522870043 0.49992630568648394 0.5002622746511286 0.49993897248729074 
0.9127431240615198 0.786602408486127 0.5003651133981314 0.4998473865897343 0.5000179831633302 0.49984433140123496 0.49968279309407326 
0.9771320761135261 0.40526985351514816 0.5002596017274122 0.4999996788354617 0.500027290974043 0.4998627305465815 0.4999777183984866 
0.34154578723620793 0.05338636196626717 0.5003695759306682 0.4999943687544129 0.5000105030653588 0.4997904422385218 0.49967127034291153 
0.6946163192874918 0.8620237693030985 0.5003686875332856 0.4997997001376621 0.5000140343966183 0.4998719863963465 0.4999547805347737 
0.6699210159411182 0.2892363074078643 0.5003700583468365 0.5001419014514864 0.5000281071387569 0.4998795269527109 0.4996729298283892 
0.9600749929431911 0.16991294820341232 0.4994256152666133 0.4998349051891069 0.4999919512341453 0.4998639577913461 0.4996420567529814 
0.9420330718733501 0.6839204835527231 0.5002582832739163 0.4998576112062431 0.5000077594405549 0.4998672437857828 0.49964864266303677 
0.46311994613269236 0.2996238420753796 0.500308513183847 0.4998517662224305 0.5000070068359771 0.49984966604097497 0.49965731029062777 
0.8127332671758339 0.10691065249828086 0.5002583408013666 0.5001317000574548 0.49998903087372204 0.4998468299503183 0.499661958804271 
0.9961098074029051 0.40567695789943514 0.5002243981493839 0.4998833356294519 0.5000068893465996 0.49978927887234065 0.4999644752659056 
0.9127431240615198 0.940647313713434 0.5002494300265128 0.4995064611176631 0.5000179831633302 0.49984433140123496 0.4996805270519786 
0.7752989695303731 0.9118424760497627 0.5003085105337448 0.49985237107901537 0.5000263291960099 0.49984986184077557 0.4999696347893635 
0.9158031434710352 0.9044341729470515 0.5002590995840065 0.49988264648991354 0.5000069493344844 0.49979210289357956 0.4999845904418809 
0.9866509395046469 0.5698470107059077 0.5003064358935173 0.500002862010754 0.5000063032623734 0.4998611028200065 0.4996974630979551 
0.919987454224489 0.48986599078474846 0.5002578765575662 0.4998682279577525 0.5000104005072289 0.4998624901039056 0.4999409820266825 
0.7930145359469675 0.9565152823292984 0.5002512056325437 0.4998484287794961 0.5000083845004379 0.49984821377920485 0.4996731960233999 
0.7505851775197853 0.9348939894225305 0.5003085105337448 0.49985237107901537 0.5000263291960099 0.49984986184077557 0.49964476770238636 
0.5024577145528016 0.11592250904359439 0.500262243354712 0.4998601315841484 0.49998750312255863 0.4998577713111597 0.49999616876020986 
0.43214705729582087 0.988356219212819 0.5002542985578068 0.49989424019018114 0.5000104816320325 0.49987540643398864 0.499672809119746 
0.054530294316517014 0.5538228027090466 0.5002513126480541 0.4999934136294375 0.5000068395261295 0.4997913232945117 0.4999611947666234 
0.8571709075128504 0.004567123005224272 0.5003165236817277 0.4998608151074039 0.5000287249728403 0.4998527542252294 0.4996566837888956 
0.37754702553531483 0.9201863051414185 0.5002583408013666 0.5001073582219377 0.500006688623452 0.4997871688343202 0.49996445074395507 
0.6100854884455146 0.9620991052962478 0.500259798543539 0.4998122736000982 0.5000277299449332 0.4998764031648858 0.4999453298090627 
0.6521665891556219 0.833953837568489 0.5003671503573297 0.50000092151906 0.5000073018354404 0.49988891438344873 0.49964347179008006 
0.22211889387246964 2.056469271863598E-17 0.5002525011055003 0.4998591280699889 0.5000286540695248 0.4998527542252294 0.4996729718221451 
0.2943614593742332 0.03679294071789807 0.5002410991014499 0.500122873511527 0.5000215495726862 0.4998227122029419 0.4996825700587144 
0.08672231423525031 0.49379640487609616 0.5002208392168153 0.49986451275959864 0.5000210975161892 0.49989488384457703 0.49995104144436353 
0.6549660579448701 0.16747467390567317 0.5002579892370965 0.4999996331088227 0.5000105279983535 0.4998629287766546 0.4996841096447089 
0.6898567073755723 0.507895797229633 0.5002509485051387 0.49983887941672817 0.5000107595830382 0.4998532068447312 0.49966816026047733 
0.8850298811933877 0.26775312723293765 0.500363935510947 0.49999444091822276 0.4999850225805232 0.4998605696395421 0.4999853888643262 
0.8163416554347449 0.07338915363974169 0.5002583409778454 0.5001116037789307 0.5000321567950637 0.49984720423354084 0.4996822394649664 
0.3956247380345763 0.3902365673752174 0.5002568960223704 0.5001245068162831 0.49998932820356873 0.49971485268416094 0.49966816026047733 
0.8079597737736466 0.9415990122566207 0.5002495582988032 0.49985398439334844 0.5000120129580399 0.49985875459623885 0.4999451356855467 
0.03567235170064581 0.7734490697677605 0.5002591402380878 0.5000940931529843 0.4999881327286166 0.4997934621009268 0.4999478913145457 
0.5402363304138011 0.49379640487609616 0.5002200007332023 0.49986451275959864 0.5000215141244954 0.5002473002401215 0.49995104144436353 
0.22174589184444607 0.4283712057053103 0.5002146738032063 0.5001177667194333 0.5000228526604465 0.4998523906542734 0.4999849244957706 
0.8595503683669059 0.25810471118673894 0.5005395253399949 0.5001276179866881 0.49992904125025733 0.49979115023729215 0.4999525806355039 
0.7687925055298971 0.4037146418511667 0.5003078576449953 0.4998650950001179 0.500027644951266 0.4998624286354319 0.49996518862920014 
0.6081888928344658 0.17511670787329642 0.5002194282292161 0.5000007847890041 0.5000273963182449 0.49986246298573955 0.4996742662396857 
0.7195045133724688 0.7470793645857369 0.5002558603066528 0.4999985284209404 0.4999881327286166 0.4997902666164822 0.4999478913145457 
0.5639673531267007 0.4891395095251958 0.5002200007332023 0.49986451275959864 0.5000212106798558 0.49987376094414404 0.49995104144436353 
0.9132485151011929 0.3891510850912897 0.5003648397837992 0.5001289834691515 0.49992814898124044 0.4998723155161397 0.4999783529523373 
0.5960285217157958 0.9728423035889076 0.5002582017064071 0.49988234314436464 0.5000271757647377 0.4998479556178814 0.49964371570324734 
0.8338301580313935 0.43756344352960774 0.500259191798824 0.5000077997304504 0.4999877540441589 0.4998464988008384 0.4996791958117054 
0.289859759083673 0.26775312723293765 0.500363935510947 0.49999444091822276 0.500022410348309 0.4998605696395421 0.49998907622083333 
0.1255473889641543 0.035979497203941 0.5002410465200124 0.500002862010754 0.5000266303483414 0.5000090064393298 0.49996576587044506 
0.9917562311804089 0.9996315498167123 0.5003608980986001 0.49999862424983155 0.500007700823375 0.49991575685629464 0.49994509099247914 
0.5707394137694224 0.16747467390567317 0.5002623785676947 0.49986159402920566 0.5000105279983535 0.4998629287766546 0.49968289013665523 
0.6903918461302447 0.7949266745637769 0.5002596090819954 0.49999920762527295 0.5000072850426056 0.49971073119968734 0.4999611947666234 
0.9984877707595977 0.0037403841779900804 0.500257664658865 0.49986905586631963 0.5000275976666176 0.499866278319965 0.49993760712401947 
0.9992460640260994 0.4722790110318301 0.5003138091953369 0.5001288339433276 0.5000067788435214 0.49985796943665584 0.4996571056304174 
0.7135296208369459 0.2861081089389793 0.5003680329150484 0.500135091037389 0.5000074197883275 0.49988845730744774 0.4996729369805026 
0.3569795739197914 0.11592250904359439 0.500262243354712 0.49986071529609505 0.4999872877326633 0.499889671464168 0.49999616876020986 
0.9252729534842045 0.002672278682253504 0.5003575514388038 0.49989277250921604 0.49992146160563106 0.4998590974896234 0.4999817318072608 
0.8925907533317028 0.47774755712292316 0.5003652647724285 0.499993864925752 0.5000065300653115 0.499858180660322 0.49965296577389184 
0.48408835138021145 0.833953837568489 0.5002142619771289 0.50000092151906 0.5000076725084813 0.49985783960285174 0.49994340971048357 
0.9871272683780725 0.6708121491464056 0.5002622481421625 0.4998589005776254 0.500007700823375 0.4998673019995695 0.49995968687198455 
0.8011255033482726 0.3696583156790062 0.5003700582241262 0.49980551382797106 0.5000288134051714 0.4998720415204528 0.4999547805347737 
0.4843464641660935 0.11592250904359439 0.500262243354712 0.49986071529609505 0.4999875404528171 0.4998585903829491 0.49999616876020986 
0.9486379050714648 0.022995902562476744 0.500213709726917 0.49986879719748106 0.5000270109631348 0.5000093459993029 0.4996911841061629 
0.674410144480283 0.507895797229633 0.5002559734851172 0.49983887941672817 0.5000321359402173 0.4997115517878432 0.4996845491024704 
0.9618362902201825 0.16991294820341232 0.4994256152666133 0.49983496580239484 0.4999919512341453 0.4998639577913461 0.49962282375439326 
0.2608377583372587 0.03679294071789807 0.5002410991014499 0.500122873511527 0.5000215495726862 0.4998227122029419 0.4999795248746249 
0.5260095204364332 0.40526985351514816 0.500259142250568 0.4999996788354617 0.500027290974043 0.4998627305465815 0.49996474705616467 
0.8402161890932422 0.10691065249828086 0.5002583408013666 0.5001116037789307 0.49998903087372204 0.49984716328048445 0.49965751720625423 
0.9175644407492315 0.9044341729470515 0.5002590995840065 0.49988270710320154 0.5000069493344844 0.49979210289357956 0.4999653574432928 
0.9405746811050358 0.9931188314148627 0.5003624044942717 0.49985142206953004 0.500027941568955 0.49985841652348956 0.49998460187250476 
0.9287271475584681 0.24540118048252785 0.5002467270333526 0.4999870075255836 0.5000282896915864 0.5002341164769634 0.499984374815148 
0.9386323595320213 0.9609566965653289 0.5003058514670838 0.4998678439084836 0.4999853861877961 0.49978975052530183 0.49969037065702104 
0.3440463072386921 0.3917771581759194 0.5002568960223704 0.5001245689926225 0.49998932820356873 0.4998886895069556 0.4996758128829672 
