1.0 1.0 0.5163487167203985 0.5004842350994447 0.4997467996156802 0.5999840995487895 0.4998404013091298 
0.0 0.3703348661637272 0.500110383592667 0.499975640114331 0.4998452956446979 0.599959111107151 0.5000067304688445 
1.0 0.0 0.5002483328881789 0.499897348798442 0.49968015402793614 0.5010102225349038 0.5002735804721451 
0.9930621031696754 1.0 0.5001128536283347 0.4998164005748485 0.5000435828278862 0.5997858249757445 0.5002952459145027 
0.001046550968678693 0.008163360156169197 0.5000900511019234 0.49989591586230825 0.5000838879742288 0.5010054384087752 0.5002894440579283 
0.9870794713651795 0.0 0.5002155227621803 0.499897348798442 0.49967603997337456 0.500947021230765 0.5002735804721451 
0.9873609402110607 2.315843967321072E-6 0.5002151774879726 0.49998734298089753 0.49974544596188086 0.4995232140099531 0.4998854209379525 
0.002337718046212356 0.0 0.5001124156772573 0.49995693983847544 0.4996774768078733 0.4997496831028245 0.49986064994147383 
0.001046550968678693 0.999981341245644 0.5000922970884077 0.49989591586230825 0.5000815884491285 0.5010054384087752 0.5002731039561694 
0.4570543917016567 0.005446463934880755 0.500089284334227 0.49989591586230825 0.5000838879742288 0.5010054384087752 0.5002894440579283 
0.44734700746034806 0.08311212963531868 0.5002683876999449 0.49996216148021655 0.4998397448152329 0.5000215878887189 0.49987074711547125 
0.8156012105455556 0.05669888354334193 0.5002628887517708 0.4999762819911581 0.49974713133969934 0.500107007663512 0.5000094951488206 
0.6363113420081635 0.0024346975352090225 0.5001182274880751 0.49989799566445536 0.49983143967825716 0.5002287338030997 0.4999990592744882 
0.6026190148168821 3.3331948245135523E-4 0.50029343981797 0.4999964168297989 0.4998425108314822 0.5000476400168878 0.49981504183069725 
0.4848541105371338 0.020280925886084388 0.500114457611623 0.4999933144366837 0.5000634200403742 0.5000342525021858 0.5002653983026176 
0.6563543218507714 0.0019839552180175857 0.5001189145653133 0.4998978546755336 0.49983148906804425 0.5001548534659338 0.4999990592744882 
0.7692974206222319 1.0 0.5002184347212312 0.5004995301561059 0.49974633221974973 0.5997864606919181 0.4998615866140978 
0.7464239580986711 0.06249414411179702 0.5001202389113663 0.4999986259208596 0.4998328036878891 0.5000296715330581 0.5000193492772111 
0.6476361901067031 0.11781585907164244 0.5000999788622035 0.4999763947791005 0.49985317780133043 0.5002278152467206 0.49987220435188956 
0.7363904087833687 0.09131955255734368 0.500120643617806 0.4999953959390691 0.49968169934954465 0.5000298604397864 0.5000096460893223 
0.7357239249309693 5.064357315577965E-4 0.5002151774879726 0.49999873373240805 0.49974544596188086 0.5000380791721462 0.4998873805708606 
0.8788521884799849 0.4329989348358356 0.5002549800264331 0.4999763947791005 0.49985165484393984 0.5000225609190557 0.4998397011255834 
0.12544375544436526 1.045846963398725E-4 0.5002689269203903 0.49998624974429623 0.49974682944968885 0.4998362313270404 0.49984444070022316 
0.9715667432208868 0.3211446705702058 0.5002931737561297 0.49997305590828095 0.49968009601982416 0.5009851700383229 0.49987801930623915 
0.5561141815356936 0.0602384582656354 0.5001057373306889 0.49996229655019647 0.5000500193265183 0.5001816241142997 0.4998731526278036 
0.30590134586115825 0.5548691777260208 0.5002802518977746 0.4999778054085649 0.4998312976736916 0.5000267853057698 0.4999965123349963 
0.9782522291884873 0.06898836730650179 0.5001171277225609 0.4999716467652077 0.4996680722011376 0.5000298574668393 0.499861295048994 
0.06812145706676564 0.06406055589238421 0.5001223146018929 0.4998418757761222 0.49983243333737104 0.5000305204851835 0.4998627698383794 
0.05753815408821872 0.011088256849609873 0.5002530878318385 0.49984746235116123 0.5000526061206478 0.4999700403488859 0.49983779682875307 
0.33691320891304305 0.07030287134209867 0.5001224570032503 0.4999943717094404 0.4996820232764985 0.5000173488429712 0.4998783616162875 
0.7054561803453481 0.0043163868798271054 0.5002766928640663 0.49981580029053996 0.5000451609160218 0.5001394734389913 0.4998680430600746 
0.19251698248148652 0.07046892000178273 0.500120249619028 0.4999953959390691 0.4998436137354594 0.5000298604397864 0.5000096460893223 
0.6187887936939445 0.07046892000178273 0.5001087344518108 0.4999953959390691 0.49968169934954465 0.5000471199679382 0.49981478799165824 
1.0 0.0028293536848632873 0.5002530878318385 0.499897348798442 0.5000526061206478 0.5001780180041421 0.5002735804721451 
0.8539120683176701 0.532805504494127 0.5001240386622964 0.4999766826861791 0.49984449992553853 0.5000205877254967 0.4999973245640378 
0.5491498693151979 0.3873645935862352 0.500111166159092 0.49996369802090496 0.4998452956446979 0.5001732632854311 0.49984444070022316 
0.9058950857013933 0.5143582373398526 0.5001254187136089 0.4999766801052567 0.4997468198028409 0.5000205877254967 0.4999973245640378 
0.893430255937168 0.5290444149203614 0.5001255504723167 0.4999629588744824 0.4997472855198434 0.5000205877254967 0.4998490066865912 
0.9687014540477168 0.49745842415954 0.5001272327391253 0.4999953959390691 0.49985118636238896 0.5000196871730068 0.49999633376509806 
0.959665599411904 0.9693219947091469 0.5001240253259351 0.4999766826861791 0.5000774022087294 0.5000205877254967 0.4998461173563055 
0.8441990886565459 0.9928997589126246 0.500120701430726 0.4998374304228847 0.49978872988913214 0.5008743584677864 0.5001935932341028 
0.7659773798762503 0.9758179495233879 0.5001189145653133 0.49983018466672563 0.4998426932879798 0.5000303001494273 0.49986148902062427 
0.16477635397768203 0.07046892000178273 0.500120643617806 0.4999953959390691 0.49968169934954465 0.5000298604397864 0.49985568958147353 
0.2801515602106328 2.1402849544236756E-6 0.5000919244111798 0.49995809770678257 0.4998469267604877 0.5001928374175277 0.49987661563196895 
0.07684372855231364 0.3929673162920774 0.5001112122303741 0.4999953830793107 0.4998505374197326 0.5000486847669143 0.49985294099568733 
0.16477635397768203 0.01637173402644959 0.5002704582321849 0.4999947674287474 0.49968169934954465 0.5000298604397864 0.4998442126528833 
0.892431148692794 0.05669888354334193 0.5002700933459053 0.4999774191859896 0.49974707768265464 0.500108847668089 0.5000094951488206 
0.8450015620380036 0.0 0.5002602940442182 0.49995693983847544 0.49967751871010585 0.5000476533992138 0.4998602534362943 
0.8736010848588927 0.5327015314197376 0.5001240253259351 0.4999766826861791 0.49984403420853607 0.5000205877254967 0.4999973245640378 
0.7334354766030438 0.999981341245644 0.5001216783415624 0.4999745074276124 0.5000815884491285 0.5010054384087752 0.5002769999927846 
0.9208086568994185 0.0 0.5002618912590331 0.49995693983847544 0.49985284115160644 0.4997496831028245 0.49986064994147383 
0.5870591708393664 8.538669706860125E-4 0.5001057373306889 0.49998396589219773 0.4997454170761576 0.5001561951924214 0.49987295636383877 
0.7245257371170688 5.296866562256256E-4 0.5002482865005503 0.49999873373240805 0.49974544596188086 0.5000380791721462 0.49987627472965956 
0.18394627104310524 0.532733825808712 0.5001255504723167 0.4999629588744824 0.4997466641369339 0.5000205877254967 0.49985114985259643 
0.4537870079275118 0.09132102872938201 0.5002683876999449 0.49996216148021655 0.4998361769687751 0.5000215878887189 0.5000066023721587 
0.31269223561268733 0.0031773130026518936 0.5002802132223988 0.49998394492330966 0.49984376269770747 0.5000266053817237 0.4999901773599577 
0.7701445892248842 0.06249414411179702 0.500099935609084 0.49984023956519846 0.49983305104804004 0.5000296715330581 0.4998624105607858 
0.9423560546834615 2.315843967321072E-6 0.5002479876139712 0.49998734298089753 0.4997475517491193 0.4995232140099531 0.4998854209379525 
0.8450015620380036 0.009741369436992442 0.5001231872369256 0.499976629184001 0.4998412928593544 0.5000208523880207 0.4998602534362943 
0.22669730651143943 0.019968650115010724 0.5002709315321281 0.4999642429826019 0.4997440925358405 0.5000750168477306 0.4998382412781215 
0.9839735089224159 0.8794866294754772 0.5002473692274456 0.4999576080430364 0.4998464847698662 0.5000135453107505 0.5003070820969482 
0.5876758953664685 0.06975258289647618 0.500116091824212 0.4999953830793107 0.49974711782217945 0.5000486847669143 0.49985294099568733 
0.20280043311878648 8.309298553075412E-5 0.5001194288595945 0.49997748634760564 0.4997470785868439 0.4998362313270404 0.4998742270744948 
0.5830215789465614 0.49767227267014696 0.5001033214403806 0.4999953959390691 0.499853080825355 0.5000196871730068 0.5002815408731023 
0.7934685923710768 4.474353997896349E-4 0.500262828718326 0.49995639035091477 0.4996839117973234 0.49976930584631957 0.5000080369855581 
0.6094722339196531 0.12380287531775253 0.5001035788500051 0.4999902510143186 0.49983298717846186 0.5002278152467206 0.4998625268984435 
0.8512753894877002 0.5920542170664554 0.5000993457153523 0.49999101382171657 0.49974120476939493 0.5000296388717874 0.4999931147802477 
0.02644159068087515 0.4198190835905445 0.5000902509564245 0.49997659561283553 0.4998425851869116 0.5002749183733284 0.49984260041275663 
0.2504246307663241 0.07414704640669223 0.5002515394015238 0.49989306642864834 0.49985103305116846 0.500034398200348 0.499871010012586 
0.29562732047116946 0.6659160048786923 0.5000916111391306 0.49995873354424 0.49974775145254624 0.50002238447697 0.4998388494016322 
0.2825660067192295 0.9960015744238474 0.500120682374106 0.49999509625886013 0.4997697492512114 0.5010603379892171 0.5001908577047334 
0.23219586778991524 0.07027716226040173 0.500120643617806 0.4999953959390691 0.49968169934954465 0.5000298604397864 0.5000236976153728 
0.5749936191057398 0.4205196675717033 0.5002549800264331 0.4999786894025352 0.4998526798206114 0.5002631048717954 0.4998720734227094 
0.27365310951425 0.12658911516178353 0.5001035788500051 0.49995860232176514 0.49983298717846186 0.5001925299119 0.4998761418023954 
0.928570768521144 0.025144588517792055 0.5001189145653133 0.4998356584532053 0.4998426932879798 0.5000303001494273 0.5000096846599444 
0.9675547692285539 0.019846782443794342 0.5001168838286376 0.49980997883327544 0.5000504132907565 0.5000344301183927 0.5002861172929325 
0.9818063850860747 0.08278953124964177 0.5002199330699848 0.49998734298089753 0.4998530778357968 0.4994986028372883 0.49988503510782223 
0.9425849535876271 0.9999808007186941 0.500107042519998 0.49989591586230825 0.5000896905360483 0.5015500370839069 0.5002698061311107 
0.9936156705874657 0.029118999486843933 0.5002466843202248 0.49995792975965614 0.4998464847698662 0.5001030517377684 0.5000053137652053 
0.3009499221544388 2.080421008394829E-4 0.5002789423386595 0.49998877192161123 0.49985582647784693 0.5000244469863492 0.49981662696113655 
0.7235841856374029 0.49944558552629914 0.5001212223597943 0.49999474055217624 0.49984651947811837 0.5000144605347042 0.49983865967318153 
0.03816132366983788 0.06406055589238421 0.5001223146018929 0.49980188819926225 0.49983243333737104 0.500030159722389 0.5000056900249177 
0.7691889816192099 0.576571299273893 0.500099935609084 0.4999771116365084 0.49985324167090855 0.5000296715330581 0.49981655841017664 
0.5876758953664685 0.10244433205009201 0.500116091824212 0.4999953830793107 0.49974711782217945 0.5000486847669143 0.49985294099568733 
0.9997719091320385 0.0028293536848632873 0.5002530878318385 0.49995494362058684 0.5000526061206478 0.5001780180041421 0.49984957020168985 
0.9998065759564924 0.9030058680881428 0.5003328794873071 0.5004790184611914 0.5000812562450551 0.5000205877254967 0.499840124315019 
0.7079992972659295 0.004079929213299749 0.5002785062495108 0.49981580029053996 0.5000451609160218 0.500135091640445 0.4998680430600746 
0.9941226749004897 0.015251576475081156 0.5002473692274456 0.49995792975965614 0.4998464847698662 0.5001030517377684 0.5000053137652053 
0.8819212643701013 0.4878378178915228 0.5001168838286376 0.49980997883327544 0.5000498110969254 0.5000350548069661 0.5002737212980154 
0.1707485066305173 0.5343852302059655 0.500124171819506 0.4999941697834092 0.4997466346188672 0.5000328424607347 0.49999673320898147 
0.2252370075020504 0.07027716226040173 0.500120643617806 0.4999953959390691 0.49968169934954465 0.5000298604397864 0.5000096460893223 
0.19013342034369918 0.006160727275252409 0.5001026867130463 0.4999953970521877 0.4996837423657466 0.5000448312803807 0.5000082801884215 
0.5830215789465614 0.359122630575316 0.5001037195611141 0.49997372469005247 0.499853080825355 0.5000196678779562 0.5002815408731023 
0.16477635397768203 0.020084291839052554 0.500120643617806 0.4999953959390691 0.5000640404391635 0.5000196871730068 0.5002815408731023 
0.7934685923710768 2.2356504866698212E-5 0.5001167944778327 0.4998504927396634 0.4996839117973234 0.49976930584631957 0.5001919498216343 
0.033854154616309196 0.012542051451936709 0.5001111535045734 0.49984990077379504 0.4998476828448839 0.49996567176755863 0.5001788017712301 
0.0745539212259424 0.3873645935862352 0.500111166159092 0.49984829926171603 0.4998452956446979 0.49996567176755863 0.49984444070022316 
0.8060439424677159 0.4329989348358356 0.5001233743909429 0.4999762882516108 0.49978731551215005 0.5000225609190557 0.5001869054068158 
0.8873111063526514 1.4465181943711797E-4 0.5001240199410689 0.49979307654376537 0.4996680722011376 0.5000298574668393 0.49981696334026793 
0.80984581138621 7.119849111164867E-4 0.5002619101100638 0.49995693983847544 0.49985284115160644 0.4997496831028245 0.49986026906439107 
