1.0 1.3276582896121292E-17 0.39960364997066666 0.4998523636004681 0.49978995899521633 0.5997623364865171 0.5989177635188535 
0.0 0.7765063561794469 0.49999695859458754 0.49981985842461196 0.4999698729141658 0.5999468771830871 0.5003795275367257 
1.0 1.0 0.5000679714257551 0.5001639836214516 0.5002493104625548 0.5999206449670728 0.6002666121880961 
1.0 4.429239668455099E-4 0.4997655866185894 0.49985865955231035 0.500214903708511 0.5999278408432116 0.5997388662751526 
0.9842780192611593 1.0 0.49857975140987776 0.49996453162050525 0.5001158004435373 0.5996525573249802 0.5004626359332736 
0.961357012953329 1.0 0.49857975140987776 0.49995923595704256 0.500167378257035 0.5996540142838929 0.5004638862771524 
0.7714945914053244 0.7399559219275199 0.49988819779804955 0.5006037570085601 0.5001674027926767 0.5001293341020749 0.4999205286428656 
1.0 0.9974629148677907 0.4998850152619907 0.49999477112320173 0.50000237900506 0.5998960696194288 0.49940698499475544 
0.9999769115789888 1.3276582896121292E-17 0.4997714513405427 0.499506071402921 0.5003921971811588 0.5999172535923054 0.49892049195362703 
1.0 0.10931063003384683 0.4997103437116725 0.4998569325463511 0.5002438245292954 0.5999940669633336 0.6001927248802605 
0.29506238744131597 0.9857940027254212 0.49976015495503623 0.49996543945527805 0.5002072197408062 0.5999105480494654 0.49991362776434106 
0.9059424651644472 0.985502872019622 0.4998828726938485 0.4998264590381688 0.5003214333525174 0.5999378913169632 0.5002136316068585 
0.505025322641607 0.9919232942576471 0.49989172723672193 0.500638848463845 0.49974267977852305 0.5999453437652587 0.49965644385509783 
0.5009063420229896 0.053433113147516254 0.49976778933160426 0.4999509077610481 0.5003149386237624 0.5999914837299133 0.500192864679089 
0.38761447332569643 0.9408210555930713 0.49977593499927286 0.5000580930845507 0.49970286552559534 0.599940704356606 0.49939747800063883 
0.5692995119729339 0.03765431859605989 0.4998791031454894 0.4999608943672849 0.5001673881363281 0.5999400491721806 0.49940792917701854 
0.38761447332569643 0.15492968898485882 0.4997792258480843 0.5000580930845507 0.49970286552559534 0.5999405960960518 0.4996513347399993 
0.6516155246648712 0.9896532882618495 0.4997594906765162 0.5000581793178298 0.5000022134663576 0.599937679447739 0.4993874160413853 
0.4582714500718337 1.0 0.49988675391041026 0.4999589306102149 0.5001668125534903 0.5999182129937227 0.49991121333482835 
0.8289349975735649 0.07211492593451546 0.4998788438149395 0.4999590027614743 0.500167402322477 0.5999262487017786 0.4999205286428656 
0.06523839746975052 0.014007964151770854 0.49975855104222355 0.4995139577042231 0.5000043775349213 0.5999184726828348 0.4993953987149625 
0.9933175046898735 0.7399559219275199 0.49988830060784084 0.499850772961011 0.500167402322477 0.599886741565853 0.4999205286428656 
0.38761447332569643 0.928735468018873 0.49977593499927286 0.4998303054783165 0.49970286552559534 0.5999405960960518 0.49944076691200173 
0.20999503549652015 0.07586064944166154 0.49977922693622756 0.499945253637908 0.4997622428518051 0.5999393561444538 0.4996524000751839 
0.7806499152060455 0.9868658718313257 0.49975835017547937 0.4999562471022375 0.500167113415461 0.5999188543800053 0.49934599105799726 
0.7691645181299082 0.22961016822152203 0.4998881974691339 0.5005833334340833 0.500166810364274 0.599886741565853 0.49997516134042014 
0.27668478095214855 0.9949588048463469 0.4997557050217481 0.49990761786191495 0.49976729852637725 0.5999270887818773 0.4996055959288235 
0.6808123593098495 0.9711684331218756 0.4997935580336526 0.49996103628955085 0.5002076259828724 0.5998826225998334 0.4993486574743795 
0.9973297002095494 4.721992330580728E-6 0.49988663213032175 0.499466023005181 0.500166763291627 0.5998941468111894 0.4999765781192228 
0.7646366387337504 0.9908189610822814 0.49975835017547937 0.4999562471022375 0.500167113415461 0.5999188543800053 0.4999414670450365 
0.7377643389178506 1.3276582896121292E-17 0.5000000721846539 0.499506071402921 0.5003921971811588 0.5999172535923054 0.49892049195362703 
0.20999503549652015 0.6380023233523648 0.4997742251127251 0.5006303543927302 0.4997622428518051 0.5999453732324431 0.4996524000751839 
0.15592965360437352 0.014219171019269186 0.49978994146967853 0.4998542592919579 0.49974420319453966 0.6000041304419678 0.5001401999040641 
0.6110413139476534 0.9473111227338603 0.4997938247872149 0.4999591290390551 0.500167402322477 0.5999238121328815 0.49937001880591353 
0.6204501121912182 0.07586064944166154 0.49977922693622756 0.4999448564423249 0.49974915052002855 0.5999394947003102 0.4996524000751839 
0.9901524966688822 0.22961016822152203 0.4998883002789252 0.4998303493865342 0.5001668098940742 0.599886741565853 0.49997516134042014 
0.574090892659338 0.902562213231078 0.49975835017547937 0.4999562471022375 0.500167113415461 0.5999192557365356 0.49939793037731783 
1.0 0.07155360534433808 0.4998850152619907 0.5005746571973666 0.5001779628925174 0.5998960696194288 0.6002139250710825 
0.45391624032448563 0.0914165024329255 0.4997740355639989 0.4998299552801559 0.5001669773747847 0.5999105566722825 0.500809120092618 
0.9994234530245445 4.721992330580728E-6 0.4996752490187622 0.499466023005181 0.5001678925580035 0.5995318112176274 0.5006483117191476 
0.7496471845597084 0.07586064944166154 0.49977922693622756 0.499945253637908 0.5001532551194043 0.5999393561444538 0.4996524000751839 
0.9933175046898735 0.8281580905227652 0.4997072061726132 0.49985474802378804 0.500167402322477 0.599886741565853 0.4999205286428656 
0.7806359745001901 0.08688654383326914 0.49967294602739865 0.4999590027614743 0.500167402322477 0.5999188543800053 0.4999364452822673 
0.7104400143735057 0.2377448054423807 0.4998881974691339 0.4999636525143068 0.500166810364274 0.5998875944994216 0.49997516134042014 
0.24729262169607308 0.15778972773768052 0.499889607565662 0.5006166797201862 0.5001687331150175 0.5999436339737623 0.4999449353987688 
0.7488713070284115 0.1414936466552836 0.49988573920711843 0.5005833334340833 0.5001529521178772 0.599886741565853 0.4996607480194213 
0.09967350787711421 0.014007964151770854 0.49975855104222355 0.49951626673401983 0.4999688036619521 0.5999184726828348 0.49939414837108365 
0.9759462003205227 0.9999213685102236 0.4997816132619014 0.4999592928736385 0.5003090783618486 0.5999187594603013 0.5004493445069311 
0.9270404810686476 0.985502872019622 0.4997600819337821 0.49983475600296234 0.5001794708693678 0.5999375747586703 0.5002281733770797 
0.621259174808448 0.970522574898028 0.4997935580336526 0.49996103628955085 0.5002103884684355 0.5998817160571418 0.4993486574743795 
0.8259605423462377 0.994091346469342 0.49976015495503623 0.49996543945527805 0.5002072197408062 0.5999263941322491 0.499346399190125 
0.7083975694083042 0.9851999167776306 0.4997585359249019 0.49997070308696334 0.5000043775349213 0.5999188476991257 0.4993953987149625 
0.5009063420229896 0.0016086782044957212 0.49976778933160426 0.4999559527006673 0.5003149386237624 0.5997604908560732 0.5002067100917778 
0.8042989348488522 0.22961016822152203 0.4998881974691339 0.5005833334340833 0.49998747216756473 0.5998815875043041 0.5002687627257951 
0.4616358849950233 0.9408210555930713 0.49977593499927286 0.49996201656762607 0.4996904464470906 0.5999177281074245 0.49939747800063883 
0.999989757291256 0.041195130328677554 0.4996714834780732 0.4998351098508716 0.5003214333525174 0.5999376471946981 0.5002067100917778 
0.4430417927911682 0.07439465714097744 0.4997740355639989 0.49982781870471343 0.5001662569656624 0.5999262320680462 0.5008182779553133 
0.9933175046898735 0.8613768629610739 0.4997072061726132 0.49995274382872834 0.500167402322477 0.599886741565853 0.4999205286428656 
0.9852538150097492 9.731003417208714E-4 0.49977434572970625 0.49984932318269104 0.4997733435433682 0.500196348229649 0.5017172301787931 
0.9941849472440625 0.09686040975020055 0.49988828702348215 0.49989857194376836 0.5001687331150175 0.5999440699430157 0.49992020501550416 
0.2078819706420213 0.03765431859605989 0.4998368260282887 0.49994490385510865 0.499762803695245 0.5998663280441756 0.49940792917701854 
1.0 0.07553329877808936 0.4998850152619907 0.49999454965871437 0.5001801966146441 0.5998960696194288 0.49781111934356337 
0.5819767929748656 1.0 0.49975531929257916 0.4999537645764979 0.5001674022783701 0.5998869008834737 0.49993127529256337 
0.12167101765046312 0.0175622600779195 0.4997583652928011 0.4994995017194972 0.500167113415461 0.5999184793637142 0.4999414670450365 
0.2837830130083526 0.13901662910329587 0.5000073314793375 0.4998253314890962 0.5003906135361389 0.599910330725569 0.49991571110752714 
0.15592965360437352 0.9176636029243113 0.4997767339463578 0.49985386413243976 0.49974420319453966 0.5999439727755712 0.4994445333886301 
0.16840000626090634 0.753969246893768 0.5000031029521835 0.5006533942777078 0.49974420319453966 0.5999439727755712 0.5003635681585509 
0.23926395812407802 0.07701458825349972 0.5000095734259458 0.49983072376733273 0.5001682276851115 0.5999106086905787 0.4999451031134068 
0.8146809841340266 0.13778981529124057 0.5000073314793375 0.4998253314890962 0.5003906135361389 0.5999261768083527 0.49934848253331116 
0.9268747666259067 0.999909489682824 0.4997818761935693 0.4998351098508716 0.5001697551676334 0.5999375747586703 0.5002136316068585 
0.7258097870300605 0.003681843566459106 0.5000002934270725 0.4999596643607491 0.5001674693241756 0.5999187419684359 0.5004474992941211 
0.23926395812407802 0.9476625336936652 0.49987777983216913 0.49998260000938216 0.5001691994994023 0.5999451545230929 0.4999449353987688 
0.9727981891563146 0.7766226596448316 0.5000043105892218 0.499847459558153 0.49996980975462285 0.5006032824200237 0.5005193761441048 
0.8084900422082016 0.22961016822152203 0.4998881974691339 0.5005833334340833 0.500166810364274 0.599886741565853 0.49997516134042014 
0.999669818477351 0.5735566557017029 0.49989122966876326 0.49985487223448855 0.5003912020163324 0.5999457699261372 0.4999205286428656 
0.404478411558644 0.9408210555930713 0.49977593499927286 0.5000580930845507 0.5001631529864466 0.599940704356606 0.49939747800063883 
1.0 0.048587418744972743 0.4998850152619907 0.5005626561307915 0.5001801966146441 0.5998960696194288 0.6002158209374301 
0.5736644311899898 0.005547411615622666 0.49976744329347034 0.4999559527006673 0.5003106653417988 0.5999145220061439 0.5002254379358183 
0.38761447332569643 0.031216942569220474 0.49978914252259365 0.4998307006378346 0.49970286552559534 0.6000007537624482 0.5001364334274357 
0.676129765413262 0.9213008184018381 0.49977058958876175 0.49977542480113407 0.5001622110713804 0.5999468771830871 0.4994538235426151 
0.4616358849950233 0.015672834558858373 0.5001589319954916 0.49995762419660145 0.5001705721175814 0.5999177281074245 0.49939747800063883 
0.9841564850739212 0.9480105912000326 0.49970721763986037 0.4998242824187856 0.5003296236109264 0.5999406529430639 0.49990961423240954 
0.4564682449639481 0.9371597490601348 0.4997786248306814 0.4999451339089582 0.5001668125534903 0.5999182129937227 0.49964562527898143 
0.9935419572142943 1.3276582896121292E-17 0.4997714513405427 0.499506071402921 0.5001683974873035 0.5999172535923054 0.49892049195362703 
0.672140458621596 0.06011379696143154 0.5000021992372755 0.49982267600124064 0.5001631478798778 0.5999402584919169 0.4994410740324343 
0.957413615934227 0.9999213685102236 0.4997818999487263 0.4999589390257293 0.500167115878699 0.5999187594603013 0.5004638862771524 
0.2591499494730992 0.508490855834563 0.4999828660098951 0.49984621277919733 0.4997814632698716 0.5021832902732422 0.4993764161612723 
0.3869501887004436 0.0028306778851601155 0.49978914252259365 0.4998306186853374 0.49970286552559534 0.6000007537624482 0.5001364334274357 
0.999669818477351 0.12932132073074049 0.49988820745364954 0.49985474802378804 0.5003912020163324 0.599886741565853 0.4999205286428656 
0.5980959872791841 0.08688654383326914 0.49988407238920696 0.4999590027614743 0.500167402322477 0.599886741565853 0.4999205286428656 
0.9990912984594877 0.08697507235482499 0.4997115691089541 0.4999576764633197 0.5001656048949673 0.5999948864846866 0.5004475851730223 
0.12110072528855287 0.9971428347155028 0.49975686708852185 0.49952010027852745 0.4999820528271223 0.5999093351699477 0.49933666136268834 
0.9575793303769674 0.9851768739952813 0.4997598190021142 0.4999589390257293 0.5003187940635829 0.5999187594603013 0.5004638862771524 
1.0 0.054627007308442055 0.4998850152619907 0.5005746571973666 0.5001772830475758 0.5999105306037774 0.6002139250710825 
0.27716035945878015 0.7700601187209855 0.49977686505385865 0.49984621277919733 0.4997814632698716 0.5014713838454601 0.49940237154924916 
0.2841879399079987 0.9857940027254212 0.49976015495503623 0.49996330287983565 0.500206499331684 0.5999262234452291 0.4999227856270364 
0.6844698833111642 0.04549577474306546 0.49988394401149616 0.4999768562237366 0.5001514910067941 0.5999342124537578 0.49991647177985404 
0.15389900865098888 9.966487125393601E-4 0.49977537245297027 0.49982335610860285 0.5000084535820912 0.5999260392785073 0.5009044418159118 
0.15389900865098888 0.9927750508805011 0.49977537245297027 0.49982335610860285 0.5000084535820912 0.5999260392785073 0.5009162272857868 
0.998346097094761 0.08697507235482499 0.4997115691089541 0.4999576764633197 0.5001656048949673 0.5999948864846866 0.5004475851730223 
