1.0 2.559224297918488E-16 0.5006423273062651 0.49992061619044503 0.4999476992165498 0.49973416250550046 0.49996655696862186 
0.0 0.8230916816792377 0.49997796136502837 0.4999349046560388 0.5000461184955808 0.4998900317162655 0.4999740649730624 
1.0 1.0 0.5003917269475238 0.499918705355009 0.5984066526581944 0.49969502713512076 0.4999511910339627 
1.0 1.0 0.5003917269475238 0.499918705355009 0.5984066526581944 0.49969502713512076 0.4999511910339627 
1.0 0.9747242797157982 0.5003810109837324 0.4983600154202228 0.4999785800188046 0.4998856997132811 0.4999516008137889 
0.9999922229869199 1.0 0.4998717769913291 0.4999690857847163 0.600330409748248 0.49991618424282314 0.499907470757689 
1.0 0.9314985673402197 0.4999584491565582 0.4983480638455279 0.49997853455580765 0.4997482915685997 0.4999514261464906 
0.9999999936467979 1.0 0.4998767039105713 0.4999690857847163 0.598376727243352 0.49988782584126484 0.49995248130345016 
0.9999943245941064 1.0 0.4998717769913291 0.49991752319983856 0.6003912421293022 0.49991381586670613 0.49990666017048296 
0.9999978625692708 0.9999999998291804 0.4998719072272363 0.4999693343725287 0.49958615822846897 0.4997986306715697 0.4999569556504608 
0.9999971401463863 2.559224297918488E-16 0.49998562994451673 0.4999208753776567 0.500071948061434 0.49973703161914773 0.49996643757047965 
0.7438932185948618 0.04400769279507305 0.49998190881002014 0.4999299550732447 0.49994312091494125 0.49989492951214287 0.4999387652625922 
0.7646798806923911 0.6810614229471255 0.49998146552999007 0.49998828763421527 0.500082039538596 0.4998869178254202 0.4999499039783498 
0.6328940559261306 0.06852994657638278 0.4998892231268385 0.49993051761828927 0.49994688750992233 0.49980549142337544 0.49992167532906967 
0.7883578318752708 0.9459252476533933 0.4998614750524122 0.4999356336121934 0.5001003444538428 0.49981134231080027 0.49995111995121677 
0.9443795267946609 0.21263129754738863 0.49961521343589943 0.49992990063268045 0.500048434226035 0.4998950100195567 0.4999189858983677 
0.7367143597278688 0.5540238669002059 0.4999755935887925 0.4999355276817495 0.500096625695504 0.4998062515708419 0.49992178208911014 
0.026320980156571527 0.10263605547903171 0.49997459394878385 0.49994845030740104 0.5000463396366766 0.49988897306367036 0.4999595198407609 
0.43807083454333673 9.286705426169266E-4 0.4999666038016539 0.4999398065209032 0.5000969732547438 0.49981701397435074 0.4999662091348561 
0.9321967822624115 0.0056089610827182446 0.49997014833281067 0.4998702187220087 0.5000835680273199 0.4997393133298612 0.49997497445093947 
0.8765948813717929 0.03433981837291919 0.4999646609614347 0.49992771645724104 0.5001003444538428 0.49981134231080027 0.49996392376284204 
0.893319945723108 0.7626539176536915 0.5003211138813243 0.4999318321468865 0.5000881884944897 0.4999290843825301 0.4999174705007128 
0.5715488854686914 0.6631483937458524 0.4999879744470455 0.4998975617412479 0.4993939243087253 0.4998852573034863 0.49995671337142866 
0.4049867082669747 0.09731963276786781 0.4998619006609038 0.499925539007402 0.4999510485005313 0.4998872409496727 0.4999830247310293 
0.20617872549583902 0.5917352072501166 0.49996421262929563 0.4999304279011699 0.5001145714191849 0.49981890422595343 0.4999665139575733 
0.8348984831965058 0.42165243679676345 0.5003356274836943 0.4999554359325609 0.4999513081037046 0.49988184753890397 0.4999647153126727 
0.8274716022517564 0.10531511716174072 0.4999698638349091 0.4999357207163887 0.4999333693338304 0.4998121323083486 0.49996503394233904 
0.8109276275948886 0.03433981837291919 0.4999646609614347 0.49992771645724104 0.5000875652005297 0.49981134231080027 0.49996413822150054 
0.4441857841388853 0.8579212664207279 0.4999678818166029 0.4999308808782705 0.49994358200537026 0.4998872881270014 0.4999388088256084 
0.37083398560636277 0.7240134976512872 0.4999879744470455 0.49989774398203113 0.5000832635370411 0.4998855141923194 0.49995588209121195 
0.2891552397145467 0.380484861259843 0.49956522439731826 0.499940527988038 0.49997960130561186 0.4998010323493601 0.49991308559987674 
0.8302159654184041 0.4359248583365347 0.5003460167904301 0.4999554359325609 0.49994733587748097 0.49974345667099995 0.49993618912043514 
0.5073786663326718 0.8579212664207279 0.4999687190331541 0.4999308808782705 0.49994358200537026 0.49990458238379754 0.4999384502873805 
0.0537629173497087 0.04527845836324168 0.49997806509898823 0.49993415181662126 0.5000446392063652 0.4998881035142611 0.49996613986369476 
0.5753145541858518 0.09606397331663175 0.4999763144379823 0.49994521466233977 0.4999475999234649 0.4999237302573558 0.4999188648054696 
0.9993256262039799 0.032147326266162485 0.49999319343562987 0.49992061619044503 0.49994949726955074 0.4997341511622107 0.49991782136903407 
0.09702183376700474 0.036126198443142424 0.4999684470817121 0.4999308876285775 0.4999582337072112 0.49990804722757654 0.49995977625099 
0.23900266830750902 0.3619684732436057 0.49987004656844863 0.49994453044564574 0.50008860142041 0.49967922619653804 0.49996719618034213 
0.40563560761471806 0.9944023369188617 0.5003779448102994 0.49987155925570514 0.4999474872901272 0.4998891461208696 0.4999523810445274 
0.49258942136569495 0.2182280186692444 0.4999039793709937 0.49965812071316945 0.5000844123448251 0.49990522441058355 0.49997480193345983 
0.475915298864651 0.19962671236441387 0.4998619006609038 0.49992484651501856 0.49995718359910213 0.49988745062294454 0.49991896662999075 
0.60701285134591 0.13619218100603703 0.49997004814705076 0.4999357203302558 0.4999333693338304 0.4998121323083486 0.49996623257520245 
0.2453165672165708 0.005603517332574304 0.5006356551676897 0.49993975407345304 0.49994997573522193 0.4998162209842549 0.49995692935560143 
0.9211819092840603 0.09660726600669219 0.4999763538562693 0.4999355310785961 0.4999475999234649 0.49992387817993345 0.4999188648054696 
0.8923713337398916 0.29535989041502303 0.5000019619083585 0.49994479193251684 0.5000881840677784 0.49992250938736627 0.49991645434592086 
0.97512025860006 0.9054784842061163 0.49998511898500325 0.5004227749285043 0.4999463228336895 0.49980512618403383 0.49996851194670155 
0.9600754205142287 0.09332734558636888 0.4996090587427696 0.49992703063792454 0.5000553076252003 0.4996835370197834 0.49991656483303043 
0.6081180972359542 0.9606745018235343 0.49997004814705076 0.4999357203302558 0.4999333693338304 0.4998120982580631 0.49996623257520245 
0.6593430957362207 0.8205249007647788 0.4999709759333633 0.49993297847992046 0.49995408332367064 0.4998194717989919 0.49996016196864573 
0.1715739754200457 1.3990222722501822E-4 0.4999950858963848 0.49992453932348463 0.4999476992165498 0.4997391512190401 0.4999506943275724 
0.3398767931753367 0.20757962238370126 0.4999732845722391 0.49994064545463895 0.49993136631183 0.4998090659606523 0.49996463073277697 
0.7183275622736471 0.7262029681604663 0.49998146552999007 0.4999074537079265 0.5000820820273558 0.4998869178254202 0.4999749239627158 
0.564430211179668 0.0017313941020469237 0.4999735205834442 0.5002181363547784 0.5001139982696923 0.49991126760752014 0.49995680401291187 
0.6983893181499861 0.46520295001265644 0.4999652112648033 0.49995360632293845 0.5000734784794365 0.4999045865112862 0.4999747201450569 
0.7646798806923911 0.7278080660664923 0.4995449685177716 0.49998828763421527 0.5003415340271158 0.4998862579782521 0.4999513141073113 
0.6425808147955312 0.2955658072455124 0.49998274835404066 0.4999450662277322 0.5000890684996453 0.4996805384190569 0.4999662184005611 
0.5698796621075587 0.2615667758136831 0.4999734380272246 0.4999455794191736 0.4999514368289052 0.49981636193246737 0.4999595733347227 
0.8110193578969642 0.1859565178293849 0.5003324929830238 0.4999301193580574 0.5000627857002191 0.4998049512168205 0.49993880343819896 
0.9538094343051173 0.6631483937458524 0.4999879744470455 0.4998975617412479 0.5000832522029924 0.4998852573034863 0.49995671337142866 
0.8885489923474605 0.027645678714379174 0.500372053136527 0.4999424677931837 0.4999337180800951 0.4997255343978204 0.49995076052284704 
0.41584719955973115 9.286705426169266E-4 0.4999666038016539 0.49993524318241933 0.5000969732547438 0.4998113444246986 0.4999668538744102 
0.2802281864234454 0.06420017176470783 0.49998118612001907 0.49992985360077735 0.4999511237290708 0.4998949102172167 0.4999705376359925 
0.9889230770014701 0.06420017176470783 0.49998118612001907 0.499923127317361 0.49995088845777985 0.49989499212465555 0.4999705376359925 
0.1646187720422207 0.009974286962628991 0.4999892820875103 0.49989859686953414 0.49994268618652554 0.4996890647254806 0.49995030235239546 
0.0537629173497087 0.044104559826585635 0.49997806509898823 0.49991015031634917 0.5000446392063652 0.4998938379106998 0.4999740649730624 
0.6915143347725274 0.45439003145465595 0.4999809061144243 0.4999180242231492 0.5000806498817274 0.4998878670518179 0.49996503334338294 
0.8607878977932856 2.5979808861118013E-4 0.4999809466162675 0.49990204437708524 0.4999340550698802 0.4996835370197834 0.49991656483303043 
0.984077494023711 0.8395733498678044 0.49997014833281067 0.49986907686109266 0.5000844123448251 0.49990522441058355 0.4999747201450569 
0.6804510378785449 0.013780177052960946 0.49998705491697976 0.4999254437698804 0.5000815363387648 0.4998878670518179 0.49996745608331117 
0.9164895843987662 0.028472381361378807 0.4999618816604207 0.4999860642918878 0.4999421261516652 0.4998876302150202 0.49996078941680594 
0.8478087195014815 0.7246990010569813 0.49997118096291326 0.4999306324237883 0.4999507974669386 0.49989791205144224 0.49996320138436334 
0.7985816685491403 0.21263129754738863 0.49961942576771284 0.49993002720678353 0.500048434226035 0.4998115431244229 0.4999189858983677 
0.30799143322201467 0.883677980810381 0.4995005458069331 0.4998696066415212 0.49997949991903734 0.4998192230968876 0.4999516773275525 
0.9983909044897896 0.4574893572537573 0.4999808741203252 0.499898276914684 0.5000898062018772 0.4998055163264747 0.49996507123220607 
0.14546177146122288 0.015089789638830413 0.4999748262794649 0.49993974901262345 0.499956699084737 0.49973142090339673 0.4999508162000646 
0.13375486750652493 0.001835462825109213 0.49990232023673464 0.4999686883741743 0.5000416460486536 0.4996835370197834 0.49991068913329995 
0.6505488088848381 0.7160629130811869 0.4999781705602304 0.4999343189116971 0.4999541067576925 0.49981134231080027 0.4999563373207186 
0.9973826033563218 0.9673902370259844 0.49998918536060694 0.49993251659853355 0.4999333693338304 0.4998913549492409 0.49996608983154583 
0.9045260983983612 0.1076126740905719 0.49998146552999007 0.4999351732460664 0.5000818669484118 0.49991910911744514 0.499918457234244 
0.6649105231237448 0.7160629130811869 0.4999755870480486 0.49989640477666136 0.4999541067576925 0.49981134231080027 0.4999563373207186 
0.31489194746896876 0.10263605547903171 0.49997459394878385 0.4998703845709437 0.49998324917185016 0.49988897306367036 0.4999595198407609 
0.9538094343051173 0.6740844542223129 0.49998183801138957 0.49989797266070674 0.49994418492855075 0.4998852573034863 0.49995671337142866 
0.8564010885777511 2.5979808861118013E-4 0.4999809466162675 0.499897678039821 0.4999340550698802 0.4996835370197834 0.49991656483303043 
0.6048252977989221 0.354904618037825 0.500334416188309 0.49994453044564574 0.50008860142041 0.49967922619653804 0.4999652186618023 
0.35487054539011853 0.9314985673402197 0.4999584491565582 0.4997940072119453 0.49997853455580765 0.49991235529339145 0.4999514261464906 
0.6856090342985971 0.059791964055188024 0.49987322120607947 0.49992463314882724 0.5000815242092103 0.49980428271245075 0.49996696974785665 
0.6048252977989221 0.3619684732436057 0.500334416188309 0.49994453044564574 0.50008860142041 0.49967922619653804 0.49996719618034213 
0.5234697795585367 0.12825749714091483 0.49987700432399923 0.4999695437964737 0.49996353534678756 0.49975082770512486 0.49995270961423305 
0.97512025860006 0.8752061368941108 0.49998511898500325 0.5004227749285043 0.4999463228336895 0.49980512618403383 0.49996772113473675 
0.23777882855322574 0.4256427701621633 0.49986672829306467 0.4998996079845811 0.49994699291136635 0.49969052408849224 0.4999569816568858 
0.8478087195014815 0.7391226781207436 0.5003562126196055 0.4999306324237883 0.4999523856435725 0.49989791205144224 0.49996320138436334 
0.9951833005081225 0.9749308334134135 0.4999752218558103 0.5001619728098248 0.4999353757392971 0.49980766893390804 0.49996608983154583 
0.3585531285206737 0.4498186294075947 0.49986512579671044 0.49991807447677866 0.5002772645847757 0.4999189208665235 0.4999570000101479 
0.9568200554545476 0.8149386629207748 0.499891850976945 0.49990577692489485 0.49982753542395403 0.4998804038040657 0.4999819848558149 
0.7908069200407168 0.3091116012243561 0.4999646609614347 0.4999356336121934 0.5001003444538428 0.49981134231080027 0.49996248587822395 
0.9226007609140724 0.9203958970820653 0.499891850976945 0.49990577692489485 0.49982753542395403 0.4998804038040657 0.49991248376626585 
0.9999978625692708 0.9724452106455042 0.4998719072272363 0.4999693343725287 0.49958615822846897 0.4997986306715697 0.4999749216160831 
0.3585531285206737 0.9942797799544875 0.49953816037926974 0.49991807447677866 0.500341784774142 0.4999189208665235 0.4999513184130946 
0.5770589120697595 0.5952506752667255 0.4999892648062788 0.4998975617412479 0.49994507404765737 0.4997021775209651 0.49995671337142866 
0.6424235903936957 0.8150707412261329 0.4999709759333633 0.49993297847992046 0.4999492382519852 0.49973354380129104 0.49996016196864573 
