1.0 1.0 0.5000809805151503 0.5000762579755587 0.5015203877475083 0.49890378176486533 0.49715040209176703 
0.50207469837487 0.0 0.500175279428304 0.5000123143007743 0.49992846393803014 0.5000267076423638 0.500177797780462 
0.0 0.8421269406586389 0.5001390137077261 0.5001299749830421 0.4999022054286077 0.4998900639860484 0.5000880076842006 
1.0 0.0 0.49987628896865394 0.5001340248795547 0.4999285762946934 0.5000216189494971 0.5000725909112352 
1.0 0.9999999842238938 0.5001718036982258 0.5000966498215373 0.5007400908028489 0.49810280339041957 0.4997520785702903 
1.0 0.9996607843774592 0.5000809805151503 0.5000762579755587 0.5015027873869672 0.49890378176486533 0.4999807125125327 
1.0 0.9985944548637022 0.5002310311895406 0.5005533858303685 0.4999900388109599 0.5005923380828187 0.49983024723829983 
0.06392352590693465 0.2793034178616182 0.500158460781715 0.500149184472821 0.49992251305588037 0.500177262782583 0.49990145569778527 
0.9368990946696489 7.895042666460028E-13 0.5001724145215 0.5001214604771215 0.49992817990435445 0.5000861405469497 0.5001728595931514 
0.327110838803936 0.8386980288294024 0.5001604592198955 0.5001268608592925 0.49988319482321303 0.499828725878874 0.49985867521527716 
0.7860675379072639 0.8329014822653164 0.5001838564940605 0.5000309202425689 0.4998873671189085 0.5000751498249765 0.4997971506533543 
0.9743950973255054 0.06979997670981253 0.5000867959136194 0.5000667900532971 0.499858831436288 0.5001933447508031 0.4999016853315822 
0.4377782217947239 0.28982674110451856 0.5001584604372884 0.5001476707098148 0.49965682904236836 0.5000977341877938 0.49978745961450466 
0.966361777282803 0.9986688572706289 0.5001604372621147 0.5000615127509364 0.4996960467429108 0.49997426375442133 0.4999039841545254 
0.7320206810354914 0.23546820908979146 0.5001689074495868 0.5001574150725837 0.49961723005344433 0.500080282750928 0.49990684577737815 
0.6446991301954088 0.0860267936557424 0.5001438391918414 0.5000176402374628 0.4996457393679306 0.5000420757526274 0.5002120427836306 
0.8050847083031312 0.10581880153802989 0.5000780724565597 0.5001273603515102 0.49966012148897326 0.5001174107788006 0.4999117389760352 
0.1374809176995237 0.7853473583096671 0.5000721858731141 0.5000069315484158 0.499859038581381 0.5000847546014093 0.4998349926061234 
0.4732269375704641 0.06532902584960171 0.5001752805621918 0.5000193624961464 0.49986199158022404 0.5001101237413765 0.5000884084111509 
0.39988719479916957 0.8446030959103469 0.50016037172035 0.5001257383004806 0.4996566965166071 0.5000977341877938 0.49978745961450466 
0.6799450970921955 0.001636592736558029 0.500146077422437 0.5000202617036015 0.4998872561269087 0.5000707994054117 0.4997477279549477 
0.4641421780131528 0.04717676216592814 0.5002471710607435 0.5000205156228368 0.49986387089492534 0.5000866903289298 0.49979736973626304 
0.3067279788267551 2.0470698314231005E-10 0.49990689362864615 0.5001261262618261 0.4998241881753117 0.5005789822940748 0.49974248133254084 
0.11314354493552337 0.01812371248529454 0.5001818097731237 0.5001344432130033 0.49986456255905526 0.5000267076423638 0.5000888878265016 
0.824388739182284 0.04428847107975947 0.5001451157652864 0.5000213039020149 0.4999391344966085 0.5001047278881151 0.5000807093496448 
0.43906817377221397 0.9910431916729119 0.5000873600697557 0.5000667900532971 0.49984836845884256 0.5001938834906408 0.4999072167452415 
0.7016622918681804 0.058992396769368766 0.5001724972192435 0.5001210844539586 0.4999194231382116 0.5001101237413765 0.5000884084111509 
0.03355210696067601 0.8749655121103014 0.5001855524938507 0.5000149588332671 0.4998837159577537 0.5000751498249765 0.5001109849661106 
0.7756880534138462 0.8749655121103014 0.5001831571692907 0.5000155649025908 0.4998872561269087 0.5000751498249765 0.4996584675666374 
0.358710865960541 3.4784830774286114E-4 0.5000818173790883 0.5001273603515102 0.4996590478600153 0.500210504789667 0.4999117389760352 
0.873208288764048 0.01874155466849107 0.5001819400108969 0.5001344432130033 0.49992769048124863 0.5000267076423638 0.5000888796347813 
0.7723589043051043 0.28850733877415086 0.5001831571692907 0.5000810789380352 0.4998872561269087 0.5000751498249765 0.4996584675666374 
0.42686496785100636 0.06597649833458186 0.5001752805621918 0.5000193624961464 0.49986199158022404 0.49984757045864875 0.5000886047090847 
0.6852790511656502 0.2399691364363511 0.5001393035277878 0.500074089561756 0.49961247189299035 0.49965158220709105 0.500092899741139 
0.9982241033523276 0.04953901473276523 0.5000880184118445 0.5000664840948469 0.49985909736064155 0.5000751282782832 0.49967254973496955 
0.9951831830880804 0.8916383636394739 0.49990689362864615 0.5001433856339174 0.49982415404159636 0.5000751282782832 0.4996568693710359 
0.6003761545008579 0.9857072286522983 0.50022662356364 0.5000163861697944 0.4999220194500237 0.500101627241952 0.5000845521630051 
0.5947279217433523 0.23227639692164714 0.5001833736436985 0.5005395583968726 0.4998392038330509 0.5005668778394031 0.4999058341447863 
0.8255737800425982 0.7005409706049661 0.500142526180543 0.5000142103345152 0.49986602076098696 0.500084918737919 0.5000888702581583 
0.08063450012121681 0.713952631164386 0.5001588682799515 0.5000142103345152 0.4998658398248013 0.5000847786297818 0.5000888702581583 
0.607074868197661 0.8092730143373217 0.5001723751885022 0.5001185300352381 0.49945956440370687 0.5000841429505799 0.4997425301777839 
0.5884033216415043 0.8106534659469542 0.5001757223296607 0.5000193117897047 0.49995051044104893 0.5003719563907808 0.49972549488158535 
0.6983368809207944 6.99692346519536E-5 0.5002218015494885 0.5000134969381909 0.4998789082205722 0.5000659483293359 0.5000889794517983 
0.6178762928599039 0.0027188434129266983 0.5001660492383331 0.5001208508239774 0.4996386014832153 0.5000281515915206 0.5000888703880694 
0.9797926159812534 0.7123211463925219 0.5001797396783714 0.5001401253146 0.4998687485403351 0.5003701987255347 0.5000991260430172 
0.5413924241379184 0.02349940035581588 0.5000830383286867 0.5001197377301558 0.49988525240957565 0.5001012410221259 0.49974748263652485 
0.8800636911690158 0.0038044404869493572 0.5001733127703606 0.5000209814354768 0.4999285762946934 0.5000267076423638 0.500084261506715 
0.7124171676915223 5.752312228933475E-13 0.5001724145215 0.5001221272324637 0.49991214170865106 0.5000842492469322 0.5001728595931514 
0.4572695084614308 0.003131938651668831 0.5001609236219365 0.5000211590506817 0.4996070883100357 0.5003839578176988 0.4999008195275111 
0.31171061234317765 0.9624585491834561 0.5000836823624375 0.5000149449122744 0.49969028017681083 0.5000847578049816 0.5001089687275126 
0.5242123702147241 3.4288244877370234E-8 0.5001724960457169 0.5001200086684469 0.5000337172822007 0.5000324679893731 0.5001747379614008 
0.8868003840633965 0.0038044404869493572 0.5001733363620141 0.5000232459973538 0.4999285762946934 0.5000267076423638 0.49975274403482806 
0.36906771938432636 0.2736149587347715 0.5001579621369465 0.5001476707098148 0.4996672920198138 0.5000977341877938 0.4997819282008453 
0.40236845173485253 0.9693388382839343 0.5001479868002856 0.5000613389292502 0.4996960467429108 0.49997426375442133 0.5000871963736339 
0.37035767136181635 0.9859156863662668 0.5000868617694137 0.5000667900532971 0.499858831436288 0.5001938834906408 0.4999016853315822 
0.15198628897689503 0.0011743399863970022 0.5001808857368201 0.5000727454573031 0.4998997358566841 0.5000186529870625 0.4999268117512118 
0.8557074089437559 0.02838205786210466 0.500133611410505 0.5001195734839723 0.49993172847541406 0.500199304809748 0.5000900792803823 
0.7320206810354914 0.001267258448128028 0.5001689074495868 0.5001574150725837 0.49961723005344433 0.50008306594677 0.49990684577737815 
0.7422112329267604 0.713952631164386 0.5001723695743037 0.5000142103345152 0.4998658398248013 0.5000847786297818 0.5000888702581583 
0.9797926159812534 0.9816610980448175 0.5001797396783714 0.5001380513502267 0.4996173328733629 0.5003701987255347 0.49989948201169304 
0.9141774065795393 0.6953321145013238 0.5001720893542476 0.500096463039402 0.4998658398248013 0.5000847928061279 0.5000781324584685 
0.4263765617907933 0.020319177232722998 0.5002465306842407 0.5001448614738812 0.4998205304005305 0.4999874634653092 0.4998857202546593 
0.7619257182539663 0.001087056018606352 0.5001831571692907 0.5000746113053728 0.4998872561269087 0.4999794858421381 0.4997501067245202 
0.2850815733291576 0.06315401940914911 0.5001477380879646 0.5000293236188013 0.4999871821805195 0.5000688552440273 0.49990498804636596 
0.23371829591462556 7.085879028034744E-4 0.5001451157652864 0.5000213039020149 0.5000387333214249 0.5001846121332937 0.5000807093496448 
0.9491092052087463 0.7731838896637582 0.5000827105462176 0.5001276885159186 0.4998842369418011 0.5001994638015189 0.5001860449859058 
0.9807862739255522 0.0 0.500171697164056 0.5001200086684469 0.4999285762946934 0.5000267076423638 0.500177797780462 
0.3304609953493215 0.7399099414848198 0.5000840398655763 0.5000136009566298 0.499447495036996 0.500089259001836 0.5001144630483364 
0.22725247429044815 0.0037265472439932668 0.5000976906189014 0.5000745856340055 0.5000395231657356 0.5001768416235055 0.4998953351481531 
0.7336563180724206 0.29868739609878514 0.49991896973471794 0.5000184772763068 0.5000371843015287 0.5001789246545381 0.500093380349448 
0.8466872783321318 0.04646391917730119 0.5001451157652864 0.5000213039020149 0.4999391344966085 0.5001047278881151 0.5000807093496448 
0.6478411887979199 0.2898978406442553 0.5001689074495868 0.5000153095253839 0.49964750659228635 0.500080282750928 0.49990684577737815 
0.8242093948002591 0.8324281511267296 0.5002323868940771 0.5005725806409805 0.4998627527741059 0.5001115110698848 0.49979567601451136 
0.07960608577690709 0.05445109309830293 0.5001723236564887 0.5001217618768856 0.4999120460913189 0.500089584511825 0.5001713487903858 
0.13217485405595858 0.2799860778375166 0.500158460781715 0.5001472588883114 0.49992346091701223 0.5000846928788987 0.4998333235560437 
0.9743950973255054 0.9133503569172835 0.49990567113042106 0.5001436915923677 0.4998238881172428 0.5001933447508031 0.49988600496764857 
0.6166795971663431 0.003737775253474948 0.5001634784319692 0.5001208508239774 0.50004222487762 0.5000281515915206 0.5000888703880694 
0.8794163186335174 0.8293291734509054 0.5002323868940771 0.5005725806409805 0.4998627527741059 0.5001115110698848 0.49979567601451136 
0.9320032365984053 0.10624499355369388 0.5001451157652864 0.5000214252233071 0.499932904224354 0.500104601956324 0.5000807093496448 
0.35380430681165526 0.054252748278451834 0.500181398183196 0.500015943501042 0.4996535157147854 0.49980871202745425 0.5000907917399899 
0.9060845295990139 0.10823703556151912 0.5001455364920778 0.5001371587957348 0.4998830868066387 0.49984752935657906 0.5002148879905745 
0.8466872783321318 0.10510532306657615 0.5001451157652864 0.5000213659427928 0.499691946515214 0.5001047278881151 0.4998677092096519 
0.900942460622334 0.10823703556151912 0.5001452403951616 0.5001371587957348 0.49988358690339235 0.5000721008832901 0.5002179221468124 
0.4259645023472105 0.05535203316061886 0.5001528024399412 0.5000729225081999 0.4996168623046091 0.4999869921741437 0.49992125482679733 
0.26146855093244004 0.1460926925327054 0.500175279428304 0.5000123143007743 0.49993148267903903 0.5000231650852541 0.500095818323984 
0.608026353988821 0.23914863633192374 0.5001692305940584 0.5005395583968726 0.49961291823409043 0.4996413127064507 0.49990340546567924 
0.20770995075747717 0.06979997670981253 0.5001769822138048 0.5000667900532971 0.4998864366454681 0.5001911158566648 0.499903984945278 
1.0 0.9367965087252548 0.5002310311895406 0.500595317985233 0.49987619470211375 0.5006032902178168 0.4998303431024951 
0.0010328163583507854 0.9620954016477166 0.5000825904443781 0.5000149449122744 0.4999906793859009 0.5000498424559351 0.5001002452725833 
0.8351697571362535 0.9979854400306752 0.5001452905274282 0.5000142366319005 0.49962626238491287 0.5000387008128897 0.5000864508544095 
0.5242123702147241 0.7043800720085867 0.5001735930852033 0.5000123904837256 0.5000415029149748 0.5000849543368232 0.5001745818328688 
0.3142516117885418 0.9753311729299539 0.500143139274494 0.5005079580997169 0.4998246821176393 0.4998900639860484 0.5000956417139222 
0.9869586729096879 0.8154060545351726 0.5001604592198955 0.5001268608592925 0.49988319482321303 0.499828725878874 0.49985867521527716 
0.946946566573049 0.8372311863356333 0.5002323868940771 0.5005725806409805 0.4998627527741059 0.5001115110698848 0.49975070812898886 
0.1936677021657986 0.0016408624379386184 0.5001703039474664 0.5001474899127415 0.49988525240957565 0.50007079537099 0.5000858694837051 
0.9980684723995261 0.7606490451642551 0.500171697164056 0.5001200869487468 0.4999289198230816 0.5000267076423638 0.500177797780462 
0.7253694334278126 0.8438353442757763 0.5001604592198955 0.5001268608592925 0.49963162408785877 0.5000826830411524 0.49985867521527716 
0.6595337150522242 0.29868739609878514 0.5000775690806342 0.5000184347789066 0.5000383384989961 0.5001789246545381 0.500093380349448 
0.18459202094540145 0.10628936523088012 0.500129552716778 0.5000148934904218 0.4996979765007316 0.5001159569798941 0.49986377409242366 
0.6852790511656502 0.0894458633526436 0.5000871972387172 0.5000783563123258 0.49991150304853393 0.5000299618217824 0.500092899741139 
