1.0 0.9999999999975107 0.5999953348565358 0.4998508348737252 0.4985916894731546 0.4005619196798614 0.4999356852239229 
1.0 3.611533530215141E-17 0.4980765380495206 0.499898142793538 0.49964812760895866 0.4006278520038492 0.4999545697405931 
0.9999895718076011 0.9999999999975107 0.5999953348565358 0.49985083484258225 0.4998517366465324 0.40018932091400156 0.4999356852239229 
0.8190112546196405 0.989572982595747 0.49985413198866907 0.499858048471553 0.49980839211975775 0.4000921840912819 0.4999190142682787 
0.7041649145320449 0.9568564722998367 0.5001380429925817 0.5003035055070777 0.499844761923402 0.40019165323619976 0.4999199763440638 
0.9999895718076011 0.9999999999978958 0.5999953348565358 0.4998508288820069 0.4992385292231426 0.40018932091400156 0.4999356852239229 
0.9980179007872166 3.611533530215141E-17 0.4981812930525726 0.4998874641715275 0.49964812760895866 0.40054408547108744 0.49996406909131363 
0.9693611065226201 2.8988279677292204E-6 0.5011245061666495 0.49982883363782876 0.4997961178363849 0.4000960886909052 0.49996610076475295 
0.9887692234585977 3.611533530215141E-17 0.501564942267977 0.49990059011701193 0.4997886966151464 0.4000906592246333 0.49996619378391116 
0.6526670213846503 0.006491069172227915 0.5000160165745536 0.49985975125421084 0.49972678715193974 0.4000915750970566 0.49993130658827645 
0.49030269612007565 3.611533530215141E-17 0.5006604776897166 0.4998291293817511 0.4996547374241535 0.40062576527879357 0.49996465375320803 
0.9998627367171997 1.0867302474821085E-6 0.4986560999267498 0.49989865163122 0.4998107538165824 0.4001079027863441 0.4999640644506003 
0.25784552736102506 0.21652110181119888 0.5000095053567442 0.4998649373309515 0.49983046221169675 0.4001055991655278 0.49993461537720774 
0.4332390924173375 6.595445952385474E-4 0.5001424368667393 0.49982845348486904 0.5008647411473598 0.400551944597679 0.49994112537770324 
0.999649677134741 0.9999999999982204 0.5001927593600191 0.49982849338861257 0.5007284975473436 0.4005619196798614 0.4999356852239229 
0.5919719650975406 0.9918948006492146 0.500375221351003 0.4998864256171722 0.4996374785154231 0.4000688634976401 0.5003370663671904 
0.8472334475197186 0.025138176684329827 0.5002914379730117 0.5002067458694179 0.4997393890417056 0.5004862426999865 0.4999412785043072 
0.6280704357799529 0.9469341715677921 0.5003948203679767 0.5001735012275574 0.4996724025833491 0.4000708592067537 0.5003331792539649 
0.8764037352538842 0.9804840590995652 0.4993606000592903 0.49986724981940805 0.4998318550500157 0.40010388832560184 0.4999530014945732 
0.8917790878555502 0.9757923551919592 0.5002890643656792 0.4998327866707846 0.4998283063463413 0.40061428882647016 0.49992429669463767 
0.12700049111683537 0.9662572997096323 0.5003935236153558 0.5002533039577639 0.49967352510035895 0.39938507313761945 0.49993545208364815 
0.1661948903263223 0.7043022204142513 0.5000942560050065 0.500198543330868 0.49984317526851024 0.4001639803740149 0.4999546277463101 
0.21392859671529607 0.260494842407367 0.5000746376888563 0.5002628410829029 0.499845303061143 0.4001012310875107 0.4999636971503388 
0.9587127942981001 2.8988279677292204E-6 0.4995167506877451 0.49985042306193905 0.4997961178363849 0.4000941476145038 0.4999660860481434 
0.6938630902911249 0.9927676117395976 0.49999431156315804 0.49984946020501403 0.5006778346213356 0.4000707223049115 0.4999188994766946 
0.16838013814720348 0.9924314364318887 0.5001927593600191 0.49982849338861257 0.5007284975473436 0.4005596200009413 0.4999356852239229 
0.21392859671529607 0.30243207613233425 0.5000746376888563 0.5002628410829029 0.4998446100855043 0.40013076974607525 0.4999636971503388 
0.9516757783662454 0.9761801487375941 0.500349544474241 0.49987739777799306 0.4996641340207547 0.40013045412366655 0.4999622087426834 
0.45781619169287896 0.7469972201288699 0.5006215974922389 0.5001908602272043 0.4997147405461388 0.40006595776770276 0.49995201705839193 
0.997537305595077 0.8890719261368912 0.49999449425699377 0.5001663045901159 0.5008921645496952 0.49961506875072614 0.49993579917586084 
0.43358267734045464 0.7221839997939931 0.5006405356076045 0.4998305801879761 0.4995398831833855 0.40009810040722965 0.4999674667329907 
0.3353702143560776 0.7469972201288699 0.49958400924795143 0.5002003209118119 0.49976572580822565 0.40012452559528966 0.4999510430228817 
0.4381571386112959 0.9828769491072802 0.5000878339148663 0.5002937057098572 0.4998443422377822 0.40016406050171566 0.5003202815727881 
0.9983521962843193 0.9998531327469896 0.5002928708605757 0.4998767277185903 0.4996065797545652 0.4000943670489244 0.49996195265132704 
0.25784552736102506 0.18966333614787984 0.5006816555916677 0.4998649373309515 0.4998205028133069 0.4001055991655278 0.49993461537720774 
0.5001627890692124 0.7351261191257701 0.49936321817974066 0.4998282732773776 0.4998410187717079 0.4001242010385405 0.4999641759496197 
0.01498203279237778 0.8031888220797788 0.5006385222300175 0.5002070319493316 0.49976601407739174 0.40007668897443627 0.4999698685083092 
0.8360434365536173 0.9999999999975107 0.4994779393412463 0.49984936880473535 0.4997078716452421 0.40010941292351315 0.49991619178975877 
0.9395070043052232 0.9918948006492146 0.500375221351003 0.4998835471771488 0.4996374785154231 0.4001471138729013 0.5003370138446862 
0.01498203279237778 0.05517388374924648 0.49959321302306064 0.5002009181901875 0.49976572580822565 0.4001308252795467 0.4999698685083092 
0.8581760640252358 0.989715253483406 0.5000859890465569 0.49985932998300076 0.49980839211975775 0.40009315027787556 0.49991872897957157 
0.9786369354574809 0.004324250533252083 0.4997733822634359 0.49991810592787 0.49976572580822565 0.4982089717881103 0.499965739151255 
0.06031907487101423 0.1251836421244082 0.5000873888341427 0.5002937057098572 0.499737811370828 0.4000642511001542 0.5002981487881314 
0.9999620591434198 1.3839460058168163E-4 0.49959192424992815 0.49991829335134685 0.49976572580822565 0.4001308252795467 0.5014049665579328 
0.6290207098004998 0.9993141768815095 0.5000854516087926 0.49985844646798816 0.49972678715193974 0.4000916415220383 0.49993130658827645 
1.0 7.603917684025029E-8 0.4980765380495206 0.499898142793538 0.4998060007560538 0.4006278520038492 0.4999546145538599 
0.456398454052959 0.9945662263911906 0.5000878339148663 0.5002937057098572 0.49984433877781437 0.4001641308551303 0.4999682412919723 
0.7041649145320449 0.9590130030175432 0.5001380429925817 0.5003035055070777 0.499844761923402 0.40019165323619976 0.4999190142682787 
0.13714157289271783 0.281929817087925 0.49985413198866907 0.49984946020501403 0.49986981626145083 0.4001227129453793 0.4999190142682787 
0.4796477943338108 0.9829165798216944 0.49958400924795143 0.4998904710603141 0.49975354862158894 0.4001257367167542 0.4999510430228817 
0.2951910302758979 0.9108998551075684 0.4993606000592903 0.49986724981940805 0.4998318836932503 0.40010388832560184 0.4999530014945732 
0.943409530138396 0.9670412027393774 0.49985413198866907 0.499858048471553 0.49980839211975775 0.40008054753046557 0.49994719408562166 
0.8311256858035153 0.9661391096803942 0.49949485598504606 0.5002533039577639 0.49970523177607373 0.400145845226784 0.49993545208364815 
0.4332390924173375 0.004002509204998672 0.5001414646455232 0.49982845348486904 0.5008647411473598 0.4005400948144379 0.49994118915404595 
0.4332390924173375 0.8430298188302981 0.5001414646455232 0.49982845348486904 0.5008647411473598 0.4001409273370539 0.4999411946657799 
0.42224342124358755 0.9469341715677921 0.5003948203679767 0.5001735012275574 0.4996724025833491 0.4000708592067537 0.49997146205124116 
0.3958880485440991 0.7187506234920409 0.49997602331930047 0.499849352072911 0.4997147964906801 0.4000986250382284 0.4999528984062585 
0.3322780153960028 0.9142914154316715 0.4996077547426101 0.5001987217671612 0.49966768322892624 0.4001247138696214 0.4999510430228817 
0.9667443205528486 0.9998531327469896 0.5002928708605757 0.49987665374289725 0.4996065797545652 0.4000895060187384 0.4999622087426834 
0.48190721254859514 0.9959108442196545 0.4998532142768955 0.4998796429151429 0.5006761656960496 0.40019775314262024 0.49996597509365326 
0.0589756599995207 0.3323316333514096 0.4997710045751581 0.4998305934096772 0.4998600886596112 0.4000719126256054 0.49996597509365326 
0.6865123039361858 0.9964097564074912 0.5000147149400298 0.4998386560430414 0.5006581476211063 0.4000719126256054 0.4999099790383994 
0.9988957904983 0.9088414773569893 0.5006333065834162 0.5001663045901159 0.5008921645496952 0.49961506875072614 0.5002715804095006 
3.4882595500281346E-4 0.995320598347051 0.5006405326708977 0.49983785630348554 0.4996832707438457 0.4000691198707622 0.5003220574633359 
0.631723461569008 0.98613903540941 0.5000854516087926 0.49985844646798816 0.49983852206731166 0.4000922433012148 0.49993130658827645 
0.13244348928375216 0.3072378053421069 0.4997490860626397 0.49985033104579824 0.4996329709109191 0.40007077882974595 0.4999294848763944 
0.6551296266083055 0.9999787601865898 0.5000059051715684 0.49986651694481277 0.49922939853032233 0.40059676906278113 0.49991041496633093 
0.16838013814720348 0.9773803757359942 0.5001927593600191 0.4998296312400652 0.4997185197483349 0.4005596200009413 0.4999356852239229 
0.9994149048965308 0.9761801487375941 0.500349544474241 0.49987586765800096 0.4996636322856257 0.40012905001917104 0.4999622087426834 
0.21392859671529607 0.0037093666378392454 0.5000746376888563 0.5002628410829029 0.4996448550716696 0.40056452853705166 0.4999636971503388 
0.997537305595077 0.7799754704358203 0.5006504386449679 0.49983288606688187 0.49950348190479443 0.49961506875072614 0.49993579917586084 
0.6422525258696274 0.005744299824257311 0.49958400924795143 0.5002009181901875 0.49976572580822565 0.40010597037265133 0.4999294278418918 
0.9999620591434198 1.7582654841172968E-4 0.5000888410955098 0.4998563556397871 0.4997275824648133 0.40012828525936156 0.49995099861126807 
0.995952235984737 0.9568564722998367 0.5001380429925817 0.5002941120290927 0.499844761923402 0.40062662344371797 0.4999199763440638 
0.2951910302758979 0.3663575073825576 0.4993718671916193 0.49986843067360986 0.49983347687823404 0.40010388832560184 0.49994803613491307 
0.8459208871400874 0.9828769491072802 0.5000700197837747 0.5002957170804103 0.4998443422377822 0.40016406050171566 0.5003202815727881 
0.4394696594382732 0.025138176684329827 0.5003092521041034 0.5002047344988647 0.4997393890417056 0.5004862426999865 0.4999412785043072 
0.9996204617799228 0.7036588881734448 0.49939129392960435 0.4998503972813315 0.49983298026919387 0.4000941396522505 0.49997035706379506 
0.0 0.9801109108463036 0.5006255266909174 0.499827100126722 0.5006545253238187 0.4000719621074986 0.49996597509365326 
3.4882595500281346E-4 0.995320598347051 0.5006405326708977 0.49983785630348554 0.4996832707438457 0.4000691198707622 0.5003220574633359 
0.9994041716396587 0.025138176684329827 0.5003025257623073 0.4998948268832583 0.4997393890417056 0.5004862426999865 0.4999412785043072 
0.06068744529938397 0.0033803041191607375 0.500506487169308 0.49983405405867803 0.499792981273147 0.4001109481589102 0.5003331792539649 
0.43722990609706724 0.9229222144735998 0.500349544474241 0.4998280559672566 0.49965083465793625 0.40054458094671963 0.4999622087426834 
0.999651056368266 0.9945979396628852 0.5001773512265761 0.4998284217434492 0.5007305951067305 0.4000856274575458 0.4999629327719265 
0.49030269612007565 2.0159239095051584E-8 0.5006604776897166 0.49982883160057257 0.49979249520778296 0.40062576527879357 0.4999660628035038 
0.9999991741404258 0.9962435373374829 0.5000921550929124 0.4998508288820069 0.49924437470381544 0.4001679950452485 0.4999312986833138 
0.13883027469494819 0.281929817087925 0.49985413198866907 0.49984559493487773 0.49987002352620374 0.4001227129453793 0.4999190142682787 
0.25784552736102506 0.2220141187940614 0.5000095053567442 0.4998471135772555 0.49983046221169675 0.4001055991655278 0.49993461537720774 
0.3126825629307706 0.7469995533463027 0.5006949828520705 0.4998305801879761 0.5004652228950233 0.40009810040722965 0.4999679536720547 
0.8189721881622769 0.9947314811982313 0.49985413198866907 0.4998584492177131 0.4998082657176265 0.4000921840912819 0.4999191222411584 
0.21572001562958157 0.9662572997096323 0.5003935236153558 0.5002625929318973 0.49967352510035895 0.400122064499822 0.49993545208364815 
0.9999961065406742 0.8625355055606876 0.5006744422811908 0.5003074911022619 0.49966607781574723 0.40056722485064467 0.5003046487516107 
0.05812802388668803 0.9945662263911906 0.5001186860584099 0.5002891721763413 0.49984433877781437 0.4001641308551303 0.4999682412919723 
