0.0 0.0029480809608169595 0.49991873620065796 0.5001772132338177 0.500013710944724 0.49991524942744114 0.49991308639529525 
1.0 2.4074056178099543E-17 0.4998907829607735 0.5002478441014951 0.49998131404491325 0.49990127569305504 0.5001267670651292 
1.0 1.0 0.49980701606716793 0.5001217349823159 0.5000620064060421 0.4999039836362259 0.49992099383609845 
0.9161349888231801 0.5312394015519645 0.49978855252898874 0.500235305461987 0.49997140245716826 0.4997639997290886 0.49991091784354114 
0.8533873227578126 0.8830842261699969 0.4997926492200141 0.5001887747184558 0.49998496713540747 0.49979261642246475 0.49990553300630663 
0.7293241565912147 0.3615141281103377 0.49973040118276896 0.5001896116193219 0.49960428250659517 0.49983502083893205 0.49990881183453717 
0.8333872028959998 0.9420221313945671 0.4999262611619162 0.5002370022728106 0.500014491587456 0.49982804746497544 0.49990843412040753 
0.5622640255214686 0.9379939123482619 0.4997710673805853 0.5001814268644682 0.500003963026098 0.4999037967264706 0.4998084944761132 
0.8648909528087775 0.9861822291103501 0.4998069367333104 0.5001818360572636 0.5000707827837976 0.4999051802803473 0.49991476217987996 
0.6933768437503686 0.3317259214873371 0.49979340852097365 0.5001885140026224 0.500005074939313 0.4999254020107803 0.49990458448967623 
0.9750901411022053 0.1756845853154258 0.499723558476435 0.5002411471566465 0.4999790526352591 0.49990321170414564 0.49990316195644174 
0.4158751710881615 0.5967007311276245 0.4998155221839951 0.5001882676202812 0.5000149252084336 0.499940700939552 0.4999077375407904 
0.4518728112981012 0.6738643187858889 0.4997829932072897 0.5002369737017206 0.5000731933843726 0.49979230897094296 0.49980776586549186 
0.9658961069467527 0.2852019105842337 0.49980694322730507 0.5002115380081661 0.4999861698147087 0.5004085721165593 0.49979445484215174 
0.981896388628763 0.12166657482683874 0.499784808921247 0.5002464078775933 0.500008001255358 0.4999019679039718 0.4999083004006846 
0.6874748090873549 0.12929861291379252 0.4997846109419939 0.5001213538922374 0.5000169992075975 0.499926336450395 0.49990848334473026 
0.5049643272839043 0.9489804565637335 0.49989833873623635 0.5001778176625392 0.5000148184213113 0.49989397356965454 0.4998271477960626 
0.6738747618108797 0.234186780171394 0.4998140971387951 0.5002429678699005 0.5000194339373577 0.4997925420784322 0.4999132394327921 
0.7871809131276041 0.5151002761876321 0.49989894740497265 0.5001778176625392 0.5000150444191205 0.49989397356965454 0.49989010178196913 
0.356334585798737 0.03371319931593425 0.49977267695768857 0.5002462279768958 0.49998598315736825 0.4999015679242857 0.4998446551595289 
0.4870981390047897 0.6484380213031208 0.4998954633651515 0.5001778176625392 0.5000148184213113 0.49989397356965454 0.4998271477960626 
0.9779814419125813 0.023218824305487384 0.49977425130975284 0.5002479622155139 0.4999819218756777 0.4999012747653352 0.5001267670651292 
0.8985916685847539 0.06237222167646325 0.4999194200129382 0.5001772132338177 0.500013710944724 0.49991524942744114 0.49991308639529525 
0.7061136607031183 0.1820150883884677 0.4998156459057337 0.5001675170202389 0.5000697675554273 0.49991041748849063 0.4999068569355225 
0.9900377914238577 0.2260575845707643 0.49981671365156805 0.50018764033036 0.5000224272026733 0.49979219695956323 0.49991346189498426 
0.0798848767652176 0.2852019105842337 0.49978794846995217 0.5002115380081661 0.5000163372523377 0.4999097892752009 0.4998958113680189 
0.20561647866942095 0.24999141176800416 0.4997840727221068 0.5001771853436521 0.5000704075884573 0.49971793046434704 0.49981734685071527 
0.5850419299924049 0.6141057348968835 0.49989896728690913 0.5001778176625392 0.5000148184213113 0.4999013610957555 0.4999121167575062 
0.13550586637833634 0.11941311243336228 0.49980709174775234 0.5001814198991442 0.5000135185596056 0.49991341751212104 0.4998926903695115 
0.7742084722362381 0.9141209546818969 0.49980714909538976 0.5002364939007019 0.5000226908498987 0.49990197092029953 0.49977821795997696 
0.802491154205423 0.6424225140331127 0.499814040145146 0.5001880284933613 0.500012481941349 0.4999345569321334 0.49980375328648863 
0.7360780587945013 0.2508935433446074 0.4998156459057337 0.5001772655468457 0.5000695887972677 0.49991041748849063 0.4999002339254487 
0.6452481122935985 0.8658826082722255 0.4997844027159225 0.5001227484187857 0.5000078154021556 0.49991890683447 0.4998948624320059 
0.8774916700390692 0.9279954326433963 0.49981581388655666 0.5002466409843429 0.49998515606028304 0.49979887557208097 0.5000986425856766 
0.47339076892689524 0.1273767429675286 0.499813653317792 0.5002464649417312 0.5000143724574072 0.4999352759061491 0.4999080045769145 
0.7445079422240459 0.9860748741595623 0.49981034855110956 0.5001201799875183 0.5000148184213113 0.4999022651153072 0.49977622714756526 
0.8333872028959998 0.24545271769933896 0.4999288702164314 0.5002370022728106 0.5000162981577853 0.49982804746497544 0.49990843412040753 
0.9582410142308772 0.234186780171394 0.4998140971387951 0.5002429678699005 0.500021216345739 0.4997921936627974 0.49980812317255063 
0.11381296926567369 0.6321287080702567 0.4998895012247693 0.5001771453683092 0.5000164072150359 0.49991498386769956 0.499840515656838 
0.6187773906192042 0.18095015338245918 0.4998148490351849 0.5001794015100911 0.5000709523939463 0.4999364058937969 0.4999069005942528 
0.23267745233249973 0.18825992161647187 0.499807700065967 0.5001695991185638 0.5000035087887545 0.5004223116659342 0.4999277018137475 
0.9460491278351917 0.8510229319053556 0.4998153439529619 0.5002232632311772 0.5000759887608135 0.4999186891506373 0.49980826678284596 
0.303899374632182 0.17265346654151775 0.4997937332137554 0.5002354250114742 0.5000088252142657 0.4998930953419252 0.49982357143009826 
0.6596140431007275 0.004856045425470301 0.49990984882707135 0.5002411493885631 0.500013864857155 0.4999149647082074 0.49990139816332185 
0.9322757174509846 0.03371319931593425 0.49977267695768857 0.5002431143056848 0.49998598315736825 0.4999015679242857 0.4998446551595289 
0.6120946547988985 0.6750688492988628 0.49972313473272423 0.5002386769263651 0.500014833978782 0.49977988741405516 0.49980948552925036 
0.9846349963357408 0.5884518061787632 0.4997843562524555 0.500121850496673 0.5000630320470089 0.4999050977763644 0.49984481872698777 
0.9410016718188313 0.22598411671540766 0.4998177299673414 0.50018764033036 0.5000224272026733 0.49979219695956323 0.499909066701322 
0.35728666749272886 0.958771760126547 0.49977593214543137 0.5002462619051612 0.5000168191361598 0.49990268007932975 0.5000884787184204 
0.817475726889473 0.7742309200627681 0.49981241571526885 0.5002435884158204 0.4999774512205216 0.4999036090902739 0.49980375328648863 
0.8400039597670856 0.33086016709641997 0.499815827310614 0.5001672523152187 0.49998440174589115 0.4999051204853676 0.499774531751071 
0.9232211280424563 0.7089349137496567 0.49981461342433053 0.5001673222063976 0.49998442279739463 0.4999262467310818 0.4999117831909087 
0.8228483659400114 0.6484380213031208 0.49980475825609066 0.5001778176625392 0.5000148184213113 0.49989397356965454 0.49982702069447665 
0.7504091936668129 0.18220018164467675 0.4997821835344347 0.5002354748651684 0.5000224585002544 0.4999134881390211 0.49984379485442326 
0.6124340687219697 0.12929861291379252 0.49980708876642593 0.5001213972282699 0.5000163273564604 0.4999025573014259 0.49990943456661174 
0.6306839409720358 0.601950611626577 0.49977425130975284 0.5002479622155139 0.4999819218756777 0.49983125211494317 0.5001162713594476 
0.9588368082269733 0.06456340132081811 0.49978859252276037 0.500235305461987 0.4999847253684316 0.49990540193291916 0.49991091784354114 
0.2788131376181029 0.17265346654151775 0.49989032863716754 0.5002354250114742 0.5000088252142657 0.4998933338859119 0.49982357143009826 
0.7596365072407774 0.9141209546818969 0.49980714909538976 0.5001261552655728 0.5000225736599455 0.49991928918930145 0.49977821795997696 
0.9658961069467527 0.6243246953740051 0.4998072933557212 0.5002366865361013 0.49998616960504116 0.5003772266957921 0.49979359720138095 
0.9654304522655108 0.9813727290600951 0.49978456301934654 0.5001242468915577 0.5000149252084336 0.499940700939552 0.49990732636103286 
0.04395432459736709 0.03371319931593425 0.4998895378018901 0.5001773924878862 0.5000127072543661 0.49991498386769956 0.4999130716783175 
0.5470723030108915 0.7089349137496567 0.49981461342433053 0.5002369737017206 0.5000731933843726 0.49992546529696513 0.49990843460138046 
0.27277179979873994 0.985486914816934 0.49981483888200345 0.5001244680515986 0.5000147708827067 0.49993608726096345 0.49991035960576724 
0.5850419299924049 0.6258130583601009 0.49989896728690913 0.5001778176625392 0.5000148184213113 0.49990183758160717 0.4999120627549669 
0.6503924091063857 0.8658826082722255 0.49978797968386474 0.5001227484187857 0.5000163117926418 0.49991890683447 0.4998948861296379 
0.802491154205423 0.8443699790922012 0.4998140480017512 0.5002429678699005 0.4999774512205216 0.4999345569321334 0.49980375328648863 
0.32296076549011854 0.6520932067820864 0.49989403792572534 0.5001779993365753 0.5000150168449893 0.4998691456327626 0.4998272601006314 
0.9846349963357408 0.9030104864013595 0.49980701606716793 0.500121850496673 0.5000630320470089 0.499905084886455 0.49977890158838484 
0.7739069648959728 0.6001243382244155 0.49981697692813215 0.5002365199179886 0.49997643795004687 0.4999019515151439 0.4998465349800574 
0.23455089495226236 0.9418727747271975 0.4998262075769667 0.5001165683707203 0.4999668588306539 0.4999140517124233 0.49990773261078536 
0.520254391279212 0.22375479337472837 0.4998143800173533 0.5001200423037361 0.500019434730952 0.4999099499206006 0.49990853404631364 
0.3911606125842381 0.18163099860654586 0.49977752175561485 0.5001807471171774 0.5000186148962468 0.4999120165377984 0.4998075940152386 
0.9738693676945985 0.1273242161557722 0.49980708876642593 0.5001061373121101 0.5000163273564604 0.4999012450700785 0.4999093822768774 
0.9690718609155423 0.03587034412214078 0.4998895378018901 0.5002349747787359 0.5000245924157921 0.49990156885200554 0.4998446551595289 
0.8890411963916459 0.23313940582747475 0.49981409669901233 0.5001887532776247 0.5000194558827084 0.49979220175215017 0.4999134402987708 
0.7861204336845555 0.5685795357911789 0.4997285440678919 0.5001780035510602 0.5000731519437464 0.4998691456327626 0.4998916669857104 
0.8890411963916459 0.21502236163481397 0.4998153439529619 0.5001887532776247 0.5000201987289835 0.49992478923221856 0.4999088887546848 
0.44581008449683035 0.22375479337472837 0.4998949915830892 0.5001780921285505 0.5000193609721891 0.49990994986612575 0.4999017717314515 
0.4221390123671764 0.22093277161208968 0.4998880769126011 0.5001704988364981 0.500010960797906 0.5003223664577372 0.4997857725210804 
0.47339076892689524 0.7925082072724406 0.4998140561599292 0.5002428749507224 0.500014273295557 0.4999352227300718 0.4999162171136627 
0.32296076549011854 0.5685795357911789 0.4997285440678919 0.5001780035510602 0.5000087920003865 0.4998691456327626 0.4998916669857104 
0.6063457108413364 0.17088917182594499 0.49972824958639167 0.5002355682962859 0.5000149481226214 0.4997813172643311 0.49982025778782535 
0.9485760356286119 0.9752832955149991 0.49978460404319697 0.5001195693505243 0.5000620064060421 0.49990701634107104 0.49977890158838484 
0.3810037163546322 0.25358808747298234 0.49977752175561485 0.5001807471171774 0.5000186440415602 0.4999120165377984 0.4998075940152386 
0.1563518624474607 0.5553065126416846 0.49992827427812686 0.5001804144531127 0.5000080620106757 0.4998311259066606 0.4998926903695115 
0.9326485750384347 0.9229514960772731 0.49977267695768857 0.5002431143056848 0.49998649788202804 0.4999015679242857 0.4998446551595289 
0.7510842686159308 0.7925082072724406 0.4998140561599292 0.5001749726234093 0.5000137064485516 0.49993401779172675 0.4999162171136627 
0.3140053059701355 0.9949624458349208 0.49981580601872366 0.500126081960987 0.5000038507227478 0.5004067408034619 0.4997981161353435 
0.7402522975555709 0.11531576983908767 0.4997238637459282 0.5002354748651684 0.5000120758007074 0.4999134881390211 0.4999100657213651 
0.9817754063957891 0.9899441044024864 0.49978493191829976 0.5001261188456758 0.5000622295995809 0.4999038965473796 0.49990759330760576 
0.11417563782421737 0.06396314867055258 0.49978815255922643 0.5001858030613514 0.500016130964337 0.4997162757702463 0.49978830148236375 
0.8762475089022601 0.9861822291103501 0.49980701606716793 0.5002426377930511 0.5000620064060421 0.4999052053453933 0.49977890158838484 
1.0 0.018464716266313408 0.4998908195378944 0.5002478441014951 0.4999817584687884 0.49986979893935 0.4998080238401486 
0.7402522975555709 0.5994871365489413 0.4997821835344347 0.5002364939007019 0.5000216622685166 0.4999134136867997 0.4998909224926421 
1.0 0.9714227870241734 0.49980701606716793 0.5001218178578059 0.5000620064060421 0.49991359477584135 0.4999098555768127 
0.612010386287958 0.6998696793059919 0.4997231936884443 0.5002385905229576 0.5000149481226214 0.4997813172643311 0.49990782181547827 
0.9714657661957523 0.03371319931593425 0.4998895378018901 0.500242996191666 0.49998610129812976 0.49990156885200554 0.4998446551595289 
0.044809894195862274 0.03362222435932291 0.49988398230966247 0.5001765894003437 0.5000173374194942 0.499903526697732 0.4999277018137475 
0.817475726889473 0.8394193331452046 0.4998141737962696 0.5002435884158204 0.4999774512205216 0.49992406431844943 0.49980375328648863 
