1.0 0.0 0.4997205136289179 0.5010680199031842 0.500119230445347 0.5018113742451568 0.5012686365513938 
4.189543586282705E-17 1.0 0.5000102127033631 0.5002502275583831 0.4999257356175567 0.501591153060515 0.500620481107409 
1.0 1.0 0.5000233417636669 0.5001873572645554 0.5000758911886733 0.6003462943299519 0.5001677199975869 
3.4440542801687787E-12 0.0 0.3987123476477607 0.5004805571477723 0.5036052662758037 0.600374273309508 0.5002234014686558 
2.2009877621138566E-11 0.0 0.39986162701944844 0.5004435630161943 0.5001328673742872 0.6004115541117 0.5005876939848841 
1.0 0.9903519127900866 0.4997127275941533 0.5011468997925979 0.4998292866595429 0.4991225125531109 0.5012690278407779 
1.0 0.9716146613776079 0.49968053449288624 0.5006089347288073 0.5000941591131965 0.500019093522148 0.5001376428438807 
0.7044842694646853 0.0 0.49971037052370304 0.5010680199031842 0.5001122660606065 0.5019375378697417 0.5001574150534592 
1.0 8.341658668003763E-5 0.4997125611869678 0.5010965493544025 0.4998087220728643 0.4991225125531109 0.5012690278407779 
0.26770669902677147 1.0 0.4997088695131053 0.5003766831264356 0.5000683861861113 0.6003455099197338 0.49973945392543107 
0.19497520781608407 0.0 0.49969738093749505 0.5004418981013357 0.5008338090174865 0.5990852625555863 0.49975550418721054 
0.9613491583823823 7.956132713497344E-10 0.49970423453197577 0.49953117397637053 0.5008125929886434 0.5018151965911742 0.500664824788457 
0.2508644692921869 0.0 0.5000206763981805 0.500591015408877 0.5000739752310971 0.5990852625555863 0.5001500479718867 
0.7671057286064223 0.0 0.4997205136289179 0.5010501704736544 0.5003284335967478 0.6004953621447737 0.5002289154034275 
3.5135626654962974E-10 0.0 0.49830721059396027 0.5003363383531825 0.5000806577168687 0.6004311136496631 0.500227707284988 
0.8405744966239836 0.7055791256171611 0.49967941236538693 0.5003287209243465 0.5001092578071717 0.5000271758927526 0.5001364565911627 
0.9675233453826219 8.646954639159201E-8 0.4997052939398139 0.4995288429999815 0.5001206575210495 0.6004641393093686 0.500687328286074 
0.6156683626146379 9.073596300928326E-7 0.4996800453760701 0.501082514209155 0.4998087220728643 0.4991225125531109 0.5012690278407779 
2.083913855895972E-4 0.9878799064794175 0.4996799233572059 0.5003287209243465 0.5001143464972971 0.5000271758927526 0.5001372796164949 
0.8357275751341985 0.7055791256171611 0.4996799233572059 0.5003287209243465 0.5001092578071717 0.5000271758927526 0.5001372796164949 
0.9865741956215304 0.46146636105461025 0.4997070446102676 0.5002260821865695 0.5000863059747079 0.49932066719656637 0.5001526180292352 
0.9877078360451722 4.132622486126691E-6 0.5000183459177107 0.5001914757374194 0.5001094883535693 0.6000852763163294 0.500197027627924 
0.9999485754677235 0.3599195716821824 0.49971252129148425 0.5005947652618983 0.5001165426952693 0.5000219413312788 0.5001563877063134 
0.17639182156246175 0.0 0.49969738093749505 0.5004368073656748 0.5008338090174865 0.5990852625555863 0.49975550418721054 
0.006809263904107965 0.0 0.4997205136289179 0.5010501704736544 0.500327038445965 0.5999467813345967 0.5002289154034275 
0.8802932545304788 0.005054982943241915 0.4997136549508537 0.49947203040466503 0.5001110333806736 0.5011113379531469 0.500123679890899 
1.0 0.33761974525920313 0.49968053449288624 0.500591892748647 0.5000941591131965 0.49932015856974177 0.5001522686982139 
0.7149159177311626 0.9850302482619349 0.49971253077359223 0.5003143961702633 0.5001165056992636 0.5000271758927526 0.500156296472214 
4.189543586282705E-17 1.0847776885562418E-5 0.4996983172024179 0.5004534012255829 0.49993475579918206 0.49720090350564455 0.5001796645932826 
0.996266700920273 4.132622486126691E-6 0.5000183459177107 0.5001914757374194 0.5001254620876324 0.6000852763163294 0.500197027627924 
1.0 0.009254357288436321 0.49971143182123917 0.5002691888021162 0.5001111780296403 0.5009145669113455 0.5001508441045269 
0.6928614775266447 0.2074203848298075 0.49969710316978655 0.4997356700393288 0.5001099702633314 0.5000271758927526 0.5001401764701737 
0.2515438122535469 0.46146636105461025 0.49969687974981747 0.5004437398741793 0.5000807430322143 0.49932066719656637 0.5001519034950854 
0.9998619455097518 0.009254357288436321 0.4997125206225025 0.5002691888021162 0.5001112426088246 0.5000310639409519 0.5001508441045269 
0.9999991573240837 0.8467776666048905 0.49969710316978655 0.49971482069296996 0.5001099702633314 0.5000271758927526 0.5001401764701737 
0.2508644692921869 0.03716713360688495 0.49969743596239713 0.5004415052828741 0.5008590268363391 0.4991180593163458 0.4997523358426424 
0.8357275751341985 0.14812291212909412 0.49967993664271726 0.5003285709972807 0.5001092578071717 0.5000271758927526 0.5005340980939046 
0.9876935160993169 0.929177705577522 0.49971253077359223 0.5003143961702633 0.5001165056992636 0.5000271758927526 0.500156296472214 
0.835539372707977 0.37802318788848305 0.49967861875733266 0.500250023306711 0.4997639424836313 0.5003598346833683 0.5001323491097226 
0.27854067069353716 0.9997383814985564 0.5000076525037085 0.49971434132891707 0.49992767619245976 0.5006846706413098 0.5001376438862168 
0.2508644692921869 0.00232727338067205 0.4998802396449797 0.5004415052828741 0.5008590268363391 0.4991283450509325 0.5001630098925509 
0.9698287112173847 5.915610077004696E-4 0.49968610122660034 0.500250023306711 0.4997639424836313 0.49883351354343963 0.5001363655645255 
0.8925829141639698 0.0486769995398805 0.4997070802867451 0.5002252755938831 0.5000908341568119 0.4993201259253139 0.5001519034950854 
0.8405744966239836 0.03531205043569323 0.49969333243633784 0.5003287133288974 0.500124759114028 0.5000271758927526 0.5001364565911627 
0.9702079040546778 0.37802318788848305 0.49971247152234105 0.500250023306711 0.5000968020781643 0.5003491831037049 0.5001230311422823 
0.9733608845076288 0.08653580936143557 0.49969276657293715 0.5003287209243465 0.5001306000818221 0.5001192945684179 0.5001121190672939 
1.0 0.46049420306450584 0.4997098389383275 0.5005911906264946 0.5000941591131965 0.4995267645083433 0.5001522686982139 
0.8405202138080525 0.8788631797777633 0.49971146655513754 0.5003287209243465 0.500113228878047 0.5000271758927526 0.5001364565911627 
0.9999875284315235 5.915610077004696E-4 0.4997108782409334 0.5005823126264518 0.4997639424836313 0.49883351354343963 0.5001736418662869 
0.7587390089395023 0.2074203848298075 0.49969710316978655 0.4997356700393288 0.5001227648413766 0.5001163757741399 0.5001401764701737 
0.999998773480439 0.8691837047365786 0.4997096480631444 0.49971482069296996 0.5001091925388998 0.5000271758927526 0.5006436760823874 
0.024439301311021233 0.0 0.5003901473026375 0.4995684448375713 0.4999919382550546 0.60037447457319 0.4997546100906004 
1.0 0.3251360993931496 0.49968053449288624 0.500591892748647 0.5000941591131965 0.49932015856974177 0.5001788214463846 
0.025990256899658448 0.0 0.49987520259738155 0.5010680199031842 0.5001122660606065 0.4979801043122458 0.5001784034283985 
0.0757562663969063 0.9850302482619349 0.5000081437284796 0.500249625611562 0.5000915564549362 0.5000271758927526 0.500156296472214 
0.7005765495068836 0.0 0.4997090137345867 0.5010680199031842 0.5001129882089069 0.5019375378697417 0.5001371546668665 
0.7603057290995319 0.9430970691514575 0.4997013240129921 0.49973512555821187 0.5000725224619439 0.5001174464142529 0.5006381291716016 
0.2785876382726035 0.8964076387497084 0.4996793158502046 0.5002362680402881 0.5000863637613655 0.5000063373373451 0.5005294611746697 
0.9883416745583606 0.9850302482619349 0.49971253077359223 0.500249625611562 0.5001165056992636 0.5000271758927526 0.500156296472214 
0.9706324078997057 0.16359051904992006 0.49967941415202893 0.5002325966275671 0.5000862216489156 0.49932066719656637 0.5001419874896001 
0.9991323142332738 5.915610077004696E-4 0.49968610122660034 0.500250023306711 0.4997639424836313 0.49883351354343963 0.5001735446382107 
0.9706324078997057 0.23072235871515323 0.499679357003491 0.5002318391919163 0.500072728360877 0.500119964816685 0.5005340682151354 
0.8906695407109532 0.0528570160131869 0.4997070831736888 0.5002182618885703 0.5000941591131965 0.4995267645083433 0.5001522686982139 
0.7603057290995319 0.9993618467077159 0.4996931300249432 0.5004567595284338 0.5001235678462128 0.5001174464142529 0.5000954348543473 
0.2785876382726035 0.8684614301115356 0.49967941236538693 0.5003281573270032 0.5001246530838236 0.5000063373373451 0.5001364565911627 
0.8405744966239836 0.9762395076942063 0.49969333243633784 0.49979822823152575 0.500124759114028 0.5000271758927526 0.5001364565911627 
0.8405744966239836 0.001977593651743978 0.49969276657293715 0.5002519584317331 0.49975687964660614 0.5000271758927526 0.5001363657164437 
0.9999973549713974 3.907004738207075E-5 0.4997125611869678 0.5010965493544025 0.4997642149310089 0.4991225125531109 0.5012865193532733 
0.9999487709648078 0.19109496954064237 0.4996789638485447 0.5002391749444394 0.5000938729305833 0.5007133021614187 0.5001289680555844 
0.9867930187483971 0.18662119962484874 0.4996789546368646 0.5002339925192404 0.5000861165501314 0.5007133021614187 0.5001289680555844 
0.697650383919223 0.2098719841027662 0.4996811551520415 0.5002488185653715 0.5001092578071717 0.5000271758927526 0.4997560325692213 
4.189543586282705E-17 0.25147600523069363 0.4997038169981496 0.5002139062514966 0.4976649096084823 0.5005847832898745 0.5001455701028948 
0.8405744966239836 0.8684614301115356 0.49967941236538693 0.5003287209243465 0.5001103394579992 0.5000271758927526 0.5001364565911627 
0.9640654643872442 0.8700690607044634 0.4996781787342193 0.5003283462572987 0.5001246530838236 0.5000063373373451 0.5001522385049971 
0.7603057290995319 0.9996016989790557 0.49971231070178046 0.49973512555821187 0.5001091440384315 0.5000268229906341 0.5006417409358525 
0.8326833658140667 0.9997383814985564 0.5000076525037085 0.49971434132891707 0.49992767619245976 0.5006846706413098 0.5001128452469747 
0.93444677804316 1.0 0.5000102127033631 0.5002496026536012 0.5001234472556858 0.5000424437665617 0.5006241561663969 
0.9877078360451722 8.151263942965913E-5 0.5000183459177107 0.5002161162754207 0.4997639424836313 0.49883351354343963 0.5001796147766374 
0.8870541599091349 0.04818864414694368 0.49971034334923164 0.5002252755938831 0.5001120253531309 0.4993201259253139 0.5001518623227038 
0.9591416794975748 0.9979624955064529 0.499702885533813 0.5004440169907122 0.5000684168576145 0.5003506745512815 0.5001448543718465 
0.9991019017297431 5.79443071936856E-4 0.49968610122660034 0.500250023306711 0.4998084496254867 0.49883351354343963 0.5001560531257153 
0.07799168912940946 0.4582384143234506 0.49969276657293715 0.5003325800087646 0.5001249262001831 0.5000271758927526 0.5001364565911627 
0.8326833658140667 0.9866146632577563 0.5000075607147438 0.5003287209243465 0.49992829161559926 0.5006846706413098 0.5001364565911627 
0.9995672712075631 0.2126401661666014 0.4996807237892494 0.5005902132872467 0.5001092578071717 0.5000271758927526 0.5004987647262809 
0.8421337054368638 0.8467776666048905 0.4997096480631444 0.5003304744409808 0.5001091925388998 0.5000271758927526 0.5001457323974664 
0.2785876382726035 0.8700690607044634 0.4996781787342193 0.5003283462572987 0.5001246530838236 0.5000063373373451 0.4997316430061677 
0.2785876382726035 0.8799008820782848 0.4996793472744027 0.5003293211102733 0.5001246530838236 0.5000063373373451 0.5005327643765151 
0.8313176824048705 0.985625868667916 0.5000102127033631 0.5002496026536012 0.5000941039230457 0.5000424437665617 0.5006241561663969 
4.189543586282705E-17 0.013003601531372255 0.4996979867101865 0.5004534012255829 0.4999257356175567 0.600740653321836 0.5001797474639232 
0.9998464684512466 1.0 0.5000233417636669 0.5001873572645554 0.5000811041761641 0.5005046586813956 0.5001677199975869 
0.8743936904124567 0.03531205043569323 0.49969333243633784 0.5004354840351083 0.500124759114028 0.5000271758927526 0.5001170819140927 
0.9999485754677235 0.9993238773895434 0.49971252129148425 0.5003096828388861 0.5001165426952693 0.5000219413312788 0.5001563877063134 
0.7093079904228798 0.9925487918425809 0.49967743907041967 0.5003287209243465 0.5001090845371099 0.5000271758927526 0.5001373974265408 
0.9995547380436436 0.8777308532763048 0.4997098636620971 0.5003282564723096 0.5001089863058635 0.5000271758927526 0.5001364565911627 
0.8405744966239836 0.08653580936143557 0.49969276657293715 0.5003282759917634 0.5001249262001831 0.5000271758927526 0.5001364565911627 
0.9999487709648078 0.8684614301115356 0.49967941236538693 0.5003287209243465 0.5001091925388998 0.5000271758927526 0.5001364565911627 
0.9918227057812482 0.8684538594710346 0.49967941236538693 0.5003314352614024 0.5001089896668034 0.5000271758927526 0.5001364565911627 
0.03634635126262459 0.9850302482619349 0.5000081437284796 0.500249625611562 0.4999203834763862 0.5000271758927526 0.500156296472214 
0.9729509536451122 0.08653580936143557 0.49969276657293715 0.5001880997498747 0.5001306000818221 0.5001149134483648 0.5001121190672939 
0.8702212023799326 0.8493578878669266 0.5000271742462143 0.5003322788621622 0.4997532170331341 0.5000271758927526 0.5001353227461695 
