1.0 1.0 0.5998561460570564 0.49995315312233307 0.5000537312132203 0.5000586689652716 0.5002745487090346 
1.3606021029939283E-6 1.0 0.500014377160604 0.4999596472571138 0.5001859168790126 0.5000680836170515 0.4985690004310588 
1.0 2.0375409896718964E-17 0.5000248686147181 0.4991936574261102 0.5000584320125786 0.4999399159586229 0.49995987969649014 
2.6313245088205333E-17 2.0375409896718964E-17 0.4997786807630069 0.499994666781455 0.4999448811237346 0.5000844577311131 0.5003127080478669 
2.6313245088205333E-17 0.9999999883993295 0.48817003471882403 0.4949791114305486 0.4999487371430545 0.5000628758303245 0.5000836571371482 
0.9999998211556304 0.9999522041119845 0.4999941757286652 0.4999538330157466 0.5002069909874947 0.49994128636038754 0.4990388223494876 
0.9999999657095804 0.9998222180766749 0.5998561460570564 0.49995315312233307 0.5000509732972127 0.5000586689652716 0.5002745487090346 
0.999991052006598 6.1986764038346465E-6 0.49978444943538997 0.4999226136308486 0.500198691247361 0.499367113551225 0.4998100101377161 
0.9999045540043543 6.1986764038346465E-6 0.49978444943538997 0.49992317897500915 0.499942457586154 0.5000711003128303 0.49969160774550553 
0.9999926551156836 1.0 0.500841315251909 0.5000129658057761 0.4999486214069386 0.5000579244152119 0.49997076762007514 
0.998901586045819 0.29221696641800243 0.49999454034299773 0.5000136682180801 0.5003408991331375 0.5000732021339983 0.4999532881129942 
0.9999999998033304 0.3442508095018065 0.49977731383381896 0.4999697567914059 0.5001818766935069 0.4999422373829357 0.4997883871768595 
1.0 0.9964285836356889 0.5005148240942506 0.5000005055000644 0.5003211321797452 0.5000578586793715 0.4998451953065306 
0.9442547081232753 0.03271273626160237 0.5000567974277244 0.5000003760270851 0.5002438899484056 0.5000780350984874 0.49946818567879325 
0.9959439312210269 0.7896666785779494 0.5000203390641514 0.5000236988903567 0.5001737340364829 0.5000688024659923 0.4997011415559251 
1.0 0.9908421949736597 0.5005148240942506 0.4999905163806756 0.5001987187892553 0.5000578586793715 0.4998451953065306 
0.5029978396095895 0.29221696641800243 0.49999454034299773 0.5000006511839471 0.5003400496687848 0.5000780749651214 0.4994750943404816 
0.4558578991574668 0.5287724472296472 0.5007152406654544 0.4999899313818523 0.4999520322407551 0.5000626217816212 0.5000961539593147 
0.9963866740261972 0.6012708478054186 0.5000713190414193 0.499994942479756 0.5003175882507409 0.4998948267747483 0.4999815685031466 
0.787715544574245 0.39887178010699853 0.49977363570310873 0.4999889309739439 0.4999465421030203 0.5000701172865104 0.49969185463718047 
0.9710714820407383 0.6493994012420472 0.499777674426996 0.49996359239497307 0.4999624516450165 0.5000445919446035 0.499791776835131 
0.9778915314490542 0.1555812119900128 0.50010321978586 0.49998889281911707 0.5001718963827044 0.5000642398949433 0.49981100733606515 
0.8065634902081223 0.7527183736352772 0.5000091199889874 0.4999764549105979 0.5004043575731815 0.4999409392280659 0.500152803233743 
1.0 0.3456688006042825 0.5005790662512266 0.49999069431776383 0.4998990139059129 0.5000759073788485 0.5001269435122425 
0.9986209399543486 0.08266087693213942 0.4999999883556562 0.49998893092579705 0.5001728850196631 0.4998877093534229 0.49969185463718047 
0.787715544574245 0.46370988301460864 0.49977363570310873 0.4999889309739439 0.4999462424978085 0.5000701172865104 0.49969185463718047 
0.9998664024611889 0.46413305205448097 0.5000864056874913 0.4999889290883835 0.4999422791309928 0.49988430216107804 0.4996957699739791 
0.7967673650000175 0.6063171572433085 0.49954902847672444 0.49997645209349467 0.49994416793253516 0.4999409392280659 0.5001436284794699 
0.9999999998598849 0.3222999791701873 0.49977564460752283 0.49994333679675196 0.500193338155977 0.4999350030944009 0.5001338278972655 
0.9999734718655685 0.4052409619138897 0.5000173777166435 0.49996773293673336 0.5001791428089721 0.49993431197701693 0.49969722083374735 
0.9999152806312894 0.5032338266519074 0.49977847491862687 0.49999618081273317 0.5001724758450281 0.5000846121445629 0.5001088443073884 
0.9974125759666602 0.9491772128965847 0.5000173011662382 0.49996773293673336 0.5001790761757707 0.5000705069003453 0.49970182235637906 
0.5034616662283942 0.4441927505880748 0.5000468938222293 0.4999677378443633 0.5004914455355305 0.4998984440835024 0.4997620185835581 
0.9999888369815925 0.5917069864551872 0.5000713190414193 0.4999693759103653 0.5003173758944888 0.49989481888191994 0.4999815685031466 
0.9999229354942019 0.7156674096849419 0.5000728938822693 0.49994512519118844 0.49998161382968825 0.5000699443382751 0.5001370666715959 
0.9999480054967689 0.8758625236740645 0.5000146579524029 0.4999906106870867 0.5001736162908191 0.4999423324155937 0.499700302429379 
0.31099559190608944 0.18975673389431075 0.5000185018155365 0.49994829153919085 0.5001799279490965 0.4998866950942323 0.4997900658962345 
0.2950274077170411 0.026961198573065392 0.5000579659317501 0.50000051771235 0.5002695001112933 0.500576740882843 0.49995309966878365 
0.9400147394653745 0.10994601156749734 0.49963278947211415 0.500022198484208 0.4995535913621698 0.5000556960238479 0.4998461864255669 
0.99999208498875 0.5711348652713579 0.49976133073155854 0.4999526851738206 0.5002421710754609 0.4998914477591085 0.49998179524466246 
1.0 0.001446765847809164 0.5000181343779363 0.49996328927561395 0.5001780750895413 0.4998829241091715 0.5001471890067704 
0.9189150217341221 0.19596800314760932 0.4997836299095125 0.4999945438083873 0.5003628910598945 0.4999309694098646 0.4997965413558858 
0.9959439312210269 0.15117824938223628 0.5000186614417798 0.4999889309739439 0.5001737340364829 0.5000643175674823 0.4997011415559251 
0.9999999999980377 0.9016384908071623 0.49970970088225575 0.49995968388127476 0.500200508199452 0.4998844583425703 0.4997894998954702 
0.85030902175616 0.8633153981342879 0.49999649771695787 0.49999466335541576 0.5001791956098944 0.5000708510653773 0.4998246450044831 
0.9999999999940669 0.9958133999937847 0.5000049517768634 0.4999913799064167 0.5001739565434535 0.5000641606762583 0.500145138924908 
0.9032043066093517 1.0101737184032775E-5 0.5000060244500513 0.49996724769408296 0.5004843334608838 0.4999273849458892 0.4997620185835581 
0.5028376301317016 0.4868616621978214 0.5000468938222293 0.4999677378443633 0.5004914455355305 0.49989843953094526 0.4997620185835581 
0.23368295368052744 0.21498838623396674 0.4997841869737541 0.49996955642486574 0.5001921447658496 0.5000704006130174 0.4999594699271439 
0.8760651407322328 0.08801628540153869 0.49978469180670376 0.4999484666803118 0.5001807807920702 0.4998848522133318 0.49979016290300937 
0.9400147394653745 0.12816985988163315 0.49963770596682705 0.5000209949092262 0.4995618308496552 0.4998088487143102 0.4997833409401485 
0.32355547300341747 0.8838063694981835 0.4999965943451456 0.5000130278102417 0.5002570409210236 0.5000675354621222 0.5000950812201077 
0.9998664024611889 0.43707681907823137 0.5000836517482082 0.4999888488719926 0.4999422791309928 0.4998852812780722 0.4997017917016964 
0.9108316810994563 0.8117194305343306 0.499989753037146 0.4999764484045458 0.5003936066281398 0.5000689660519808 0.49979148446439914 
0.8253960018808897 0.6060744548970959 0.50072868218338 0.49997665235213923 0.49994431951692514 0.4999409392280659 0.5001436284794699 
0.9963866740261972 0.5532162993248582 0.5000713190414193 0.4999794677776232 0.5003157295240109 0.49989157926912875 0.4999911983384475 
0.9999913576246754 0.018065364524075256 0.5000181343779363 0.4999945368563527 0.5001768445493245 0.4998829241091715 0.5001471890067704 
0.618834036424528 0.9141951662520259 0.49980802892566006 0.5000234709095964 0.5001650621050838 0.49902708948931807 0.4998193616271808 
0.9172162565170473 0.21166116523825618 0.49999192506316065 0.5000046780478448 0.5002064568437573 0.4999400623415511 0.5003319100036812 
1.0 0.4205335733434827 0.49999192506316065 0.5000065587539428 0.49993592467910947 0.4999401842807452 0.499695610529156 
0.9788970750175214 0.08098702082837608 0.4999999883556562 0.4999889309739439 0.5001754539466279 0.4998876372626805 0.49969185463718047 
0.8447640909929508 0.8117194305343306 0.4999913176054792 0.4999764484045458 0.5003936066281398 0.49994074054408383 0.49979148446439914 
0.9100643342130424 0.9265122699573904 0.49979804750190804 0.5000176882499299 0.5002671910250381 0.4999424414307926 0.4996821216498244 
0.9999998211556304 0.9999342080560946 0.4999941757286652 0.4999538330157466 0.5000556808191348 0.50006697646315 0.4990388223494876 
0.535744441934612 0.02375287456521019 0.5000567974277244 0.5000005268726521 0.5003164614650178 0.5000780350984874 0.49980084575096545 
0.9060854669185006 0.5176676773635737 0.5006010208367218 0.4999925064222969 0.5001911412247733 0.500070286538781 0.5001853196867766 
0.9986720366526336 0.8528828701108844 0.4999919941854826 0.5000075925884682 0.5001827690493195 0.49993815135151365 0.4998234683250858 
0.9778915314490542 0.8341533325355771 0.5001048974082316 0.50002366073553 0.5001718963827044 0.5000687247934533 0.49981100733606515 
0.9974503918208485 0.5532162993248582 0.5000713190414193 0.49996786033318114 0.5003157295240109 0.4998910339260144 0.49970075799867214 
0.980715636505022 0.21238017344695098 0.49978763191002484 0.49996955642486574 0.5001819238839604 0.5000553533432794 0.4999521953951571 
0.6132955911047127 0.004585503932190066 0.49999454034299773 0.4999889267387162 0.5003724327339707 0.5000400597008842 0.5003347118969137 
0.9214799264148186 0.3094612506165226 0.49977564460752283 0.49994333679675196 0.5001941580867922 0.4999350030944009 0.4996845504563768 
0.500442981858497 0.9219549502193416 0.5000561499795114 0.5000186939196924 0.5002669588177201 0.5000780350984874 0.4994815286735385 
0.9999999999980377 0.9422604567828057 0.5000728938822693 0.49999386462305573 0.499938721099337 0.49988596536057606 0.49985528004738 
1.0 0.24882365935744738 0.49999192506316065 0.5000065587539428 0.5001829465851646 0.4999401842807452 0.5003319100036812 
0.2878535923700425 0.15873057672681623 0.49978443597426975 0.5000047103805481 0.5001852233745314 0.49993885017059714 0.4997947474224659 
0.9997446590735891 0.21958450441465074 0.49974982103128934 0.4999526435078603 0.5003194612563707 0.500051933453814 0.49995495288551217 
0.9301067250031549 0.9049321427632776 0.5001048974082316 0.5000234945578896 0.5001718963827044 0.5000682562958445 0.49981100733606515 
0.9986720366526336 0.4886207149299149 0.499990092465695 0.5000087357860378 0.5001827690493195 0.4998123940386923 0.4998234683250858 
0.9245952223389067 0.14536491453605505 0.49977731383381896 0.4999697567914059 0.5001818766935069 0.4999422373829357 0.4997883871768595 
0.5039979574330014 0.9705633404173456 0.49999454034299773 0.49999943654758594 0.5003400496687848 0.5000780749651214 0.4994750943404816 
0.9865792842482386 0.8441937562922084 0.5000200871957364 0.5000063199948865 0.5001733989478004 0.5000623126004199 0.49979246025067264 
0.9935939675930187 0.12095414385361834 0.49964749448773904 0.5000132914944444 0.5003156728959587 0.5000731622673643 0.4999597224460512 
0.9999999999980377 0.9459895618592319 0.4997144267191659 0.4999690010839177 0.5003796820552431 0.49988596536057606 0.4997894998954702 
0.9778915314490542 0.8656593917824378 0.49977471817450964 0.50002366073553 0.5001744661629943 0.5000687247934533 0.49981100733606515 
0.9404692189444352 0.21238017344695098 0.49978763191002484 0.49996955642486574 0.5001799078624111 0.5000676885079332 0.4999521953951571 
0.9060854669185006 0.33458825869397857 0.500583487993278 0.49994240844022486 0.5001911412247733 0.4999421960654303 0.5001358374629076 
0.8996757585253117 0.8633153981342879 0.4999964923102498 0.4999749220963507 0.5002667702100505 0.49994074054408383 0.4998246450044831 
0.980715636505022 0.20058124454887644 0.49977658863704133 0.4999695467025465 0.5001819238839604 0.5000553533432794 0.4999521953951571 
0.9998033395666712 0.3938935810323973 0.5000829672215196 0.4999889290910085 0.4999538973282552 0.4998852812780722 0.4996957699739791 
0.500442981858497 0.024862322635350653 0.5000567974277244 0.5000005268726521 0.5003164614650178 0.5000780350984874 0.4994815286735385 
0.5999860484337756 0.004585503932190066 0.499989038516434 0.4999889267387162 0.5003814433740685 0.5000404656266516 0.5003347118969137 
0.8380168060428709 0.7960922882933987 0.5000091199889874 0.4999764549105979 0.5002720549984779 0.49994093926096833 0.5001284262270248 
0.9796526094147633 0.43544687279896926 0.5000829672215196 0.4999889291339054 0.49994466825727607 0.49988520918732976 0.4996957699739791 
0.9999999998033304 0.4397644405851133 0.49977731383381896 0.49997037738131306 0.5004002839167829 0.49992738661887365 0.499767357686412 
0.6725092050392124 0.4637848591047891 0.49999950580496055 0.49998878071478003 0.5003088417181497 0.5000703182226086 0.49969185463718047 
0.9442547081232753 0.0584252401906829 0.49977676740452814 0.5000003760270851 0.5002438899484056 0.5000780350984874 0.5001116102203301 
0.9022499150192673 0.8528828701108844 0.4999996275062157 0.5000063890787436 0.5001770679014682 0.49994605313719775 0.4998234683250858 
0.9990024705393599 0.15117824938223628 0.5000186120408151 0.4999486707963156 0.5001668708573564 0.5000643175674823 0.4997011415559251 
0.5868875502608539 0.8735567222066916 0.49977356181529625 0.4999752776468267 0.5001802199790429 0.5000694162257864 0.4996866896767907 
