1.0 1.0 0.5001454680137325 0.4998117546651214 0.5003416445797991 0.5000875848869433 0.499972010187272 
0.0 0.8804275602521903 0.5001462363947783 0.49983784161302053 0.500303059146735 0.5000975917364903 0.49998987678252427 
1.0 2.593881540630202E-17 0.5001933289165155 0.4998156064577215 0.5003044318255246 0.5000970581308353 0.49997238118165493 
0.7624947153391568 0.6993044034756035 0.5001974694326881 0.499811936338638 0.5002906195937812 0.5001058977612979 0.5000057165365014 
0.9774062132226783 0.1361619464907784 0.5001479486093842 0.4998116695194445 0.500298341293755 0.5001153102877387 0.49997357726025854 
0.25949285426859425 0.3720064004497089 0.500140985729222 0.4998084303511565 0.5003431825597139 0.5001471006064506 0.49997275740550257 
0.13126240604421174 0.8778911042742437 0.5001461187814034 0.4998217314586182 0.5003142430689068 0.5000954160893806 0.5002309198755155 
0.15992316081305336 0.4354898275063951 0.5001431845762306 0.4998705411546402 0.5003024746529752 0.5001020804254914 0.4999853740358347 
0.09388948747166664 0.5223934188525176 0.5001395050496827 0.49981515681849004 0.5003021323600421 0.5000954160893806 0.5000192736417487 
0.8810702786603877 0.8766304195786173 0.5001462363947783 0.49982287852993784 0.5003412860411315 0.5001032866296137 0.49998986642073345 
0.7516339071160507 0.028355286959478365 0.5001919454050265 0.4997844748060794 0.5002998320922112 0.5000888893970921 0.49996869719412096 
0.7848635382275088 0.5519530462790315 0.500142832818162 0.4998113104401921 0.5003740708260722 0.5001423793388078 0.49999333511019917 
0.8464084800828501 0.84323980209766 0.5001997449505824 0.49986758820579025 0.5003165232177564 0.5000978494111974 0.5000045000072098 
0.8046711530459154 0.6990916397221818 0.500249221399982 0.4998663054773865 0.5003158200892898 0.5000973032682832 0.4999542622080853 
0.5611808629424279 0.16099236461175456 0.5001751188799364 0.49981208566845725 0.5003153470005647 0.5000947389640622 0.5000076361150738 
0.887721401876384 0.01081605717773787 0.5001463884084324 0.4998303567735016 0.5003790383748516 0.5000965341305661 0.5000175217612679 
0.8180140925110022 0.8197708146699288 0.5001507058151048 0.49973325810494323 0.5002987841417167 0.5001968262097013 0.4999674031280783 
0.925572228778538 0.6363851540388841 0.5001408977921356 0.49981194506312987 0.5002992461902586 0.5001406078692386 0.4999732388322051 
0.07940722615146922 0.5645340454894525 0.5002443622139077 0.499811893350748 0.5003709146617531 0.5000953771238189 0.4999880122965372 
0.9585001626415854 0.21149445883261703 0.5002436668497007 0.49980142618781476 0.5003384717379604 0.5001015191531215 0.4999735928373376 
0.910225115627799 0.12334192819443472 0.5001480778522694 0.49980831813412885 0.5002970128573454 0.5001149008614009 0.49996300291283413 
0.8655591870697301 0.8434807771669472 0.5001451803743814 0.4998122273997076 0.5003416675529435 0.5001055696183019 0.49997207293323775 
0.9977838644531163 0.8766304195786173 0.5001462739552788 0.49982287852993784 0.5003412860411315 0.5000875262118861 0.4999895133771989 
0.8351198483058515 0.9824619664632035 0.5001954974882361 0.5003512903607039 0.5003027480213192 0.5000926739075122 0.5000325851158549 
0.8779786063670447 0.06863561361763532 0.5001421099450926 0.4998641169368168 0.5003696811803183 0.5001009619964747 0.5000069451881145 
0.5127711679395813 0.12679990224474688 0.5001751188799364 0.4998702338228058 0.5003153783146667 0.5000863336965958 0.5000073213610194 
0.8905249579940393 0.7088309944526677 0.5001903823099871 0.4997340878331072 0.5003001369377916 0.5001958327458349 0.4999555719364397 
0.062610783219532 0.5645340454894525 0.5002443622139077 0.4998113227502765 0.5003718462693441 0.5000943644590927 0.49999279385945333 
0.4851631356758179 0.8434807771669472 0.5001495581502101 0.4998124082593291 0.5003386437379241 0.5001055696183019 0.49997207293323775 
0.9896346375677715 0.058606526688176966 0.5002514226585709 0.4998015136591359 0.5003211054391868 0.5000814888591064 0.4999998125750561 
0.8380460971271063 0.5630640683424645 0.5001429374000003 0.4998113102245414 0.5003718490768287 0.5001430990272672 0.4999929434109543 
0.3419110817930672 0.43528333382513895 0.5002182954548007 0.499770978742298 0.5003440388319573 0.5001890514154034 0.5000023493883949 
0.9908699517509686 0.8197708146699288 0.5001507058151048 0.49973325810494323 0.5002987841417167 0.5001968262097013 0.4999674031280783 
0.20547280179353922 0.8142974764623578 0.5001463400018674 0.4999104169941607 0.5003398863167446 0.4996474190598161 0.4999795688889388 
0.956763988228612 0.43847936221218275 0.5001408599799706 0.49977101854629824 0.500343990265536 0.5001067832265379 0.49994744976558786 
0.7307231863800178 0.7000958857258703 0.5001397937980391 0.499812354628365 0.5002906195937812 0.5000951491202044 0.5000063317357604 
0.5685006408990403 0.970779002975569 0.5001743049154371 0.4998706531087144 0.5003153783146667 0.5000944247144954 0.4999747015287491 
0.6760050335494757 0.8778911042742437 0.500140672820728 0.4998214694984425 0.5003140899138242 0.5001370937176918 0.5002308100794695 
0.5750950712934717 0.12679990224474688 0.5001751188799364 0.4998705452033359 0.5003153783146667 0.5000944247144954 0.5000073418228288 
0.31575264193984914 0.8432578494041653 0.5001895134808075 0.49976713682100515 0.5003123820193583 0.5000944724858408 0.49995550505411884 
0.3924456481384683 0.6300592800455226 0.5001420387255078 0.49982283092573804 0.500340670832934 0.5001092412225665 0.49993793856020363 
0.251351855359574 0.5652609062013498 0.5002443622139077 0.49975908170071814 0.5003709146617531 0.5000912329904472 0.4999880122965372 
0.6139137437476523 0.284580885082369 0.5002439650595407 0.49980889562231884 0.5003423081902602 0.49972727101491 0.49998770052954256 
0.9866965623902717 0.08389931542909218 0.5001393297241865 0.499865256263771 0.5003128131928521 0.5001008438757277 0.5000069451881145 
0.8331069718303579 0.3915589250178605 0.5001950091335259 0.5003452060929358 0.5003456317420035 0.5001478195218749 0.500028048276253 
0.3768320040196179 0.3315556910874501 0.5001422363557768 0.49981196921979226 0.5003038631691206 0.5001084304953677 0.5000074118707113 
0.8445021970979789 0.5393537838644118 0.5001395050496827 0.4998272521998384 0.5003163535518449 0.5000954160893806 0.49996751497735203 
0.9350457655930551 0.31087393461127594 0.500197338049253 0.4998035341774483 0.5003447004017433 0.5000859854102484 0.5000079901426274 
0.9631044989045789 0.20476849605029784 0.5002492957658107 0.4998015095138666 0.5003409535901177 0.5001024733322994 0.5002259071743009 
0.8825457302106685 0.7579478218307998 0.5001479840735037 0.499834569552095 0.500298447512673 0.500096583207863 0.4999731962421284 
0.5476648557564141 0.3064896041470975 0.5001462363947783 0.49982287852993784 0.500343640320056 0.5001032866296137 0.49998986642073345 
0.7374565855654411 0.43630880710014297 0.5001490687472485 0.49981196921979226 0.5003017395340009 0.5000902556696079 0.5000077260932793 
0.704907948250127 0.7071355496755434 0.5001432568203779 0.499768509599239 0.5003450019847381 0.5001060624188477 0.5000108216833348 
0.7237225695474749 0.2576697534281265 0.5001436082967006 0.49981153400986367 0.5003707678814585 0.4996608970230603 0.49998831244916037 
0.8978653079164565 0.681205793243189 0.5001956582119957 0.4998125588073724 0.5003044910671146 0.5001055696183019 0.4999862590830207 
0.3325178246594208 0.02977207567037765 0.5002182954548007 0.4998727431475051 0.5003147024363913 0.5001890514154034 0.5000023493883949 
0.6019511448827493 0.5741819815486802 0.5001938817866421 0.4998125588073724 0.5003465763547914 0.5001053291207427 0.4999870348173004 
0.964015693655928 0.4120865917056406 0.5001408908224004 0.4998451812741528 0.5003431825597139 0.500100493352663 0.49998087391314366 
0.453642242969666 0.3169627869995089 0.5002470391036541 0.4998119766767999 0.5002256900773023 0.500080348441345 0.5002259071743009 
0.8555316311348022 0.5630640683424645 0.5001429374000003 0.49981188082501293 0.5003709174692379 0.5001441116919934 0.4999881618480381 
0.3017427397033716 0.6993044034756035 0.5001976128081499 0.499811936338638 0.50034675583678 0.5001058977612979 0.4999558796808386 
0.5284482228729055 0.5607626017358278 0.5001983250118178 0.4997602238328355 0.500306069729 0.5001005926938683 0.5002469792355069 
0.43551490404267595 0.3796634759277077 0.5002436668497007 0.499811893350748 0.5002960214354704 0.5001007365663598 0.5000047609844016 
0.3803202014429342 0.2690172825888557 0.5001413122680555 0.49976021082662386 0.5003061264066567 0.5001005926938683 0.5002346545907987 
0.9640127700166791 2.232575799941813E-5 0.500147498253794 0.4998156064577215 0.5003044318255246 0.5001402209528231 0.49997238118165493 
0.6609036597437584 0.004680980875712684 0.5001419470464215 0.49980105918675616 0.5003024180812666 0.5001394765826102 0.49998804703293037 
0.8700975160792506 0.2690172825888557 0.5001275160680965 0.49976044361907535 0.5003046576888273 0.5001005926938683 0.4999866150930704 
0.9241529410759423 0.6475298811445545 0.5002481641936191 0.49980810820563193 0.5002978280922868 0.49962951683467105 0.499998920123162 
0.7891695514014313 0.4527952072961793 0.500249221399982 0.4998663054773865 0.5003158200892898 0.500097277914689 0.49997943983562726 
0.6233547720786613 0.7018701670694153 0.5001421195064153 0.4998120058158319 0.5003003537866402 0.5001087135958601 0.4999935160400517 
0.3663267819149162 0.799620475350413 0.5001272784594668 0.49975618971581814 0.5003488508034709 0.5001005926938683 0.500246756386059 
0.9483001360223409 0.9768262427836014 0.5001438582502412 0.4998156051323761 0.5003024303089828 0.5001435108634287 0.49999358924573734 
0.5611808629424279 0.2779423390750887 0.5001751188799364 0.4997607572262237 0.5003153762018847 0.5000947389640622 0.5000076361150738 
0.6888982692687279 0.8778911042742437 0.5001395050496827 0.499803359064088 0.500315378675819 0.5000954160893806 0.5000063277698222 
0.20591345383939266 0.6799041679153933 0.5002533696725867 0.4998705452033359 0.5003153470005647 0.5000942453595622 0.5000076361150738 
0.9834985287699509 0.9624800567315408 0.5001489451559492 0.49980140646628957 0.5003744272732998 0.500139976669026 0.4999896869368372 
0.4389302623229251 0.31674189752782583 0.5001393297241865 0.49986498525638945 0.5002273872097007 0.5000998276278523 0.5000069451881145 
0.2060010356307176 0.7016901798736108 0.5001463400018674 0.4999104169941607 0.5003007344013897 0.5001044278988893 0.4999795688889388 
0.7356483664850161 0.3315556910874501 0.5001437249789414 0.49981196921979226 0.5003024638758742 0.5001414197070031 0.5000077260932793 
0.9483001360223409 0.9995362630731031 0.5001438582502412 0.499828017076506 0.5003156941734883 0.5001435108634287 0.4999926935622844 
0.614516710490599 0.02512186908257108 0.5002182954548007 0.4998727431475051 0.5003149123439538 0.5001890514154034 0.5000033963498269 
0.9350457655930551 0.2729341750621053 0.500197338049253 0.49981188739850435 0.5003447004017433 0.5000862803452443 0.5000084244921976 
0.8610202898003537 0.2136808660281268 0.5002542293672736 0.4998313716027912 0.500344560046986 0.5001404424724023 0.4999683136144845 
0.614516710490599 0.004793384156237937 0.5002181242222338 0.4998307733251918 0.5003149123439538 0.5001890514154034 0.5000033963498269 
0.9524157971426707 0.26194652928037343 0.5001479658020822 0.49980847330416184 0.5003678392687992 0.5001221306592242 0.499986680722321 
0.9409095303254962 0.9343621506065838 0.5001407394465943 0.4998027618463576 0.5003149483604549 0.5000954160893806 0.5000027384730489 
0.9940668124375192 0.9935158627021193 0.5001463678088675 0.49980947053941793 0.5003007344013897 0.5001055254340429 0.4999797407543527 
0.2797471590840946 0.9884243385001446 0.5001411044920352 0.4998017119142693 0.5003136418502871 0.5000902498466775 0.500002617658025 
0.956763988228612 0.03324729554344227 0.5001408599799706 0.49987278295150545 0.5003146538699701 0.5001067832265379 0.49994744976558786 
0.7932141591828445 0.3915589250178605 0.5001950091335259 0.5003452060929358 0.5003456317420035 0.5000955803849243 0.500028048276253 
0.41418106323139364 0.9782621412154144 0.500191312584654 0.4998706453754005 0.500304669167402 0.5000983773253649 0.49997289484676377 
0.8336332579651771 0.8804275602521903 0.5001475699107053 0.49983484147775803 0.5003030907572291 0.5000975917364903 0.4999555640373398 
1.0 0.9692650002337765 0.5001526006144433 0.49978454301965336 0.5003470880146261 0.5001055700245483 0.49997177119509334 
0.9383354696610724 0.6713928677670453 0.5001408908224004 0.4998451812741528 0.5003431825597139 0.5001001814114105 0.49998087391314366 
0.9866965623902717 0.8079965263553375 0.5001390710804068 0.499865256263771 0.500339545016424 0.5001008438757277 0.5000069451881145 
0.4692249762031727 0.41378729000546177 0.5001435716455089 0.49980058154968643 0.5003024687722236 0.5001397003971015 0.5000077024887064 
0.6501545857388704 0.777252665763541 0.5001526699597421 0.4997861693447166 0.5003470332822612 0.5001080795448322 0.49997956864867954 
0.9560448182099657 0.9369252426740236 0.5002161785190775 0.4998815269560083 0.5003149123439538 0.500210107068701 0.4999856803639181 
0.7261394408311694 0.6300592800455226 0.500157774621864 0.49981065735347147 0.5003739883579922 0.5001095302776242 0.5000079901298797 
0.9916202658733668 0.013414575201667056 0.5001411345849485 0.4998007022580891 0.500303086255497 0.5001403863035352 0.4999759086767518 
