0.007335297006801272
0.0077456670675217845
0.008407908859789592
0.009461589627958844
0.01268177797374917
0.0128671433958817
0.009792868468911198
0.012228532749118934
0.007650207420443977
0.006722468941229076
0.00789151793059334
0.009127633379183875
0.008243496333231404
0.008678056537789906
0.0077879995272461255
0.009233770013826192
0.011013118675374967
0.008915194221327638
0.0071844557503382145
0.006824277824245661
0.008096584889690672
0.01245963644353841
0.01063891139442108
0.007459361337939008
0.008477010911211003
0.007867438017735928
0.008549951959154506
0.008957140725084967
0.007658881013059629
0.007848930098688034
