0.8522893297914792 -0.7723441591586164 
5.813085545609435E-9 1.0016570274541288 
0.8234856605148716 -0.46058001497115236 
0.6527822055645388 -0.4573905671624069 
0.45513595244802796 -0.1229977436359284 
0.2576824984439501 0.24339204117679752 
0.6184358013353672 -0.12387936396172626 
0.40956712167381604 0.2397467128411833 
0.18543556568191225 0.6527419230002519 
0.08254820203956714 0.6709159683051551 
0.02366446579637436 0.8321610572099087 
0.03886920890884414 0.768630416519024 
0.6210942935855719 -0.1685594418608457 
0.2004580875608794 0.5517478540822234 
0.8262522020970087 -0.5146876701948943 
0.43430748030727206 -0.039852299858054795 
0.24628225740870613 0.2601937569233367 
0.23490397831164772 0.31054072647923153 
0.20522106958587677 0.5151486188984908 
0.4391852841646303 -0.06940922888250002 
0.43201660806300024 -0.020662337216514084 
0.22898218983519664 0.34231108783734765 
0.6457199411394883 -0.44107358020029963 
0.42637930182433736 0.03534815532522416 
0.226018909597392 0.3612006871324488 
0.042373869027816355 0.754764200627125 
0.8366405814850923 -0.6778215277058984 
0.21025229192716471 0.4886946239483471 
0.222436892193261 0.39662287619504094 
0.8299540507026832 -0.5784308658080903 
0.6187517728026241 -0.12933717867383485 
0.06714081768646488 0.6853153487869479 
0.8458533758608137 -0.7573922887332564 
0.8427901233510326 -0.7383122515948288 
0.6397854923995787 -0.4061473971071115 
0.6424473307406064 -0.4218642356571095 
0.6243546973468596 -0.22155897603207994 
0.07432398722322116 0.6751329565631508 
0.0013264170859810798 0.9658353254623057 
0.8405679281654201 -0.7192685215025605 
0.44833859349186467 -0.11351719988887121 
0.8283711904048199 -0.5534267226853954 
0.4127051302334185 0.21196658098422874 
0.24215009418617567 0.2744815863082893 
0.18812325686313477 0.6399611263290544 
0.41768689177934293 0.13483721376070237 
0.4136472320055662 0.1863752671630701 
0.00621484761846855 0.9214442512968013 
0.21680711630523025 0.427047554402891 
0.008460763559569567 0.9080729114336149 
0.44131024289114307 -0.08782852670397347 
0.212967615908492 0.4559853667164602 
0.048353921823189844 0.7346257203510524 
0.014302218948397477 0.8760049365163235 
0.42878302282823355 0.010089768083219227 
0.44401930047111887 -0.10146962671661078 
0.63040169958484 -0.3075117156807982 
0.19827331610626153 0.5670021722761154 
0.415427547999638 0.16304136252165713 
0.011514196875758359 0.8902841621572545 
0.8312537429442466 -0.6001952024073332 
0.6345956319719448 -0.35733664892940925 
2.9795792205089544E-4 0.9849416776798106 
0.21242751848636415 0.46005108745024265 
0.42383518589499725 0.08394805760211292 
0.04989910101285955 0.7286032578371511 
0.19608860674834974 0.582604457035203 
0.2069746959438532 0.5019471689394321 
0.6229954463000895 -0.19118711333317853 
0.6260397998730625 -0.2469068461772761 
0.060961156662932156 0.6970184987356166 
0.6273671870312313 -0.2660213723623753 
0.08254820203956714 0.6709159683051551 
0.4203079443549485 0.10256129569606862 
0.4110605741787175 0.2246442949929274 
0.05548470324875021 0.7122037487415072 
0.2202682568784339 0.4022752657420724 
0.6284868608124291 -0.2822611073072664 
0.8326224668407769 -0.6115900102930231 
0.417303477154159 0.139330263744239 
0.82530268875015 -0.4937516516457692 
0.6373777599245312 -0.38494907165780823 
0.020065769501556724 0.8513536447857144 
0.23879338260762983 0.288238584528637 
0.8348350384139522 -0.654615844146176 
0.020065769501556724 0.8513536447857144 
0.0037901963052409116 0.9405847240976857 
0.23722592399275508 0.2960827744113904 
0.00312881860075076 0.9454625568119279 
0.6343608211199936 -0.3526066673075917 
0.4285560032485895 0.013033127444030698 
0.42413300584666647 0.05870207341036196 
0.1910501184821926 0.6210960056123945 
0.6323827960040642 -0.3316125367082021 
0.850562472744047 -0.7716747215109286 
0.828450052161764 -0.5546439129012858 
0.8345423878436523 -0.6504011504606185 
0.8386194926604853 -0.7002544353448854 
0.19352748469094627 0.6008291537067384 
0.8247392085604243 -0.48478008799029987 
