0.851118896804402 -0.7723107950655009 
1.360660257928247E-7 1.0009533020340482 
0.823491985109237 -0.460369462738644 
0.6184999214620526 -0.12514853112776655 
0.6520463955024316 -0.45720000406568334 
0.25787746414469254 0.24311388318559224 
0.4532761679289036 -0.12331175719321326 
0.41064362101360763 0.22541206620023935 
0.08422344408197147 0.6709158775366295 
0.18320732313117663 0.6657320034980926 
0.43361095393003146 -0.033960010508519774 
0.8255713462362917 -0.5019737233920003 
0.2104206575981823 0.4839652903586591 
0.2140259968519811 0.448173365194334 
0.22448513812324994 0.37578625723931286 
0.42844005857584 0.013153608913880238 
0.6326630258631778 -0.335659578809483 
0.4170757141904334 0.14223687986412767 
0.04790720720726589 0.7357480212478368 
0.4218942253515289 0.09884894050039475 
0.19457682925894101 0.5930947622045524 
0.19957821746220572 0.5702183288149139 
0.19044465638633967 0.6225123469895584 
0.41361177690020634 0.18779433608686957 
0.01291319329238709 0.8828021268531765 
0.4188090834623267 0.12199169103429518 
0.042847671673238774 0.7531285280084568 
0.4407119736487877 -0.08444479961717972 
0.4148428493401246 0.17069725689693363 
0.007666176829403681 0.9118171249632201 
0.027359780230603425 0.8159937945274386 
0.07459096812331997 0.6748642718379722 
0.23657668885582805 0.29903573677851747 
0.637397963176458 -0.38543616925899365 
0.21957214930263266 0.4063211345284077 
0.6419650306915734 -0.42065673249890934 
0.035042886259752604 0.7839899865656118 
0.8287299987507992 -0.558869790095339 
0.42275743589382564 0.07462321582666413 
0.20441255128965544 0.5209310450774373 
0.030890382032927394 0.8021489198358736 
0.43732775050125605 -0.06258438736176365 
0.8346270044901396 -0.6517439613569976 
0.038694426123113135 0.7696894391057667 
0.6306810653700493 -0.3112468076800638 
0.8241842473623864 -0.4743440490928624 
0.8329010680874444 -0.6132173674834261 
0.1859902806362234 0.6497088090305414 
0.6400286181983816 -0.4068183896312716 
0.0018601088110580255 0.9589444575892234 
0.4466294921446783 -0.10769717391227188 
0.4258068399929889 0.05844011694167863 
0.646093850963456 -0.44372088679104965 
0.23331540617224616 0.3164452914601395 
0.8394280773046832 -0.7087788018330744 
0.4113028672787808 0.217015392587195 
0.24053011073364297 0.2810912333799728 
0.05865000197455539 0.7030803528111781 
0.8331054635047989 -0.629690011730491 
0.6216584225818523 -0.17787912912475645 
0.8360884316361548 -0.6710433385914123 
0.009563031698322927 0.9022556523548912 
0.830520390294551 -0.5898304010693766 
0.022776373419136894 0.83640970654493 
0.0671082039335002 0.6858109439680738 
0.6228924572722292 -0.1969865869488384 
0.8476520221243513 -0.763482655736839 
0.0037766495444306464 0.9418948565107538 
0.2432644661945579 0.27011773784975296 
0.19234324831755834 0.6092457517227698 
0.6238432904439437 -0.21264190825429435 
0.827417206075381 -0.5361966092344739 
0.6349259536511426 -0.3600457790855559 
0.8442698761020277 -0.747851950611323 
0.01687960959703054 0.8639544671005794 
0.8410013651836274 -0.7230477533463767 
0.6206273756914575 -0.16042875799383663 
0.06664299929642137 0.6980094344074058 
0.8299011967718607 -0.5796133563321898 
0.053056580291622635 0.718678232127175 
0.626057464256967 -0.2277000238479098 
0.25292753544987834 0.24734112790613333 
0.6295263205335745 -0.2959990980001039 
0.6268661253524185 -0.25831556801602196 
0.6260978570212763 -0.24171960445513385 
0.20038482364491497 0.5514777191116319 
0.8427790324040594 -0.7375735020342927 
0.02140810471004719 0.8433539613900156 
0.6354774368594034 -0.366472469581091 
0.4387439056234661 -0.07117117791162955 
0.42644057891146203 0.03769535086820797 
0.6285303924976686 -0.28282955178576386 
0.6277430390452355 -0.2710861914759409 
0.20697206026374265 0.502733291282301 
0.20201796162064795 0.540829399355454 
0.0553152239702292 0.7171080679589716 
0.827417206075381 -0.5361966092344739 
0.21622084123116328 0.43088448938503277 
0.20731166448877503 0.49937679298166837 
5.206146505825487E-4 0.9800561049630291 
