2.9700925059878217E-8 1.00138577789569 
0.8519575279732322 -0.7725566370660168 
0.8234056391504205 -0.459009023456587 
0.4538118435373838 -0.12351465598878149 
0.6522089752685178 -0.45753434006548555 
0.6184450419582439 -0.12420939843780524 
0.257995434884448 0.24323281390366228 
0.40939034112492606 0.24220333337035338 
0.08282967580455985 0.6709810137060234 
0.18278390330468652 0.6681670202021508 
0.22629761784331448 0.3593611240822685 
0.8414552943458267 -0.7190463651874168 
0.6416549539414955 -0.419938584037505 
0.21380105573536295 0.4491525632235523 
0.036405215537202676 0.7782459965346646 
0.2086806492735668 0.48885109500123547 
0.4155585307206797 0.16161318568261954 
0.6274912653823058 -0.2681361076025953 
0.8371860256249662 -0.6828621279122766 
0.20573864014687493 0.5111678779897157 
0.8319880581364867 -0.6130570743858195 
0.8340582393041609 -0.6434638825021888 
0.18892353082095642 0.6314261116592715 
0.63426834425186 -0.35362655602788096 
0.42147581164848613 0.09048240342204185 
0.6515273722795107 -0.453665438747549 
0.4180446569902614 0.1306225820937091 
0.2033073286114111 0.5410765676379802 
0.06382034976189266 0.6911711702892067 
0.4100886630304424 0.23720947550956198 
0.4290762746482497 0.007095017657874907 
0.004035220916056921 0.9373469774582717 
0.030274311531578335 0.802652040946725 
0.23104353859965593 0.32968020799267395 
0.010809966263130466 0.8936165955240252 
0.4453096433587064 -0.09765049613478079 
0.8246144820261474 -0.4828448562770533 
0.05841253138883859 0.7036055886951598 
0.23212754839977143 0.32342249411028723 
0.8280025164129023 -0.5467127708856118 
0.4127371884793454 0.19836673551829095 
0.19371734541524782 0.5991449871684592 
0.8357805314286695 -0.6670633186589904 
0.4322176911196065 -0.02274399860313912 
0.24841976152089384 0.2575734770851043 
0.18531282690010192 0.6626595857153783 
0.022153084632567488 0.8385855862175969 
0.049805042156191914 0.7285440710981183 
0.013073622387501427 0.8825455658532756 
0.8445980538105743 -0.7499308047499986 
0.8304637435121629 -0.5889144053015244 
0.0435224242714041 0.7507870069042921 
0.435248179832917 -0.04791116512169413 
0.6209784667283188 -0.16713266491823953 
0.053702547474852064 0.7166986740102527 
0.6366311560595206 -0.3782648065261772 
0.4128594824093399 0.19695108253322322 
0.2205778907534996 0.399131629569432 
0.19162329356619795 0.6139992596512258 
0.23812780851754514 0.297998867357787 
0.030274311531578335 0.802652040946725 
0.6223745271572176 -0.19020043577785714 
6.213417472769045E-4 0.9765158005215572 
0.2413747025727426 0.2770213675469846 
0.20012129000246587 0.5542889175599467 
0.6389174899067253 -0.3986298097572172 
0.8272414459552612 -0.5330625097718436 
0.8453079892698323 -0.754891897112293 
0.022153084632567488 0.8385855862175969 
0.4242625430634161 0.05698721356876114 
0.6240927709222567 -0.2174153946720582 
0.6257324260672771 -0.24240792675176623 
0.43209046887996755 -0.00868022266633064 
0.41733662061935756 0.13955251193537122 
0.6298543351822499 -0.3003729727368693 
0.8261115605659289 -0.5121253273483632 
0.4411464430079742 -0.0862654762422555 
0.6319124946263124 -0.32672108666699146 
0.017839004660575974 0.8585738560594594 
0.006929783115988273 0.9177714154307237 
0.25047768316574226 0.2501834574161387 
0.04536894113546382 0.7437528902535302 
0.21924016614737124 0.40935217288312864 
0.017485653581216953 0.8634585854831084 
0.8255445792127517 -0.5012838697643746 
0.4364658864914546 -0.056876420113622275 
0.426739670721459 0.030423985321238804 
0.42642349820150854 0.03364560773292118 
0.003388544058773438 0.9622424798857866 
0.19804662214778648 0.5690839108559298 
0.6187007176039035 -0.12842426509835952 
0.6237785481946977 -0.20222863206911829 
0.6317058849225937 -0.3240014155907245 
0.08221206189127475 0.6716842985371798 
0.42226668973518444 0.08007503323594299 
0.07163481027047558 0.6780985997372607 
0.44898858311826206 -0.11717725344079231 
0.8295807206809441 -0.5743563695047058 
0.07119540311585251 0.6787411899718401 
0.6298543351822499 -0.3003729727368693 
