3.348462940763356E-8 1.001570609424972 
0.8525615582025485 -0.7722088324411364 
0.6184981999742298 -0.12467521160741772 
0.8233833371915997 -0.4581985688463901 
0.45424273266088 -0.12299630557733113 
0.652779645483837 -0.457077379002558 
0.40950504964964807 0.24071193687723208 
0.2572038726777751 0.24354286550518744 
0.18379955630534534 0.6627481337189697 
0.08385612478184512 0.6711065269946459 
0.008231805827173727 0.9101794405898348 
0.018698984682579134 0.8569201737684163 
0.442448835237987 -0.08684244855029065 
0.003496555511249985 0.9429449318764821 
0.42427230346311634 0.05713885722924125 
0.22336951776367475 0.38010312816579345 
0.22864329275395834 0.34525063654908333 
0.1912163968527082 0.6203222080928935 
0.4477113155639073 -0.11412296931286318 
0.20539255346775356 0.5136537589975274 
0.02357140049117612 0.833556343509756 
0.19565472914772566 0.5863787376520986 
0.20131645954565966 0.5452558203895086 
0.41695049644236803 0.14401218998709564 
0.4211133887449722 0.09272525231140583 
0.644125651949847 -0.43426117602193126 
0.23808345227071304 0.29182511275481765 
0.04611848037171118 0.74162948495406 
0.6266134390089604 -0.2549592142224632 
0.43260575629247355 -0.013652494503548714 
0.2451943483473762 0.2639284322889955 
0.20099043852308635 0.5601346748179942 
0.2157994380691472 0.43426056257409057 
0.6380146628150742 -0.39083531685364054 
0.07053916837766105 0.6817586691264572 
0.1850606214274551 0.6553021915717859 
0.21921410156214893 0.40895447189965467 
0.8248233691170993 -0.48305938161723627 
0.06300644929054994 0.7115351308189527 
0.8302494753921816 -0.5849785057727094 
0.43360401732026116 -0.0330174736072552 
0.8397309051247541 -0.7033687242238816 
0.4292565595254597 0.011526434282705845 
0.8283706594458975 -0.5532334856216481 
0.4189598252172956 0.11952321702422046 
0.4151982059494449 0.16725415522812856 
0.05079535911426186 0.7259054315862389 
0.06577375844755037 0.6877016407508542 
0.8448338047419228 -0.7520369355597553 
0.4138186303113556 0.18422439735099108 
0.23106207650968957 0.3306160638997144 
0.8271310659569597 -0.528164398867127 
0.23387008422121205 0.3136512015603619 
0.41222150952394787 0.2154141798551142 
6.047336427785557E-4 0.977077342433821 
0.8362320251063445 -0.6727209690294192 
0.6518523657622041 -0.4568973940076507 
0.21025559869587135 0.4770513338955234 
0.4266672035355138 0.03744360748594978 
0.6408642617160549 -0.4116710062293615 
0.6240170065518971 -0.21646697878397017 
0.0014707126711952581 0.9636316135722586 
0.20737222244451095 0.49873362541177985 
0.8418792488181521 -0.7311715823332507 
0.4383703532205252 -0.06028366127862987 
0.08215777205883612 0.6712338574567592 
0.041008594162225555 0.759738407795258 
0.6290804857635515 -0.289099577928824 
0.22103956520227463 0.39595267269649725 
0.6320330853729925 -0.3277052209079736 
0.8262977739725055 -0.5128148558078361 
0.8299381624213644 -0.5696375253022238 
0.25214264772100176 0.24842203421549933 
0.036934236833506495 0.775886590575384 
0.4123030953462886 0.2052678845351059 
0.027925218838893817 0.8179509362096054 
0.8360919451404175 -0.6700839060149215 
0.832043017691801 -0.6136958286846902 
0.028782958515803453 0.8100553525618259 
0.43612922694178824 -0.05451957563550602 
0.6366602904198171 -0.3689490285537613 
0.6285125959374716 -0.26089477256962945 
0.8322982918905316 -0.6179522956333348 
0.8398743937314358 -0.7130165583997506 
0.032478304975490556 0.7943423343442976 
0.6311002080676897 -0.31585248810655003 
0.427454084456763 0.02320220303336205 
0.42028426757878923 0.10380985415190354 
0.6214556835839006 -0.17458640870507866 
0.2364467011180444 0.30003002661774686 
0.8340351461339756 -0.6433178471807758 
0.24718005532788276 0.25779245084503954 
0.8340351461339756 -0.6433178471807758 
0.6286129913209242 -0.2832517968746247 
0.6440889291917951 -0.4187055637847517 
0.19407502388723932 0.6017353090127415 
0.6200011935552547 -0.1499293429615365 
0.0549003083089738 0.7137811794531114 
0.21454329760876778 0.45180122347768176 
0.8239201004671239 -0.4687863524019402 
