2.129070059142535E-9 1.0007052837548958 
0.8516269386180506 -0.7730258621485118 
0.8234144401698692 -0.45943617967579903 
0.4541433474822084 -0.12357344918700194 
0.6528364837209867 -0.4577135406178638 
0.618531439028 -0.12590571739293813 
0.40946322432229393 0.2407068393400562 
0.2580453130670055 0.24288379968325044 
0.18254700245829314 0.6686585223546703 
0.08146031679672416 0.6703742358008644 
0.012094857987460142 0.9004092609035965 
0.4170670267209595 0.14488475347928972 
0.627308881223715 -0.2658187810191352 
0.020568019489036082 0.8517524230867541 
0.41353478727138343 0.18715635197922212 
0.6353111683853844 -0.3647800985229899 
0.004996358216864102 0.9294676812591571 
0.8292418653553617 -0.5688824734182405 
0.060958440281087475 0.6968257819810743 
0.03158488902316564 0.7974751027955358 
0.6397962722812512 -0.4064461739433724 
0.6249563929290827 -0.2296068657813857 
0.21657206384031247 0.42774167031241683 
0.6298916869530637 -0.3013619507332205 
0.02593984754093563 0.8276869273071376 
0.22114837937078669 0.4006540285434096 
0.046038213191112454 0.740724511377367 
0.051908986096585945 0.7215548312276976 
0.8311278469197912 -0.6002324432298186 
0.4229652113297254 0.07276704799210594 
0.035356183973308086 0.78130526953757 
0.8256184422528012 -0.503169740377654 
0.4194556805509685 0.11259523157196948 
0.8359927038981544 -0.6702441810538624 
0.8252608860289263 -0.48563154208379977 
0.446778394223615 -0.10165192593727061 
0.8379655912737082 -0.6910905037936027 
0.43680338258914875 -0.05767632232246975 
0.8322166768566646 -0.6135863097522432 
0.22940234864971593 0.3387864781585322 
0.621510598299363 -0.17613351439630834 
0.2012689846883143 0.5454233370231666 
0.8435808713926833 -0.7395922003489909 
0.2094100514114149 0.4822369504157571 
8.169716025014373E-4 0.9749346936785528 
0.839567794029615 -0.7102602967422417 
0.21434477919185924 0.44442386855432514 
0.8274789620772907 -0.5378735390031508 
0.4400085310250886 -0.08142789108322745 
0.24671405320828463 0.258767134299032 
0.42523195619582355 0.045592535227155624 
0.833878937380826 -0.6418975284732161 
0.19027898595398884 0.6217999595415086 
0.22512824331878997 0.36667765550131654 
0.19298048647776964 0.6050853149227311 
0.20624739520006183 0.5065815014910592 
0.20305357803930768 0.5316147474344711 
0.23278653111707825 0.31900776364220257 
0.25036205758829033 0.25006632453760275 
0.8271003720840268 -0.5310140455918768 
0.6313228813754743 -0.31519384963950153 
0.0030050767784490645 0.9522506122582176 
0.1881202813885905 0.6358526336531468 
0.8415130296065962 -0.7271145707676303 
0.41931694091485155 0.11414565011599741 
0.43166457123093355 -0.01779124659353802 
0.040953350996299265 0.7598275724897652 
0.2269605068205403 0.35421314859578173 
0.6339800232429719 -0.34392942669473997 
0.4114932331303886 0.21409156225873588 
0.6211513167331517 -0.15394540039854965 
0.19817043735306566 0.5676465267507564 
0.8468510303954283 -0.7618588239635984 
0.6432832521208721 -0.4305789725475048 
0.6325446336215645 -0.33429286269769154 
0.43466467799663877 -0.0437813989452209 
0.6196457644936209 -0.14486093499161298 
0.039624828396587986 0.7643947011039992 
0.834454309958817 -0.649928395646326 
0.07040379218097959 0.679264607781509 
0.06702841031021667 0.6847316974611674 
0.07974756719333345 0.6712857644828366 
0.20569983254768348 0.5147069505111219 
0.050511744685821314 0.7260537980311794 
0.6407872347527759 -0.4140163677955787 
0.4120247205118127 0.20979559032054654 
0.24204374474026025 0.2744712499333756 
0.6227791128052866 -0.19684402347272784 
0.6240387221706457 -0.21210949182565314 
0.6501498604983156 -0.4509933018295946 
0.42666274647524177 0.030345670167222786 
0.4275311231926341 0.021548022955651315 
0.42377041901701 0.06604721093173035 
0.431175438850816 -0.013959795612006052 
0.22403251058318904 0.38894094302450655 
0.0019219896455396762 0.9610446277984708 
0.194902342124994 0.5907683804850623 
0.21212181830160237 0.46161863368195283 
0.2410205749362483 0.29167288421760834 
0.23722202084467853 0.29559120646750453 
