0.8521205662853952 -0.7725133525439336 
3.77530866976436E-8 1.0017426614013556 
0.6530260023986988 -0.45702569777757174 
0.6189170818683376 -0.1318920987996259 
0.8238008096294573 -0.4658646918993896 
0.4532628327904633 -0.12304051453276432 
0.40941935302757104 0.2419553427866877 
0.257811136940179 0.24358094565742944 
0.18247404420547747 0.669877971476402 
0.08396556353302986 0.6709084107074923 
0.6339389303013891 -0.34984873064185046 
0.2181172397145723 0.4263517536987685 
0.0057994787004850695 0.9268169164782344 
0.8286321472748476 -0.5510208024517596 
0.028180935195570578 0.8124025319720536 
0.6392423391026854 -0.40094765141791705 
0.8400401883208763 -0.7134727435708857 
0.0015714408538801822 0.963441120281041 
0.228470537502394 0.3468697749329782 
0.432448046940516 -0.024341412226132158 
0.4362334948716741 -0.054971059249618044 
0.830780050015718 -0.5934480777184296 
0.23086217813546228 0.3314910938774855 
0.21100214180260315 0.4706771056343048 
0.21354434708119593 0.45147232270815746 
0.42200896625257367 0.08265881202821097 
0.2245155462976562 0.3811509794685828 
0.22185598037486298 0.39177258552476285 
0.6217161883976151 -0.17872580960005183 
0.057873610062691476 0.7096209784367348 
0.44493850530626683 -0.10468824583121089 
0.620304594705889 -0.15552028225060813 
0.8445378614278947 -0.7488142762392871 
0.8347078561711041 -0.6421986973640078 
0.8268652685821392 -0.5253090730355935 
0.038796500488222765 0.7685218483157613 
0.41933255228999344 0.1150063284343633 
0.009256240691931927 0.9034201759539138 
0.8364365665381948 -0.675250256870927 
0.20438776746920076 0.52548083545294 
0.19711377624104273 0.5812139227575309 
0.4237159792760581 0.06509434638694596 
0.04315708363354849 0.7567458108071209 
0.07561204412374173 0.6739629044594255 
0.6308488993223608 -0.31277862834966136 
0.4421928339401383 -0.08354719541364801 
0.20248965611848918 0.5414016600629676 
0.23602177120163306 0.3027114524548341 
0.011738101899724018 0.8899677722958481 
0.6324141958391502 -0.33216637700699464 
0.6233739586826101 -0.20592940303253632 
0.8246538973626414 -0.4838388799324231 
0.4110662859473546 0.22007994741529452 
0.0642528535191983 0.6920980152251437 
0.8322515784737983 -0.6049775800223565 
0.8332134792163028 -0.6311576700993153 
0.6464709470489352 -0.4451714913174512 
0.18976560484928506 0.6263898064530068 
0.0684100860201256 0.6835670479708544 
5.462339102183106E-4 0.9787885991529823 
0.43945921149866485 -0.07168882867023056 
0.20831450417148228 0.500039135283805 
0.04680311115551827 0.7393909165868835 
0.024772061758795927 0.8419259658328679 
0.625418415356576 -0.23524677141731143 
0.43034473748942287 -0.005045409415190245 
0.01929005385058495 0.870863314987846 
0.04680311115551827 0.7393909165868835 
0.03393828202267073 0.7880597931917799 
0.0327603423430064 0.7925782037054415 
0.24896574045169398 0.2547151208887746 
0.45017756799910885 -0.11973670202282544 
0.4255381501189862 0.04334295629184605 
0.6263651539098962 -0.2509855045978651 
0.19356535473281286 0.6030364740794957 
0.41303715180158956 0.19404356100926498 
0.015261114890257332 0.8723880096586878 
0.627812393645762 -0.2657862450089928 
0.4275378577179919 0.021993242645504056 
0.2068772499868743 0.5029925467630286 
0.624115475504717 -0.21704272906232794 
0.41442272706588934 0.17611728091153894 
0.8445378614278947 -0.7488142762392871 
0.020907893519633236 0.8458573244216794 
0.429055839212685 0.006946905925320922 
0.62940942672797 -0.293431733061881 
0.41767229105891135 0.13526477937259798 
0.18566778567706121 0.6532541231238351 
0.058030731309882566 0.705039487322473 
0.8277317089896465 -0.5281764677935954 
0.24536100384198364 0.2642341108802902 
0.236562252649846 0.2997048434197803 
0.19982970210429096 0.5599802198069085 
0.41640532629808297 0.1513449845503324 
0.19413285098619992 0.599962630617254 
0.18850774212457536 0.6347357168914199 
0.2407125764990162 0.2804007313099056 
0.2403733209231083 0.2825110612815617 
0.1988328324868004 0.5630378375523447 
0.8373118739150175 -0.685133918784599 
