0.8520699584775837 -0.7724291223334634 
1.6694954371862178E-9 1.0021225477382816 
0.8520699584775837 -0.7724291223334634 
0.6528067260776813 -0.45703012726463155 
0.453421923526016 -0.12259626655954321 
0.8233234967220556 -0.457358113045923 
0.6184287483980765 -0.12375177051729504 
0.25845606640739155 0.24350968322652689 
0.4094431925056913 0.24234339989950793 
0.08391332870150398 0.6707712791592007 
0.18247201779444053 0.6696677962993766 
0.6407074373172497 -0.4124527696870657 
0.4103794998329611 0.2295020582369261 
0.41732210652783847 0.1397449924010092 
0.006723672507956302 0.9183804022018806 
0.6263276392232096 -0.25096495152815296 
0.06321020453538562 0.6934457250354656 
0.8473586604998053 -0.7634643742850831 
0.41417060596073235 0.1795963209481748 
0.21631561445912484 0.4337755198260067 
0.8394269751978405 -0.7015296283229433 
0.6283642209788819 -0.2802403416076569 
0.8422176556778007 -0.7332206576598489 
0.0010910132200350198 0.9714131098239649 
0.6330511554037321 -0.3396253427891286 
0.8300361117676117 -0.5811533173051611 
0.1862770350552116 0.6483660689479812 
0.20624164463795336 0.5069429502450736 
0.23906256534018083 0.30870528752063237 
0.23360699549272612 0.31572697802930416 
0.22947090532661912 0.33893177054091345 
0.04499777526066975 0.7457922822099822 
0.19776754253214068 0.5768292218795542 
0.619917995465523 -0.1487767714689283 
0.061905785525200444 0.7181770261346463 
0.2205765093524349 0.3988428282703902 
0.8292444161095649 -0.5686866545295927 
0.8261799314290336 -0.512871434892588 
0.20329101775172653 0.5299199842805549 
0.4457625990560818 -0.10799561111724791 
0.05284236379373358 0.7195628096561041 
0.22328487168096067 0.3797511022979981 
0.43447786360769824 -0.03886734913886 
0.6350909568523311 -0.3621073155425352 
0.6313089796766784 -0.31855602452528337 
0.4154303592714115 0.16357088187533375 
0.18888734713283217 0.6321177004918344 
0.6247321836106144 -0.22676251723035196 
0.629917238987054 -0.30039407248243255 
0.6217535490240071 -0.1792946762205432 
0.4431818885382655 -0.09694199493794171 
0.834155152154825 -0.6451528970103825 
0.022734239364514602 0.8359031205887022 
0.0028761533055540744 0.9491035980499962 
0.8253085033558811 -0.49613175979768803 
0.4394491981714991 -0.07677432890049198 
0.8241882615760593 -0.47386012402154865 
0.42738795692814974 0.02345368556072804 
0.047734631575704026 0.7354355139533248 
0.4199828305283564 0.10667273697293515 
0.21201760572689465 0.4635331395404532 
0.1952927725058669 0.5908561395109394 
0.07155287295703533 0.6780135282814295 
0.6367094873534214 -0.3782553297865403 
0.4311620413678461 -0.013077700126523945 
0.6388194356490698 -0.3937207628140945 
0.24076212502800556 0.280132464390335 
0.21449226672654823 0.44465891168077104 
0.42436598940097847 0.05563922983698348 
0.20851018534443383 0.4900608567451383 
0.8407091815656345 -0.7211150392456932 
0.8320627377696326 -0.6139863421971226 
0.8371957168923451 -0.6712745118185136 
0.036280433804248224 0.7781288255574086 
0.03935801647481274 0.7671155585870894 
0.22758891874592033 0.3630985287618012 
0.8334695102764778 -0.6340220981946655 
0.03183199506848469 0.8000514500925942 
0.02747033083102482 0.81555220575489 
0.6213277907004195 -0.17188038207405132 
0.6237116914442639 -0.2112982934451493 
0.2101820543563297 0.47738903353429274 
0.8275777073859246 -0.5390424898485745 
0.020276156349361446 0.8540634370620105 
0.42210806613781465 0.08131664534244153 
0.19158093158146128 0.6141603910438443 
0.8371000607254425 -0.6704096882686336 
0.017369776095680856 0.8790176878417787 
0.03421524338794507 0.794687309901161 
0.19257029149686275 0.607230794783821 
0.2464066885079248 0.2609307099132193 
0.025855490664122682 0.8219778075186792 
0.420241672447063 0.1036817598786361 
0.8275664382448052 -0.5385551149501697 
0.2013958644522453 0.5438918753532352 
0.24936536314847824 0.2527877996245298 
0.011293171566639004 0.9026305186306457 
0.012828976685179239 0.883852011367515 
0.6187709435930469 -0.12921096196812726 
0.22888965782028933 0.3558360744060305 
