0.851520423150691 -0.7725182452852103 
9.510302765705744E-6 0.9988881505350956 
0.6517768676099007 -0.4569080712843315 
0.4530818823559629 -0.12296965793483834 
0.618416004965885 -0.12357288205167052 
0.8233489659164833 -0.4574171260738409 
0.25892528211345733 0.2437917926210849 
0.4098093932993608 0.23725712530039308 
0.08149495984291219 0.6710324474579236 
0.18237518210429107 0.6702809098033014 
0.6240329738826969 -0.2159886901189688 
0.23795015179308887 0.29341298032367763 
0.22875603876523584 0.34349996734637755 
0.6269207667859342 -0.2589846982567105 
0.4146913082554523 0.1851693796554105 
0.6219995896324585 -0.1834536390007174 
0.42279806325836994 0.0798070302864619 
0.19889675814312285 0.5626877190756155 
0.24845380194871008 0.2557055299242562 
0.840663872770647 -0.7204969697013794 
0.043505799348324936 0.7502366522338821 
0.8244372160597975 -0.4794728967324258 
0.6437183904715369 -0.43206065205992567 
0.03952474963699952 0.7691566988341824 
0.2183708356335891 0.4215995700001757 
0.8293971224765779 -0.5714466836916501 
0.8383077927907714 -0.6967585636082987 
0.6322002973605643 -0.32840631943838466 
0.20241842428863105 0.5363711009711609 
0.4298848994114821 -6.796822308208237E-4 
0.03135265742981197 0.7992933502189292 
0.19097795092505648 0.617935105630414 
0.2131774847340271 0.4614376608588205 
0.4328662799575053 -0.027832572794703317 
0.00863187136931437 0.9089400950464284 
0.21571481935638476 0.43867919319758886 
0.4100025463956586 0.23465062659602234 
0.6364121444324518 -0.37458775650026693 
0.6422426582114082 -0.4223428159068505 
0.18761447144969495 0.6395477517133737 
0.44663820412418864 -0.11019168457915367 
0.24303619893246567 0.2714649558690771 
0.6304761295074834 -0.30606324700757337 
0.18534651624577986 0.6531144510417299 
0.8259123859122931 -0.5078531692138412 
0.006405331774691728 0.9208586224421914 
0.2100226723816751 0.47783909746710207 
0.41690153451388123 0.1450584753409278 
0.06874082502082535 0.6832096759583868 
0.02787760703433781 0.8249506551317373 
0.023580245456853166 0.8504865242868003 
0.4251433695433454 0.047231070398383444 
0.2085342703030928 0.49211286469806736 
0.0027342946324336315 0.9518201377837054 
0.20655066364471758 0.5084485261521398 
0.846949192649483 -0.7620522259842308 
0.8438667314746425 -0.7455987883316785 
0.05914541508318159 0.7168022641052221 
0.6289109707106244 -0.28513309216595256 
0.20441967568964 0.5210571196360713 
0.8264022566077396 -0.51614135966744 
0.6195829304825234 -0.14344885411808944 
0.8348802373081856 -0.649423245310071 
0.8289049379532575 -0.544425934170172 
0.02530388238774875 0.8253457813749244 
0.44162587899269296 -0.0895404750541565 
0.05431310192163846 0.7182497153809575 
0.22528487135254732 0.36580450070382176 
0.8276383900434733 -0.5403876462591197 
0.6341223013665368 -0.35170382657503324 
0.4374584760933122 -0.06219442122048261 
0.8325705235106007 -0.6219695063363575 
0.24024730439819414 0.28297956345401726 
0.04875896900648054 0.7320587319742332 
0.620379947718122 -0.15592900794654432 
0.4160537256177018 0.16480661490112739 
0.06160033568477649 0.6962362154736809 
0.6386510654692007 -0.3956377227795483 
0.831146919985913 -0.5975425069921113 
0.4444153325211383 -0.09650376623118502 
0.4204883225025857 0.10067506604415817 
0.1972323150913997 0.5872292607411931 
0.012875995756721756 0.8835246832456858 
0.4251990594360651 0.04656526241722492 
0.22330782711606006 0.37981158849863556 
8.836093866861766E-4 0.972180923131219 
0.22715076893391006 0.3540982658567545 
6.427564144193959E-4 0.9772635875440249 
0.6386510654692007 -0.3956377227795483 
0.25892528211345733 0.2437917926210849 
0.4394501338855251 -0.07297419002686971 
0.4201238689431215 0.10514889132560826 
0.6362585370678948 -0.353374861864499 
0.034483549250659384 0.7853139568805164 
0.06302176125536735 0.6933606699931432 
0.8325189116099796 -0.6215594787428251 
0.8349102220975155 -0.6542873704418684 
0.4189123112173643 0.12543588750313653 
0.22103826166887847 0.3960935618408973 
0.4346591097364863 -0.04260725442243534 
