2.882515782448572E-9 1.0032972640774627 
0.8520359775655393 -0.7721449607865013 
0.4540119258291685 -0.12288570042603161 
0.6196635913431748 -0.14464610569876563 
0.6522156082519779 -0.45712786801918937 
0.8234892900245697 -0.4602895473909666 
0.40974608369685805 0.2378152046957595 
0.2563902663656284 0.24383749150385461 
0.18265811952671113 0.6693235727389835 
0.08274211184436231 0.6717560849755091 
0.22737717534510057 0.3527993807659427 
0.6276747492179098 -0.26948696371520225 
0.048495342740692865 0.7464493508694736 
0.23386054253489522 0.3138561040639962 
0.07090978353554067 0.6793657922218316 
0.4114918327970629 0.2147754055686194 
0.8258328585460623 -0.5064702578895489 
0.012218857653559484 0.8868596381991398 
0.1920992987002959 0.6121705997344926 
0.06151611565851073 0.6967992743293377 
0.42598454935230695 0.038633234677878964 
0.8334513197529815 -0.6341666599518121 
0.007955361103855418 0.9110674755488481 
0.029794592647338164 0.8129277744542646 
0.023842015382126745 0.8321141355737609 
0.624038223229285 -0.21611599543914525 
0.22315249065544324 0.381827978944892 
0.2035931851510721 0.5282326777802561 
0.4428314465193555 -0.08237394487370343 
0.6363898414989838 -0.3752608911269093 
0.6224564585533529 -0.1912050495199473 
0.037326136027065804 0.7753842560298796 
0.033645744159776364 0.7940845072580597 
0.21665680521538264 0.4292952700772917 
0.632895602295701 -0.3361973795693462 
0.8443464708986927 -0.7427050527174134 
0.002770292290797699 0.9494559934902543 
0.01691440805447636 0.8639606074430566 
0.04185412021912677 0.7576695611966509 
0.8407475320678438 -0.7204232075676382 
0.20632840522471285 0.5072362223343773 
0.054853610673359754 0.7140479058886535 
0.8236020116213771 -0.46196159352825833 
0.42054032890699916 0.10069687504394224 
0.8360908428409799 -0.6704988914740212 
0.004989602237253379 0.9309051787856468 
0.6310762738825553 -0.31315905721170445 
0.20059659620440784 0.5506369169672499 
0.019751508129866258 0.8500382027036397 
0.6399952107476842 -0.4064861731254587 
0.84663818565752 -0.7610545928606407 
0.4463100651954245 -0.10209099611740413 
0.43356249423678594 -0.031424115124055074 
0.8277265696543701 -0.5399394199240062 
0.41523271409779966 0.16597655110907691 
0.4188700769209883 0.12118160015114116 
0.8349368092477312 -0.6556754315397768 
0.1875184113683792 0.6407619259167746 
0.6437978522948012 -0.43242172628413056 
0.20939042681751377 0.48840116624726115 
7.617297549584179E-4 0.9748829133892165 
0.21482406179254554 0.4474381536385214 
0.4233456660533497 0.06800334613722996 
0.8293097757580546 -0.5611232561142725 
0.24787701665255335 0.25681743539574675 
0.4290391756181174 0.02016908032266436 
0.8267430161308688 -0.523024510936111 
0.8384189344939673 -0.6977098841734445 
0.22009917970832787 0.4052364630663272 
0.21281311268593717 0.46188241669940044 
0.8314756846691527 -0.6035956061353512 
0.18350503600532225 0.6645067383755149 
0.41436195499834905 0.17978112992579373 
0.2422779927997374 0.2746955859783812 
0.2372131819639165 0.2974048990865894 
0.6406666402906923 -0.4121275560945144 
0.21053237135807323 0.47483917129518766 
0.24179759996474887 0.2786365924472163 
0.42317221168898117 0.07993196167031577 
0.4173954233969442 0.13887960625926093 
0.624038223229285 -0.21611599543914525 
0.18709341291260329 0.6432079581520973 
0.6348562381110778 -0.35840917233549713 
0.05607690330676829 0.7104274746874802 
0.4290623938443211 0.007373609847599853 
0.25202733756898665 0.2566586139359114 
5.256896190972693E-4 0.9855284252215569 
0.6293049572416746 -0.2889792651608708 
0.4353573566641942 -0.047967768276736766 
0.8309226550752229 -0.5960693228611309 
0.6296834549206749 -0.2939814467022209 
0.652161724192159 -0.4568382728850105 
0.8401951360453905 -0.6992700983369216 
0.6210939281073838 -0.16872758348660613 
0.19494161253980807 0.5921251886685636 
0.44836908798346814 -0.115933962313259 
0.08274211184436231 0.6717560849755091 
0.4381469122375983 -0.06529087416758346 
0.6209582568353778 -0.16679720737661063 
0.430598642896347 -0.007635249085474345 
