2.7481389744870915E-8 1.0038411389351167 
0.8513574205418325 -0.7719381418533627 
2.7481389744870915E-8 1.0038411389351167 
0.453850320508324 -0.12249771333107343 
0.8233790658179424 -0.4575935258632487 
0.6530137212892354 -0.45670647171167456 
0.6184381302624178 -0.12340813933227933 
0.40954056033888175 0.2413527623609074 
0.25692328975358364 0.2436391585383082 
0.08209054794869464 0.6714127693839949 
0.18303012118530027 0.6665853785257886 
0.24089540188795755 0.2812029597607872 
0.4441772797128653 -0.10121778401227507 
0.2518028873188254 0.25457831035388195 
0.4279877488720235 0.01828260790151635 
0.8281547201893282 -0.5488278144295216 
0.20793482238048847 0.4952508443865128 
0.8352928472228661 -0.6588249469019988 
0.058897575784762096 0.7031092602620341 
0.21220620482707644 0.46564947556622555 
0.620625636137836 -0.1609149480680534 
0.43565704952061457 -0.049601275089655 
0.629666992850114 -0.29720259762236767 
0.41938080314760395 0.11378328356636654 
0.4229930035053962 0.07225858091987498 
0.19950406792770403 0.5590525183331101 
0.6223083465579506 -0.18763016921266626 
0.8395938252640649 -0.7088901516456627 
0.6276621864704657 -0.26972941929030064 
0.036521721369778 0.7864716406527105 
0.6262753765872685 -0.24907753573269012 
0.2367299269613687 0.2989391709415652 
0.4172333776010252 0.14130316017544656 
0.012605825293166395 0.8858926151380164 
0.19472682560986065 0.5935788690735597 
6.752134943798643E-4 0.9767519669255301 
0.6450299726372022 -0.4381195439229648 
0.846657920433984 -0.7538551388020533 
0.63478598068974 -0.35839313481613216 
0.4213656654319805 0.09329394855187358 
0.054273554010366265 0.7153569493476029 
0.23357259291495144 0.332191436507252 
0.8305681981023653 -0.5832688324242205 
0.009461098967078696 0.9034956252978099 
0.6328114218687316 -0.33681717936241434 
0.6320919259966012 -0.3172983172681133 
0.006733239955076575 0.9204030480607428 
0.22732120090565783 0.35338640189115195 
0.41334597803500217 0.190828837725777 
0.624443071504065 -0.22175300812936669 
0.6367211160801508 -0.37855475102425 
0.041696596218017135 0.7584052318131677 
0.06773543290825329 0.6847299701986022 
0.06948464354691586 0.6815374731684175 
0.8252502655295142 -0.49509045136132585 
0.04938182939015322 0.7339971961100332 
0.6385204058983862 -0.39497674298848007 
0.030934896205110446 0.8051549441129573 
0.01639362735825911 0.8657625254015167 
0.6191831443167359 -0.1356519809352309 
0.025552186288368806 0.8250489706476875 
0.8347188596340611 -0.626373284869223 
0.43368768512658884 -0.03413558676991188 
0.823909220213821 -0.4683951389546655 
0.23364322580299945 0.318510949897222 
0.21760509676366319 0.4214117768241351 
0.43165631476552546 -0.01625733169216001 
0.6237548071462431 -0.20969361722211996 
0.43991205749879236 -0.07920583144665597 
0.18775282888794897 0.6387796255908972 
0.2027929229590006 0.5336648768446828 
0.42531247270566813 0.04599217174577157 
0.4149061149910859 0.17124377527626888 
0.8422889938938087 -0.7337828452751424 
0.22080134681312255 0.39799070538968595 
0.41147793669269356 0.21505040450297916 
0.21501568129023169 0.44176223088555844 
0.8327054658758234 -0.6225117079401913 
0.831802961040599 -0.5971382324416851 
0.041696596218017135 0.7584052318131677 
0.18591746422909175 0.650590260952566 
0.021489397473802574 0.8430598162606557 
0.22608858741194138 0.3616157600153499 
0.8370013445732243 -0.6816887036320614 
0.643448113889587 -0.4140284076391059 
0.018585011342040547 0.8561335748973208 
0.42581105121276086 0.040842654650501346 
0.20501932629540576 0.5173138679855385 
0.837646440282705 -0.6882483447694051 
0.20066802379556578 0.5505395389603385 
0.43991205749879236 -0.07920583144665597 
0.21906462306111857 0.41042259792655744 
0.8268194533377007 -0.5240445388660271 
0.8260939770147576 -0.5068990816496511 
0.21394968944690082 0.44919319142439923 
0.6408237883634795 -0.41285732828108995 
0.8430511349062427 -0.7386453102540506 
0.0021315841392279267 0.956948458491228 
0.049572893475981095 0.7318885264549395 
0.4119431554758222 0.20973073506698361 
