7.353678415332465E-9 1.0009281371757728 
0.8519429975027837 -0.7728034901765292 
0.8233932814120372 -0.4589585468572962 
0.6521821765580441 -0.45771640264075 
0.618864972139381 -0.1314605962822536 
0.45384636310447635 -0.12370767845925965 
0.2572352174349937 0.2427414534837581 
0.4095695328898521 0.23973788339255103 
0.18259093291857137 0.6686296398720853 
0.0846679223999584 0.6703200575212858 
0.20573030761410072 0.5106563310288765 
0.8305491836707886 -0.5907890193353524 
0.2323000159654161 0.3245780045878334 
0.4335845729140553 -0.019382520854829152 
0.20117555707925994 0.5450207720033685 
0.6216950323057654 -0.17936724951884467 
0.43597179556726723 -0.052942106210321735 
0.8252531700542514 -0.4957638468198864 
0.6201680426367975 -0.15333089677574782 
0.014284608287157552 0.8753238133803436 
0.22795563659374904 0.3480120373446194 
0.1919780921334231 0.6105560666648183 
0.6237073412111518 -0.21176834948478662 
0.4202774197737222 0.10429599088234998 
0.2184575087598135 0.4136608373435478 
0.23708016703469348 0.2962144156600977 
0.4226528297026627 0.07477939310832585 
4.107974070762972E-4 0.9809116638368307 
0.8385198635919849 -0.6992546154986394 
0.4188852195307263 0.11938778641064361 
0.20912378622057345 0.48442462011051884 
0.6287856486701906 -0.283856371065758 
0.0021489986772403394 0.9552143637459573 
0.24953770017436153 0.25185866226540127 
0.8445047912373487 -0.7501737389778251 
0.8278406933952982 -0.5445863546211835 
0.21565602015136415 0.43622882178823724 
0.41082717243534117 0.22353095680305726 
0.8317281572188219 -0.6085029490339673 
0.19883518475062129 0.5625956117552872 
0.4167263546334552 0.14657653479787472 
0.18734818935513284 0.6400988922760655 
0.6331843388538961 -0.3415010748367239 
0.44729627529241556 -0.11361946184594807 
0.2135174626290533 0.45126118815499616 
0.0342080733177639 0.7867937871274303 
0.051853451765993375 0.7218128544168247 
0.22082124175489024 0.396344085392779 
0.2233587115536073 0.3803123517374775 
0.6320597789078221 -0.32132588998616646 
0.21083009837458178 0.4717857714936217 
0.2258073703213442 0.3636455941155655 
0.037163272328706976 0.774722797888265 
0.05841219021930192 0.7051408511615491 
0.8332806336635041 -0.6329071422569083 
0.2416096035753295 0.29341767844943556 
0.6256193035937131 -0.24072234571840478 
0.045655822093897624 0.7534109451707393 
0.41396939937255206 0.19318790233225444 
0.6391587042791228 -0.4010949839610769 
0.062175944206192046 0.6942463139853965 
0.42555818515329413 0.0504455855561285 
0.0413925861298835 0.7600604594527247 
0.4432814870250426 -0.09846464165728785 
0.43876881912562016 -0.07348739909910686 
0.6350232719829487 -0.36202454132404766 
0.005541511496302248 0.9256170930692869 
0.010624823355256528 0.8949037588578937 
0.029948183117557814 0.8045061320418969 
0.19488922473568188 0.5905454223849301 
0.4129453693337328 0.19895649564233683 
0.0037325020331045178 0.9394021521234595 
0.8485128548041889 -0.7676311471863756 
0.0702092147857552 0.6795415465285924 
0.4153495465567135 0.16379865259218082 
0.1960816079729281 0.5821876436429586 
0.8263442197690093 -0.5143395577781149 
0.6411663608115447 -0.4164210820483823 
0.647420323333226 -0.44689771563363284 
0.07711963907358155 0.6739894537775446 
0.020492313524191993 0.8460076688048136 
0.42730221805159047 0.029319593326097064 
0.6372893933299775 -0.3847443529106802 
0.8269349249766184 -0.5275985140190778 
0.6250062849962668 -0.22494904184244727 
0.8345371909135739 -0.6507875560268834 
0.24354511933284562 0.2690213045368195 
0.840835863034769 -0.7150442399880126 
0.4276574294887072 0.020844513266411825 
0.8366217843841932 -0.6739398102408845 
0.8420553305700197 -0.7328817546183382 
0.00809151134465753 0.9104852402693441 
0.04816983423813534 0.7339130571466851 
0.42397687475398593 0.06149299545961574 
0.1895223144247058 0.6319531770855005 
0.42969339022318354 6.004692807722551E-4 
0.6428754868479631 -0.42819512365598306 
0.6448690272549578 -0.4384850024206396 
0.8362149777075388 -0.6726263405175539 
0.6367396981857425 -0.37237742158095993 
