1.24058012695126E-8 1.0012769069098533 
0.851365782351448 -0.7723970277271281 
1.24058012695126E-8 1.0012769069098533 
0.851365782351448 -0.7723970277271281 
0.6185442155467764 -0.12554508317435673 
0.8234163547937142 -0.45893329351785017 
0.45405779396224455 -0.12316316639955487 
0.6528794438431206 -0.45733517127874584 
0.40940110298288523 0.24208558167789831 
0.25802548930945274 0.24327922928891788 
0.18257765826993308 0.6690888332252988 
0.08202538883159183 0.671058269318059 
0.41945868762375016 0.11295377058668421 
0.42401607128815905 0.05959415985892271 
0.06436994088229006 0.690068480117105 
0.005687767907861768 0.9290977653013017 
0.6287482304705735 -0.28566754870611055 
0.05106235203444057 0.7248602175186523 
0.18544459517871947 0.6534199564624597 
0.19100877876257755 0.6183946886667432 
0.6268221618066521 -0.2556465939709434 
0.6311474280801377 -0.31696444085851366 
0.012606097424006937 0.8850688113059905 
0.620270675249289 -0.15468470222241207 
0.8265115316108933 -0.519527082774426 
0.22733053889796512 0.3647849264242802 
0.034610942260000555 0.7846700155316413 
0.03959344293476541 0.7649991236909942 
0.22111290903461867 0.39531925984732375 
0.20777916771264043 0.49536410231903566 
0.43136634126355666 -0.014411069217758735 
0.02939136936390435 0.8106938613082009 
0.23037409569510942 0.3332773565389043 
0.6458376209140247 -0.44319001813895786 
0.0231244368372312 0.8383459714994725 
0.835183583593974 -0.6588622700560185 
0.8436210572905811 -0.743698278943611 
0.0014784252217863308 0.9659299986300665 
0.8319526129534598 -0.613202556199659 
0.41753134553044835 0.1372350002415194 
0.8394940521713692 -0.7085984771212174 
0.6324922600021927 -0.33355158465868656 
0.25140176562816907 0.2491649180996821 
0.8377697841014716 -0.690530837661232 
0.6227771680109403 -0.19675136403987037 
0.21855168667924746 0.4138512796899661 
0.8418219784817006 -0.7278312720106455 
0.21086892859567533 0.47437806790442083 
0.2242251843465201 0.3733180274429051 
0.20200167336178626 0.5388307965990434 
0.6344332134584918 -0.35557728451392284 
0.8300933915359249 -0.5831393216495905 
0.2410485977880096 0.27872933205401257 
0.8243624452666194 -0.473630328134699 
0.023288377979698544 0.8336362435240099 
0.4288332137326013 0.008884430229201809 
0.6394270631338814 -0.4032519918373388 
0.20522240209334378 0.5145786433034522 
0.8280033870735612 -0.5471111587081283 
0.4372834577462396 -0.062328667885557215 
0.6248798124120403 -0.22949321779497306 
0.6359977739607425 -0.3685111586676135 
0.8361142886170714 -0.6708117827940607 
0.03110398720837243 0.8000648793033084 
0.016051783416410892 0.8678725527093689 
0.24754752078336756 0.26631625880357024 
0.0455638692957952 0.7432324002552667 
0.19940094368278616 0.5600044885671802 
0.41408014680302946 0.18075608387000874 
0.6427161855368448 -0.4264029247230979 
0.4278432985283569 0.018679161904154605 
0.04552434097335284 0.754848882032085 
0.19542398851803744 0.5876992364362706 
0.44896487327719525 -0.11765308260957688 
0.008682613891713209 0.9065934818225629 
0.8481665700997335 -0.7633185811885784 
0.4154039555720437 0.16369004862668576 
0.8329691719638067 -0.6283895124651288 
0.8310252330130098 -0.5852799570057132 
0.8280033870735612 -0.5471111587081283 
0.016051783416410892 0.8678725527093689 
7.766849200006344E-4 0.9763100385456424 
0.4440946644741866 -0.09940288311676192 
0.2370208549557049 0.29701468199213094 
0.20371031157776578 0.5262906405680035 
0.41626790317570617 0.15254355705059006 
0.43338073408195826 -0.032225557171881934 
0.4119199311230148 0.2172642997344306 
0.440847254243391 -0.08573527312250515 
0.41099535439284895 0.22088082073050244 
0.6413978817573213 -0.4179377649001187 
0.04998663403624776 0.7286763353414579 
0.21387815513318034 0.4482823230289244 
0.624404423360174 -0.21919697423716147 
0.6213981683546445 -0.17347298377034706 
0.6524754413724514 -0.4556488530612785 
0.008208985070585866 0.9089050969326863 
0.2365020230314115 0.3002367484829086 
0.4477445081157425 -0.10276765983903738 
0.8252940252482814 -0.4959531642120296 
