0.8525308554319138 -0.7721980724064483 
2.914774044685247E-9 1.0022909261090585 
0.8234742685602998 -0.4604323390811534 
0.6184926349510541 -0.12455132504341153 
0.652834928565618 -0.45724592600996533 
0.45437964343551546 -0.12341453350759764 
0.25854026716336287 0.2434286961471159 
0.409416712137078 0.2423351013145228 
0.08349767085365106 0.6709748913660238 
0.182460468205646 0.6696258016595694 
0.002868659044016675 0.9479194929290747 
0.8381088435651147 -0.6947732131824356 
0.2194901402480442 0.40687013223629637 
0.620144615282278 -0.15312637732571932 
0.6227442972741168 -0.1954046498032426 
0.1900863241231849 0.6255065030035722 
0.6337151050285494 -0.347523599525005 
0.006120147235546769 0.9224232769850175 
1.8524381106233E-4 0.9946012539305401 
0.02728189486879272 0.8180189579465706 
0.19459424404332404 0.5966732261085261 
0.25012851527854707 0.2512164161836985 
0.6359667582935853 -0.3710502733501953 
0.8414485945082794 -0.7272633622967016 
0.20748668492689865 0.4981220604922188 
0.42185472073485075 0.0842877105818273 
0.010156732914745864 0.9025333093923754 
0.0491060439460156 0.7315852321773453 
0.8284752349910122 -0.554669428912652 
0.24032670242993556 0.2817070846211319 
0.18682194925695905 0.6445384748414388 
0.21176527453186988 0.46786574945955156 
0.8355204700540632 -0.6636435256163874 
0.6257039056331386 -0.24202612222857528 
0.42397636370406566 0.060063238840883555 
0.05645906005032417 0.7089791879136194 
0.8296338438511831 -0.5755319217264775 
0.22183948930177289 0.39026220553715435 
0.6219931088363854 -0.1837307874734548 
0.023938013318572593 0.8304546426144666 
0.03373310274569741 0.79105430408898 
0.8310048843114514 -0.5978872204837768 
0.43596231056269863 -0.05339501027204837 
0.8268697941099359 -0.5265835356191876 
0.19877999504922028 0.578042932793901 
0.20553524099401857 0.5128844378697718 
0.6284317150761571 -0.2813212201698161 
0.23694630296213867 0.29726357441235624 
0.4127834993755358 0.1974743450695686 
0.20142580218803738 0.5438153155005642 
0.42010824159744475 0.10714194777408535 
0.8329711924552297 -0.6281246491538636 
0.8347156810973559 -0.6512625943885557 
0.42982544966503655 -5.557487116164933E-4 
0.6302424602621981 -0.30502502597908565 
0.6461465711485646 -0.4373384809787317 
0.23326482914373897 0.31637138632653844 
0.20486272107939502 0.5361532104160198 
0.8434981088011746 -0.7422942587212926 
0.4477960617890914 -0.10956902102754575 
0.41149982395917545 0.21483474639845837 
0.0636169024045134 0.6915165116192532 
0.21440153706638573 0.44446867491164593 
0.42559303768704193 0.042382333309391396 
0.014591012519422145 0.8749812624610507 
0.4327887023864533 -0.027675018153552167 
0.019041835246844108 0.8533352449781126 
0.6315042818585979 -0.3174014456105093 
0.44165156220386337 -0.0898591402391103 
0.038759269412787345 0.7681742970189686 
0.22883262309232852 0.3428262023977364 
0.6408307092787832 -0.4103322715223831 
0.2256383211967325 0.36393574600741774 
0.8323871986710611 -0.615098080239618 
0.22484983687919308 0.37017136247236726 
0.1837752360821486 0.6659277364655565 
0.6484228655900515 -0.4520469522790036 
0.020882197645492262 0.851341342813557 
0.4377388512043582 -0.06601030875339425 
0.44488506599394717 -0.10422555357952185 
0.06823330728568217 0.6834114433075528 
0.05888480698963522 0.7026537429944519 
0.4334137559518078 -0.030231125376429278 
0.0408858473845671 0.7601707654112013 
0.43966783650320096 -0.07846905239815233 
0.4111907003668903 0.23289534813478013 
0.6386235308833417 -0.39614518204659405 
0.4189352126975478 0.11952884621260008 
0.41426794405735967 0.17866957291772453 
0.6257039056331386 -0.24202612222857528 
0.013111672886411602 0.8820749645418459 
0.07718537690478706 0.6730548975569106 
0.8260692505329505 -0.5110839137026338 
0.6273088579191765 -0.2655846069532898 
0.07239492242661862 0.6774042916689154 
0.8245927141131689 -0.48219705399417556 
0.847032156499953 -0.7628860749276991 
0.416099126221683 0.1586699574091212 
0.8460862677071822 -0.7567884293152236 
0.8248999915250993 -0.4886357397890893 
