0.5145654822086995
0.5151016330174715
0.5149747560634033
0.5145759794511963
0.5144900716809346
0.5146862152036177
0.5151309214855031
0.5145606428103018
0.514913429949849
0.5149847294194824
0.5146672931865927
0.5146328571947936
0.5149758079217474
0.5147204046587143
0.5147016912127408
0.5150579948347448
0.514815078422922
0.5145728412074949
0.5149690346718983
0.5150266178035741
0.5148621771536215
0.5148272940345625
0.5146721446965393
0.5147196948363576
0.514881637109231
0.5146282306263176
0.5147444644500321
0.5145066961994267
0.5153664403535897
0.5149765769168825
