6.542625897239181E-5
6.067501348040235E-5
6.660028800828883E-5
6.90441364283423E-5
7.310338506749058E-5
6.949344514068091E-5
6.941578919383276E-5
8.039838320007157E-5
6.599096450195326E-5
6.721022608989097E-5
7.20732759260166E-5
6.722299424406928E-5
6.71495829067462E-5
7.00164260013525E-5
6.793448457987359E-5
6.799609887183481E-5
7.049325022182913E-5
7.166211836845018E-5
6.847739819133642E-5
6.508509343263505E-5
6.62599929535326E-5
7.097503375139471E-5
6.855470991605524E-5
7.221252950244026E-5
6.971520114289003E-5
6.898462491713818E-5
6.958419522669747E-5
6.486184107992787E-5
6.367409431902559E-5
6.760331596313513E-5
