0.738353161724617
0.7192125319499993
0.7439035057048802
0.7427953392379337
0.764549350301824
0.757690474823633
0.7553447850153244
0.773224948209789
0.7305619979989094
0.7356189698257939
0.7566043630487248
0.7493222121966923
0.7522457866463939
0.7586284967066229
0.7439819465242009
0.7498482547019196
0.760712947064627
0.763503991395033
0.7550187394390455
0.7316425289157101
0.7387373979813106
0.7596198567565515
0.7361612131031399
0.7590486927980518
0.7551208570074752
0.7568095110975599
0.7538862279601198
0.7335260563135744
0.7420975323960475
0.7442101543061509
