0.9998705324815056 0.004400948427469396 
0.9998705324815056 0.004400948427469396 
0.0 1.0071719799392014 
0.7722848629299099 0.1293520935029258 
0.593519064992133 0.2393969416497297 
0.013511031303748575 0.898122851864062 
0.6232227113053325 0.21548143522429183 
0.38055762071020843 0.38837438091785775 
5.845866397438688E-4 0.9826235755674755 
0.3242821728905374 0.4362572225791698 
0.03878572424240795 0.816623309117325 
0.7417994727102374 0.14932407187061741 
0.055288541400634966 0.7762186189368898 
0.9192832837333931 0.045302995454391363 
0.2325224562147556 0.5244162097700535 
0.8663155992821028 0.07333265332077726 
0.006220710429860166 0.9294616628008353 
0.01785428465551822 0.8740252960665107 
0.9425750384887452 0.03304844201566177 
0.06349839003781722 0.7588913736242177 
0.003210127564441778 0.9500331259664189 
0.4302009557560186 0.3490429569125042 
0.8451150004612482 0.08540076944121149 
0.13964306629781498 0.6386315812556862 
0.33930900173867806 0.4252222186419252 
0.9079918630746049 0.05123170273698422 
0.26659600098587033 0.49055630219936774 
0.6702116537106547 0.1857496310050943 
0.9653076145894905 0.020723239019538122 
0.16934985432078742 0.5990258107783404 
0.07158721376587529 0.7442638507601944 
0.7916410100733828 0.11422861350609867 
0.029719855232865793 0.8346483567512221 
0.5539007599699001 0.26324969564102546 
0.5709403103253693 0.2525736294432431 
0.2047362601320431 0.5565397016599978 
0.6534488004359352 0.20090602551971573 
0.15048053945420375 0.6230914773895518 
0.6925734692221559 0.17347762720199453 
0.800102976652395 0.1131288735654359 
0.08778708614879316 0.7150641291797448 
0.2574717254146053 0.502367707466915 
0.8225510455527644 0.0968621014504143 
0.8210739994473087 0.10128658733488731 
0.7052317445318819 0.16503974463087437 
0.48616760801705916 0.3097066744136201 
0.12383487116139597 0.6592785612933195 
0.34855792373485367 0.4151360571588955 
0.13138260159801884 0.6498032128858913 
0.8878054954341894 0.06583739592874495 
0.39725210931244725 0.37508871002596295 
0.5805931376791356 0.24685163468173638 
0.7391687821926018 0.150883771699867 
0.3089621220025226 0.45327412525617367 
0.4987111577194123 0.3026216487525113 
0.5387155430710932 0.274445065088343 
0.9532747154329255 0.030947311517998656 
0.8895057721667414 0.060605769560944316 
0.6786000831392415 0.1810204263823765 
0.278425925839884 0.4782351809325487 
0.21673234391826 0.5461030878202294 
0.8532787764528359 0.08095050490161437 
0.11565070545905468 0.6711512556818584 
0.5239880286953524 0.28460937345871506 
0.2460225560389027 0.5105606873873406 
0.10905759971630713 0.6815989596963006 
0.40008505984697873 0.3721359534229376 
0.09915794113151843 0.6992541905713426 
0.5078417408171263 0.2961686705873757 
0.1784184252006313 0.5837213356609308 
0.45780484596032855 0.3340620251398495 
0.025769311229066727 0.8476303461840936 
0.4748153044820346 0.31642430069232796 
0.9827259124580393 0.01263555735271853 
0.04750920042446288 0.7959034043521487 
0.04750920042446288 0.7959034043521487 
0.07832650622711052 0.7294885965428163 
0.41814496828556 0.3621857050972564 
0.41644309751665265 0.36351152851811364 
0.1909680445883652 0.5698342500356256 
0.24154220673095225 0.5188867856887908 
0.09699242557887217 0.700031036606806 
0.19558572830138715 0.5679556459620364 
0.16115495922407966 0.6108345608787306 
0.182639194986274 0.5824294390395794 
0.544919100824205 0.2703576024528688 
0.21673234391826 0.5461030878202294 
0.36011857495803157 0.409290887690654 
0.9820065178393798 0.015122238095547247 
0.47127099781610815 0.32362398604064946 
0.9997927101082897 0.004434303137031657 
0.7188437839146831 0.16198874580137812 
0.3623843178238291 0.40305168344948566 
0.4600476317815415 0.3271112711536079 
0.08123113403679966 0.7255125027142155 
0.005185357675621394 0.9394349146728618 
0.7188437839146831 0.16198874580137812 
0.30138283372045216 0.45779904081149275 
0.6324748912396632 0.21300865212160033 
0.15574395408978065 0.6120144780822364 
