2.3934616242382102E-17 1.007196497102631 
0.9932901897901915 0.0038479324619661807 
0.7627144360612395 0.1331907148602498 
0.2675959662147097 0.4860318551734864 
0.7821606825045389 0.121998679048363 
0.5656113320336822 0.25527099580410345 
0.7343026626259275 0.14630798974560358 
0.45735970692150785 0.33216437651476105 
0.4797641891948268 0.3166390065694021 
0.9652659284497949 0.02004287178918424 
0.010651168488146207 0.9017923238460968 
0.005204580004883899 0.932422058488892 
0.2830351730621844 0.4716293664721533 
0.8665482231173041 0.07636200345579264 
0.20850831922474708 0.5532894911180726 
0.07924031811713661 0.7279980342604377 
0.800632238659052 0.10609891387118423 
0.09403375825443461 0.7026195502711493 
0.42265949841146067 0.357295200254471 
0.1579756185020771 0.6043493657595157 
0.44554771942143423 0.33985255960725613 
0.8123796585154726 0.10410189277564029 
0.8903195485585937 0.060541251499081364 
0.14649278134180307 0.6189328449368893 
0.8331474122246662 0.09360310530768523 
0.035494172160974335 0.8163401863897076 
0.682899343731873 0.17672241820193782 
0.24933245710090496 0.5039162722495706 
0.40385364507054144 0.3721147932937273 
0.013926880680399711 0.8867525426172509 
0.19237894066697317 0.5706332033037366 
8.27430552591879E-4 0.9727891825099824 
0.43042002728311046 0.35131241651737605 
0.6273489797747166 0.21478936696914522 
0.06643979595037516 0.7442257334948421 
0.3161655368728482 0.4457866635597098 
0.586170324705072 0.24246571898406857 
0.003864420237365135 0.9492814673419264 
0.7273841919879449 0.15561756064802373 
0.7098394444815476 0.1602846400667594 
0.5059670661365142 0.293796060476929 
0.05564740153757097 0.7761356003315178 
0.9304378939874751 0.040202264484188836 
0.9132214655288514 0.048435765579245296 
0.1062874653331721 0.6849689985069143 
0.3820020691499185 0.3902182547196825 
0.9411639147640468 0.03163925222327462 
0.5369032894969912 0.27457835909066325 
0.5369032894969912 0.27457835909066325 
0.23239471091185918 0.5215359031238463 
0.8942392776765473 0.059263145209671055 
0.24644645150613806 0.5068211671458502 
0.17050660347250102 0.5960041469426847 
0.856852462326513 0.07896084285785131 
0.5749050305702487 0.25001688616350876 
0.4891363582342013 0.3077323374337113 
0.3918592987444732 0.382168316776239 
0.33184244959408216 0.42736149835572795 
0.298098349453961 0.4628956932746999 
0.024619099741959805 0.8471333645837267 
0.6702720941164573 0.1840604361629075 
0.6336441886407871 0.20671400197572082 
0.6463830736464355 0.19711291695718586 
0.36240331744829934 0.4110113034024018 
0.11527948070869215 0.66495768169653 
0.04724523069047809 0.7943520093110976 
0.1393253008281033 0.6381079138432668 
0.12998256528419821 0.6505817945680995 
0.07460153708117528 0.7319009260575109 
0.2207428059838425 0.5388028398980594 
0.5201729308505288 0.28180914177060956 
0.36784909151083867 0.394478470267523 
0.12619077502157777 0.6540158807920289 
0.6986099594110934 0.1704192875730734 
0.9793330974515793 0.013983869763134347 
0.17753704693119637 0.5804275475141596 
0.21580088739418574 0.543957590910586 
0.020866784719768383 0.8660808529137818 
0.028336214091831846 0.8421075504488484 
0.0016196064339241145 0.967834682118962 
0.14266014801784405 0.6334636486770103 
0.5176489660811308 0.28405029786736585 
0.6616972823482474 0.18746459790695352 
0.3453935359184872 0.4228181684363755 
0.9175410440410988 0.04569925220836566 
0.8443104339709555 0.08754305063923461 
0.6127931862916389 0.22533212191239957 
0.18888141568990763 0.5747084605995904 
0.9854770432612014 0.012967003504693642 
0.29939797170030846 0.45638306444902665 
0.5950792392896619 0.23075713206924403 
0.6126215327800342 0.22544249832774976 
0.17403777175350166 0.586843038365991 
0.3083231560012012 0.4490139140916165 
0.06282676042438529 0.7596691114594375 
0.0994053688451304 0.700468989258111 
0.645253402278716 0.20156456581344911 
0.1021172191720047 0.6882474453142671 
0.3970811737966484 0.37332379885290334 
0.3673114911006349 0.40371744857789676 
