5.150218984445689E-17 1.0067682984200474 
0.9999820484669417 0.003797834365615011 
0.12240739401315631 0.6552890866266867 
0.1652753060689936 0.5988170482364223 
0.822321794505352 0.09583158563732627 
0.7988756362319862 0.10912329510151901 
0.8377851930487317 0.08760341883171589 
0.4673779734176959 0.3198578054887829 
0.387184970334302 0.38264305424659045 
0.40566432717811995 0.3669707358794986 
0.185900532976362 0.5725482327232927 
0.577221188315649 0.24339383912672005 
0.7885604963313505 0.11641139324588552 
0.17829145669697807 0.5814712343164262 
0.026892146382828497 0.8398061682146805 
0.6295908030971873 0.21183326508109893 
0.02146281879748807 0.8607769613709447 
0.9349043006643074 0.03599245884903566 
0.6581199251639589 0.1924371355292377 
0.591189766833366 0.23415328822743178 
0.05799334424362135 0.7636200525468568 
0.5118049139262069 0.287610667707785 
0.07306121094121218 0.7355735540994929 
0.06598628995906453 0.7479125520691995 
0.3357475245743424 0.42406860598102736 
0.033991283113904786 0.8264863035690763 
0.00535681387837772 0.9314137531975493 
0.0384522450965398 0.8090357190830116 
0.5504744424136299 0.2628904599456788 
0.34852072129969913 0.4128990228718845 
0.6145100931010089 0.2194406418641706 
0.9828367129100979 0.011615380504123276 
0.24986442313365959 0.5043982464207218 
0.10639303556767002 0.6782281556540366 
0.48993537059043274 0.3045876573711029 
0.7559024081579 0.13500265252793986 
0.08123289407822223 0.7197957586549579 
0.6047691985908896 0.22721893458533524 
0.2682094209497805 0.4862451354944022 
0.2874588460905291 0.4699019263048069 
0.9515920217620374 0.028435766311629074 
0.7286310374146806 0.14890705034923638 
0.2160510833729781 0.5390486887454364 
0.13626335446474092 0.6350391373082167 
0.5026749536784868 0.29573934718971817 
0.1500238888644145 0.6197389812963114 
0.8956532518962087 0.057747541323838004 
0.052014696620377276 0.7776225191406174 
0.26930241792351367 0.48611687095015493 
0.016808962851911302 0.8754090720940434 
0.3782854966681759 0.3896978313765597 
0.9073560631851723 0.05016976678882589 
0.41363436083007926 0.36045882281407954 
0.5381567727043648 0.2706886683179925 
0.23894733975280702 0.5146397641660971 
0.45938931162645985 0.3264931290366791 
0.09876465063129383 0.6904471655691932 
0.6711138939359947 0.18531117809331937 
0.42532397058469174 0.35161684745355454 
0.30594901655173 0.45102175971269565 
0.8586804578886577 0.07911016724968004 
0.20149586911341916 0.5561346498077121 
0.7692028529739726 0.12654671583529106 
0.2007711256328884 0.5565473449841307 
0.43386425106680615 0.34747148192226457 
0.002397798166349675 0.9565928754153841 
0.971671676616586 0.017974265692085243 
0.32578201592329004 0.4325936403280824 
0.962665240963697 0.022872608784003465 
0.8842048314950189 0.06332165749052808 
0.6970609008306423 0.1695407970080726 
5.210250961255169E-4 0.9820808961384809 
0.5281090165970671 0.2777909669437179 
0.04401668619171656 0.7948665471930232 
0.13741782178764883 0.6335658133374646 
0.6852878941643428 0.17574622710269155 
0.0032912386014182365 0.9492138011082375 
0.7190901691051297 0.15476689975736074 
0.4447360576674358 0.3390595700755958 
8.563502442268354E-4 0.9784315949743355 
0.4478697044764127 0.3340990571693383 
0.2321543743512297 0.5244403676561695 
0.15001582168146552 0.619956733544327 
0.5637325531631223 0.2539941477273968 
0.9073560631851723 0.05016976678882589 
0.008796523119737595 0.9126033401379535 
0.36749866189000974 0.3981422446901617 
0.012465501355534814 0.8946591053365083 
0.3170738461386029 0.44011519111560843 
0.22645350464758668 0.5291369237631478 
0.04800721017814441 0.7896611236910951 
0.9984281711437129 0.00453153824746417 
0.6424705051218755 0.20129490893934227 
0.7114812413530479 0.1591966108781988 
0.7035490142085055 0.1640125746474207 
0.08624032162125748 0.7103721734120277 
0.9379950286612028 0.035354496921203855 
0.6790079013582002 0.17971278471828092 
0.013688661274845096 0.8886197936201745 
0.6421721537622316 0.20134984205054537 
