1.3390387634056198E-19 1.003598335458687 
0.9998009294423249 0.001826022214291204 
0.6390983003128604 0.2028546373964259 
0.7898039971661004 0.11320035042631939 
0.9502332961597045 0.026864532159162523 
0.7267205922815336 0.14997922687455756 
0.6891416460156624 0.17207038240029673 
0.6568128871185761 0.19177406734229732 
0.923698346284145 0.041019275106451134 
0.07947618712636187 0.7210771709147319 
0.014020797587320694 0.8851679590759731 
0.61444109084792 0.21834292342161193 
0.2764844305198234 0.47738205093062497 
0.2529627435755722 0.4994944402235635 
0.767759307613678 0.12617986749921595 
0.5847018623771737 0.2375624611586996 
0.37986060773775093 0.3864391564453405 
0.13878770747308952 0.6307604486582244 
0.0540051210226041 0.7711341717005362 
0.0394621701286233 0.8047672580538794 
0.9857018294322553 0.009216054109119656 
0.6064270060059342 0.2232065887451712 
0.02938246859093202 0.8315842491356586 
0.04320182507049508 0.7954046938311462 
0.5204785793125444 0.28085672314894394 
9.036270010272518E-4 0.9745353744067444 
0.06651402317646693 0.7460672132817276 
0.5350482474520072 0.27107823337212167 
0.29393288538246276 0.460643594205081 
0.2667422308956673 0.4861105981545009 
0.8098412070528344 0.1021320542229921 
0.5065222424682732 0.29043614735164064 
0.35668291092445825 0.40604414365814584 
0.026588008851590517 0.8404802708052393 
0.08571521251047666 0.7101756683834244 
0.42592215284624446 0.3500448409949016 
0.8186050636086016 0.0973025084980455 
0.10984158377055923 0.6713587731334977 
0.2023077715099243 0.553021207492915 
0.7289332631698215 0.1485662672905109 
0.8352393825119734 0.08818103155814423 
0.9130632650009853 0.0466594319552979 
0.1617254245875966 0.6005383556737853 
0.43692947036359053 0.3415166168935604 
0.00864244670551266 0.9109486036833098 
0.8544258699655386 0.07754692572201334 
0.3154326793215092 0.44099004217133103 
0.19286546613942784 0.5634359594597164 
0.4632634570472999 0.32216438813117526 
0.1257971078564663 0.6484925255715102 
0.0029117544183402955 0.950517227031538 
0.5761309226783269 0.24362708589349633 
0.15309108747037348 0.61187704979607 
0.14716684396957158 0.619450012381073 
0.39618149537009956 0.37304127605485504 
0.4153961007771063 0.36001824450604514 
0.019913696063330932 0.8628258902113222 
0.6743210991107433 0.1810622611750347 
0.09842676691102241 0.6891616344654022 
0.3308856510329662 0.4273684378536466 
0.09453256694694556 0.6955351959458519 
0.8708534024241201 0.06895880699425193 
0.4812160691356503 0.3086658079161544 
0.11376743565710644 0.6655468391594648 
9.483730798537371E-5 0.9948731091339975 
0.8428449161909335 0.08432677829031203 
0.8992417551921993 0.05354598749068356 
0.30197316828662046 0.4530966590280728 
0.4077666521062345 0.36446177924954254 
0.16920010515169354 0.5913516215532065 
0.059031391616466034 0.7608147393718772 
0.4510470769933015 0.33151670166420544 
0.21429944425310035 0.5396743949448753 
0.23623056816834695 0.5167565539210147 
0.7572219927295032 0.1320686580497245 
0.24077571261626934 0.5118844711202819 
0.9670923953301028 0.01893382418297919 
0.9670923953301028 0.01893382418297919 
0.1749745025338454 0.5846993013011516 
0.7504437182782338 0.13611979459368911 
0.1222983188163394 0.6535487495395489 
0.33922563187993793 0.4239965293989545 
0.2111956511735974 0.5430365726211241 
0.1861370320695948 0.5714365030538726 
0.018899204665290048 0.866357856636587 
0.8652511758361037 0.07185661107895987 
0.49250966453481015 0.3005032978778679 
0.2250136573847627 0.5288939700953598 
0.1813791805025296 0.577260194007289 
0.4960323886738609 0.2986213985771865 
0.2264145061654208 0.5272118145100547 
0.5646517035751026 0.25122380682569795 
0.5478750289986438 0.26201504209429266 
0.5484397470472748 0.2616221451337745 
0.5615865100242022 0.2531197251127478 
0.3685199157665735 0.3959549695432536 
0.06322493891851744 0.7514433274746868 
0.3677075606616335 0.3966799762697975 
0.9997579509382983 0.001868870138721668 
0.8935494171978219 0.0566418033167898 
