0.0 1.009511565234618 
0.8798430367520454 0.0631068914344497 
0.0 1.009511565234618 
0.8485735498770891 0.07951157881307531 
0.0018434180768923253 0.9578980624881391 
0.008610733258981177 0.9159431382766007 
0.5339876812890353 0.26996624925479157 
0.6714986557153707 0.1815887621948406 
0.10701493084941621 0.6736167532700421 
0.08999828877923675 0.7007199996975609 
0.29252250121277623 0.45977814910425163 
0.8772165929171655 0.06605633077004947 
0.7988581309388848 0.10700269188510884 
0.6565212136384011 0.1905378291721281 
0.07944483437840372 0.7227301110533794 
0.12062314936410529 0.6534290789530632 
0.8194815014360084 0.09525815896788711 
0.31531571310163137 0.4392649699327905 
0.017697701836188323 0.8686069669604946 
0.5806410619347538 0.2385852285162155 
0.17801836891988304 0.5790649428679714 
0.17137305517067136 0.5908890282173358 
0.7439701697033687 0.14059499084172594 
0.30386232426549004 0.44954534828441656 
0.023659533728520178 0.8470155990542775 
0.2601342090937425 0.49086422098371724 
0.6424763719006311 0.1997278485779487 
0.24994060763750947 0.5006427827141975 
0.6897652292426555 0.16992005301158053 
0.6321867347180602 0.20773796803067068 
0.15808489290664413 0.6031120751202604 
0.20951246154783745 0.546013656503196 
0.27759411868261374 0.47375156406614854 
0.41402847977061635 0.357237608704044 
0.04524546602699442 0.787964056956992 
0.058526108548273115 0.7591241817876446 
0.03903553066621729 0.8034920649110667 
0.35284915567456365 0.406687172807883 
0.4571190554436428 0.32445815512435877 
0.19134508990682342 0.5666454917532241 
0.06573237103653223 0.7446171790945156 
0.5131960003776688 0.2842140292098842 
0.5472871720257918 0.2607362892364458 
0.5670349561884274 0.24756999324847745 
0.4428591974003778 0.33542843633078057 
0.15165178604431906 0.6115699976076455 
0.23929409567728768 0.5118218815220988 
0.3791516306772957 0.38514824883255255 
0.19456375951970536 0.5595025459194556 
4.103819145863776E-4 0.980580755400392 
0.7889737630406725 0.11243549556156675 
0.8315308485477801 0.08855227392810831 
0.5960717766160324 0.23108123908659522 
0.38692797807011725 0.37861567841022925 
0.40575834170813463 0.3663764698550098 
0.760353157308306 0.13104505805318803 
0.3964739544657646 0.371035061444852 
0.3276769323725222 0.42842950632366106 
0.23452521904175727 0.519905849885207 
0.3681777571963419 0.3938128782839567 
0.1262689045999778 0.6456772100730631 
0.00881406386109515 0.9068153683461468 
0.7169259247780031 0.15365123556496416 
0.6172550510283363 0.21512499643457927 
0.22474789111795626 0.5267652727863013 
0.4270060705897004 0.34769027776936673 
0.5059655043065204 0.28974323025000914 
0.14307341074040575 0.622882537273387 
0.20540181753617218 0.5476048854745036 
0.012496168201826058 0.8898597604816669 
9.709779342187419E-5 0.9996114215192639 
0.36332253377222384 0.3986193890178407 
0.4738359292973947 0.3151580166117509 
0.027695102680354355 0.8346079508473149 
0.4845417517483529 0.30736650064638815 
0.46860318755721336 0.3190289580604541 
0.014558727284744638 0.8835415379132658 
0.4464102486977292 0.3325439122563308 
0.7318690564386409 0.14550520491415564 
0.7765652279852011 0.12439546728077706 
0.05162035928306331 0.7769245602554555 
0.7781140396787933 0.11857701832609327 
0.05389599929747396 0.7719597359984658 
0.2714260645554632 0.4798074343035549 
0.0011850241097636771 0.9667457019728951 
0.7282452039712154 0.1498607988037967 
0.7622152877555406 0.12759176467189226 
0.09985552752172623 0.6888906446124928 
0.6068177193818991 0.2218582080074191 
0.567930616647115 0.24690802608975415 
0.5463517010151352 0.26136088845191535 
0.42681497969353727 0.34787024624664337 
0.22474789111795626 0.5267652727863013 
0.10049140351772759 0.688027153886618 
0.7083931420764222 0.15874443950500478 
0.13414967181035586 0.637565627046486 
0.07275796938493556 0.7310271622563443 
0.34327570275551944 0.4146841086421253 
0.07194905239170062 0.7362277579785576 
0.488073512909877 0.3020804456502517 
