0.9999115962002212 0.008639729243697387 
0.0 1.025406185996161 
0.6420456429104748 0.20901044135926292 
0.6850692823599602 0.18253761901004023 
0.7299584445005152 0.15469607899773632 
0.5155351115570475 0.2927851551694147 
0.4060051862661459 0.3749706996397031 
0.29825730816935747 0.46647612455594406 
0.7591666709410594 0.13887146717049448 
0.3182230631164926 0.44833397961448956 
0.36780541115824517 0.40495595688134167 
0.15324982815622623 0.6220808819923372 
0.4921070570292506 0.30824803674030593 
0.8463127495781059 0.08835245675119643 
0.16680123700871619 0.6059860382284621 
0.25754454139882293 0.5041200332827103 
0.32665863520453997 0.439516794592011 
0.029684756537706025 0.8433924267993059 
0.6132112596514532 0.22740111218363446 
0.4470892510614943 0.3436913330805124 
0.4693274238950824 0.3259239214280915 
0.7958485996862938 0.11716481628458285 
0.38894514104475814 0.38831730283819016 
0.8105787573698355 0.10978830630517783 
0.07961971992783057 0.7330718038935892 
0.5768281235711497 0.2572279798170488 
0.8659054505117337 0.07827498178888599 
0.21160458718776026 0.5551571855428092 
0.017597184854914516 0.8834325862929254 
0.2885374958833056 0.4756309477304907 
0.35003317268695516 0.4206525734534654 
0.3454429209266995 0.4248523631629832 
2.290177914623659E-4 1.0019781236994065 
0.0013326294858819199 0.9852259731201767 
0.8760282452852826 0.07300691030643815 
0.1230347026288657 0.6621035241355386 
0.5568005694532544 0.26433704361868243 
0.08769718332657028 0.7186268731196807 
0.13360221850295892 0.648857811095737 
0.44322500924045277 0.34694518395190055 
0.2258522142534228 0.5382152394357232 
0.9281181466358817 0.04532059880271492 
0.9079655978158407 0.055465425310274846 
0.24195976849292267 0.5207951329732587 
0.10848313324938824 0.6934303438500912 
0.3793308204970474 0.39481258998017194 
0.07122875880252498 0.7477717715429757 
0.9442943630655176 0.036690799610125675 
0.2739154481891734 0.4888548795834216 
0.4243044621720362 0.360663571994744 
0.8260669873241584 0.10113975444443225 
0.20510414931412013 0.5625357655284958 
0.04212076428702011 0.8113944537929257 
0.002719066868522649 0.9630413149399416 
0.00923240938374259 0.9205981951247918 
0.4852053780058011 0.31489793962715823 
0.5986023317283562 0.2370426823041052 
0.22904134682650767 0.5333167925458521 
0.9834834116772786 0.0170136093158656 
0.8332680273642638 0.09709875996352257 
0.626835929816778 0.2178375433879973 
0.19330932859972766 0.5723033890296723 
0.5839981915325176 0.24637769787985728 
0.422231962539002 0.3613755530383552 
0.7023736256540689 0.17204976003109979 
0.7659158295596926 0.13501722841547822 
0.24854210691864465 0.5144289956034567 
0.719002316734115 0.16169076009717828 
0.02229714508710634 0.8660151690131089 
0.9537114351590101 0.034701464706926234 
0.1761869693452761 0.5939485195523511 
0.5422617332905293 0.27358647495800315 
0.919219732119682 0.050025699105002305 
0.14335523580307213 0.6356074420575871 
0.02472083662324709 0.8585971770935659 
0.11349525567375762 0.6787597303139975 
0.18869286455141698 0.579082570355433 
0.09742009740116937 0.7011069792294756 
0.05612895738900597 0.7793343657563054 
0.8959145752617421 0.06783740181339107 
0.27657835624980415 0.4875810039055263 
0.6903871006885257 0.1793953083649318 
0.18292212895626353 0.590485513719382 
0.09433854377638279 0.7075972486718195 
0.7104949490235657 0.16716571629863386 
0.4732556705673817 0.323054154930121 
0.007010071587164685 0.9320424738308242 
0.061112984095789594 0.7676166249878568 
0.965575906007635 0.02636023537063734 
0.7804802982073704 0.12640586246026395 
0.11729856504719283 0.6731995382006274 
0.03751174441663087 0.8217461769101567 
0.528757667740553 0.2841359390656798 
0.013428837098744761 0.9016826170914121 
0.9878456160217763 0.01558860702471324 
0.896858272371821 0.06608973017623672 
0.6338463269453966 0.21512808690860294 
0.5303701834438524 0.28248272423525816 
0.593511052479951 0.2412474122587851 
0.5483534613966637 0.2691096581263135 
