0.9998299221184876 0.002558170994590992 
1.74129743817546E-17 1.0032825536391061 
0.9998299221184876 0.002558170994590992 
0.23520091849925995 0.5177497909541539 
0.870311219081475 0.06904844592719597 
0.313721407048669 0.44236797418793683 
0.6006524136176895 0.22716816753109859 
0.9061304606694727 0.05096354375155431 
0.2923231785815209 0.4625804142304187 
0.6220757152246651 0.21469358379098305 
0.5791238539566375 0.2415801685937167 
0.2631559654658673 0.4914334246650167 
0.1127478399818451 0.6689240349896687 
0.1226095856013234 0.652546927022599 
0.7857320652997224 0.11696987051824427 
0.8581622745164841 0.07619642774149603 
0.7643785486027176 0.12858889186289363 
0.22588255218147937 0.5288381190736963 
0.06488862339512327 0.7500998647027806 
0.3925568945268385 0.3767939632987897 
0.1343498948115076 0.6366354082526162 
0.19145848990968933 0.5661729450713102 
0.09398265701492525 0.6974707557941581 
0.36502998376343476 0.3983220594069804 
0.006007050593687391 0.9288466776609318 
0.798617808655584 0.10918195020583629 
0.9926710781567811 0.00607776031346918 
0.03854373499135616 0.8085799161793855 
0.20997647982327966 0.5460993695994178 
0.7087451979319197 0.1611930526774745 
0.65520835845168 0.19347529957217505 
0.49425810237829493 0.30081769127504243 
0.14332698171664462 0.6259492468768064 
0.009999987425798884 0.9033172306883361 
0.4434228363624172 0.3374152081293207 
0.7395846077273931 0.14196034788015716 
0.5299386181877344 0.27605768896564853 
0.6876941799782846 0.1739632416628471 
0.42994436521184237 0.3482356064184083 
0.6343854767394004 0.20559341355041186 
0.024330530972992093 0.8486834895578534 
0.5589406632158429 0.2553928784432685 
0.9591759114621239 0.023645987905322945 
0.1584650744493262 0.6065510477213973 
0.16912440550196461 0.5930075020185532 
0.017374998514899265 0.8729175037911451 
0.3554110570874719 0.40720265739832145 
0.8135809790259187 0.10139546251268104 
0.04438825076844971 0.793314132547751 
0.002421634065876657 0.9561826106282075 
0.8361317355290651 0.08842860620198732 
0.5052302568000976 0.29219206639172024 
0.15247143704028976 0.6138857946177206 
0.5677767176016149 0.24957707385517147 
0.6969212393623916 0.16728567389507534 
0.9465816933814727 0.029692063034241264 
0.2115584074656892 0.544209677896555 
0.6456930697167864 0.19953275988803207 
0.5441557244478553 0.26459966988588723 
0.45271537382674787 0.3304226231839119 
9.496882990988331E-4 0.9747731782137171 
0.3297201553812341 0.4282138491796027 
0.056564984763534165 0.7651938938348599 
0.9353622478273069 0.03552013237534615 
0.10123793939953346 0.6860768991542334 
0.003816503804939714 0.9420751334989511 
0.3455970985083997 0.4157212383329895 
0.9168285226704939 0.045771141238577416 
0.08302712371624002 0.7161219889165785 
3.719447294571604E-4 0.9866782425594548 
0.025927678658920816 0.8427334415106493 
0.17428841353811314 0.5853902385861374 
0.6715707629063249 0.18370310127836587 
0.18182076191378455 0.5772793836669242 
0.9715448035396521 0.016867343184507458 
0.27599810131514435 0.4784800061733404 
0.4728526921095618 0.3158035660797323 
0.07381317190952769 0.7333069619618231 
0.08278347431921323 0.7165349994479328 
0.33833160285605046 0.42065014302929254 
0.672173877954028 0.1820936298447069 
0.07334177082701482 0.733718870823413 
0.01221667111598785 0.8943339950112904 
0.538979938465524 0.268296717052637 
0.7238912281005914 0.1524816843132161 
0.515893430334709 0.2852634644266922 
0.054299153183755444 0.7718421073267647 
0.031753052262367965 0.8269748226993553 
0.03264015446075452 0.8239568986715249 
0.3797066016490409 0.38614892410834323 
0.2665699329596047 0.48813842928363005 
0.7238912281005914 0.1524816843132161 
0.4115910340223406 0.3624029516189625 
0.28161641662897907 0.47231713194705716 
0.3797066016490409 0.38614892410834323 
0.7514691257997832 0.13531703546773524 
0.9715448035396521 0.016867343184507458 
0.4811064225471072 0.3091023251796766 
0.461716999184564 0.32299240635261545 
0.014602080020078054 0.8822164446787244 
