0.9999532919170755 0.004639187287563199 
0.0 1.0107595581663418 
0.17942854106903228 0.5847367845917733 
0.19815153834475038 0.5634630093986733 
0.09063365847987243 0.7102737747006165 
0.49994616333717345 0.2996404708790922 
0.36944992711615054 0.3990955955037022 
0.12640986457258302 0.6568872209400878 
0.9604620397281607 0.025302361732739614 
0.938950248858621 0.03686183671579805 
0.5959248287215901 0.23452602702110587 
0.47218770471831095 0.3192390164450169 
0.3962693869215879 0.3785815885529587 
0.006866697448443315 0.9273662979812084 
0.5438195984110991 0.2695776780222518 
0.577443017026052 0.2466515281782361 
0.07508771800997152 0.735476680710498 
0.6517622259011401 0.1987795186819496 
0.6344484423148584 0.20922464285480807 
0.019769216106593768 0.8688196346721685 
0.025208706594666286 0.851194447010458 
0.15563432223367793 0.6139096495936021 
0.3861490801103945 0.3889345490297829 
0.04296087252423968 0.8018727640679206 
0.012214020903922554 0.89950558906293 
0.13981830053414368 0.635086965669671 
0.797043809101756 0.11548461864240252 
0.05045331316097135 0.7852136787926769 
0.2659086389147826 0.4914780875340788 
0.8602893933233853 0.07989063559125036 
0.8423568116565354 0.08930814723803457 
0.35336067382146075 0.4125803854115387 
0.7213806612972586 0.15677665351783054 
0.6655697888932217 0.19073644955929417 
0.06591628856124447 0.7515750337240159 
0.8969439292415853 0.05829648515706204 
0.6091405321907354 0.2253146459097577 
0.9112964354740685 0.050741838537358336 
0.11651379525884614 0.6675325415340503 
0.5197660749140598 0.2859273062706305 
0.24069441913987166 0.517981544810868 
0.9251470090354439 0.04376364884811793 
0.8834029689323858 0.06582292227032495 
8.53775586985614E-4 0.9819589228348585 
0.2968866159800808 0.46330696427947726 
0.2835234440904488 0.47508923163292816 
0.34374864487715023 0.4206309819576675 
0.7320461420583975 0.14982107551904114 
0.20807154801862005 0.5522061057522745 
0.41385442856873844 0.3640346823618936 
0.014646271124067134 0.8889503891436678 
0.7842387278320626 0.1197962865544204 
0.8708541848026956 0.07373928345192651 
0.004415549900566057 0.943922311224806 
0.14442186045921626 0.6288678200572075 
0.10741733428276792 0.6805849029535053 
0.429045823047995 0.35142125231621435 
0.03147935165896437 0.8323343235084629 
0.678793049344754 0.1826103348908429 
0.4564314181808272 0.3305328766585324 
0.2761560063597918 0.48252650799567914 
0.9746304830688826 0.017706729836746933 
0.22995499334890546 0.5281229924190058 
0.21597492841000426 0.5429502037310016 
0.5058778899816814 0.29527174891109825 
0.30389150186022207 0.45534439012559363 
0.09734865544431417 0.6969986793169991 
0.3146360689933082 0.44923929432908405 
0.550693122207706 0.2648752263847592 
0.8139214387236535 0.10352216447910828 
0.03775733361698681 0.8193008652586681 
0.7049288268525937 0.16627281034483385 
0.22402326671562794 0.5347675489664077 
0.7458610861569455 0.14253379172035804 
0.16559306535868562 0.6019782474102829 
0.4691637404258031 0.3215439960787411 
0.25025573236023024 0.5068433936170934 
0.10193239394860476 0.6897436272691329 
0.4171259553301987 0.3612581446825637 
0.7711220369074916 0.12717415408438415 
0.16559306535868562 0.6019782474102829 
0.448892832887404 0.3363049562055296 
0.6892758030285295 0.17548347899199687 
0.07164871472374995 0.7414452355362777 
0.7649204938015851 0.13277552965235317 
0.05705150701059036 0.7700894232689053 
0.5650069841737964 0.2553783503066947 
0.7048056062376824 0.16924080696199664 
0.8305717369735705 0.0941702234257312 
0.05705150701059036 0.7700894232689053 
0.5626781898423426 0.25693377578426724 
0.8258228897374031 0.09725101978459905 
0.518656127975355 0.28611808780875886 
0.448892832887404 0.3363049562055296 
0.7517577863082427 0.13864582646123266 
0.3243567489202982 0.43766336972488 
0.001448812532268362 0.971973053694172 
0.4286375037837817 0.3525001737013877 
0.3204987085049776 0.44031261921177073 
0.3243567489202982 0.43766336972488 
