6.0700053498137786E-18 1.004708433203606 
0.9998480555463427 0.002663305019717961 
6.0700053498137786E-18 1.004708433203606 
0.14811081314248867 0.6197225443653338 
0.16973297439313934 0.5921476044683948 
0.8848887323194474 0.061810934739157546 
0.8152642361101148 0.10022571763740358 
0.8432840580336525 0.08478934914141883 
0.10445622036433584 0.6812428446494996 
0.9352389458723674 0.03550040856032721 
0.13285475804411329 0.6394483078284146 
0.47191501404742675 0.316501019000719 
0.24791896627170035 0.5062377718270956 
0.9705594736599472 0.017324718067566514 
0.2877889391099898 0.4670584603384231 
0.4158006557508427 0.35812106325145854 
0.04173469113708558 0.8003781689924327 
0.0033116190004733315 0.9477703710522069 
0.18423714276023012 0.5751797922296314 
0.3326807811299311 0.4267360779637922 
0.21697470158818039 0.5382628935620936 
0.22862207875433826 0.5261228037981264 
0.19120062119529213 0.5667284457128712 
0.0012811061019325776 0.9695637407053472 
0.7454723924399758 0.13959182090704672 
0.27109596757770793 0.4832004486066757 
0.4859540772245379 0.3067623542121641 
0.8626166953925323 0.07411107379189073 
0.054558183836449725 0.7710522021586125 
0.02066551031002234 0.8615958216654208 
0.7275359525194558 0.15020460967836713 
0.5200173315263144 0.2820441605103382 
0.04882935075948397 0.7840336005866507 
0.9100335308516825 0.048934136382137845 
0.69600727728892 0.16911992798436296 
0.7558883249080102 0.13377118562704318 
0.39387073088072505 0.3759125350645824 
0.7717681621482129 0.1246029434405889 
0.3027574874309396 0.45367514145483145 
0.405570038637995 0.3667643536910184 
0.5006635248879698 0.2960798482747032 
0.455148968819985 0.3285326045149624 
0.23964757594593014 0.5147479148711236 
0.01400806775474539 0.8863691624950981 
0.006135534314399893 0.9273093153759684 
0.798752998374028 0.1093214589719028 
0.9948091426126973 0.004981134554585405 
0.4493969415922684 0.33319759648728187 
0.6688000434698371 0.18574782836707615 
2.469336767902848E-4 0.9895940263468324 
0.6556320550251419 0.19329290203844074 
0.08308949881976888 0.7157635252129866 
0.5404424280132094 0.26753448498399873 
0.03479315673489883 0.8181502453693655 
0.9228906834436669 0.041839381021368936 
0.6387116703200457 0.2033212957784305 
0.009771981876365146 0.9060326001763183 
0.03200115019767899 0.8256943334713135 
0.4340206087833448 0.34483577516103453 
0.5254108653151017 0.2784624466253058 
0.016901598009779195 0.8748479963262593 
0.20522608932149267 0.551242923847403 
0.31780529571935495 0.4395290091878267 
0.960670690588855 0.022609776348492216 
0.0709226200278727 0.7387932637381517 
0.38313875512249923 0.38495263664621654 
0.12471777737665535 0.6516682788775688 
0.06244099143777471 0.7548249475866747 
0.6046404850380959 0.22593032393885776 
0.1152339671084616 0.6647939533777352 
0.7811100519974497 0.11905461825489955 
0.09225767229253681 0.7011205497934091 
0.588051867532383 0.23662112442488628 
0.2971600099184455 0.45883169496307025 
0.31899276180853153 0.43877571969923634 
0.4340886643452291 0.34478199337789245 
0.57570490140221 0.24441753239377575 
0.09225767229253681 0.7011205497934091 
0.5641741223921118 0.25210273554329604 
0.36951037233478223 0.3960706204128531 
0.5390869642650304 0.2696072144317288 
0.4969217723979772 0.29845182829980943 
0.6204378039857859 0.21484861667854105 
0.026402007496890922 0.841891504994702 
0.7188523609932259 0.1553414179888193 
0.7103348090642881 0.1605239208998785 
0.008285451825652768 0.9145520236627179 
0.3681792513760978 0.4066510483986532 
0.3772438027548689 0.3894726694398659 
0.20616098019286905 0.5503470351416951 
0.6134910548622841 0.21951951303095638 
0.06430608312882083 0.7510576817613178 
0.2657493823462441 0.48856887786984277 
0.2657493823462441 0.48856887786984277 
0.5601492996946018 0.2553504587343082 
0.960670690588855 0.022609776348492216 
0.344145853248778 0.4170849848825397 
0.6842193355760343 0.17574697582387547 
0.026402007496890922 0.841891504994702 
0.6842193355760343 0.17574697582387547 
