0.0 1.0039257534376986 
0.9985521926603992 0.0020326268649247226 
0.9456005046160096 0.029814670739631496 
0.052698311225414435 0.773575574461235 
0.2138518315038602 0.5409971027074736 
0.010210707921158135 0.9030571405319036 
0.35697726501005506 0.4071084459025511 
0.3377095200222213 0.421804516620116 
0.6977191312763449 0.16861977339983067 
0.5594807351322706 0.25517460779950857 
0.773389154725513 0.12414770554310188 
0.004055809929340404 0.94087880134124 
0.0269332972912861 0.8394635296000814 
0.0654080281675451 0.7482666163437197 
0.6333276938650616 0.20656531168255396 
0.7527899734423548 0.13443828553163262 
0.09224986485742276 0.7000903637677082 
0.24692254413418124 0.5057004992493117 
0.5181343302146446 0.28317588358348655 
0.714092491981032 0.15932966374987692 
0.8227348241000203 0.09617642865570361 
0.03646090238220406 0.8130821650775178 
0.4641789952304383 0.3233299916910284 
0.12119282050724275 0.6569197009747083 
0.1728352960051288 0.5877097595667097 
0.23397430370716624 0.5191845486237103 
0.30481301635682156 0.4511377004481776 
0.4420962430225271 0.3372506697705984 
0.503297428039368 0.29338740168571176 
0.19831441015963278 0.558790458486066 
0.6741398426903421 0.18159474087119407 
0.8540623307815738 0.07758038857546909 
0.5818762398318731 0.23995465352107603 
0.22521943100528116 0.5279669539245878 
0.32194770698139147 0.4382231281243801 
0.38487994808994713 0.3830353179203236 
0.7272150825959788 0.1518831808835281 
0.6048226060751215 0.22519808897119187 
0.5317388108232259 0.2752485451363559 
0.13145931790349435 0.6428544954835503 
0.8405256972308015 0.08619649536327327 
0.2709736529087285 0.48488626886669883 
0.39947254664269494 0.3725723273602115 
0.2577951565145923 0.4963369033218314 
0.4929162307831287 0.3006863292771232 
0.7874696293730896 0.11632408863549666 
0.15851964337380228 0.6054438710993941 
0.6524882471251658 0.19473791107448918 
0.6790107402632521 0.17873368904512782 
0.0032175620615206013 0.948049146376238 
0.4551812045273373 0.32748915788905886 
0.07518404160015323 0.729944464546009 
0.3673370204341483 0.3964856531070397 
0.9180271804526413 0.04488439167152865 
0.9680707186716132 0.018354845088398228 
0.4318846598111443 0.347025188287249 
9.124928548694816E-4 0.9742611261411853 
0.4057301805068031 0.36569627709142294 
0.13959959635597985 0.6363780286308204 
0.5954884489946018 0.23091248093545738 
0.8739424533394622 0.06664674396821166 
0.04724186104608341 0.7882950195695484 
0.9281745492010564 0.040195647221961686 
0.3267868009980399 0.4315244294628702 
0.2854118980227327 0.4681380271132991 
0.5415667564950404 0.267577179625931 
0.6512723825919751 0.1954785454334987 
0.376519162694322 0.3909837038774537 
5.489442881669929E-4 0.9795410632825423 
0.5498714221182652 0.2619034177165136 
0.41798669083431333 0.3573236109258194 
0.19169087469440788 0.5655677715530931 
0.8106732842198701 0.10225063060311548 
0.08223744461886048 0.7162047528591976 
0.1808692113401421 0.5804834067270596 
0.6204571453151566 0.2167836827920225 
0.1008344023122536 0.6878366584939868 
0.9011965010435491 0.05332335713510479 
0.48186539180507637 0.3094291927651045 
0.04297010184249029 0.7968167483139971 
0.7964980346616298 0.10985177603889311 
0.14784434624164117 0.6191199558038554 
0.14497912881969743 0.6227521052104548 
0.11245783871159556 0.6685878632883392 
0.48186539180507637 0.3094291927651045 
0.01229072025962985 0.8932766469135286 
0.267450179791175 0.48844688572955947 
0.887413569005864 0.06231958059627687 
0.15754109352159612 0.6094797084471132 
0.4229800232279025 0.35283456980036443 
0.019359315360905877 0.864472557491999 
0.9801862387810774 0.012725586658649778 
0.7401011039852188 0.14435437798652484 
0.6218860992499337 0.21409842666138104 
0.03990792466792728 0.8069603462399658 
0.5849704701791351 0.23865423391180232 
0.295109338555728 0.46097421675751155 
0.8472281402745137 0.08203460574054641 
0.8043003087382299 0.10725317338822954 
0.10368451115811284 0.6834719538579752 
