0.8678041466817722 0.07724026503949137 
0.0 1.0167432403047627 
0.47114695532396833 0.32366092667052715 
0.6466953170656519 0.20520965676064648 
0.6988937907469422 0.1733052674933075 
0.04932222444218147 0.7920118775474175 
0.010439807291998553 0.9115663673888033 
0.7823351246685462 0.12365932944649864 
0.26625028470967604 0.4959882885076847 
0.405831693384742 0.3739303933807387 
0.5630932838992805 0.2598328650582627 
0.4845559066022071 0.31329207478241317 
0.8013947139581596 0.11285825277383853 
0.17121630361534662 0.597541062803994 
0.07299085704112335 0.747601079809889 
0.13382177557739905 0.647133939465047 
0.03655338320246784 0.8225890873888796 
0.5468620009389501 0.26967445933434203 
0.38569897738576636 0.3894176034456605 
0.04234774714804565 0.8081527804467984 
0.8497489852735285 0.08747014260451606 
0.0017175760525644929 0.9750762763477689 
4.545971566281004E-4 0.9942133720207489 
0.09814750896175606 0.6999780614353419 
0.0905721731950081 0.711843229049333 
0.14410716891116546 0.633639075817802 
0.8266598509466433 0.09938960159634559 
0.2768085933286042 0.48499129101809907 
0.5970050070417802 0.23694019802133814 
0.5061376392975642 0.29870966941054344 
0.29884636634385336 0.46497513855908174 
0.658310952309533 0.1983545766625669 
0.030044486466517167 0.8414200843401074 
0.11873573017844352 0.6687954946667763 
0.5862307005004073 0.24390066964896745 
0.7194348715276491 0.16050637659140488 
0.12482179266518637 0.6600331880032804 
0.0037430024279180747 0.9541830657691744 
0.8393818110862997 0.091845595942841 
0.2420805725246094 0.5190945858234953 
0.7096011313651753 0.1664156242693766 
0.2546070675851976 0.5116581265681768 
0.16547689215793876 0.6067680305470062 
0.3552826666345445 0.4140261855721236 
0.7655079367656304 0.13341630923253409 
0.44668904465167447 0.34165826320244624 
0.15719927413916457 0.6155590693837137 
0.3629337635898244 0.4080347111589821 
0.6238199621045364 0.2199333388293868 
0.2115812829569543 0.5533475736558463 
0.23238994875660451 0.5292846881706617 
0.02012530134460351 0.8722547726050561 
0.15170811213694957 0.624865266806804 
0.06028606452219984 0.7725790906091923 
0.10936096187090055 0.6824595949245309 
0.5074664829423972 0.2974979136433364 
0.014082277876135262 0.8951519182305643 
0.4127110807360383 0.36824772462737254 
0.8670411726034816 0.07763418856768228 
0.19043795415472087 0.5751961000758201 
0.08314926372249756 0.7259732041387482 
0.732705096148773 0.1531278794747085 
0.3133535396734988 0.4520381432753038 
0.3358910113757856 0.4320686818042546 
0.6238199621045364 0.2199333388293868 
0.005997360728427825 0.9396618441123271 
0.32079068126319843 0.44454002915998814 
0.3063251283140518 0.45789986607621935 
0.2267531524126044 0.534999731315328 
0.7705892059141259 0.13044205973870593 
0.37281167276155924 0.40035045521619744 
0.6769835792661234 0.1868916935282593 
0.7506668147758758 0.1419832870726539 
0.44668904465167447 0.34165826320244624 
0.20394313209289 0.5605359368201206 
0.08314926372249756 0.7259732041387482 
0.01630527809440338 0.887901854887514 
0.5350088043748344 0.278153216692607 
0.02646849848873735 0.8511406250055525 
0.4791596639105661 0.3174463936921776 
0.523065470766191 0.2860959813765466 
0.4218916456067892 0.361390910945493 
0.523065470766191 0.2860959813765466 
0.8141370292781598 0.10573404612292707 
0.609824434998895 0.22839887087427097 
0.6108567317678987 0.22769697828156907 
0.42869858367638836 0.3556871624830747 
0.06469042073408693 0.758845617147804 
0.6700958464313881 0.19079859553516118 
0.28654426895671453 0.47684123262602984 
0.18558542459538463 0.5808441827216494 
0.28654426895671453 0.47684123262602984 
0.5374257608619917 0.2766526909985435 
0.18558542459538463 0.5808441827216494 
0.25223236734475907 0.5142190858577371 
0.8114426722943138 0.1072351080140051 
0.5748475011655654 0.2512641438929743 
0.3459533713328079 0.42278542635214356 
0.06658497979635072 0.7554827186896492 
0.3450396330201242 0.4235422852536677 
