0.9999093368801696 0.003240681479644614 
0.0 1.0073315047817175 
0.7266822265629846 0.15201420010645725 
0.4989142666844264 0.29938235134137325 
0.4741056165190558 0.3170428772902588 
0.06299019457358873 0.754724490483726 
0.5753174298949917 0.24604881252805477 
0.3142527989298659 0.44505001855136306 
0.07485089840566818 0.7319778915533942 
0.05575815497388048 0.7760727082909591 
0.7023652130168359 0.16587500280091202 
0.35570694310381096 0.4082821726497649 
0.2071705131508031 0.5545267926426696 
0.2760181389402713 0.4808935022024207 
0.3838527575126087 0.389129836712949 
0.12439883287141446 0.6538622198988995 
0.419235751834902 0.35841668762884366 
0.3334712857619124 0.4283428564962173 
0.6385806108922817 0.2080320384382523 
9.00072156316406E-4 0.9786356535156941 
0.7627145775282853 0.13076407197921225 
0.004320351637106493 0.9408524619788878 
0.17576935406353789 0.587097383833951 
0.8928401275969277 0.058630917032835315 
0.8578036953943088 0.077635923350204 
0.022761499790521195 0.8556541134829746 
0.8446539985673943 0.084388864476227 
0.7476002496835095 0.13917153544875785 
0.5159127228374111 0.28700867306287825 
0.4026136116656701 0.3716755746801356 
0.012853337363370021 0.8931981585821679 
0.7851924843688197 0.11759404273438351 
0.002248234407378813 0.959389669495493 
0.25573522424227274 0.499437882992229 
0.5518814262142502 0.26125034311642287 
0.30575666878454555 0.4565785268599377 
0.9263370921313736 0.04177540149034481 
0.8296110695823644 0.09289783213237891 
0.9672177520079412 0.020165366193506746 
0.10182968135232114 0.6875722474972107 
0.6067057529234939 0.2252106614586037 
0.6929187203386445 0.17252508520089704 
0.874708627468459 0.06856096615287574 
0.09403624540423894 0.6998463054362276 
0.1448521187702727 0.6254180523291522 
0.6518290322196572 0.1966136661579263 
0.3417066352670399 0.4217040300503194 
0.21522152486063406 0.5411241798364207 
0.18980049399305812 0.5697475201394693 
0.4598575415689542 0.32653419046449894 
0.03585300753798776 0.8165079579429687 
0.9378324211054672 0.03496120827327626 
0.5865491953074148 0.23840596524332508 
0.11126895518413367 0.6725014028256058 
0.596152752958193 0.23287739633599344 
0.13253458856986805 0.6416787428577203 
0.04628497378401239 0.7930303555262883 
0.9493003606541066 0.030685692049342014 
0.029486256091474095 0.8364376247609184 
0.6708998334758813 0.18931455569389583 
0.22202592603842242 0.5340179616734558 
0.5393814749636994 0.2708568111912072 
0.2929307271624571 0.4638481205032221 
0.18868763037981817 0.5712292368973202 
0.7901486038158272 0.11498184369322469 
0.39581761686156125 0.37756943584048025 
0.008133060201793102 0.9165700158091153 
0.6212865880369676 0.21623725069855507 
0.8085904445281403 0.10442695778225843 
0.0826368334857154 0.7187133279991836 
0.8200924648891939 0.09805444968886179 
0.9595964739362487 0.023840330080931994 
0.5258478600055985 0.2831429827270474 
0.881492676803884 0.06477905473645529 
0.15500494324684694 0.6129754439936782 
0.23107692356738502 0.5249965949799882 
0.3522596352323469 0.4117459906335868 
0.04628497378401239 0.7930303555262883 
0.6590350379515915 0.19241316074019846 
0.03561508071520809 0.817060172692809 
0.2442963433216008 0.5119055243038592 
0.9121118249876577 0.04846831945954057 
0.02747719972044388 0.8415836192421826 
0.5320887884117753 0.27490005665590656 
0.009435436863350466 0.909787581199829 
0.4450860358471942 0.3381436416967785 
0.4311635628977787 0.3483352555221891 
0.15668814139360157 0.609514551984578 
0.9121118249876577 0.04846831945954057 
0.43274839867726567 0.3468989430219466 
0.25508571821748327 0.5002790663738585 
0.017201545886842168 0.8751645859279177 
0.017201545886842168 0.8751645859279177 
0.618802804005075 0.21806155802147592 
0.7537798428329198 0.13581727962735216 
0.3847217460015497 0.3848505811234553 
0.10879762684906868 0.6769265564499672 
0.9862139339627756 0.010513835840969848 
0.2826638822549249 0.4735737330363805 
0.16592004231337804 0.5992563155287585 
