0.0 1.0143936164173937 
0.9998525459062195 0.005873932723551807 
0.507623607507786 0.2953033177340594 
0.7403809056927384 0.14656132438261193 
0.8901783839837086 0.05991965090128353 
0.02953701239771267 0.8400280277194752 
0.6346746151863794 0.2104143947403829 
0.37042090035587916 0.4040234937362585 
0.039647781298692786 0.8117428003322291 
0.3975449735565296 0.3816950253254083 
0.8697535178818443 0.07385881866933025 
0.17987880676886975 0.5850192506442803 
0.31957092013411337 0.4428434925934386 
0.30640330721003295 0.4554234123461742 
0.33386861584352095 0.43106882998577456 
0.9115873420059425 0.05456556674277208 
0.0780315642601273 0.7359520033320185 
0.4745303530776223 0.32345255046201865 
0.5239695734863921 0.2838219976545498 
0.6698965160350614 0.1881325060220216 
0.16124154873062074 0.607830433578423 
0.6518302478664135 0.2002245414797699 
0.015415890586686465 0.8871698453276212 
0.29321894456056924 0.46737232702139725 
0.4587588573538484 0.33072424980921805 
0.0020993106268395456 0.9659426249047379 
0.006614662990702402 0.9297872167523654 
0.9735534021220023 0.019356414658741657 
0.2256087064894515 0.5389873683846209 
0.08276107527869467 0.7222788557909242 
0.4474445358272733 0.3394798408630927 
0.1126078000886983 0.6746223691229315 
0.09111100511160647 0.7081125674205121 
0.7167622323730221 0.16032823290814757 
0.9886804472252457 0.01208863693626199 
0.8169035556321242 0.10285982049586545 
0.6929523652404208 0.17477280344200768 
0.24116112573281606 0.5197754592362185 
0.06541755142799097 0.7550179161248882 
0.6137733884325733 0.22367843136061533 
0.4358224507282486 0.34821639820384165 
0.8333789286497572 0.09368138886288346 
0.2225911688477623 0.5421100755666085 
0.5936386111065985 0.2366356689303679 
0.8562808680335967 0.08477308453051328 
0.42885540943831824 0.35799777632677726 
0.5546562447324008 0.2627301305222386 
0.9613828740635189 0.026446509647331685 
0.4876069916304704 0.3097629196100748 
0.9433978449082506 0.03503027229901259 
0.12348501172331888 0.6586045153813919 
0.3668033611524114 0.4070153178233684 
0.2561017065649242 0.5032614305893993 
0.20541618176631687 0.5555532449760285 
0.5741479021778667 0.24981402466718572 
0.7076634603554661 0.16951156533463818 
0.7894093751543525 0.1216767552880442 
0.35001561430099276 0.41793673163528694 
0.5924891595465325 0.23841801317789546 
0.4156143976878691 0.36383248699625875 
0.5716195049999154 0.2514749837784617 
0.011375881807459354 0.9076283431355608 
0.2673968312067348 0.49208477942459106 
0.10707953762403845 0.6825690943623199 
0.4105974673947419 0.37230902477515315 
0.6656794608180259 0.19509096589593314 
0.7558929683873559 0.1376646702537809 
0.280978415002506 0.4810140369374899 
3.970465928392324E-5 1.0055981444475532 
0.34659583942689953 0.4196391665720905 
0.147508974363387 0.6247569807107891 
0.12636397573019564 0.6536911312541911 
0.046974809954146365 0.793494639653591 
0.1353460715088623 0.64124135392407 
0.13868960789209617 0.6369452534492733 
0.9272337819687493 0.04338335527068918 
0.24664061389791114 0.5124165609268564 
0.801181304989922 0.11123722263920259 
0.924878492505346 0.04458498002183141 
0.48709258617768675 0.31007066824576146 
0.5385420422720041 0.2778079470781827 
0.05571162763707195 0.7804607166773735 
0.9509889856057909 0.032223145446438006 
6.605468214709257E-4 0.9856130153533263 
0.284588176864583 0.479261362960722 
0.8300467177344875 0.09557151674030294 
0.15112069369339426 0.6201525206332218 
0.7799697715331837 0.1236042546494707 
0.5526098574005176 0.26809141064162517 
0.1854712709739116 0.578228045310396 
0.09757612884579192 0.6972681726772975 
0.8566603317837932 0.08101724102897433 
0.10030948122242273 0.6927381670734202 
0.8052543354481843 0.10984954031742468 
0.05943474823613698 0.7672498442582016 
0.5421920490570863 0.27534374094395236 
0.2662329770873564 0.4976909005210322 
0.398494160878689 0.3769711228034303 
0.1588804902972998 0.6106295620567739 
0.7712338434957453 0.12858344686336304 
