1.483507769642376E-17 1.0090439888791076 
0.998569833852301 0.004993943680055809 
0.998569833852301 0.004993943680055809 
0.5315578508139358 0.27748927718448835 
0.6288076649247645 0.21330121918858405 
0.03532664402004016 0.8212756567584966 
0.6560353341803831 0.1955500471491394 
0.025653482118757412 0.8492101028080488 
0.421243193196482 0.3580180302566596 
0.25950393605184324 0.4980687546908638 
0.23146296560324606 0.527438132560614 
0.5518600870134552 0.2635972484936494 
0.21432895118970557 0.5458048180966792 
0.44117713323804464 0.34240067220901244 
0.14791685819622197 0.6230728985605831 
0.9556779181478052 0.02656303555134488 
0.511583421173486 0.29176141599652883 
0.0011517488144626442 0.9784174407476094 
0.27858768967269826 0.47952439659167195 
0.16107127143826755 0.606745709984703 
0.020786402305736418 0.8662096089553157 
0.4911135644663108 0.30570492770201196 
0.4085306949182803 0.3672069553478237 
0.8796345517280018 0.06756642693572829 
0.006871708291353917 0.9257136399173808 
0.04221691631389851 0.8031585214611645 
0.009356218119633886 0.9136715527625136 
0.586387472820511 0.24046476867363964 
0.7253910281873592 0.15361009454236874 
0.20545443447901107 0.5553203100542592 
0.17032416941761153 0.5953786911490209 
0.7480672198703237 0.14035760721867224 
0.9732415580302558 0.01869248644539753 
0.4709742850371995 0.32019938257424624 
0.9382220727076983 0.037011056330332345 
0.375620142076184 0.39317249013307853 
0.17931947226991857 0.5841537408348139 
0.8314809135712872 0.09519615225289768 
0.337458810900709 0.4268363850453551 
0.059463862850771446 0.764880228128817 
0.003392147958441144 0.9521322913212444 
0.35617283047860293 0.41280165125277873 
0.98246164914717 0.014070574048724346 
0.0812925898369587 0.7244679499563133 
0.19413693785157932 0.5668509443045663 
0.6811115088815513 0.18179699788806036 
0.6178712939583187 0.2215999775883748 
0.8469400336943204 0.08457921536444493 
0.047926003116364 0.7898817979128507 
0.8647258536817464 0.07530086096208129 
0.6049792166534291 0.22865941067953174 
0.7832820718248933 0.12037828734930427 
0.13756067643723427 0.6366752198543287 
0.11684771314603223 0.6698261372735403 
0.5785501132506004 0.2455451237291673 
0.7111193288574115 0.1648494257918881 
0.3873213998160253 0.3851627042912078 
0.7674890164538635 0.12979434753723143 
0.34542237437802875 0.41909180143871166 
0.014525178039646168 0.889661597611124 
0.28526402367577786 0.4732207730086952 
0.1884544944291875 0.5745889408907361 
0.9067793668921873 0.053033804923759115 
0.24087343278905826 0.5171849631109283 
0.9318877713859008 0.041877291738063774 
0.7506158399221323 0.13909251521181848 
0.015224106829891407 0.8869915265144358 
0.3167355778572141 0.4439780289532956 
0.45153332700123283 0.3347771872900911 
0.13352082643626612 0.6423901848790178 
0.8939472697824837 0.059718412135656304 
0.30810776145812196 0.45214911116687984 
0.24976251630054083 0.5080855488000414 
0.06704184749618569 0.7498356683769949 
0.395210020499739 0.37885764810469863 
0.7229221097289278 0.15739412728554986 
0.10950373159407462 0.6792820344855166 
0.7980459714887805 0.11222185280639944 
0.7717626147654398 0.12716139478972802 
0.9970537493820045 0.006019878498176743 
0.32517034322299354 0.4368026108959628 
0.0996095905946594 0.6924600702575039 
0.09692634308927522 0.6995541933502927 
0.12560738975158275 0.653308006094159 
0.691053323507124 0.17628970930839444 
0.5662211190059752 0.2535889371606099 
0.700919851993558 0.16860135340960095 
0.10519789134200491 0.6835283653717077 
0.7936305359072345 0.11467386447606091 
0.4587953798857918 0.33140445123115336 
0.302407934318873 0.4570995769004411 
0.667676075678746 0.1886874105532406 
0.563672498954162 0.25508049400857935 
0.29488203977339267 0.46360313182682117 
0.05264606069283573 0.7787935020595791 
0.5003211319454736 0.29917800270416156 
0.054935916748027114 0.7755930142663021 
0.09182403600161124 0.7089029076197183 
0.8095367773785669 0.10528173307491905 
0.36656146574885046 0.40335344375088816 
