0.9996178796611258 0.01142382056470613 
0.0 1.02088707206795 
0.8912139607563381 0.0675840989595338 
0.8526061272992123 0.08827875124440367 
0.06319550962502285 0.766994213658628 
0.3676314251684652 0.4088893354250766 
0.30148791294746563 0.4632530435721705 
0.01432617436488227 0.9008275077583141 
0.38424337113809415 0.39452265584311397 
0.07224725009216015 0.7498683050404236 
0.5123153331328915 0.2984966654251919 
0.08243944916551106 0.7316948526517956 
0.5941866257430065 0.24313125506837885 
0.09130062332706168 0.7164767365532106 
0.16140794032848954 0.6152295915595388 
3.5419509970524565E-4 1.003280256251993 
0.5741851242430304 0.2557239185659195 
0.020235319220582 0.8779348842812468 
0.2551760530023632 0.5107993706585934 
0.1950355783917893 0.5756120174516813 
0.6378610406548771 0.21458591796056392 
0.3282031945735868 0.44211930242983927 
0.05097228356521208 0.7932808504642092 
0.8203994895907714 0.10602985117028631 
0.31839198231670535 0.45284229792738245 
0.11675730239805215 0.677579630565926 
0.6633337403507114 0.19802174504532127 
0.03586359794412583 0.826603150077844 
0.18194308346836963 0.5907657495513937 
0.1735179505711697 0.6001438043888343 
0.3503677628609866 0.42401869251785906 
0.6788382717289407 0.18901862832915034 
0.21868531293536186 0.5488107264016912 
0.10123177563379382 0.6996501059251361 
0.23662016045960782 0.5314903830080084 
0.20495247120841195 0.5645745166172165 
0.0023660134964942348 0.9724438081614609 
0.6497148180193913 0.20691002304279638 
0.12707941740509238 0.661930985927113 
0.9009303468807026 0.06195662081841002 
0.00797043634601674 0.931026538421685 
0.34329449715976 0.4293633875421119 
0.2869605966904709 0.48121074472354014 
0.46819622185991927 0.3297619738566611 
0.23959414936738582 0.526912564229365 
0.7356640298676065 0.15477739503448937 
0.04354851149833372 0.8112601269164923 
0.691092411581413 0.18110520088988877 
0.10779858482865848 0.6899920274737441 
0.5642531224341052 0.26255403029743735 
0.6200359534277682 0.22596492934512746 
0.4176761216414738 0.3683189546399962 
0.13371577596984857 0.6524690986987169 
0.009540913254060656 0.9227455064026677 
0.8413036075380647 0.09437923732899257 
0.40824928367109103 0.3755021709765176 
0.5316708018152374 0.2853201791597485 
0.4367020074518752 0.35355393980479766 
0.9576592766939849 0.0321211716379111 
0.9336818215320764 0.040825686969447425 
0.6053911038277645 0.23506867391981767 
0.7713192326084433 0.13514717566384282 
0.004268042606134975 0.957988343194736 
0.42977059465994993 0.3601962998054283 
0.5514395279423505 0.2701050101299607 
0.7017437200659833 0.17408340092751307 
0.4495345240720179 0.3445345267741392 
0.7947464887805956 0.12170201093546892 
0.5445704297235973 0.2759722802020367 
0.7564679879304457 0.1425898531663634 
0.9771100304444437 0.022565365027915254 
0.21461790216635265 0.5530085668307412 
0.493888094725486 0.31172191311798675 
0.9594314862753383 0.03129028328781909 
0.9179896348898398 0.052918184595432884 
0.26895374039458486 0.49897577131791165 
0.2767584817684433 0.4857307125406911 
0.7193689357417877 0.16458464021995448 
0.8074941639636448 0.11331218329858359 
0.15144327230682703 0.6287592638418101 
0.48322038104812465 0.3200622805215617 
0.7784646048555516 0.1300621292168768 
0.26392623820137345 0.5018964290164788 
0.030487485143318394 0.8447937869800034 
0.7112229847185081 0.16880122904589345 
0.04811537467452076 0.8000575353136901 
0.9201366910052293 0.05219938221898059 
0.9332311398159642 0.04297141400809703 
0.47889273878980904 0.322475901945192 
0.7871486407949471 0.1252558898653007 
0.7435689833823209 0.1496518644553714 
0.1423113417482519 0.6404671315383841 
0.9846269838800715 0.018811859247559005 
0.6149635245069054 0.22868645578775107 
0.45638850017105964 0.3396538332115116 
0.024847366757219054 0.8618627863018282 
0.9982216078256722 0.011712568489942763 
0.5329856131733293 0.2836325784472678 
0.39771238771441053 0.3841965018001781 
0.39771238771441053 0.3841965018001781 
