0.0 1.0135087373481184 
0.999757203800721 0.003468825725013079 
0.11479183829597872 0.6673893020481756 
0.14042274976610264 0.6335933928377645 
0.09879645446940398 0.692854515067028 
0.06060414903161254 0.7607367838945015 
0.3733658103256542 0.3958743261879667 
0.13147787800683686 0.6481390907034311 
0.28478104038889374 0.4721354321796081 
0.05047543734704385 0.7837461884106846 
0.0025195750054847477 0.9601471056133777 
0.30875884659954 0.45225365543667306 
0.18847551290330947 0.5752835412025281 
0.0771651308785485 0.7292233579749371 
0.15909108987193593 0.6112989223945757 
0.210323012412464 0.5499401548539903 
0.0436525745780198 0.8008304038920839 
0.5052420967282014 0.29853278555807694 
0.0707067330511573 0.7426930334272899 
0.602131690089456 0.23070687238285856 
0.5868824977020269 0.2411216471359778 
0.776946559125899 0.12283559753436403 
0.02895431738366472 0.8427508124773424 
0.2279362802832336 0.5309551508145429 
0.6142090427847174 0.22188684216839227 
4.382423780415895E-4 0.9912042852905926 
0.2940273626726617 0.4642641837581937 
0.40676776938019743 0.369402388846725 
0.8188161848750833 0.10238814335462329 
0.8739332056579586 0.07043600564484538 
0.62888479891376 0.2127897512600371 
0.35046094415242196 0.4147049890914754 
0.44353294818041233 0.341181331602671 
0.4867563482020446 0.31012992992482136 
0.26469712070915014 0.49239287904775364 
0.5733678922014319 0.24825864522131724 
0.9755525359201401 0.017849168709026225 
0.546357121951655 0.2689631156943118 
0.39216563882412453 0.3830206012433809 
0.17295846043945884 0.5899013758447536 
0.6411060953343742 0.20592306199732094 
0.8405079297534459 0.08721179038886608 
0.654409748412137 0.19847654267216672 
0.986757770471191 0.011644551140480573 
0.24276180010165438 0.5140322975766898 
0.2502300771666897 0.5066895379430392 
0.9591547704016088 0.02522058256795884 
0.665314510254598 0.19074000766623853 
0.9370708195101758 0.037078219854091016 
0.8274016725545752 0.09802759873220684 
0.08927261792982852 0.7090696725284524 
0.5158362343902214 0.29011178385816283 
0.7490980339248754 0.13908542138573363 
0.798379376424681 0.11188437006601076 
0.5300904353517262 0.2775333360374088 
0.8544315977185637 0.08296692670719301 
0.45519366900498726 0.33064680022018905 
0.9499528396286806 0.029621394325140094 
0.20021394538222947 0.5638766786206304 
0.8952137868761556 0.05862994540717368 
0.7328096177481377 0.14822994638499026 
0.8821139971726347 0.06777352709003724 
0.32289866218653007 0.43913601573225736 
0.794961921579244 0.11381691159961617 
0.23351729660029233 0.5280843560088264 
0.3839865236707373 0.38709876496600937 
0.5612189699266937 0.2567059882574538 
0.009287875943471937 0.9112167513902057 
0.9263665769450257 0.04304306570091129 
0.0046460708899937475 0.9395854078056628 
0.03391653232181774 0.8250696648130172 
0.6993694996607536 0.1681381639274621 
0.7121525480433806 0.15997589929042683 
0.4298048556391551 0.35019777158852367 
0.4641574622819442 0.3274235567100472 
0.02343094059130868 0.8602269744364004 
0.47411896744035753 0.32075057373683236 
0.0151550254894256 0.8903986152950938 
0.9030662717400793 0.05553184245519812 
0.5549941943403969 0.2612714690561492 
0.5264956925548816 0.28400651764352425 
0.03568239096802491 0.8184463638070423 
0.017881121371821934 0.8804512112914824 
0.09129707072254264 0.7070080133556795 
0.020826091403088248 0.8629056906045759 
0.16936072597517537 0.59648224698998 
0.7415283723051181 0.1463618253043317 
0.16332035530187822 0.6059461422463642 
0.6942188535984699 0.1717203748794631 
0.675808787194372 0.18247056101501774 
0.2026119430332885 0.5560625288817141 
0.7188257688894175 0.15682047447249725 
0.6838007271076774 0.17755050160270122 
0.479498755189429 0.3146353102814895 
0.3323894197505875 0.43432944950756863 
0.7635552888702268 0.13287400993315684 
0.4144083763470837 0.36166500388885364 
0.3373850214214662 0.42514014883010603 
0.43117629372581046 0.3488675111300243 
1.4636934524575596E-4 1.0022162283710763 
