3.726931266077423E-17 1.0081213399554625 
0.9997318639901677 0.0025183872278471213 
0.72735213618878 0.15213666098688924 
0.02088850819845317 0.8641247000554069 
0.7570122031822464 0.13499172564186537 
0.31501649574539237 0.45232956767861854 
0.014979116925926482 0.8955654908269832 
0.2847806114252529 0.4807828327463004 
0.5094432598158771 0.2913087801284954 
0.9550070729203924 0.03257360530617088 
0.5936459028601424 0.23557211011833043 
0.29707026319183855 0.46153724563897175 
0.13338935591835638 0.6514420125967033 
0.11449595755758528 0.6685991893601818 
0.030670318466890792 0.833539843397456 
0.612395196439364 0.2229732593773546 
0.048290110359760885 0.7882197488764104 
0.5764980992563613 0.24635881079629904 
0.41550680669669426 0.3612906285498825 
0.928680846122808 0.04647822942808318 
0.03959498238632936 0.8093319416753537 
0.331536704796645 0.43055167636340314 
0.7702828749102694 0.12712827473440202 
0.2653791913124278 0.49172280039095045 
0.7922946033531484 0.12035624188043613 
0.4963010525360096 0.30762882214666915 
0.7060275892127287 0.16473003916182896 
0.3562980830826916 0.4164191820902912 
0.5278250873065092 0.27881067233273016 
0.15643355789845692 0.6125932218782747 
0.8609872182905376 0.08275979592553334 
0.086130447691452 0.7133296812685493 
0.6805766996511989 0.180360330936109 
0.8021586539156862 0.10946142981046057 
0.3630421968091809 0.4031322266874026 
0.14515970064909633 0.6357043560674892 
0.0014264305231599245 0.9814940662802022 
0.2358841455017004 0.529346291308061 
0.4821759273177657 0.31152649960640055 
0.6979697989515031 0.16967181132122688 
0.40594624874001906 0.3764008282573555 
0.623654330376785 0.21349012991005817 
0.10728319600669106 0.6795116396494189 
0.07748928973188751 0.7287815077211668 
0.00856382343891579 0.9156639607338901 
0.6743991801351469 0.19021229563615463 
0.5622006067903144 0.2557753510111623 
0.4531774889596194 0.3326104621184453 
0.9823144900259876 0.013557895078989812 
0.3784531039351047 0.3953652402745437 
0.44607229220366934 0.335405714859025 
0.058884148558183136 0.7648105588677262 
0.10027658842197691 0.6969800293758093 
0.20413093221811207 0.5550718019982582 
0.24081373188672356 0.5153789043622926 
0.8358672010227527 0.09085661661980565 
0.39788444296053455 0.3831372950536077 
0.2178009703857354 0.5421059180825782 
0.8749791138566396 0.06920001777569819 
0.05521265305489459 0.7730503083327043 
0.9031999348337055 0.054311347816005974 
0.9218462442359681 0.05007516609943067 
0.036509480765020946 0.826820229700611 
0.0015093491475293153 0.9657563702688289 
0.8872886821607089 0.06255269677495197 
0.0033502386760299874 0.9506306243244308 
0.2559624889067138 0.5016568510190883 
0.3880727283182116 0.39312283815114535 
0.06814808908713983 0.746154033778393 
0.43071830758819873 0.34981250801335356 
0.163495486252422 0.6075328206407974 
0.22146527816120903 0.5379441782921891 
0.9645594735720967 0.022199041109949774 
0.005033694967820149 0.9366793742944505 
0.6428876477686463 0.20445166120773003 
0.43342643237380296 0.3477401484186374 
0.818345965236121 0.10035757745605475 
0.5578830332909146 0.2631832515515618 
0.24847133883207445 0.507159491255281 
0.9985096251339757 0.010120816050771465 
0.6371533933750533 0.20898089089883237 
1.4960304264920697E-4 1.007278113462497 
0.06636922312389976 0.7493061105659486 
0.8687313839409831 0.07840863279766225 
0.13768780680913578 0.6366337849857042 
0.17726465894650903 0.5861274123729572 
0.9720665220721436 0.018790251600587796 
0.4677980246015913 0.32178709749088513 
0.1700923938445455 0.5949590836630574 
0.5446193002658425 0.26743962626519624 
0.6584210655178577 0.19989816445386405 
0.6616894795542893 0.19736009791303302 
0.8358672010227527 0.09085661661980565 
0.8169341655839133 0.10119237537444645 
0.18521071251416527 0.5765931144696096 
0.18521071251416527 0.5765931144696096 
0.468200211748568 0.32127699823578076 
0.007086970592494191 0.9239023567325089 
0.33768736800712623 0.4247080488031315 
0.10043160757313951 0.6928596406703283 
