0.0 1.0046249766246405 
0.99958790256782 0.0031865122476836625 
0.1752630442982197 0.5852918766863215 
0.15048339293557783 0.6171245682260981 
0.4993662698884327 0.3025942578417999 
0.7273411237159424 0.15514476035080807 
0.2131643123733345 0.5415291706682234 
0.08011802179030038 0.7229667175240072 
0.24416068470492158 0.5156377249621023 
0.918997978666199 0.04453903353861432 
0.8933984051895631 0.059398210576078206 
0.8462611499795913 0.08601930671335895 
0.260216485557785 0.49561574892950266 
0.8662317650801727 0.07281105919270597 
0.4169787290431717 0.35924986118672514 
0.7515303066082156 0.13704045645590002 
0.04015841791244837 0.8131821457806699 
0.048650598355556865 0.787601568009494 
0.5740492884017785 0.24706969961762898 
0.06708058192026456 0.7463238506711524 
0.7162571463756338 0.16173758743594982 
0.05334162051664701 0.7749596860513186 
0.5429422441933539 0.27234021185543156 
0.5151651603343002 0.28919752852925634 
0.47966755288234253 0.3164333076528292 
0.0021066480367984974 0.9651101386090141 
0.013878325011934325 0.8885408208608364 
0.6960368106600612 0.17015343830775836 
0.588278423437275 0.2370219074176393 
0.3841810118630596 0.38488674036952947 
0.019725308978916833 0.8734634247197629 
0.22987420495085598 0.5235334225511138 
0.44194529929223725 0.34542859266833614 
0.062433460896039135 0.7557850983110997 
0.007219832461924425 0.919565446782741 
0.3979516356675039 0.3801735801822124 
3.877450211678254E-4 0.985396806077933 
0.28997239480897086 0.46599488004821743 
0.12099006676525209 0.6631423401158469 
0.8818726609717686 0.06500437669288928 
0.4075165588118745 0.366558520800519 
0.6424317225592258 0.2011720075285229 
0.9785529332555652 0.014159096675309025 
0.8284545438653126 0.0923264768559543 
0.3067338827087485 0.45455574366304075 
0.028515904621054466 0.8350481278046399 
0.8083492053149487 0.10697553676438148 
0.9422776615223856 0.032281504453280076 
0.14196627431037778 0.6285668673585609 
0.010817162794685906 0.9090746011882391 
0.12821062840722205 0.6471264154455657 
0.37281527318975227 0.39870406736071695 
0.3192619253657274 0.4385698303147016 
0.18570683248345254 0.5744958306366883 
0.6000041775939974 0.22934677699361974 
0.6783750340712412 0.1832031969026339 
0.796780894314346 0.11380250636628068 
0.933537556938204 0.041678881344937975 
0.353985558207438 0.4101185964308311 
0.09959889623748797 0.6894135078868501 
0.8192797888454164 0.09802968029704154 
0.22090599576047365 0.53533268864568 
0.28274937354248125 0.47162435081481474 
0.03393060940588216 0.8267851458766219 
0.11246443660501909 0.6722682772621759 
0.47302266949533284 0.32096261486345234 
0.6623141296263257 0.19362036569734978 
0.13665419258896655 0.641387345428839 
0.9930664216687974 0.005824638526505802 
0.34782717676463465 0.4209920428163334 
0.9561412917267113 0.02606473629592674 
0.32998588171074583 0.43038326603815097 
0.09324395996882165 0.7036414941484579 
0.6856660441832926 0.17543841777663705 
0.19180665326189467 0.5658167491670443 
0.36636052857749535 0.40426379896352865 
0.19180665326189467 0.5658167491670443 
0.10625592858686678 0.6817755313777991 
0.5568979410257077 0.25882382382241176 
0.4534808622423062 0.3308977417047749 
0.45811826385466103 0.3280344151213575 
0.5291424182044583 0.2765583095749601 
0.5580156342732828 0.25776889079573206 
0.3127384345583889 0.4500060605350209 
0.33913602291644285 0.4271630493152274 
0.5227080652864957 0.28104873970411226 
0.6278422846965175 0.21056764499537206 
0.6635294496926706 0.18919276580342545 
0.003909244594678465 0.9441843452172222 
0.7830012037570164 0.11732578270589569 
0.4442709070528904 0.3437314807412347 
0.27527969293930127 0.4853948847266234 
0.2731651686608674 0.4874276237772688 
0.024292784456454886 0.8554968593112544 
0.7784851542868221 0.12162147416186651 
0.003909244594678465 0.9441843452172222 
0.6357549541567424 0.20641127506124163 
0.6196078911017995 0.2167550605245872 
0.6093089146738573 0.2220654684966368 
0.7680137122171002 0.12711368008030544 
