0.9999846274019301 0.005577443320159799 
0.0 1.0111256574164855 
0.9999846274019301 0.005577443320159799 
0.6426188673081347 0.20576635416700925 
0.48251364012691944 0.3128780934821471 
0.26964250068637396 0.48920728876941366 
0.16223621038747826 0.6061918167904935 
0.31111437968107447 0.4505940277354786 
0.622746465202419 0.21835345621802282 
0.9477074181353324 0.03246064698288365 
0.6663194930550551 0.19056628195975414 
0.04844977489727753 0.7901851337636998 
0.893968071659152 0.06057071780687811 
0.45433036435488183 0.3341455633331599 
0.0033033838777159763 0.9535200724249913 
0.20669272463336721 0.5545812568278845 
0.115872339791564 0.6692553856652721 
0.36157792745913725 0.4068119459194829 
0.6072035334894803 0.2277892115677717 
0.9249235837360359 0.044082968911894164 
0.1059194928561375 0.6839544831583623 
0.9618051781678628 0.025045061046326752 
0.2903847210943929 0.469334025059156 
0.7739637547071909 0.12679377694212288 
0.592516779152576 0.23732836618013495 
0.0975772617849627 0.6980896779938511 
0.0322359516473435 0.8307210829700702 
0.5331557745748889 0.2777097244403647 
0.19760205093879668 0.5643156682495407 
0.725835957706344 0.15462512343675128 
0.3851304176043654 0.38737744803579544 
0.7491387015543363 0.14102391372880485 
0.080573556794995 0.7256855598511512 
0.019276796306192945 0.8719475788081062 
5.090778655079606E-4 0.9889598477140853 
0.23197330577234238 0.5276740840420061 
0.25942962522758395 0.4994871923061015 
0.06064996485578336 0.7657738749221068 
0.7920866896267378 0.11650405426634224 
0.7050195835174882 0.1667414077198862 
0.0015235032600589907 0.9719448747186419 
0.8379131945226532 0.09073087919049752 
0.24132347931062414 0.517753324278402 
0.007133961468993311 0.9262022265886788 
0.2498860634781347 0.5087847349013945 
0.07243116473118677 0.7412305253088987 
0.8523493967591426 0.08295879817830444 
0.6875686548787956 0.1771714566785635 
0.025598664839754703 0.8506196925479826 
0.012726585465740459 0.8977269461315167 
0.06806146892596804 0.7495241620088423 
0.8743024123723534 0.07115763173398593 
0.12615021235604434 0.6542224149713114 
0.29938313323950344 0.46137099698775025 
0.739265994210477 0.14667377532905498 
0.71156275676112 0.16292178780019528 
0.910260753974218 0.052222728791761173 
0.43223363390946756 0.3509723274043988 
0.5792607469375631 0.24569482078522084 
0.40264929041578845 0.3739143033497984 
0.4418271983448732 0.34311329585765626 
0.17312348883838705 0.5933799269236765 
0.4906793826822681 0.3070530524342637 
0.3851556243751906 0.3873570228168943 
0.8101331446986332 0.10607108430189914 
0.03707206723530268 0.8175839885361824 
0.5562012849560836 0.2615061622268419 
0.8030136757069714 0.11034448806592388 
0.7782852193203171 0.12411164716369157 
0.5641283955847884 0.256644182504962 
0.5162664639576443 0.2888394479259312 
0.34857270024259257 0.41767382300670775 
0.676717885529159 0.18411758422473246 
0.18589439587441917 0.5779621382682526 
0.2218327260158478 0.5376335288325168 
0.08949247195475687 0.7121012621892213 
0.4152461137708964 0.3635394099178164 
0.5059500883845929 0.2975457696427518 
0.18589439587441917 0.5779621382682526 
0.007970554567076859 0.9214542095254272 
0.01139941506982109 0.9041313773676336 
0.5729054844248338 0.2499006355156059 
0.33546415433525045 0.42896176209061354 
0.14531589320546084 0.6278973996145082 
0.2218327260158478 0.5376335288325168 
0.5005201656370061 0.2996920779570113 
0.4152461137708964 0.3635394099178164 
0.33002835786869594 0.4344950137710701 
0.3432043952565881 0.42238059502948266 
0.12962229771665673 0.6490202054228787 
0.3578963461522075 0.40965266992858035 
0.1716987299759021 0.5954621613614789 
0.06109139518522128 0.764103076852006 
0.8273320257191144 0.0964999269256599 
0.5427453012204863 0.27113636198666125 
0.5467164991744076 0.2677425037028848 
0.4032564555008006 0.3734061386159451 
0.9161638427959093 0.04986741028601617 
0.08710461709472056 0.7146769921044283 
0.14531589320546084 0.6278973996145082 
