0.6587796017022558
0.6562995476790556
0.6574352847320427
0.6328878580624022
0.6583258866397242
0.6568440121567001
0.6591272046046733
0.6556068629218076
0.6567426633677006
0.6602080025053111
0.6524385219050612
0.6511668736325819
0.652925483228737
0.655255855840937
0.6585858433637601
0.6553247138831727
0.6501209332366265
0.6477425828749235
0.6547460815099594
0.6561872663054583
0.6543635537836643
0.6577848723719691
0.6563174053457258
0.6577606858208013
0.6541093814281417
0.6591918711348389
0.6537738786411854
0.6565984413967048
0.6581231568317671
0.6477591627088838
