1.6843289744433439E-4
1.835731385217782E-4
1.887031660005839E-4
0.0029041388642701807
1.906141345413644E-4
1.9354547305471163E-4
1.7172394973544638E-4
1.9498152786694544E-4
1.9915962802684998E-4
1.675460178634918E-4
2.3767984761685553E-4
2.6388981877936517E-4
2.4221143935710575E-4
2.0333994388207336E-4
1.74955445180144E-4
1.9740755012982456E-4
2.7544947792865286E-4
3.1536360009752824E-4
2.0910062116484456E-4
2.0299766110739724E-4
2.208584923653445E-4
7.302151882756571E-4
1.966310429801383E-4
1.767567844619611E-4
2.241497844157152E-4
1.804103767647329E-4
2.2415498870072896E-4
1.8713749032643628E-4
1.7694601678787725E-4
8.83690702485796E-4
