0.363667997564894
0.32996235619382425
0.4187778230139362
0.47730319584666525
0.42085312058665797
0.3922154196920755
0.37396810976041167
0.3700146745499507
0.40536601430384234
0.34908129716782105
0.3799864468412071
0.38810453683283364
0.4236933623196917
0.3579019359255557
0.37026087671864527
0.3466995460267665
0.38885798401347443
0.3553755277167892
0.37747836296074905
0.40229719515593715
0.3771510269225761
0.4371262615603888
0.35180589311113697
0.36528605420450405
0.4375810111048283
0.4230358582076082
0.44745030207593905
0.3946004649678161
0.4121879987713075
0.47502542527392594
