5.150218984445689E-17 7.358874812334467E-4 0.0012229880054450137 4.222931629546673E-4 -8.840318577866643E-4 1.3728947295022116E-5 -4.2753284271251864E-4 -9.449704169533195E-5 -0.002270038887065066 -4.6867365625661124E-4 
0.9999820484669417 -5.261443256625005E-4 0.001367250353245327 1.3075086387687087E-4 0.0014331280609017928 1.079005935523429E-4 -5.022007912753794E-4 -1.517345212353723E-4 -0.002225511227718208 -3.3248226330061714E-4 
0.12240739401315631 -5.972656182890176E-4 0.001362920143234134 -1.9502017211272803E-5 -8.312082581268616E-4 -2.2248740225559494E-4 -4.349223114892789E-4 9.283640439227759E-5 -0.0021523332242386365 -3.4381786690793005E-4 
0.1652753060689936 -5.801334111103507E-4 0.0012267527648173867 1.4941008817898435E-4 -0.0015098589139212347 -4.6660000396966535E-5 -8.597448937038431E-4 9.252933565285823E-4 -0.0015942359761243103 -4.6910506784551766E-4 
0.822321794505352 -6.123155563355447E-4 0.0013933298399196163 1.2638444940059625E-4 -9.613403066653727E-4 -5.6196259235703476E-5 -5.283952646684128E-4 -1.1503816136496098E-4 -0.0015759844698853159 -3.0591932710355527E-4 
0.7988756362319862 7.288770347412542E-4 0.001350871197865175 1.2647060663298563E-4 0.0011894283017978677 -2.1376597570924754E-4 -5.127490570779256E-4 -1.1739447038783138E-6 -0.0015770725735254746 -3.0377834015989856E-4 
0.8377851930487317 -6.239203876614745E-4 0.0011796256192985256 -6.615311477727428E-5 -0.001447080650036855 1.1902283431449432E-4 -5.378849501706715E-4 -5.598215692303858E-6 -0.0015821749588724417 -3.0379689051741063E-4 
0.4673779734176959 7.47960736919602E-4 0.001183577096018398 -4.8445680916961434E-5 -8.848719882948852E-4 1.1780385459089963E-4 -4.980505332969666E-4 -3.55131177574115E-5 -0.0019052913756049002 -3.146100179053723E-4 
0.387184970334302 8.0106780654861E-4 0.0014245230045888612 1.5240438462384604E-4 -8.388875514608114E-4 2.175982456793196E-4 -5.33618503855301E-4 -9.173779191397766E-6 -0.00224615762743273 -4.331313570096663E-4 
0.40566432717811995 6.330143950666496E-4 0.0012831834198364818 1.5371236617529093E-4 -7.958904103737376E-4 -4.9296460102180744E-5 -8.876125906752421E-4 -9.706917823852424E-5 -0.0019013540245279982 -3.054012834864404E-4 
0.185900532976362 -5.695650375985961E-4 0.0013901704656975652 -2.8254063389259998E-5 -8.570807813289926E-4 -5.620253591741177E-5 -5.314469703835609E-4 -5.961772033311811E-6 -0.0015798811154529224 -4.5481073946896484E-4 
0.577221188315649 -7.014413338535439E-4 0.0014050040321470904 1.2630417331637478E-4 -8.650014709075116E-4 -7.431168966389103E-5 -4.221718637369953E-4 -2.9848784847683225E-5 -0.0016588982220924727 -4.925497994462982E-4 
0.7885604963313505 -6.082564503769425E-4 0.001185369099639905 -4.423364993164921E-5 -8.366960760208768E-4 2.029202489019664E-4 -7.11376069468659E-4 0.0012439148099144099 -0.0022887826222781674 -4.812901315522E-4 
0.17829145669697807 7.0558632089993E-4 0.0012300799738646632 -2.821499319068525E-5 -8.839477133110344E-4 -6.733295680961374E-5 -4.896763142029848E-4 -1.7104613096258458E-4 -0.0016282449044079002 -4.902118824617652E-4 
0.026892146382828497 -5.527199457819632E-4 0.0012307187648551688 -2.3140108530572494E-5 -9.550122281054432E-4 1.172793462405509E-4 -6.141927556188903E-4 1.7068162511899409E-4 -0.0013641306624504435 -4.628000708143445E-4 
0.6295908030971873 -4.8355018611776683E-4 0.0014152540077980312 1.179197393820465E-4 -0.001426436954769007 -2.1310759308655386E-4 -5.330785113292144E-4 -7.488705425391983E-6 -0.002507224544078727 -4.451442418592392E-4 
0.02146281879748807 6.533797257636564E-4 0.0013901961461317684 1.1572811673102399E-4 0.0013557886893444263 1.1110565706643068E-4 -5.331604698290072E-4 -1.299785810525305E-5 -0.0023074942062615536 -3.1850316804131343E-4 
0.9349043006643074 6.188229229722778E-4 0.0012848258285382515 4.189225626599721E-4 0.0013978182053455775 3.757227267685063E-5 -5.211224789322113E-4 -1.2295478859141701E-5 -0.0015939169112588758 -3.2879703613750995E-4 
0.6581199251639589 3.9535956708795366E-4 0.0013661737571857642 -4.4150342054335976E-5 -8.733417504228903E-4 -2.4463902402246886E-4 -7.10125104997042E-4 0.0013234103008554618 -0.001579479941737183 -4.8190161433578024E-4 
0.591189766833366 5.701797658886998E-4 0.001434199465211758 4.2260600508600097E-4 -9.853955388000434E-4 1.1845430414613453E-4 -4.475903932387261E-4 -1.1595080039264921E-4 -0.0015055757759573811 -4.6910506784551766E-4 
0.05799334424362135 8.041469151395993E-4 0.001367344302703914 -3.78082021698874E-5 -7.515148184814432E-4 5.900793819947243E-6 -8.670207269388767E-4 -7.743443918831758E-6 -0.0015668075329523259 -3.036168261259368E-4 
0.5118049139262069 8.08052809088639E-4 9.825781675194699E-4 1.2646400817419625E-4 0.001168118908403265 1.0002515785289047E-4 -5.330363771846911E-4 -1.1819992731869908E-4 -0.0015860741645145377 -3.367055300490598E-4 
0.07306121094121218 7.536178559080526E-4 0.0012229880054450137 4.226053765432984E-4 -8.818377573316978E-4 1.3728947295022116E-5 -4.2902977545966647E-4 -9.707320863328058E-5 -0.002270038887065066 -4.6867365625661124E-4 
0.06598628995906453 -6.730712447288638E-4 0.0013911792671744926 1.812514079112687E-4 0.0011666855170745028 -6.904575665490677E-5 -5.34040680699695E-4 -1.0420071542752409E-4 -0.0016667745640453766 -2.999523258915003E-4 
0.3357475245743424 8.022104306003816E-4 0.0013933346938404462 1.2622262225074857E-4 -8.843702241531822E-4 1.8819274946717375E-5 -5.112978769987596E-4 -3.192354401747313E-5 -0.0015761501120886093 -3.3232566531576354E-4 
0.033991283113904786 -5.722633992282867E-4 0.0012250403127347586 0.002535613587914212 0.001422328935465424 9.044300187115995E-5 -5.479325529352467E-4 0.0013253791321360727 -0.001629237741884967 -3.450557041072193E-4 
0.00535681387837772 -6.123155563355447E-4 0.0013933298399196163 1.1774312214095294E-4 -9.613403066653727E-4 1.0733169738365575E-5 -5.306568215105473E-4 -9.452329725320822E-5 -0.0015511873097598502 -3.0591932710355527E-4 
0.0384522450965398 7.088862835315803E-4 0.001203951409969382 4.300972338344881E-4 0.0014156033114881136 9.073568274410389E-5 -5.211224789322113E-4 -1.2295478859141701E-5 -0.0016281660345556035 -3.450516385559524E-4 
0.5504744424136299 5.609540759430649E-4 0.0013629209278791196 3.6437465030682227E-4 -8.392378313626637E-4 1.2158572811071507E-4 -4.962833217292364E-4 0.0010873402328194573 -0.0022709759062703766 -3.038009423453003E-4 
0.34852072129969913 -5.601702865891651E-4 0.001223151242210014 4.3465998579253614E-4 -8.830196518602912E-4 1.486153560514569E-5 -5.424656362268251E-4 -2.3840549116107494E-4 -0.001611094629005453 -3.3800346001488374E-4 
0.6145100931010089 6.018732235757377E-4 0.0013608968456914523 1.651248173593973E-4 -0.0013900356517102773 -5.6234801909162585E-5 -5.275032142525012E-4 -1.17495016818923E-4 -0.0015474410490870344 -3.072561365477655E-4 
0.9828367129100979 7.21463891325531E-4 0.0013664580332442854 1.2690270887482817E-4 0.0013930204894167936 -6.622581237471581E-5 -8.450560392458306E-4 8.63218964621648E-5 -0.0015270420614277088 -3.212601740026451E-4 
0.24986442313365959 6.910914754349174E-4 -5.014197961969808E-4 1.3680366158883904E-4 0.0010907132856068133 1.710983856418272E-5 -5.3232327252935E-4 -1.350836102358146E-5 -0.0021783246521182424 -4.6809635900609643E-4 
0.10639303556767002 -5.477685741232622E-4 0.0012203597538353766 1.322386378403442E-4 0.0012695079343790253 4.662691149620412E-5 -4.902954699633909E-4 -1.5604174960742455E-4 -0.0016649208956289324 -4.5035226588777187E-4 
0.48993537059043274 -6.069271919239916E-4 0.0013930433496265166 1.2921060832617014E-4 -9.555103013466163E-4 1.1143174087014309E-4 -4.295470240535344E-4 -2.8882193990563304E-5 -0.0022791720608804633 -4.457097244803063E-4 
0.7559024081579 -5.997243477694578E-4 0.0013629156480374671 3.571615137074148E-4 -8.392378313626637E-4 3.3329389787504064E-6 -4.98683600260153E-4 0.0010572032247805469 -0.002293624264166208 -4.693326843281796E-4 
0.08123289407822223 7.027288344136162E-4 0.0014005265863155768 1.2696675654222319E-4 0.0011666855170745028 -6.904575665490677E-5 -5.341285029921139E-4 -3.3062794108480494E-5 -0.0016667745640453766 -4.3755529371344355E-4 
0.6047691985908896 6.351745073413205E-4 0.0013524201141855534 4.3584742607674344E-4 -9.233520687055702E-4 -6.810455731684751E-5 -5.318581980818635E-4 -2.4295883708395162E-4 -0.0025035379810751887 -4.637998129876286E-4 
0.2682094209497805 -6.730712447288638E-4 0.0013911792671744926 1.812514079112687E-4 0.0011666855170745028 -6.904575665490677E-5 -5.421901569671928E-4 -1.0420071542752409E-4 -0.0016947076190231523 -2.999523258915003E-4 
0.2874588460905291 7.591286371614581E-4 0.0012250403127347586 1.831807561867081E-4 0.0011441391043398223 1.0762624571617786E-4 -5.484367213655807E-4 0.0013253791321360727 -0.0021782790151644842 -4.703449221777382E-4 
0.9515920217620374 5.716514865362641E-4 0.001367770206873426 1.5127592126757585E-4 -9.854174066484568E-4 1.7095480611940726E-5 -8.515952558505367E-4 -1.1938696613594666E-4 -0.002353627175202814 -4.693314161503259E-4 
0.7286310374146806 -6.239203876614745E-4 0.0011796256192985256 -6.184317967625647E-5 -8.511452431949767E-4 1.1902283431449432E-4 -5.378557006758347E-4 -5.598215692303858E-6 -0.001612064990417359 -3.3807370414323074E-4 
0.2160510833729781 -6.614016749833399E-4 0.0014050040321470904 1.2072330800624284E-4 -8.650695572359656E-4 -7.431168966389103E-5 -4.1867834162462694E-4 -3.848819114337385E-5 -0.0016619322485937143 -4.925497994462982E-4 
0.13626335446474092 -6.476977615545469E-4 0.0011762118283014415 -6.486950764394747E-5 0.0013272151445388584 -2.0528826108788653E-4 -5.28884682843393E-4 -3.281803461473371E-5 -0.0015794597101998792 -3.0437600367476365E-4 
0.5026749536784868 -5.964704702889899E-4 0.0013924302371160933 -4.4785905481015436E-5 -8.939898111777994E-4 -5.41193358904157E-5 -8.750458281558072E-4 -1.817951346428758E-4 -0.0022749219297840046 -4.4394108213222284E-4 
0.1500238888644145 6.351745073413205E-4 0.0013524093190825626 -2.1784895747742974E-5 0.0014657249037643566 -7.191757391848526E-5 -5.323282514583985E-4 1.492483181507302E-4 -0.0025060805603556047 -3.319954229142069E-4 
0.8956532518962087 6.524994546919053E-4 0.0013502613299193377 1.263679766562883E-4 0.0014801412050818364 1.1017101056562859E-4 -5.092743038876865E-4 1.7068162511899409E-4 -0.002247247213001691 -3.3200185162098885E-4 
0.052014696620377276 -5.894115876291333E-4 0.001185369099639905 -4.423364993164921E-5 0.0013719418531408074 -6.322836755226369E-5 -7.11376069468659E-4 0.0011800599818728435 -0.0015332927936644945 -4.81372169991928E-4 
0.26930241792351367 6.953599146957967E-4 0.0012557948068403313 -4.494048772392617E-5 -8.74494662270887E-4 -2.5140266308285947E-4 -5.246216464651868E-4 4.241049255539848E-6 -0.002294415068503139 -4.5716153334544803E-4 
0.016808962851911302 -5.541329261689522E-4 0.0014152912045569026 -7.177246653371767E-5 0.0012276601434358303 -6.822188343488736E-5 -5.393451057624098E-4 -1.792780353659264E-4 -0.001579326367434424 -4.4406521235887864E-4 
0.3782854966681759 -5.537884183214138E-4 0.001414113024621756 1.540705967648292E-4 -8.310988575691413E-4 1.1087137821608026E-4 -6.101417032098627E-4 -2.2835043741586546E-5 -0.00224615762743273 -4.623947804830405E-4 
0.9073560631851723 -6.606215066829158E-4 0.0012766405074054468 1.5788330925238926E-4 0.0012493864055393442 -4.8509339573931764E-5 -5.331076298133987E-4 8.011744318993342E-5 -0.0015855541325202388 -3.2860400732967205E-4 
0.41363436083007926 -4.786508965322164E-4 0.0013479291727809771 1.2738119716312012E-4 -7.958904103737376E-4 -4.9296460102180744E-5 -5.281971818359471E-4 -9.233012749331815E-5 -0.001906496414610294 -3.0537478014844283E-4 
0.5381567727043648 8.03431297969736E-4 0.0012224946685700333 1.519361159513681E-4 -8.939930565449055E-4 1.0181218152824952E-4 -5.648602909269544E-4 1.6430872853197986E-4 -0.002241451576539562 -4.470189575099128E-4 
0.23894733975280702 -6.164041434711387E-4 0.0013627341622008686 1.2630250042526027E-4 -8.397522261867584E-4 -7.302088591509292E-5 -4.8441451611025963E-4 8.060447575895787E-5 -0.0015755972649008987 -3.2679174775057077E-4 
0.45938931162645985 -5.261443256625005E-4 0.001367250353245327 1.421212340279981E-4 0.0014108632578141652 1.1793700090572269E-4 -4.980381464866039E-4 -1.517345212353723E-4 -0.0019027943638620334 -3.3453186178703946E-4 
0.09876465063129383 -6.730712447288638E-4 0.0013911792671744926 1.812514079112687E-4 0.0011666855170745028 -6.904575665490677E-5 -5.340513030350716E-4 -1.0441942060255394E-4 -0.0016667745640453766 -4.623302344791246E-4 
0.6711138939359947 6.535405245704046E-4 0.001367770206873426 1.4447479608556177E-4 -9.293522365991835E-4 1.7095480611940726E-5 -8.646146020349603E-4 -8.977380264909698E-5 -0.002355052391200166 -4.485503739131412E-4 
0.42532397058469174 7.009963295398507E-4 -5.014197961969808E-4 1.3680366158883904E-4 0.0010907132856068133 1.710983856418272E-5 -5.3232327252935E-4 -3.188077163933285E-5 -0.0021783246521182424 -3.461326132984873E-4 
0.30594901655173 -6.783978088028328E-4 0.001180921987456399 -2.8412160179897925E-5 -8.848423627118924E-4 -2.053180175230787E-4 -4.8259191262426434E-4 0.0012603413389242815 -0.0016295282978018046 -3.034141321010909E-4 
0.8586804578886577 -6.083599130398258E-4 -5.014197961969808E-4 0.0025872783637261175 -9.149064471001946E-4 1.710393090065598E-5 -5.3238231126348E-4 -1.1716822620171272E-4 -0.0022368129883334684 -3.051393147658802E-4 
0.20149586911341916 6.276407943996179E-4 0.001344917286695226 1.2653614647482005E-4 0.0011894283017978677 2.0770907823814615E-4 -5.105610499797577E-4 0.0012375329036478824 -0.001616784330176635 -3.1159412614174874E-4 
0.7692028529739726 6.142845466843013E-4 0.001189818994133006 1.2643583810370565E-4 -8.855723984265778E-4 1.0557939246916067E-4 -5.636597814561768E-4 -1.9385082530760437E-4 -0.002241451449883708 -3.0254335638544747E-4 
0.2007711256328884 6.258651165333874E-4 0.0012263333808825911 -4.423364993164921E-5 -8.334520563322572E-4 2.029202489019664E-4 -7.11376069468659E-4 0.0012439148099144099 -0.0016139621834434163 -4.900418713152585E-4 
0.43386425106680615 7.121058730005517E-4 0.0013514445006851425 -2.487635825697607E-5 0.0011739830133499353 -5.778063581951595E-5 -5.295184561872702E-4 0.0010220864347798217 -0.0025170553800739973 -4.695851469111027E-4 
0.002397798166349675 8.039149311055688E-4 0.0012607780828930949 -7.04778011862993E-5 0.0011730779796155842 -2.1298073940289385E-4 -5.548647042080122E-4 -9.123751570732527E-4 -0.0015194404652905122 -3.1349972737719755E-4 
0.971671676616586 6.572463208274691E-4 0.0013639380927077172 -7.381556848769492E-5 0.0011649707634626568 1.0791449062227417E-4 -5.358075542538402E-4 -1.31034051019565E-4 -0.0022459461619982607 -4.674638956534991E-4 
0.32578201592329004 -5.735896485420985E-4 0.0013933346938404462 1.8050727361979408E-4 -8.843702241531822E-4 1.8819274946717375E-5 -5.112978769987596E-4 -1.0511486441428989E-4 -0.0015761501120886093 -3.3863178994810497E-4 
0.962665240963697 8.00815647151814E-4 0.0011950568277495415 1.266188358320817E-4 0.0013930204894167936 1.0811518352783013E-4 -8.588065054721597E-4 -1.6589326922327504E-4 -0.0022538221026651268 -3.1604051815880554E-4 
0.8842048314950189 -6.05914796372865E-4 0.001405724795657039 1.3299402839507603E-4 -8.249169314378804E-4 -6.218389913306393E-5 -8.785703681823292E-4 -1.1551309318263426E-4 -0.002177459794976679 -3.365621304607678E-4 
0.6970609008306423 -5.253079631466425E-4 0.0013652343200560113 -5.66100069709543E-5 -8.718906625888522E-4 -7.652292831599532E-6 -5.119317378726955E-4 -1.3479397641568888E-4 -0.002517789458162142 -3.3310163199514744E-4 
5.210250961255169E-4 7.758047081611783E-4 0.0012607780828930949 -6.533397084674473E-5 0.0011617390178251391 1.0791388738307952E-4 -5.540759752397043E-4 -2.1275293819810674E-5 -0.001521867303835079 -3.129596151675618E-4 
0.5281090165970671 7.713010281073068E-4 0.0014245230045888612 1.5240438462384604E-4 -8.388875514608114E-4 2.175982456793196E-4 -5.33618503855301E-4 -9.125006945093485E-6 -0.00224615762743273 -4.558325773650502E-4 
0.04401668619171656 8.578059858561178E-4 0.0013782447914594495 -3.4953675445142934E-5 0.0010445310691704075 -5.6547509689790616E-5 -5.319388349732991E-4 -9.162662455021009E-5 -0.0015762602208734312 -2.984409914687593E-4 
0.13741782178764883 8.860241437951711E-4 0.0012029147398638688 -6.486950764394747E-5 0.0011012382319667978 -2.0528826108788653E-4 -7.805599946859639E-4 2.2926086587662958E-4 -0.0015409293877685028 -3.0480513609695343E-4 
0.6852878941643428 -5.199482144250642E-4 0.0013627505593109255 -1.899477051538625E-5 -7.970928790936942E-4 -2.2285505594465097E-6 -4.301038720826966E-4 1.7126786773989623E-4 -0.0021491969514690202 -3.079365271729135E-4 
0.0032912386014182365 7.381470341004964E-4 0.0012252295884016826 4.222931629546673E-4 -8.840318577866643E-4 1.4510005815673675E-5 -4.3033051174615845E-4 -9.449704169533195E-5 -0.002270038887065066 -4.6867365625661124E-4 
0.7190901691051297 -6.286945022067322E-4 0.0013901704656975652 -3.284409533565699E-5 -8.570807813289926E-4 -5.620253591741177E-5 -5.314469703835609E-4 -5.961772033311811E-6 -0.0015798811154529224 -4.559754535975895E-4 
0.4447360576674358 7.871168526061981E-4 0.0013587408629843342 3.9688556145768994E-4 -8.609873011707724E-4 2.9039982853085655E-4 -9.933708210947778E-4 0.001194451625316833 -0.002277406264181627 -4.6960965290175356E-4 
8.563502442268354E-4 -6.807659092328343E-4 0.0013901961461317684 1.2178913085061186E-4 0.0013557886893444263 1.1110565706643068E-4 -4.262705926469316E-4 -4.497229271064273E-6 -0.002307580973188428 -3.3197950517586586E-4 
0.4478697044764127 7.121058730005517E-4 0.0013901704656975652 4.195787351325804E-4 -8.570807813289926E-4 -5.778063581951595E-5 -5.295184561872702E-4 -5.589969000292078E-6 -0.0015721059583361978 -4.695851469111027E-4 
0.2321543743512297 -6.164041434711387E-4 0.0013627341622008686 4.2569341825480703E-4 0.001341793815727647 -7.302088591509292E-5 -4.8441451611025963E-4 9.304662373709935E-4 -0.0022357522506719543 -3.3069253302575217E-4 
0.15001582168146552 6.234264154803435E-4 0.0013524093190825626 -2.1784895747742974E-5 -0.0015829874111240776 -7.191757391848526E-5 -5.327499346482374E-4 1.5221477334598007E-4 -0.0025036571950867548 -3.211875188052609E-4 
0.5637325531631223 7.570891496736217E-4 0.0014050040321470904 1.2630417331637478E-4 0.0014540151206581312 8.639981997112587E-5 -4.12823986997157E-4 0.00142016494159677 -0.0016588982220924727 -3.422149113491655E-4 
0.9073560631851723 -6.606215066829158E-4 0.0012766405074054468 1.5788330925238926E-4 0.0012493864055393442 -4.8509339573931764E-5 -5.331076298133987E-4 8.011744318993342E-5 -0.0015855541325202388 -3.2860400732967205E-4 
0.008796523119737595 -5.801334111103507E-4 0.0012267527648173867 1.4941008817898435E-4 -0.0015098589139212347 -4.6660000396966535E-5 -8.489190272641298E-4 9.252933565285823E-4 -0.0015942359761243103 -4.6910506784551766E-4 
0.36749866189000974 7.312440649120944E-4 0.0013627505593109255 -1.9572984342988448E-5 -7.405401444334769E-4 -2.2285505594465097E-6 -5.329672123455037E-4 6.627351340176136E-5 -0.0021400562967078397 -3.1285420220669496E-4 
0.012465501355534814 7.99707807737128E-4 0.0011868924530640925 -5.1379976188398065E-5 0.0018358860753256267 -2.1061370643360694E-4 -5.036697476947416E-4 -8.676515223547416E-6 -0.001624382334909282 -3.038593459586832E-4 
0.3170738461386029 6.112275976791163E-4 -5.661410492794139E-4 1.5825186454643597E-4 -0.00141119966217925 3.493112914028521E-5 -5.330146504317193E-4 5.468105264226533E-5 -0.0015935360364037286 -3.2849216428501934E-4 
0.22645350464758668 -6.164041434711387E-4 0.0013627341622008686 1.2630250042526027E-4 -8.397522261867584E-4 -7.302088591509292E-5 -4.8441451611025963E-4 7.451256878191877E-5 -0.0022357522506719543 -3.2679174775057077E-4 
0.04800721017814441 -6.994018463657074E-4 0.0012250403127347586 0.002535613587914212 -8.966876561002188E-4 -7.026850776385695E-5 -5.57280429675085E-4 -1.246345943083806E-4 -0.0016280319498345429 -4.95390592204352E-4 
0.9984281711437129 9.76753928364426E-4 0.0012250403127347586 1.831807561867081E-4 0.0013856832467409243 1.0761904908864099E-4 -8.605725404264589E-4 0.0013253791321360727 -0.0015204390396920647 -4.703449221777382E-4 
0.6424705051218755 -5.534789624463246E-4 0.0012310803203746834 -2.5252372887657595E-5 -8.910085954852246E-4 2.834020364874428E-4 -6.141927556188903E-4 1.7500235266470658E-4 -0.0016328740106008942 -4.628000708143445E-4 
0.7114812413530479 6.464568562917939E-4 0.0012300799738646632 -3.280502513708224E-5 -8.839477133110344E-4 -6.733295680961374E-5 -4.896763142029848E-4 -1.7104613096258458E-4 -0.0016282449044079002 -4.913765965903898E-4 
0.7035490142085055 7.623783181536313E-4 0.001222987552277755 1.5201627439985173E-4 -9.113624022783233E-4 5.08039405033672E-5 -4.277800464961539E-4 1.6837035957036666E-4 -0.0016481406875245622 -4.6273505371942727E-4 
0.08624032162125748 -5.601702865891651E-4 0.001223151242210014 4.3465998579253614E-4 -9.569518988160652E-4 1.0783243127110634E-4 -5.425702449826882E-4 -2.3840549116107494E-4 -0.0016111486658749088 -3.3800346001488374E-4 
0.9379950286612028 7.47960736919602E-4 0.001183577096018398 -5.177506026969773E-5 -8.848719882948852E-4 1.2167591572711526E-4 -5.057916803434654E-4 0.001089223811023832 -0.0022669327099425337 -3.144501800868251E-4 
0.6790079013582002 7.154614105223717E-4 0.0013627505593109255 -4.485056257554499E-5 -7.970928790936942E-4 -2.2285505594465097E-6 -4.301038720826966E-4 -8.797400652523477E-6 -0.0021491969514690202 -4.5799121678972033E-4 
0.013688661274845096 9.453989085910674E-4 0.0013670467142597206 1.2477980819852397E-4 0.0013930204894167936 -7.632512570328865E-5 -4.931086397390309E-4 1.2683603281490494E-4 -0.0015317510278973114 -4.6665512078191004E-4 
0.6421721537622316 -5.228962662488303E-4 0.0013445503919082126 -3.4481680378222814E-5 -8.905881824692692E-4 2.947472346506068E-4 -5.322812589960962E-4 1.7500235266470658E-4 -0.0014889804953881788 -4.628000708143445E-4 
