0.0 3.3682943375554843E-4 -7.606625764617907E-4 -1.9224821924947378E-4 0.0017623597256844021 -7.708581626277026E-4 -1.67146299572577E-4 8.26352100560127E-4 -1.2394970573115802E-4 8.336822843932174E-4 
0.99958790256782 3.399793177872677E-4 -6.906815996555136E-4 -1.928741820802265E-5 0.001751221009883121 -9.45326437820032E-4 -0.0014616499285358309 7.951512592793139E-4 9.74592358984302E-5 4.4259182782253425E-4 
0.1752630442982197 5.03021388544456E-4 -9.319904426558753E-4 -1.9224821924947378E-4 0.0017965918368973886 -7.223542217563154E-4 -2.028355735239557E-4 8.590289605029143E-4 -5.252002385286122E-5 7.779115704109879E-4 
0.15048339293557783 3.7735092371915605E-4 -9.325187759358236E-4 -3.0159979273290768E-5 0.0017519622681395459 -6.988268425520882E-4 -0.0014560295667590212 7.952476698888068E-4 5.0033710280144705E-6 7.704049187122254E-4 
0.4993662698884327 3.3864198950861875E-4 -7.365809982233261E-4 -2.1239528445205917E-4 0.0017303073497656125 -7.451998217876115E-4 -0.0035969894772245373 8.350115066900158E-4 1.0475259855729057E-4 4.0983335759144427E-4 
0.7273411237159424 3.8795239155837476E-4 -6.624489488454882E-4 -2.5071155481861684E-5 0.0017628359426534604 -9.16118820798353E-4 -0.003409968207919684 8.346306121625485E-4 2.499187330306917E-4 8.052467908624696E-4 
0.2131643123733345 3.40144476220518E-4 -5.114503050408022E-4 -5.243511359272813E-4 0.0017653650419441108 -7.368066729941379E-4 -1.602017506952169E-4 8.593039096020124E-4 -2.124573091536605E-5 4.7780476302877354E-4 
0.08011802179030038 3.8878102774284366E-4 -7.334702288969927E-4 -1.80529090331599E-5 0.0017821835157100486 -0.0010749289486068835 -0.0015696834943674234 8.604404837841702E-4 3.397352039096846E-5 7.989567270442637E-4 
0.24416068470492158 3.2754264243080604E-4 -8.713539837461013E-4 -2.843267786378143E-4 0.0017640725515249724 -9.506251280790566E-4 -0.0032679970263166315 7.611890203770157E-4 -3.171504437013927E-5 4.052108390175756E-4 
0.918997978666199 3.4127951941006373E-4 -7.475514978612363E-4 -4.951951281189732E-5 0.0017638253310791952 -7.01381283820349E-4 -0.0016227057879850024 7.96376053148852E-4 -3.6027839253011466E-5 4.150300289866251E-4 
0.8933984051895631 3.412790438753127E-4 -7.685134654105623E-4 -4.578137564208885E-5 0.0017907283498679162 -0.0010558137739567618 -0.0015657492376579354 8.418778073064178E-4 -0.0014755290736629659 7.957606209807056E-4 
0.8462611499795913 3.4470792882470625E-4 -6.919204021665382E-4 -2.75821464396532E-4 0.0017513004939946337 -0.001056431053229711 -0.002807041531014926 7.95181211975622E-4 9.670095423817884E-5 7.161241617459595E-4 
0.260216485557785 3.462070815156473E-4 -7.37572253120796E-4 -3.137416887601468E-5 0.0017401825471635168 -7.214096995222354E-4 -0.0014616499285358309 7.978369783233787E-4 -0.0014304170748085912 8.311033078066088E-4 
0.8662317650801727 3.433605644077325E-4 -7.346831669530395E-4 -1.978768139359662E-4 0.0017619346106548287 -9.413795094953802E-4 -0.0015294454228824928 7.9598396255816E-4 4.6453850721424753E-5 8.185303988939858E-4 
0.4169787290431717 3.675903526913125E-4 -7.320546230175313E-4 -2.909856130605986E-4 0.001760401827703474 -0.0010634583597971935 -0.0017258761625541651 7.906075007444839E-4 2.5611994202055506E-4 8.101986229617804E-4 
0.7515303066082156 3.874722118941025E-4 -9.463626157756226E-4 -1.8360664800531608E-5 0.0017338493002999442 -9.534037058293408E-4 -0.0015696834943674234 8.604404837841702E-4 3.679032722899949E-5 7.989567270442637E-4 
0.04015841791244837 3.506912688963263E-4 -7.349016780438267E-4 -2.1745753092536468E-5 0.0017411874594836386 -0.0010920555987176622 -0.0033198686938350425 9.032652928645473E-4 -0.0014794790947351998 4.086065099541806E-4 
0.048650598355556865 3.461802572308129E-4 -7.006263720952385E-4 -1.4024826393584084E-5 0.0017359684501456548 -0.001091989994715602 -0.0016917956289088057 0.0011866600294627033 -0.00153553698111043 4.0959397358852326E-4 
0.5740492884017785 3.4026118225993264E-4 -0.0011083473900092731 -2.1761236913442155E-4 0.0017627208889901607 -0.0010553596635530234 -0.00166928364221907 8.405131087268622E-4 -3.67882665494475E-5 7.172169212988674E-4 
0.06708058192026456 3.4373909868305773E-4 -6.661064055286957E-4 -1.9284396045258012E-4 0.0017281738265021327 -7.854464342525086E-4 -0.0016369892697451044 8.279389024588822E-4 -3.715848329639044E-5 4.051748418634919E-4 
0.7162571463756338 3.3493850662388305E-4 -6.690388250055069E-4 -3.459915597645473E-5 0.0017332889503295825 -9.41519500490527E-4 -0.003446274555560546 7.951759349545996E-4 2.629401351183277E-6 8.153678970819402E-4 
0.05334162051664701 3.372490949403331E-4 -7.606625764617907E-4 -1.889093692873286E-4 0.001762968431777564 -9.162975352929096E-4 -0.0015739937798769149 8.265361570720824E-4 -5.228564683172836E-5 7.886890644114073E-4 
0.5429422441933539 3.4318228374532263E-4 -8.724553057155052E-4 -5.021851057907157E-5 0.001762504659597907 -0.0010929590442927905 -0.0034327561288985385 8.609564887977961E-4 -3.799659238493877E-5 8.079283343595009E-4 
0.5151651603343002 3.6498199104479946E-4 -7.65168925152682E-4 -1.9224566769569947E-4 0.001739528776723476 -9.126473809021179E-4 -0.0027900063419568554 8.26342610661959E-4 -4.688312407452468E-5 7.771304098023486E-4 
0.47966755288234253 3.384298059261358E-4 -9.238179893644779E-4 -1.8779845741342277E-4 0.0017357094799574026 -7.211860186904294E-4 -0.0031444831005038353 7.958149410890794E-4 -0.0014927314363579179 3.5470586271635953E-4 
0.0021066480367984974 3.433522310415911E-4 -8.75708774703424E-4 -1.9097266877937726E-4 0.0017619507823957285 -7.2206508531467E-4 -0.002905273842872829 7.959196927076957E-4 4.566731396243806E-5 7.928297244171166E-4 
0.013878325011934325 3.3455351864698633E-4 -7.369076518499657E-4 -1.876057362364479E-5 0.0017419135592557716 -0.0010895715316815299 -0.0016905941690731887 7.923255463667627E-4 1.5641067616923625E-6 4.0962560924432415E-4 
0.6960368106600612 3.7735545535011044E-4 -8.739180825924729E-4 -2.634421530730234E-5 0.0020263988256776465 -0.001101105002524744 -0.0014272541439644417 8.332284186345625E-4 2.528572641898438E-4 7.782646182162081E-4 
0.588278423437275 3.648433198035032E-4 -7.672822914741917E-4 -1.9224566769569947E-4 0.0017411945531314059 -9.126473809021179E-4 -0.0015509992509049075 8.26342610661959E-4 -4.688312407452468E-5 7.180677850265987E-4 
0.3841810118630596 3.3507910022906366E-4 -6.607304881560153E-4 -2.806648187648805E-4 0.0017596215190863996 -9.41519500490527E-4 -0.0016108336940234417 8.666731456228109E-4 -2.8489174523594826E-8 8.190923173299353E-4 
0.019725308978916833 3.4163911516515164E-4 -0.0011165815274159446 -2.874297782339695E-4 0.0017595194571622742 -0.0011028196477284957 0.003514648964394473 7.917249016749806E-4 -6.426874045781511E-5 4.23219213698229E-4 
0.22987420495085598 3.40144476220518E-4 -5.128030068925025E-4 -1.9216405121957425E-4 0.0017653650419441108 -7.368066729941379E-4 -1.6038541213255755E-4 7.978341973769522E-4 -7.209780371991411E-6 4.7780476302877354E-4 
0.44194529929223725 3.345803648389942E-4 -7.180381393453787E-4 -2.1689817911442434E-6 0.0017332340405569044 -7.180839337131149E-4 -0.003456371368154354 7.959432676106652E-4 -0.0014047462745910887 7.909074681269434E-4 
0.062433460896039135 3.3455351864698633E-4 -7.370300689353161E-4 -1.876057362364479E-5 0.0017411874594836386 -9.074106985704185E-4 -0.0016917956289088057 7.923255463667627E-4 1.3142263021174817E-6 4.0959397358852326E-4 
0.007219832461924425 3.8865528121972493E-4 -6.641235246427784E-4 -1.987840443492215E-4 0.0017628382354685952 -9.16118820798353E-4 -1.3573543971496724E-4 8.264323015999648E-4 2.499187330306917E-4 8.052467908624696E-4 
0.3979516356675039 5.124669352295124E-4 -8.698167567223013E-4 -2.871131416543258E-4 0.0022942320197265865 -0.0010941473829224192 -0.0034448818293400223 8.475049744908234E-4 -3.724012659736638E-5 3.9351085128725924E-4 
3.877450211678254E-4 5.053599703482169E-4 -7.606625764617907E-4 -1.9224821924947378E-4 0.0017629690821105532 -0.0010967006965052505 -1.67146299572577E-4 8.26352100560127E-4 -5.227014339328634E-5 7.776352897600446E-4 
0.28997239480897086 3.460581436364764E-4 -6.673825733760077E-4 -1.9272671934682532E-4 0.001761349190466542 -7.612512599604467E-4 -0.0016369892697451044 7.944057464467786E-4 -3.715848329639044E-5 4.051748418634919E-4 
0.12099006676525209 3.767227057206199E-4 -6.965697285753735E-4 -2.881496729545069E-4 0.0017605952680862379 -9.511599653182999E-4 -0.003331893264464928 8.47139397296161E-4 2.2474139835162727E-4 4.6532735651855445E-4 
0.8818726609717686 3.462070815156473E-4 -7.37609695630086E-4 -3.137416887601468E-5 0.0017401825471635168 -7.220073849773073E-4 -0.0014616499285358309 7.983248069484646E-4 -0.0014304170748085912 8.311033078066088E-4 
0.4075165588118745 3.675903526913125E-4 -7.320546230175313E-4 -1.5011492552731399E-5 0.001760401827703474 -0.0010572582152348954 -0.0017258761625541651 7.912528967494621E-4 2.5769494603203707E-5 8.101986229617804E-4 
0.6424317225592258 3.3622103676259703E-4 -7.618189352554839E-4 -1.9240899302860258E-4 0.0017629690821105532 -7.195713440705479E-4 -1.67146299572577E-4 8.263195302964401E-4 -5.2519204434160826E-5 7.779218211908349E-4 
0.9785529332555652 3.3620146942303777E-4 -7.6155875466983E-4 -1.889093692873286E-4 0.001754187252857515 -9.160968299981802E-4 -0.0015770081599014692 8.26352100560127E-4 -5.252002385286122E-5 7.886890644114073E-4 
0.8284545438653126 3.468397117458324E-4 -7.406694630314252E-4 -2.7841510074355294E-4 0.0018013954481840096 -9.582602038573916E-4 -1.4478976506611483E-4 8.477633791032026E-4 -2.229527519985546E-5 4.4431568362294144E-4 
0.3067338827087485 3.434042452089236E-4 -8.803126003296661E-4 -1.8608913416127756E-4 -1.791729837198108E-4 -0.0010349799055932296 -0.003433359791351902 7.9270194814358E-4 -6.108833693297007E-5 4.6271005615846554E-4 
0.028515904621054466 3.437404027614219E-4 -7.028528021565792E-4 -2.878784122032904E-4 0.0017352728223095442 -9.166240425022407E-4 -8.80032415841957E-5 8.270238359968759E-4 -5.270932864261174E-5 4.0872221621063184E-4 
0.8083492053149487 3.4470792882470625E-4 -6.919204021665382E-4 -2.75821464396532E-4 0.0017513004939946337 -0.001056431053229711 -0.002807041531014926 7.95181211975622E-4 9.670095423817884E-5 7.161241617459595E-4 
0.9422776615223856 3.433677643087845E-4 -8.745861409938166E-4 -1.966182838683771E-5 -2.5867311752900786E-4 -0.0010591750798852916 -0.0014987115308133774 8.600842967008009E-4 -0.001439141046768194 4.6205282384852945E-4 
0.14196627431037778 3.3507910022906366E-4 -7.342804718767103E-4 -1.9367982991391763E-4 0.0017596629052186892 -7.255773628766553E-4 -0.001613334991212491 8.666731456228109E-4 -2.8346493378095895E-7 8.190923173299353E-4 
0.010817162794685906 3.3933679565883697E-4 -7.370458148875203E-4 -1.2115402037169142E-5 0.0017323855522841177 -7.374616131563994E-4 -0.0034440572250892124 8.440596056691101E-4 2.17186931154685E-5 8.207493166413878E-4 
0.12821062840722205 3.885117269926215E-4 -7.334840050848817E-4 -1.8059244008795233E-5 0.0017821835157100486 -9.035670203926302E-4 -0.0015898319066795352 7.923467517849764E-4 2.2090891828389214E-6 3.9890624620600364E-4 
0.37281527318975227 3.42579774558273E-4 -7.023259884532595E-4 -2.896692494484415E-4 0.0017628677017450828 -0.0010565566617840544 -0.003264522333795894 7.980985377930821E-4 7.905567231902128E-5 8.206168888891408E-4 
0.3192619253657274 3.4128835526310656E-4 -8.69996770863046E-4 -4.855228567605659E-5 0.0017349567870572633 -0.001058437480550193 -1.0302521172240358E-4 8.24942080795033E-4 -4.68582375638167E-5 8.054547299004372E-4 
0.18570683248345254 3.4026118225993264E-4 -7.368865138056901E-4 -2.1761236913442155E-4 0.0017627208889901607 -0.00107497695260047 -0.0016014918250891888 8.404649401351736E-4 -3.658553201160702E-5 7.172169212988674E-4 
0.6000041775939974 3.4674225880728467E-4 -6.869973987428192E-4 -1.9442104146176486E-5 0.0017821835157100486 -7.252693037784341E-4 -0.0015696834943674234 8.604404837841702E-4 -3.7236408077703635E-5 7.989567270442637E-4 
0.6783750340712412 3.399572778296323E-4 -6.982150010275009E-4 -2.2498137399540222E-5 0.0017537024550478312 -7.770895751311911E-4 -0.003008952036038912 8.208522600000503E-4 1.0526723150845461E-4 8.101802271626703E-4 
0.796780894314346 3.434096297054376E-4 -7.458937678370684E-4 -5.4189488247162744E-5 0.0018021802514832448 -0.0010635004538509544 -0.002962263683379509 7.951540806506827E-4 4.020109707219741E-5 4.3347733697814627E-4 
0.933537556938204 3.4461322226458295E-4 -9.29133931292983E-4 -5.210362771603722E-4 0.00178069603784745 -0.0010826367100793678 -0.0035224238641327226 8.35080408736257E-4 5.391806959092126E-5 7.103549619959667E-4 
0.353985558207438 3.675903526913125E-4 -7.320546230175313E-4 -1.5011492552731399E-5 0.001760401827703474 -0.0010572582152348954 -0.0017258761625541651 7.912528967494621E-4 2.5769494603203707E-5 8.101986229617804E-4 
0.09959889623748797 3.4340262048771224E-4 -7.249622075658201E-4 -1.9266933315155479E-4 0.0017619525898155564 -7.612512599604467E-4 -0.0015311330370078261 7.959240086638332E-4 4.5168959520732155E-5 4.157340660913575E-4 
0.8192797888454164 3.4473180811041515E-4 -6.840129259731478E-4 -2.7836761869526674E-4 0.0017633500012128873 -7.464235086426337E-4 -1.3809851233204302E-4 8.266246399560279E-4 -0.0014483547175351105 4.316819387729709E-4 
0.22090599576047365 3.835029948320806E-4 -9.243191265852801E-4 -4.3455875776672844E-5 0.001761328975220735 -7.612719783071137E-4 -0.0016330153445958291 9.021454428363253E-4 -3.70328594364518E-5 8.102463215585987E-4 
0.28274937354248125 3.4613670485686784E-4 -8.821680081195518E-4 -1.8626376146230292E-4 -2.123483476842203E-4 -0.0010591750798852916 -0.001673822315455417 8.258958847730912E-4 -3.654403249805695E-5 4.61424118517605E-4 
0.03393060940588216 3.2582947567544356E-4 -8.752529408259203E-4 -2.826758469328165E-4 0.002120716493519808 -0.001073396351048633 -0.0027952693635224166 8.350560596783546E-4 1.1888865548214926E-4 4.2214506615176296E-4 
0.11246443660501909 3.777152858342063E-4 -8.864312891534202E-4 -2.8031871934697716E-4 0.0017635391738713652 -9.503834014034755E-4 -0.0016972523384649676 8.605824284802025E-4 -0.0015026115863196986 8.272340227387639E-4 
0.47302266949533284 3.083533273565794E-4 -7.057524687698756E-4 -2.9557095531927843E-4 0.0017362101467993554 -0.001066225959195466 -0.002996531563617586 7.981132451466353E-4 -0.0014932511937860186 3.506962483932518E-4 
0.6623141296263257 3.079498411126274E-4 -6.407973134136127E-4 -2.9024472259564884E-4 0.0017367022176021517 -9.441378111753388E-4 0.003240743831107088 8.468137875448759E-4 -7.861237017655134E-6 3.6614282275007767E-4 
0.13665419258896655 3.473216289398784E-4 -7.372493690197102E-4 -1.9327967977548759E-4 0.0017621830236162913 -7.379760717258209E-4 -0.0033910674644638964 7.937699848169135E-4 8.096675401208814E-5 8.097901964006741E-4 
0.9930664216687974 3.4470141044806615E-4 -6.50299512141453E-4 -5.258970218395005E-4 0.0017317266119335293 -0.001082128229863539 -1.23632980251407E-4 8.598418053256771E-4 -1.3566577848814914E-4 4.0150693874686896E-4 
0.34782717676463465 3.464649907509129E-4 -6.849847253269529E-4 -2.8446229825699476E-4 0.001762026647862576 -7.222029256991382E-4 -0.0034320302673764977 8.594396622215299E-4 -0.0015023752198433794 4.520586895836296E-4 
0.9561412917267113 3.777152858342063E-4 -8.853049810920375E-4 -2.8031871934697716E-4 0.0017629556683075994 -0.0010659426394505885 -0.0017019980875364812 8.340187483275227E-4 2.6223649679075047E-4 8.359388576503191E-4 
0.32998588171074583 3.152164152415579E-4 -7.116293492147684E-4 -2.9521887744484983E-5 0.0017841885870358558 -0.0010950372533920897 -0.0015303567286370585 8.478911725258698E-4 -4.699761351322003E-5 7.132703704751064E-4 
0.09324395996882165 3.860093118369834E-4 -6.637751779348049E-4 -2.7359690750374915E-5 0.0017407787298129563 -7.327970595823632E-4 -0.002905089428826021 7.94844885348003E-4 9.83886611472056E-5 4.380869379357631E-4 
0.6856660441832926 3.79853001771709E-4 -7.319865167972785E-4 -3.3203878753342364E-5 0.0017619525898155564 -7.612512599604467E-4 -0.0015311330370078261 7.959240086638332E-4 4.5168959520732155E-5 4.2015016109532663E-4 
0.19180665326189467 5.03021388544456E-4 -9.319904426558753E-4 -1.9224821924947378E-4 0.001762162335321892 -7.173907470237554E-4 -2.028355735239557E-4 8.26433397204364E-4 -5.252002385286122E-5 7.779115704109879E-4 
0.36636052857749535 3.083533273565794E-4 -7.031271989996589E-4 -2.9557095531927843E-4 0.0017627593084616102 -0.0010748948671515468 -0.002996531563617586 7.981132451466353E-4 -0.001432737852446244 8.206168888891408E-4 
0.19180665326189467 5.03021388544456E-4 -9.319904426558753E-4 -1.9224821924947378E-4 0.001762162335321892 -7.173907470237554E-4 -2.028355735239557E-4 8.26433397204364E-4 -5.252002385286122E-5 7.779115704109879E-4 
0.10625592858686678 3.786690774421708E-4 -7.25153818825254E-4 -3.0225003802637163E-5 -2.609371599742919E-4 -9.244115811451949E-4 -0.0028772749184552762 0.0012651110661572901 2.3737198680885108E-4 4.1396308682617596E-4 
0.5568979410257077 3.8424550226783634E-4 -6.885834535825334E-4 -2.9015179620432734E-4 0.0018012255354466628 -7.624106735570743E-4 -0.0015266714717798177 8.353838426563959E-4 -0.001430747723553522 7.942031642944024E-4 
0.4534808622423062 3.428494759537572E-4 -7.221991574699036E-4 -5.158955997679719E-5 0.0017359757869793188 -0.0010635083210337182 -0.001617267742346664 7.962093244358897E-4 -4.2126345744925185E-5 4.128754731939888E-4 
0.45811826385466103 3.3507910022906366E-4 -9.381011433490366E-4 -2.9079253394764175E-4 0.0017596215190863996 -0.0010945193908150587 -0.0016108336940234417 8.198750649922867E-4 6.948907694956038E-7 8.254823812884037E-4 
0.5291424182044583 3.4473180811041515E-4 -6.83959760864333E-4 -2.7328053155678967E-4 0.0017633500012128873 -0.001072640810938712 -7.203527676574175E-5 7.911881477550406E-4 -0.0014718719656216662 4.3186767251799263E-4 
0.5580156342732828 3.401973783838494E-4 -0.0011083473900092731 -2.1761236913442155E-4 0.001762718604028842 -0.0010551589582582942 -0.0016711894667753744 8.403290522149068E-4 -3.702264357058036E-5 7.172169212988674E-4 
0.3127384345583889 3.4373046392458624E-4 -8.73983023139215E-4 -1.858438004356297E-4 -2.123483476842203E-4 -7.140118403136017E-4 -0.0034410926955373853 8.201927415685234E-4 -0.0014145607834237066 4.6205282384852945E-4 
0.33913602291644285 3.365514725475853E-4 -7.031785325443251E-4 -5.856604718534582E-5 0.0016560068012449409 -0.0011794534173732718 -0.0030217787206516258 8.281436456843003E-4 -0.001473924474936927 4.766760038812111E-4 
0.5227080652864957 3.4473180811041515E-4 -6.83959760864333E-4 -2.84200263718051E-4 0.0017633500012128873 -0.0010728982643267088 -1.4478976506611483E-4 8.266560886572834E-4 -0.0014718719656216662 4.3186767251799263E-4 
0.6278422846965175 5.053599703482169E-4 -7.618189352554839E-4 -2.0128458089788408E-4 0.0017629690821105532 -9.145398633941392E-4 -1.67146299572577E-4 8.263190841364664E-4 -5.071564926569025E-5 7.776352897600446E-4 
0.6635294496926706 3.079498411126274E-4 -6.407973134136127E-4 -2.9009952381896047E-4 0.0017591712541306474 -9.447761575345167E-4 -0.0016232063881515925 8.261934035021809E-4 -7.861237017655134E-6 3.6614282275007767E-4 
0.003909244594678465 3.802081040702397E-4 -7.63958520212396E-4 -2.674807494409946E-4 0.0017625503098420761 -0.0010564542432418716 -0.0015902953701906676 8.213127451261151E-4 7.730714809387482E-5 7.259545429878279E-4 
0.7830012037570164 3.412778086015133E-4 -5.065784179740362E-4 -5.0460410485414324E-5 0.0017817948237663728 -7.368433180767757E-4 -1.6038541213255755E-4 7.978341973769522E-4 -4.2810605740866515E-5 4.7780476302877354E-4 
0.4442709070528904 3.4283686962768476E-4 -7.214402541723213E-4 -2.1689817911442434E-6 0.0017364796302937076 -0.0010637651191760683 0.0033384939980292748 7.959696155259709E-4 -0.0014841343600826393 8.235863881409344E-4 
0.27527969293930127 3.4163911516515164E-4 -0.0011165815274159446 -1.4755248485899314E-5 0.0017598773845462858 -9.453332924443658E-4 -0.003328466185857511 7.917249016749806E-4 -6.426874045781511E-5 4.2123143104155075E-4 
0.2731651686608674 3.4163911516515164E-4 -0.0011165815274159446 -1.4755248485899314E-5 0.0017595194571622742 -9.453332924443658E-4 -0.003328466185857511 7.917249016749806E-4 -6.426874045781511E-5 4.2281907813217744E-4 
0.024292784456454886 3.437404027614219E-4 -7.028528021565792E-4 -2.866819334144979E-4 0.0017352728223095442 -0.0010984020438661011 0.003140323268182521 7.959696155259709E-4 -6.826984851063093E-5 4.0872221621063184E-4 
0.7784851542868221 3.4128835526310656E-4 -7.166058585937329E-4 -4.855228567605659E-5 0.0017358511196200114 -0.0010996261280144975 -0.0016174196601174504 8.95249749517011E-4 -5.337206288516961E-5 7.935974312055422E-4 
0.003909244594678465 3.802081040702397E-4 -7.63958520212396E-4 -2.674807494409946E-4 0.0017625503098420761 -0.0010564542432418716 -0.0015902953701906676 8.213127451261151E-4 7.730714809387482E-5 7.259545429878279E-4 
0.6357549541567424 3.4340262048771224E-4 -7.617277280819259E-4 -1.9266933315155479E-4 0.0017619525898155564 -7.558232728563476E-4 -0.0015311330370078261 7.959240086638332E-4 5.34870902537308E-5 7.045398176135528E-4 
0.6196078911017995 3.441359063828871E-4 -6.982150010275009E-4 -2.2470847475810916E-5 0.0017537024550478312 -0.0010670890856262936 -0.0015577750752436095 8.352356968048106E-4 1.1441667638827048E-4 4.2761045112893573E-4 
0.6093089146738573 3.441359063828871E-4 -6.982150010275009E-4 -2.899132228795317E-4 0.0017352973013084242 -7.513522469139754E-4 -9.022091163890696E-5 8.356769493796406E-4 1.1441667638827048E-4 7.101634456064803E-4 
0.7680137122171002 3.4127253213906745E-4 -7.475514978612363E-4 -4.951951281189732E-5 0.0017814862859424439 -7.278343995831505E-4 -0.0016227057879850024 7.962093244358897E-4 -4.2126345744925185E-5 4.128332386597545E-4 
