0.8678041466817722 0.001377203726035523 -8.311604522030093E-4 1.585243699192847E-4 -7.835412600549459E-4 -8.237907933367857E-4 0.004008419517107954 3.42974883322619E-4 -8.197010748823895E-4 -6.915893552482562E-5 
0.0 8.301702770853673E-4 -8.540304378347143E-4 2.433383131872098E-4 -9.750217268321404E-4 -8.208853847836565E-4 0.003826584407925946 5.038134242957369E-4 -0.001781197989169741 -1.0096295805500702E-4 
0.47114695532396833 9.192127643938434E-4 -8.50739004201107E-4 2.3973566645210553E-4 -6.194624361543486E-4 -8.205879290482908E-4 0.004003370746823944 5.007395092191494E-4 -6.111050001109239E-4 -9.744434179845934E-5 
0.6466953170656519 9.038152498329125E-4 -0.0010410503343525035 1.785647494798402E-4 -6.10589203895211E-4 -0.0011578830751735425 0.003906110315211141 4.787858765589511E-4 -8.151267536460146E-4 -6.984891575896521E-5 
0.6988937907469422 9.245670589580682E-4 -8.189206739618435E-4 1.5008993314509375E-4 -0.0011274821815289533 -8.222562762840325E-4 0.003913647149222146 4.698018699213462E-4 -0.0010589858418080678 1.1340011340835042E-4 
0.04932222444218147 8.349094437915234E-4 -9.633605181221657E-4 1.7981558327541557E-4 -9.754498992625616E-4 -8.221616099367634E-4 0.003920991205480448 5.134611650825277E-4 -0.001059222614246628 -9.40747763167299E-5 
0.010439807291998553 8.327171482432552E-4 -8.236514583109332E-4 1.4918007867061118E-4 -6.760363261355963E-4 -8.54895550988717E-4 0.003861295631041135 3.4716371476366215E-4 8.341341654532369E-4 -9.736778208818925E-5 
0.7823351246685462 8.321789794644769E-4 -9.717753914714527E-4 2.4187718845926755E-4 -6.107676231678124E-4 -8.208265139646387E-4 0.0038265444398443106 5.208073635145592E-4 -8.865674682036079E-4 7.662235228485149E-5 
0.26625028470967604 9.397787245946428E-4 -8.600077676515763E-4 2.3827823557049792E-4 -0.0011282928659985118 -8.455307942708641E-4 0.0040025801881591406 3.3739354267694723E-4 -7.61444387301092E-4 -1.4339527905512974E-4 
0.405831693384742 0.0014042736773331194 -0.0010659520694994565 1.3714971069237885E-4 -7.828357830798674E-4 -8.244178917675363E-4 0.003907460341280685 3.324239145638979E-4 7.340833926798842E-4 8.781723444965555E-5 
0.5630932838992805 0.0012310785032017143 -9.567878635322037E-4 2.2585321492301415E-4 -0.0012581052376001642 -8.489487080904529E-4 0.003832138235313678 4.741788032461033E-4 -9.77470461694828E-4 -9.345749364163185E-5 
0.4845559066022071 4.3829484347228463E-4 -0.0010266621780433821 1.601345606889274E-4 -7.731022990428085E-4 -6.369842206781026E-4 0.0038330309099641816 5.139055726996414E-4 -9.754590783809152E-4 -9.339827361647169E-5 
0.8013947139581596 8.302724687902193E-4 -9.734990818800288E-4 2.4185169207272832E-4 -5.914976196368073E-4 -8.208780489744548E-4 0.0038265225372466193 5.136899725765955E-4 -8.865674682036079E-4 6.899643340716288E-5 
0.17121630361534662 9.30962337866134E-4 -8.287685635134938E-4 1.3527054714998246E-4 -7.828357830798674E-4 -8.22904444218303E-4 0.0038142009253983814 3.398126524947152E-4 7.119942064072011E-4 -1.189391815486741E-4 
0.07299085704112335 0.0012549606535007772 -0.0010411103111526957 1.4926263214163078E-4 -0.0026288229133834347 -8.153025432759016E-4 0.003863400400247817 3.287159626835893E-4 -8.206694914165115E-4 -7.796219704586431E-5 
0.13382177557739905 9.374342639661119E-4 -9.694341222820796E-4 1.3536901211585857E-4 -0.001161848954392562 -8.22791569388295E-4 0.003905866554241083 5.239778025303048E-4 -7.938308087064818E-4 -9.739376644610893E-5 
0.03655338320246784 9.349077321423004E-4 -0.0010443604811670535 1.3588567812358875E-4 -0.0010469140380106915 -8.439062885837153E-4 0.003832107608453276 3.4227633729863046E-4 -8.141277376337351E-4 -9.762723789365987E-5 
0.5468620009389501 8.309838224929115E-4 -9.702210438970997E-4 2.3898524797826194E-4 -7.694916615328066E-4 -8.035477854119966E-4 0.003820701927526786 4.662517315011064E-4 7.922515966624331E-4 -9.953513197242104E-5 
0.38569897738576636 9.195637347740501E-4 -0.0010444328153396251 1.3450185760170957E-4 -0.0010569430335451912 -8.458479592308542E-4 0.0038213010986987337 3.4843656080680083E-4 -8.05347204459574E-4 -9.333759746841245E-5 
0.04234774714804565 9.207422654503783E-4 -8.533884236236202E-4 1.3409136713161282E-4 -9.755934941070587E-4 -8.22413027589898E-4 0.003911040668717103 6.690974243583084E-4 -8.200938035152764E-4 -9.429678471329472E-5 
0.8497489852735285 0.001377203726035523 -9.711721808323351E-4 2.2333988506299473E-4 -0.001058922706979559 -8.237907933367857E-4 0.004004725756518636 3.42974883322619E-4 -9.320766151819382E-4 -6.915893552482562E-5 
0.0017175760525644929 8.349094437915234E-4 -9.745981811455068E-4 1.7981558327541557E-4 -9.754498992625616E-4 -8.070707472529955E-4 0.0038225972059677074 5.134611650825277E-4 -0.001781197989169741 -9.40747763167299E-5 
4.545971566281004E-4 0.00120755708416466 -9.240988485013168E-4 1.579394501815785E-4 -0.0010355844625443635 -8.207034775560709E-4 0.0038626624130902315 3.366679033763846E-4 -8.590886621045787E-4 -9.620255592293285E-5 
0.09814750896175606 9.35776656931639E-4 -9.694632330470482E-4 1.500877739289095E-4 -0.0011615655859934736 -8.23624732871943E-4 0.003906364596292566 3.464374190702842E-4 -7.928012801405761E-4 -8.674536816180665E-5 
0.0905721731950081 8.327785636205018E-4 -9.69535335823742E-4 1.7904709376403272E-4 -0.0010088391603402613 -8.060415650691149E-4 0.0038226310101869736 5.136108676809623E-4 -9.052266716017665E-4 -1.1539394314535893E-4 
0.14410716891116546 9.163694197204868E-4 -9.742608503972649E-4 2.2448641013045288E-4 -0.0010601986886387795 -8.25087710765557E-4 0.004004538712051823 3.4286152041232995E-4 -9.32628211428554E-4 -9.032801031951643E-5 
0.8266598509466433 0.0012142127549463022 -9.25955230928609E-4 2.2516421825073853E-4 -9.152949153623947E-4 -6.494536894974744E-4 0.003910960616186938 5.158423377512019E-4 -8.170945276359506E-4 -9.01886039544695E-5 
0.2768085933286042 8.303117462822118E-4 -9.750180635629713E-4 1.3893651995144517E-4 -0.0010444538921832612 -8.240318677818375E-4 0.003822954310387904 3.42045529051029E-4 -9.424100745712032E-4 1.014698319930484E-4 
0.5970050070417802 4.280229168714993E-4 -9.286566739671114E-4 1.817260268027224E-4 -0.001319492811223778 -6.358442732278327E-4 0.003986384320715329 5.214447879230992E-4 -5.875964982353708E-4 -1.1431917559738373E-4 
0.5061376392975642 9.307954473821103E-4 -9.235889058220401E-4 -7.721813672403478E-5 -0.001045707616612603 -8.435218002951247E-4 0.003908857768746055 6.655051140930658E-4 7.854836841719433E-4 -6.993689362604674E-5 
0.29884636634385336 9.847929240528793E-4 -9.684633243552165E-4 2.4342681782289421E-4 -0.0013667828066177192 -8.45045402517097E-4 0.003824648698360049 5.206418135643515E-4 -8.874535741545447E-4 -7.0422931764236E-5 
0.658310952309533 0.0011833119667683985 -8.551260292094502E-4 2.4541031250653123E-4 -0.0011308245992606106 -8.22114976141246E-4 0.003911040668717103 6.741371817764695E-4 -8.508564374199715E-4 -9.43975730680881E-5 
0.030044486466517167 0.0013796103354979151 -0.001027768775669697 2.753585187113221E-4 -9.791127239236928E-4 -8.418738037150421E-4 0.0038327314560229592 6.727988524676217E-4 -7.602515002388863E-4 -6.785756766995038E-5 
0.11873573017844352 9.223347047154259E-4 -8.597992517908036E-4 1.585243699192847E-4 -9.77212098737494E-4 -8.206578526084587E-4 0.004008419517107954 3.425950869530334E-4 -9.953513976114624E-4 -9.332029018979065E-5 
0.5862307005004073 4.4059620878691275E-4 -8.2610046966759E-4 1.4424047024457422E-4 -9.789748147248354E-4 -8.423736492328141E-4 0.0040102922420445965 4.751873087706673E-4 -8.126681176170487E-4 1.0846553758510986E-4 
0.7194348715276491 8.313484103867636E-4 -9.69535335823742E-4 2.4999722123379687E-4 -0.0010088391603402613 -8.048618160025021E-4 0.0038226310101869736 5.136108676809623E-4 -9.018973576342468E-4 -1.1539869002931263E-4 
0.12482179266518637 9.210613038514211E-4 -8.597099216421625E-4 2.4488011954697995E-4 -0.0011261417197749846 -8.206578526084587E-4 0.004008419517107954 3.4308717316626323E-4 -8.296968591160928E-4 -9.460106418048109E-5 
0.0037430024279180747 9.48298215407269E-4 -0.0010259819054260926 1.3551232248063176E-4 -0.0011100058113771064 -8.115932009622425E-4 0.003911977651221907 5.215524340518963E-4 -7.77631500612597E-4 7.443626677295169E-5 
0.8393818110862997 9.191841289324004E-4 -8.540304378347143E-4 1.5809305578335514E-4 -9.14103152688753E-4 -8.092212833506619E-4 0.003827434119189745 5.03285298160122E-4 -8.197287061193748E-4 -9.431478151170975E-5 
0.2420805725246094 9.398297657506668E-4 -8.19376019532051E-4 2.4153910532806586E-4 -0.0011282928659985118 -6.536771058879016E-4 0.0038291663270494003 5.018120152031722E-4 -6.115059309038694E-4 -1.4087043641113474E-4 
0.7096011313651753 9.195637347740501E-4 -0.0010444328153396251 1.35119433959025E-4 -0.0010569139101253835 -8.458479592308542E-4 0.0038213010986987337 3.4843656080680083E-4 -8.05347204459574E-4 -9.333759746841245E-5 
0.2546070675851976 0.0010168304646883273 -8.340029012756648E-4 2.505380250504869E-4 -0.002852923689291796 -0.0011612503884116405 0.003910596678316125 4.751281570499013E-4 -7.929296235851104E-4 -8.812262710890676E-5 
0.16547689215793876 0.0014980133015120045 -8.389737002516142E-4 2.893514957791663E-4 -8.399373941822565E-4 -0.0010717934995908302 0.003911211331084004 6.58730358383905E-4 -9.336964056083298E-4 1.3042738801206333E-4 
0.3552826666345445 4.1190819119370497E-4 -9.284738609881785E-4 1.6123163432043826E-4 -9.652282533148413E-4 -8.261937679441146E-4 0.003808392136404398 5.035096095666504E-4 -8.403792032195299E-4 -8.46352682227784E-5 
0.7655079367656304 9.156162071805175E-4 -9.742439229034432E-4 2.2448641013045288E-4 -0.0010601986886387795 -8.25087710765557E-4 0.0037530629607804254 3.4286152041232995E-4 -9.32628211428554E-4 -9.032801031951643E-5 
0.44668904465167447 9.261101971092175E-4 -8.279039437183834E-4 1.4657168687420887E-4 -0.0010138761380266573 -8.1478788090117E-4 0.003863400400247817 3.434861195015723E-4 -8.185879247375643E-4 -8.196680990319303E-5 
0.15719927413916457 8.29369535792659E-4 -9.706617455073681E-4 2.3824478336186732E-4 -9.666444305251648E-4 -8.241569111154919E-4 0.0038206944809719423 5.015566472219866E-4 -9.065847810039672E-4 -1.1503212759188094E-4 
0.3629337635898244 8.536245266214414E-4 -8.137787501261561E-4 1.8507481181863377E-4 -4.1994381771265403E-4 -8.438968424898144E-4 0.003914401444958025 5.126931806499005E-4 -0.00101152541513301 -1.0636350572543288E-4 
0.6238199621045364 9.166210710665213E-4 -8.597992517908036E-4 1.5863798107510426E-4 -9.408442658554882E-4 -8.203897150334293E-4 0.004008419517107954 3.4286152041232995E-4 -9.953513976114624E-4 8.137845682761171E-5 
0.2115812829569543 9.648489078677913E-4 -9.309433375109122E-4 1.8744787268801664E-4 -9.297027393005318E-4 -6.377153790477722E-4 0.003909621714406813 4.7777982479037506E-4 -0.0018005644731272372 -9.483504009765131E-5 
0.23238994875660451 9.258900464126933E-4 -8.596041927876369E-4 1.8044424939823477E-4 -7.107787994151222E-4 -8.056317161659661E-4 0.0038800279229814685 3.359454616965374E-4 -9.720591383031393E-4 8.221731189428044E-5 
0.02012530134460351 9.069086358059326E-4 -0.001027768775669697 2.753585187113221E-4 -9.791257531926822E-4 -8.418738037150421E-4 0.0038183809959370903 6.588004370153223E-4 -7.606968345682324E-4 -6.785756766995038E-5 
0.15170811213694957 0.0012166632817342472 -8.114005265276377E-4 1.5756868898344985E-4 -0.001043254721039592 -0.001129777811408948 0.003914837981206018 4.780645877836267E-4 -0.0015647039962907842 -9.593168640551584E-5 
0.06028606452219984 0.001251232424785801 -0.0010411103111526957 1.4926263214163078E-4 -0.002625766461095214 -8.152475963737501E-4 0.0038617402360049675 5.243153006530239E-4 -8.217340614203832E-4 -7.748281889944855E-5 
0.10936096187090055 8.487579551330097E-4 -8.327835421903237E-4 2.2547040669375956E-4 -0.0010492137095984445 -0.0011608838009001463 0.003910579421832739 3.4418576081933136E-4 -7.706156605977923E-4 -9.673212756675186E-5 
0.5074664829423972 9.333562971011541E-4 -9.235889058220401E-4 -7.721813672403478E-5 -7.540523661756634E-4 -8.435218002951247E-4 0.00390745827407036 6.655051140930658E-4 7.858555075661602E-4 -6.993689362604674E-5 
0.014082277876135262 8.327171482432552E-4 -9.718694543817265E-4 1.366004597685414E-4 -6.786242519380345E-4 -8.54895550988717E-4 0.003861295631041135 3.4716371476366215E-4 8.341341654532369E-4 -9.732500193821094E-5 
0.4127110807360383 0.0013858119737983601 -8.315113650761729E-4 1.3714971069237885E-4 -7.828357830798674E-4 -8.244178917675363E-4 0.003907460341280685 3.4464453839113063E-4 7.340833926798842E-4 8.781723444965555E-5 
0.8670411726034816 0.001377203726035523 -8.597992517908036E-4 -7.805597884724112E-5 -0.0010472255278870409 -8.443486189903689E-4 0.003915844625198878 3.4286152041232995E-4 -9.022965680383049E-4 -6.914562593450383E-5 
0.19043795415472087 9.39896670997165E-4 -9.239849928784271E-4 2.511573847282478E-5 -0.0010186356818238686 -8.209139863598425E-4 0.0038298163968495907 4.722681800063223E-4 -6.200329879629896E-4 9.058223713986485E-5 
0.08314926372249756 9.434228174409334E-4 -8.596041927876369E-4 1.798092748479583E-4 -7.107787994151222E-4 -8.056064301863247E-4 0.0038804224628463035 3.359454616965374E-4 -0.0017813366166251835 -8.971606152637759E-5 
0.732705096148773 0.0012241816372018234 -9.259561860577922E-4 1.505181025830862E-4 -9.292168560593921E-4 -6.443039569871747E-4 0.0039109563523817645 6.785030138112889E-4 -8.170945276359506E-4 -9.021077411649415E-5 
0.3133535396734988 0.001377203726035523 -8.311604522030093E-4 1.585243699192847E-4 -7.835412600549459E-4 -7.983788194442414E-4 0.004008406659272517 3.42974883322619E-4 -8.197010748823895E-4 -9.443066839567784E-5 
0.3358910113757856 0.001216628787913001 -9.318838330170221E-4 2.4242967130218567E-4 -0.001043254721039592 -6.347283334715377E-4 0.003988347867897756 4.7823789181966316E-4 -7.990454599200984E-4 -9.593168640551584E-5 
0.6238199621045364 9.166210710665213E-4 -8.597992517908036E-4 1.5863798107510426E-4 -9.408442658554882E-4 -8.203897150334293E-4 0.004008419517107954 3.4286152041232995E-4 -9.953513976114624E-4 8.137845682761171E-5 
0.005997360728427825 0.0012142127549463022 -9.25955230928609E-4 2.2584330916202344E-4 -9.765732411911778E-4 -6.608099606135156E-4 0.003910960616186938 5.160666491577301E-4 -0.0017785638106863166 -9.01886039544695E-5 
0.32079068126319843 9.34853287408226E-4 -0.0010443604811670535 1.3586164052470227E-4 -0.0010469140380106915 -8.439062885837153E-4 0.003832107608453276 3.4227633729863046E-4 -8.049479562040533E-4 -9.766039053441395E-5 
0.3063251283140518 0.001384755523718181 -9.694890509863987E-4 2.4333747700712774E-4 -5.918578641902655E-4 -8.424683384818456E-4 0.003832107608453276 4.949168346706656E-4 -9.696974158842043E-4 6.909267625091431E-5 
0.2267531524126044 8.203062586739776E-4 -9.402635101478399E-4 2.511573847282478E-5 -0.0010186356818238686 -8.209139863598425E-4 0.0038298163968495907 4.722681800063223E-4 -6.200329879629896E-4 9.058223713986485E-5 
0.7705892059141259 9.148730827581408E-4 -9.753151371327822E-4 2.2448641013045288E-4 -0.0011368668460570062 -8.251104510140079E-4 0.0037530629607804254 3.4286152041232995E-4 -7.613564783643604E-4 -9.119148081790702E-5 
0.37281167276155924 0.001384755523718181 -9.715616822525068E-4 1.489279778938947E-4 -6.122953006510209E-4 -8.436731789165532E-4 0.0038287160072164616 6.655051140930658E-4 -8.927613573941402E-4 8.413984936523421E-5 
0.6769835792661234 0.0012227873099359995 -9.24719354715575E-4 1.505181025830862E-4 -0.0011341580758835543 -8.209367734400543E-4 0.003912475204023397 6.6032002297992E-4 -8.158169743752768E-4 -9.021077411649415E-5 
0.7506668147758758 8.910310256943388E-4 -0.0010409951123558849 1.4557227528508892E-4 -7.469685526745832E-4 -8.42187962215351E-4 0.003821672535565701 6.638983655075387E-4 6.825996740986272E-4 -6.725298866269998E-5 
0.44668904465167447 9.261101971092175E-4 -8.279039437183834E-4 1.4657168687420887E-4 -0.0010138761380266573 -8.1478788090117E-4 0.003863400400247817 3.434861195015723E-4 -8.185879247375643E-4 -8.196680990319303E-5 
0.20394313209289 8.910037612243629E-4 -9.313537258866781E-4 2.2485850513088632E-4 -0.001261157864618093 -8.515133895975639E-4 0.0038207798609151975 4.6814242030653085E-4 -9.774390164131771E-4 -9.587709301998969E-5 
0.08314926372249756 9.434228174409334E-4 -8.596041927876369E-4 1.798092748479583E-4 -7.107787994151222E-4 -8.056064301863247E-4 0.0038804224628463035 3.359454616965374E-4 -0.0017813366166251835 -8.971606152637759E-5 
0.01630527809440338 0.001384755523718181 -9.696178275376243E-4 1.362224868300338E-4 -0.0010469140380106915 -8.549889182367069E-4 0.003832107608453276 6.892234151209555E-4 -0.0010945893286834893 -7.602807996847215E-5 
0.5350088043748344 8.65517454213981E-4 -8.597992517908036E-4 1.585243699192847E-4 -7.791635642442954E-4 -8.443486189903689E-4 0.003913869591724195 5.200949168135134E-4 -8.197010748823895E-4 -6.914562593450383E-5 
0.02646849848873735 9.069596769619565E-4 -0.001027768775669697 2.753585187113221E-4 -9.791257531926822E-4 -8.418738037150421E-4 0.0038221338480265914 6.588004370153223E-4 -6.107583781710098E-4 -6.533272502595539E-5 
0.4791596639105661 4.321059668329633E-4 -0.0010266621780433821 2.2603995987223707E-4 -0.0010601971986296753 -6.391150992360642E-4 0.003832138235313678 5.15684813028073E-4 -9.324318791598145E-4 -9.159253672962785E-5 
0.523065470766191 4.350251376300879E-4 -0.0010376894874350887 2.753585187113221E-4 -9.791127239236928E-4 -8.423738499960041E-4 0.0038183809959370903 5.27573241672493E-4 -7.589191427130723E-4 -6.785756766995038E-5 
0.4218916456067892 0.0012368278081395082 -9.588604553032902E-4 1.3527054714998246E-4 -7.635981541768719E-4 -8.228758741225257E-4 0.004012435963959022 3.3472023182949787E-4 6.914263377957009E-4 9.114633896756236E-5 
0.523065470766191 4.350251376300879E-4 -0.0010376894874350887 2.753585187113221E-4 -9.791127239236928E-4 -8.423738499960041E-4 0.0038183809959370903 5.27573241672493E-4 -7.589191427130723E-4 -6.785756766995038E-5 
0.8141370292781598 8.321789794644769E-4 -9.735009548865383E-4 2.4358548920950672E-4 -6.10754402195414E-4 -8.208265139646387E-4 0.003826430882747385 5.227674898120544E-4 -8.865674682036079E-4 7.662235228485149E-5 
0.609824434998895 0.0011858404872991078 -9.237969715154875E-4 1.34130954939203E-4 -9.772829595612329E-4 -8.193908392619397E-4 0.0038141093419654464 3.458919863873266E-4 -8.361727833966471E-4 -9.332015380120653E-5 
0.6108567317678987 0.0011835315053056628 -9.237969715154875E-4 1.34130954939203E-4 -9.409151266792271E-4 -8.193908392619397E-4 0.0038141093419654464 3.461584198466232E-4 -8.361727833966471E-4 -9.459980788854084E-5 
0.42869858367638836 9.30962337866134E-4 -8.315423061080857E-4 1.3527054714998246E-4 -7.828357830798674E-4 -8.22904444218303E-4 0.004012435963959022 3.398126524947152E-4 7.119942064072011E-4 -8.656319579601282E-5 
0.06469042073408693 8.820569380953762E-4 -0.0010414473236079317 2.753585187113221E-4 -9.791127239236928E-4 -8.418738037150421E-4 0.0038327314560229592 4.778905687592479E-4 -7.59622638626238E-4 -6.785756766995038E-5 
0.6700958464313881 9.065223827796154E-4 -9.277615254874128E-4 2.4503249072917123E-4 -0.0011553170173855497 -8.456621892506225E-4 0.003914644975997889 4.613316314585876E-4 -8.498039446572557E-4 -9.590364664852536E-5 
0.28654426895671453 0.001384755523718181 -9.705885023434663E-4 1.3586164052470227E-4 -0.0010469140380106915 -8.434247663623748E-4 0.003832107608453276 6.655051140930658E-4 -0.001058161234773095 -7.602807996847215E-5 
0.18558542459538463 9.39896670997165E-4 -9.239849928784271E-4 2.511573847282478E-5 -0.0010186356818238686 -8.209165387833655E-4 0.0038298163968495907 4.722681800063223E-4 -6.342706759787665E-4 9.058223713986485E-5 
0.28654426895671453 0.001384755523718181 -9.705885023434663E-4 1.3586164052470227E-4 -0.0010469140380106915 -8.434247663623748E-4 0.003832107608453276 6.655051140930658E-4 -0.001058161234773095 -7.602807996847215E-5 
0.5374257608619917 8.832525791286914E-4 -0.0010403812240863215 1.3787333632542855E-4 -7.832739624641135E-4 -8.229121059735885E-4 0.003911745171281476 5.208751823820994E-4 -8.172370466683033E-4 -9.172475378379735E-5 
0.18558542459538463 9.39896670997165E-4 -9.239849928784271E-4 2.511573847282478E-5 -0.0010186356818238686 -8.209165387833655E-4 0.0038298163968495907 4.722681800063223E-4 -6.342706759787665E-4 9.058223713986485E-5 
0.25223236734475907 0.0010170357592381286 -9.239270534528079E-4 2.4925547945330126E-4 -0.0029252295502369178 -0.0010573470131824978 0.003904385661557562 4.7643084980482353E-4 -7.928954732291448E-4 -8.812262710890676E-5 
0.8114426722943138 8.321789794644769E-4 -9.735009548865383E-4 2.4183039754758104E-4 -6.10754402195414E-4 -8.208265139646387E-4 0.003826519522016229 5.139094767798917E-4 -8.865674682036079E-4 7.659940165535029E-5 
0.5748475011655654 4.7568506274915575E-4 -8.329075783824135E-4 2.2642119164610267E-4 -0.0011092293135893663 -8.111748592581117E-4 0.003907308103855652 5.189254393510941E-4 -8.989660415577853E-4 -9.287474731479169E-5 
0.3459533713328079 9.394505038074276E-4 -9.746164153675574E-4 2.3827469072367825E-4 -9.263511603473936E-4 -0.0011310928193862598 0.0038249265369833885 5.0126814300914E-4 -8.29429038155297E-4 -1.4379756843484404E-4 
0.06658497979635072 9.305840989032784E-4 -0.0010551113726095813 1.3591285032345558E-4 -0.001009044111156599 -8.425411537642655E-4 0.003908360603726241 5.099799544535086E-4 -5.993775905754202E-4 1.0661517944126231E-4 
0.3450396330201242 9.210935741718681E-4 -9.746164153675574E-4 2.4040715035169552E-4 -9.263511603473936E-4 -0.001129282875084701 0.0038249265369833885 5.0126814300914E-4 -8.294439182922632E-4 1.0357234459895475E-4 
