0.0 1.1339475881155047E-4 6.060533676854941E-4 -0.0033354724302477393 -3.6374836802337805E-4 -3.518632026075758E-4 -1.3803697765674301E-4 3.5729813774134343E-4 -2.4183564959285938E-4 2.570463506103018E-4 
0.8798430367520454 1.9905326900579624E-4 0.0011677015090021362 1.3497761254973573E-4 -4.883208150434925E-4 -4.5670275908334595E-4 -1.8439066715868693E-4 -7.611327955227411E-4 -2.703532913149191E-4 2.8203216970001477E-4 
0.0 1.1339475881155047E-4 6.060533676854941E-4 -0.0033354724302477393 -3.6374836802337805E-4 -3.518632026075758E-4 -1.3803697765674301E-4 3.5729813774134343E-4 -2.4183564959285938E-4 2.570463506103018E-4 
0.8485735498770891 2.016171804554929E-4 5.704061847137291E-4 1.4531719746150651E-4 -5.180998444907445E-4 -4.744389359014681E-4 -1.8439066715868693E-4 -7.611327955227411E-4 -2.4271898344924663E-4 2.639044183356395E-4 
0.0018434180768923253 1.4402900607926296E-4 6.062401090222912E-4 4.874029646401794E-5 -4.281710236731046E-4 -3.5062001444236007E-4 -1.192546955031725E-4 3.5686001397728794E-4 2.5361951062863943E-4 -4.172764863329267E-4 
0.008610733258981177 1.1392737504332754E-4 6.070868229899058E-4 -0.003230063090738937 -5.046062655380932E-4 -3.514830269260711E-4 -1.371958935949707E-4 2.8738831876191077E-4 -3.058724969013471E-4 4.4905275055655145E-4 
0.5339876812890353 2.046735772426753E-5 6.086990209041731E-4 4.9202258425676076E-5 -4.860765222760282E-4 -6.820865105298604E-4 -9.044825613780584E-5 4.2033634399468907E-4 -2.781942905847839E-4 2.8196559590074445E-4 
0.6714986557153707 1.256505799990715E-4 0.0011672734457898945 2.3129137297401182E-4 -5.342893099533619E-4 -4.7254420165316246E-4 -1.8251934830150796E-4 3.2439354973734296E-4 2.611786301159988E-4 2.8011105812868984E-4 
0.10701493084941621 5.707349182364551E-5 4.94507387141498E-4 3.8823192135361634E-4 -3.920763110603492E-4 -4.914428805406189E-4 -2.828871578327002E-4 3.5467481061548205E-4 -2.920262632017631E-4 2.1552914162910645E-4 
0.08999828877923675 1.1204511172338371E-4 6.060533676854941E-4 6.384532740121257E-5 -3.41448563350369E-4 -4.4932215934532897E-4 -3.0082221513996353E-4 3.5729813774134343E-4 2.530162066853534E-4 2.8738579716399543E-4 
0.29252250121277623 4.4321145808087444E-5 5.263061536342565E-4 2.698398529437927E-4 -4.983624063346358E-4 -4.5754585616939966E-4 -1.819563563578789E-4 3.246124506792641E-4 2.603342576122601E-4 2.8159087501713917E-4 
0.8772165929171655 2.106640104487311E-4 5.531585189969816E-4 3.2882318697534044E-4 -0.0021900822806858863 -2.765249173915989E-4 -7.84127101441608E-5 -7.655797251733869E-4 2.3412930065588278E-4 -5.749193822890768E-4 
0.7988581309388848 2.016171804554929E-4 5.506019663847055E-4 1.4531719746150651E-4 -4.740253361191861E-4 -6.702364562519958E-4 -1.8439066715868693E-4 -7.611327955227411E-4 -2.783736114325241E-4 2.8203216970001477E-4 
0.6565212136384011 1.442795958215928E-4 0.0010348420057800305 3.7790457402458837E-4 -2.6974683005985057E-4 -3.3700180269772927E-4 -1.2360031678371506E-4 3.2589372776158234E-4 2.9647781573048437E-4 2.5650338122538746E-4 
0.07944483437840372 1.4431314385195666E-4 0.0010348420057800305 2.754714874466429E-4 -0.002277506901618239 -3.3700180269772927E-4 -1.2360031678371506E-4 3.2589372776158234E-4 2.9647781573048437E-4 2.815668338682779E-4 
0.12062314936410529 1.95518893176618E-5 6.109338899984617E-4 2.4035666616917134E-4 -4.2012474435077374E-4 -4.612161784246188E-4 -2.852634506406259E-4 3.33356158775245E-4 2.6402618714975565E-4 2.1460628209950974E-4 
0.8194815014360084 1.1594079493496579E-4 6.058277650606836E-4 3.824840466256946E-4 -4.729763351109347E-4 -3.5061853501944565E-4 -1.8439066715868693E-4 3.5807639509504997E-4 -2.783736114325241E-4 2.568688199341483E-4 
0.31531571310163137 6.556353956127146E-5 5.86042189788188E-4 2.0115064555109892E-4 -3.394154195470112E-4 -4.567689975312512E-4 -2.9539801503683494E-4 4.6223078286299107E-4 -2.482562865084004E-4 -5.683390305358527E-4 
0.017697701836188323 2.1605522216031595E-5 0.0011723103158209128 2.775403738592111E-4 -5.154924666613867E-4 -3.4962543130252657E-4 -1.8076218659730022E-4 4.2001316135310894E-4 -3.060352133217321E-4 2.815538653854288E-4 
0.5806410619347538 1.95518893176618E-5 6.109338899984617E-4 2.3047588662588394E-4 -4.2012474435077374E-4 -4.612161784246188E-4 -3.370398925531567E-4 3.33356158775245E-4 2.6402618714975565E-4 2.8529263900768203E-4 
0.17801836891988304 6.556353956127146E-5 5.855800033036376E-4 2.3878782871783293E-4 -4.391312935680332E-4 -4.6284825531242466E-4 -1.9259716943882438E-4 -7.767014655938304E-4 2.5582442409290954E-4 2.55592172187045E-4 
0.17137305517067136 -3.283746534045616E-4 5.862668718669994E-4 2.3878782871783293E-4 -0.0026049030494292844 -4.726048446118857E-4 -1.2114819440600783E-4 3.079049778060826E-4 -2.438074686716925E-4 2.5553931237659675E-4 
0.7439701697033687 6.443061885014697E-5 0.001054035026380988 1.445112932181242E-4 -0.002257362649214524 -2.63768723566485E-4 -1.286310810606251E-4 3.8252873023096E-4 -2.3272324122995124E-4 -6.639044356670839E-4 
0.30386232426549004 2.0655338169180853E-4 5.957192951861449E-4 6.113919824673721E-5 -6.312008574926548E-4 -4.4874873500887566E-4 -2.0882674873355547E-4 4.2673495008193924E-4 -2.7171470659239554E-4 2.559960527370069E-4 
0.023659533728520178 2.5543640017964075E-5 6.059938514547816E-4 3.6895248613953176E-4 -3.949095052738628E-4 -4.7294228027221853E-4 -1.1474241925075014E-4 3.264763291446019E-4 -2.7666127470063695E-4 2.4568035279494253E-4 
0.2601342090937425 1.407505095619004E-4 5.547891363737408E-4 3.776375357729905E-4 -4.288570047931103E-4 -6.730733713954965E-4 -7.630872485372E-5 3.6636948518828946E-4 2.7310555689844765E-4 4.4984980865195204E-4 
0.6424763719006311 6.565295027140893E-5 0.001183192333013401 2.759699672938186E-4 -4.7480376704170987E-4 -4.773391120332056E-4 -9.491159190703958E-5 -7.765144912913391E-4 -2.516490225782772E-4 2.8203216970001477E-4 
0.24994060763750947 1.1078288044835514E-4 5.871944429064702E-4 1.5419134291065622E-4 -3.1328383565394977E-4 -4.6682312773809495E-4 -1.2680734218235913E-4 3.459288569418555E-4 2.841374165870182E-4 2.65357415566438E-4 
0.6897652292426555 2.114602647638725E-5 5.605885555104262E-4 2.7257502849159835E-4 -3.68715218554313E-4 -4.728509331294605E-4 -8.928599996517009E-5 3.25305282972206E-4 2.68190933651398E-4 1.408071455871588E-4 
0.6321867347180602 2.099537816922681E-4 5.88681861535028E-4 2.908587317125628E-4 -0.002214911931052437 -4.5718088075195776E-4 -3.122575119799023E-4 3.150649953920121E-4 -2.825310281163587E-4 3.0211960826662435E-4 
0.15808489290664413 1.9509725007275778E-5 6.073383870950969E-4 3.1580570309177675E-4 -4.884305036954219E-4 -3.540350170525667E-4 -9.310280191290873E-5 3.525215136456015E-4 -2.781942905847839E-4 2.81448907232754E-4 
0.20951246154783745 1.4906768029174965E-4 5.898122714948473E-4 7.536319156087476E-4 -0.002174533005554615 -4.50699103827681E-4 -2.0535022367771015E-4 3.394191173455155E-4 2.67123736080102E-4 1.8082225232261508E-4 
0.27759411868261374 1.482972280462608E-4 5.785206178148905E-4 2.2398653601229503E-4 -4.5222669065402563E-4 -4.4826011382321243E-4 -2.1930926960324126E-4 2.4206470575982504E-4 -2.6871462240589416E-4 2.821483063781848E-4 
0.41402847977061635 1.1374989454626275E-4 5.967657089974979E-4 3.799730351390899E-4 -5.07920435407232E-4 -3.5289860644559115E-4 -3.120905012389934E-4 3.4312850504667874E-4 -2.588670786436942E-4 3.238628595969036E-4 
0.04524546602699442 1.4100498462800868E-4 5.90481843908628E-4 2.9583154028392446E-4 -3.7175323276579286E-4 -2.859052235368027E-4 -8.521491873417744E-5 3.1714278765351616E-4 2.941283761314549E-4 2.888855290694629E-4 
0.058526108548273115 6.58336872573156E-5 9.823902179430168E-4 2.012160865587932E-4 -3.694894449020943E-4 -2.7185844562762897E-4 -1.521973286565758E-4 3.090873294056282E-4 -2.495838098308403E-4 3.2188784238127154E-4 
0.03903553066621729 -3.136295404726459E-4 6.090673806360853E-4 2.912639635511279E-4 -3.572844893377795E-4 -6.710413725016064E-4 -1.212018617503004E-4 4.5846551893915393E-4 -2.4118648429563943E-4 2.850434604393949E-4 
0.35284915567456365 3.4079419253913227E-5 5.7476473138085E-4 2.748559771155348E-4 -6.139329770643305E-4 -4.573585914652007E-4 -1.2054892140584015E-4 3.219843155547092E-4 2.497497067326106E-4 2.8724386509779E-4 
0.4571190554436428 4.2833627057536336E-5 6.085411257443693E-4 2.934633094319909E-4 -4.2458094594341705E-4 -2.68100584934446E-4 -7.798216235950063E-5 3.940261128839096E-4 -2.3694978222326907E-4 3.8683614366179133E-4 
0.19134508990682342 1.4524595532004373E-4 6.069306105452293E-4 3.746101705498725E-4 -0.0022777371332109797 -4.726048446118857E-4 -1.2036124674786114E-4 -7.050343926287151E-4 -2.655934868245801E-4 2.703076418052433E-4 
0.06573237103653223 1.7864032672534132E-4 5.942062050571292E-4 3.2296667323687553E-4 -4.433769612862997E-4 -5.282775235903686E-4 -1.9344574151332369E-4 -6.34787170509971E-4 -1.6872729208084402E-5 2.1413170827308948E-4 
0.5131960003776688 5.68595170757266E-5 5.893175153153814E-4 3.826758402902772E-4 -3.916526303031312E-4 -4.8598547252435214E-4 -3.3489154658857933E-4 2.316762490775158E-4 -2.577198912210265E-4 2.142100819612082E-4 
0.5472871720257918 8.949405047125942E-5 4.863447241046304E-4 2.1847144759543964E-4 -5.259664969376936E-4 -2.737741647002597E-4 -2.879754607794312E-4 4.110461388720977E-4 -2.8334864075955435E-4 2.784406403801877E-4 
0.5670349561884274 5.707349182364551E-5 4.94507387141498E-4 3.7835114181032897E-4 -3.920763110603492E-4 -4.914428805406189E-4 -3.34663599745231E-4 3.5467481061548205E-4 -2.920262632017631E-4 2.862154985372788E-4 
0.4428591974003778 1.4223120165363535E-4 5.713811728234444E-4 4.3859008450274306E-4 -5.172962327407728E-4 -4.7273669390358007E-4 -1.9135901851225645E-4 -7.203946825333743E-4 -2.452938526932776E-4 2.6383110754146354E-4 
0.15165178604431906 1.8826568136768736E-4 6.121343656867736E-4 1.3732489762578344E-4 -3.873656914410695E-4 -4.5364769993609666E-4 -1.9291170864565437E-4 -7.722346638710957E-4 2.840939082728702E-4 2.5213682858466944E-4 
0.23929409567728768 1.1086018867105312E-4 5.867888747783549E-4 2.283368940801965E-4 -4.6593240649847796E-4 -5.283892445263602E-4 -1.468899385194259E-4 -5.802521985722011E-4 -2.2718076770167413E-4 -5.978582089748001E-4 
0.3791516306772957 3.253820403375219E-5 9.899027256014088E-4 3.186681883256821E-4 -3.2785589980994373E-4 -3.506778552621677E-4 -3.11636511765038E-4 3.261201064137558E-4 -2.661090164210914E-4 2.4377972503607267E-4 
0.19456375951970536 1.405180679164374E-4 5.530393454552319E-4 2.717161635299245E-4 -3.6183135258631546E-4 -4.7250019374036516E-4 -9.122440857367258E-5 3.140526046773529E-4 -2.957088379467748E-4 1.4052521793519283E-4 
4.103819145863776E-4 6.626874365877683E-5 5.923362887005902E-4 3.150650577385229E-4 -3.893863866503754E-4 -3.556182025481418E-4 -2.959881349293185E-4 3.543817868789648E-4 -2.588670786436942E-4 2.425880053825648E-4 
0.7889737630406725 6.749728983340941E-5 5.506019663847055E-4 2.305958812785558E-4 -4.294800559897405E-4 -4.7460090593989324E-4 -1.8164254709691736E-4 -7.518103245868718E-4 -3.063761663506453E-4 2.8018222332909005E-4 
0.8315308485477801 8.949405047125942E-5 4.8727517701786967E-4 2.146212939479759E-4 -4.306142384847069E-4 -3.5069887253033404E-4 -2.944141210872802E-4 4.1307963703342927E-4 -2.782880988917741E-4 2.782980896554085E-4 
0.5960717766160324 -2.709473071670805E-4 6.167833499974666E-4 3.184628920462702E-4 -0.0021912664733150927 -4.695694160952135E-4 -2.9855167242964114E-4 3.138477911372281E-4 -4.5971624622431653E-4 -6.956279815924191E-4 
0.38692797807011725 1.9706419790088085E-4 6.132015216098651E-4 1.375572440213287E-4 -4.4674839856662747E-4 -4.5455142904557146E-4 -2.8215274469842264E-4 3.394191173455155E-4 2.841374165870182E-4 2.8211278673502505E-4 
0.40575834170813463 2.919461572119162E-4 6.148621414511035E-4 2.4151032882856736E-4 -0.0022718269929267645 -3.310580222213983E-4 -1.2380769221737994E-4 -5.61152481722652E-4 -2.882221872137885E-4 2.0604676796526797E-4 
0.760353157308306 2.967891025593083E-4 0.0010147879410212994 2.792419283372497E-4 -0.002215798530357326 -4.567147581850006E-4 -3.340611499181007E-4 4.7111683984195184E-4 -2.673370427808524E-4 2.522764215528385E-4 
0.3964739544657646 5.707349182364551E-5 4.94507387141498E-4 3.8823192135361634E-4 -5.078028594740385E-4 -4.914428805406189E-4 -2.8235574067316535E-4 3.4294797311096596E-4 -2.920262632017631E-4 3.2526029295292056E-4 
0.3276769323725222 6.556353956127146E-5 5.859086305794417E-4 2.0115064555109892E-4 -4.541241996408042E-4 -4.726048446118857E-4 -2.9587475402759585E-4 4.6223078286299107E-4 -2.4984489074629914E-4 -5.856588474900548E-4 
0.23452521904175727 1.4246268209300447E-4 0.001163215731592724 3.1977227241373503E-4 -0.0022004998938739153 -4.7474565618927235E-4 -1.7473123120394463E-4 4.91499169994708E-4 2.9625076754771036E-4 2.781036088071125E-4 
0.3681777571963419 9.102678260445763E-5 5.893175153153814E-4 2.4119034639100294E-4 -4.272294273878498E-4 -4.66541836872571E-4 -2.867499912733325E-4 2.316762490775158E-4 -2.7281975406698896E-4 2.142100819612082E-4 
0.1262689045999778 6.679017371078491E-5 5.877261992749854E-4 2.3862193748515437E-4 -3.873656914410695E-4 -4.668207947775397E-4 -2.8649423399237055E-4 -7.714346078418245E-4 2.700559236148611E-4 2.11747079429087E-4 
0.00881406386109515 7.005835676954625E-5 5.515749287838892E-4 3.6895248613953176E-4 -3.928733869946145E-4 -2.6633285473558156E-4 -1.1474241925075014E-4 3.264763291446019E-4 -2.7666127470063695E-4 2.4568035279494253E-4 
0.7169259247780031 8.953801627347592E-5 4.863447241046304E-4 2.1847144759543964E-4 -3.351488107351824E-4 -2.858705312108071E-4 -2.879754607794312E-4 2.6795495926822946E-4 -2.902020919625672E-4 2.784406403801877E-4 
0.6172550510283363 1.4129422816043963E-4 0.0010153794252336877 1.6427385447864386E-4 -3.7182104806483666E-4 -4.3961999031710353E-4 -8.738469632044342E-5 3.2509114655466495E-4 2.8703654447052466E-4 1.4541785283132719E-4 
0.22474789111795626 5.220618120902766E-5 5.443092202743818E-4 4.325564582950835E-4 -6.577882353957192E-4 -4.744146728154764E-4 -1.2009230471249619E-4 3.090882895287931E-4 -2.5270581362243596E-4 2.7689242914047364E-4 
0.4270060705897004 1.1331071749139327E-4 0.00110099021982476 3.033329326029526E-4 -3.9387492037775773E-4 -4.5300556641057993E-4 -9.098660949371887E-5 3.041831219965562E-4 -2.3018424275450755E-4 -5.691116888096903E-4 
0.5059655043065204 -2.929676229194597E-4 9.786192679793109E-4 2.3878782871783293E-4 -5.217073610133737E-4 -4.726048446118857E-4 -1.2114819440600783E-4 -5.801776867315687E-4 -2.438074686716925E-4 2.555256606453394E-4 
0.14307341074040575 1.379971729539882E-4 9.820907602425323E-4 2.748620471432179E-4 -3.5873145060231744E-4 -4.908225685969188E-4 -1.0633539950413262E-4 3.2054040178005553E-4 2.2452407489706363E-4 -4.172764863329267E-4 
0.20540181753617218 6.88066109562216E-5 5.525857750257241E-4 3.687685593652684E-4 -3.9047556027167263E-4 -6.738775679124441E-4 -1.9763392247919235E-4 3.813908984273935E-4 -2.630200426744674E-4 1.7565660496754958E-4 
0.012496168201826058 1.1334759614334733E-4 9.856324066052466E-4 2.2919989308265904E-4 -4.6659642798894924E-4 -4.7294228027221853E-4 -7.422713932011724E-4 3.2474308727228023E-4 -2.254797908114728E-4 1.406909929626155E-4 
9.709779342187419E-5 1.1339475881155047E-4 6.065144360062457E-4 -0.0033354724302477393 -3.637086069625326E-4 -3.518632026075758E-4 -1.380931712117338E-4 3.5729813774134343E-4 -2.4183564959285938E-4 2.570463506103018E-4 
0.36332253377222384 1.2589918316892988E-4 0.0011326366352672093 3.1998973348265966E-4 -5.203576503413669E-4 -4.509054930889522E-4 -3.1456465628891626E-4 2.990362349705303E-4 2.8420342793719514E-4 -5.975269430887972E-4 
0.4738359292973947 8.921343707378756E-5 0.0011647012485095558 2.316972968352398E-4 -0.002187311524550949 -4.769232962484188E-4 -1.8251934830150796E-4 4.086604308795913E-4 2.611786301159988E-4 2.78316197875133E-4 
0.027695102680354355 2.046735772426753E-5 6.08284834265491E-4 4.9202258425676076E-5 -4.860765222760282E-4 -6.820865105298604E-4 -9.044825613780584E-5 4.2033634399468907E-4 -2.781942905847839E-4 2.8196559590074445E-4 
0.4845417517483529 8.77655889246408E-5 0.0011647012485095558 3.715047326780499E-4 -0.002187311524550949 -2.741536383075178E-4 -1.8258433751618298E-4 4.086604308795913E-4 -2.5090796615229855E-4 2.78316197875133E-4 
0.46860318755721336 8.772624276537328E-5 0.0011647012485095558 3.715047326780499E-4 -0.002187311524550949 -4.811333714142788E-4 -1.8251934830150796E-4 4.086604308795913E-4 2.73497068117423E-4 2.78316197875133E-4 
0.014558727284744638 7.150689603559971E-5 6.052356329302468E-4 1.457788608417146E-4 -0.0021488015674905963 -4.766112884155091E-4 -3.3850527604834685E-4 4.004266112094141E-4 -2.5182527660819957E-4 2.820304358871776E-4 
0.4464102486977292 5.220618120902766E-5 5.715628070725997E-4 4.325564582950835E-4 -5.566092224949293E-4 -4.722507914763123E-4 -1.192739092034477E-4 3.1363131890516717E-4 2.4319503182225637E-4 2.7689242914047364E-4 
0.7318690564386409 2.9323459728388817E-4 0.0011672560331419412 5.001535515264586E-5 -3.918582991943229E-4 -4.6570679048506155E-4 -3.2262987655867504E-4 4.062082937507861E-4 -2.6341134275046957E-4 2.1648887977987892E-4 
0.7765652279852011 9.163658849504762E-5 6.060533676854941E-4 -0.0033545181182860675 -3.6374836802337805E-4 -6.919714096675677E-4 -3.3483731361345383E-4 4.688946417211181E-4 -2.4135838050719398E-4 2.570463506103018E-4 
0.05162035928306331 8.15588929841631E-5 5.927105536737041E-4 2.718505902535053E-4 -0.002214911931052437 -4.5757879647736484E-4 -3.122575119799023E-4 3.150649953920121E-4 -2.443145562581975E-4 2.887634221004385E-4 
0.7781140396787933 9.166922611765964E-5 5.905950410250329E-4 2.142161245225218E-4 -4.287249375363592E-4 -6.972934436475761E-4 -3.352166618117908E-4 4.706570831230564E-4 -2.8339122047873675E-4 2.4882308726278566E-4 
0.05389599929747396 7.264060224694197E-5 5.949770418877382E-4 2.718505902535053E-4 -0.002214911931052437 -4.5718088075195776E-4 -3.122575119799023E-4 3.150649953920121E-4 -2.443145562581975E-4 2.887634221004385E-4 
0.2714260645554632 1.462269660452781E-4 5.548438584791729E-4 3.269449805563637E-4 -3.8609862317199044E-4 -6.729676824019089E-4 -1.7696896109255575E-4 4.0447531981723986E-4 -2.861957993802218E-4 2.038362428902849E-4 
0.0011850241097636771 6.621288403915146E-5 6.083606107986863E-4 5.165641465860985E-5 -4.860765222760282E-4 -6.820865105298604E-4 -3.052126595378688E-4 4.207056950014406E-4 -2.781942905847839E-4 2.8196559590074445E-4 
0.7282452039712154 2.9323459728388817E-4 0.0011672560331419412 2.9784058346868397E-4 -0.0022736915479552866 -3.3176963256400556E-4 -1.2447496460808982E-4 4.062082937507861E-4 -2.882222949772708E-4 2.1648887977987892E-4 
0.7622152877555406 9.166922611765964E-5 4.863447241046304E-4 2.142161245225218E-4 -4.287249375363592E-4 -6.972934436475761E-4 -3.352166618117908E-4 4.706570831230564E-4 -2.8339122047873675E-4 2.5297968223825945E-4 
0.09985552752172623 1.4739982644092233E-4 0.00115360621546632 3.193048782658907E-4 -0.0022004998938739153 -4.631717067858878E-4 -7.22742353501466E-4 2.3648689496875733E-4 2.8405600180488435E-4 -4.172584736918404E-4 
0.6068177193818991 -2.8205432319974004E-4 5.949993639964266E-4 2.939550168620401E-4 -6.277681105357691E-4 -6.704323124781955E-4 -1.2721783390615702E-4 4.6100130779546685E-4 -2.7483890664950744E-4 2.8104010385481513E-4 
0.567930616647115 1.1339475881155047E-4 6.060533676854941E-4 3.743252848866299E-4 -3.6617023242677593E-4 -3.518632026075758E-4 -1.3803697765674301E-4 3.5729813774134343E-4 -2.2279183292732077E-4 2.8334037278992017E-4 
0.5463517010151352 8.949405047125942E-5 4.860399138772747E-4 2.1847144759543964E-4 -5.259664969376936E-4 -2.737741647002597E-4 -2.9209135515303916E-4 4.110461388720977E-4 2.485277971430353E-4 2.784406403801877E-4 
0.42681497969353727 1.360291423192709E-4 0.00110099021982476 2.8059689112590737E-4 -4.773286663305572E-4 -4.5300556641057993E-4 -8.704269541897586E-5 3.0207979035168955E-4 -2.3018424275450755E-4 -5.691116888096903E-4 
0.22474789111795626 5.220618120902766E-5 5.443092202743818E-4 4.325564582950835E-4 -6.577882353957192E-4 -4.744146728154764E-4 -1.2009230471249619E-4 3.090882895287931E-4 -2.5270581362243596E-4 2.7689242914047364E-4 
0.10049140351772759 1.412861113073082E-4 0.0011562051616202302 3.817287754258056E-4 -0.0022005313228424606 -4.981656440785447E-4 -7.368738613508289E-4 3.6646401054587195E-4 -3.022396676820989E-4 4.460336109438392E-4 
0.7083931420764222 1.1374403751843153E-4 4.8568191608053225E-4 2.1663390701813127E-4 -3.35343561813548E-4 -3.536461762415622E-4 -2.821031200669461E-4 3.5807639509504997E-4 -2.7856437377182385E-4 2.5801757945955394E-4 
0.13414967181035586 2.0956332877554676E-4 5.928478219462364E-4 2.2352289388088685E-4 -0.002188019902139699 -4.57609082671248E-4 -1.840084102122099E-4 4.996606711493026E-4 -2.3581676302058096E-4 -3.851357161740764E-4 
0.07275796938493556 2.945361934239984E-4 5.898508564066796E-4 4.234518279037044E-4 -1.9690409334289236E-4 -3.5161006448228505E-4 -3.2262987655867504E-4 3.29691252833011E-4 -2.877664972771841E-4 2.1224827130407085E-4 
0.34327570275551944 7.523604739245754E-5 5.007000204464693E-4 1.7571820603616583E-4 -3.9606258625396354E-4 -4.5965455955930583E-4 -1.841687154223958E-4 4.482584960436106E-4 2.603342576122601E-4 2.8657496856261563E-4 
0.07194905239170062 3.0087502266770835E-4 5.9157393794716E-4 3.8686261501204175E-4 -0.0022004998938739153 -4.918043458925099E-4 -7.22742353501466E-4 2.411704746250538E-4 2.9479855669506584E-4 -4.172584736918404E-4 
0.488073512909877 8.949405047125942E-5 4.863447241046304E-4 2.142161245225218E-4 -4.287249375363592E-4 -6.944434329254646E-4 -2.885491208481104E-4 4.110461388720977E-4 -2.8339122047873675E-4 2.782980896554085E-4 
