1.483507769642376E-17 2.455996735786707E-4 -0.001593291575575455 3.651719334502015E-4 0.0021511569885997455 -5.672395055304544E-4 0.001911023488689527 1.3359843585832563E-4 2.4266882016459325E-4 -1.7370285004966466E-4 
0.998569833852301 2.2958195108021716E-4 -0.0015932412959695581 3.651719334502015E-4 0.0021511569885997455 -5.665779521616483E-4 0.0016804273323830475 4.037739650907343E-4 2.8351452684143307E-4 -2.3184333079924035E-4 
0.998569833852301 2.2958195108021716E-4 -0.0015932412959695581 3.651719334502015E-4 0.0021511569885997455 -5.665779521616483E-4 0.0016804273323830475 4.037739650907343E-4 2.8351452684143307E-4 -2.3184333079924035E-4 
0.5315578508139358 -0.0010970850110331581 -0.0014076804922959986 -4.248753720896287E-4 0.002363235385381714 -5.112533504615083E-4 0.001889583615371187 4.178189522717473E-4 2.339417334569255E-4 -2.1536697378452612E-4 
0.6288076649247645 -0.0011125131107178584 -0.0017513386351618323 3.6788586422785506E-4 0.002217501599952463 -5.677602749091776E-4 0.0017823837977494542 4.1764672135681194E-4 2.834922578224718E-4 -1.377065214633816E-4 
0.03532664402004016 -0.0011546181452885456 -0.001400186817051914 5.390668030211833E-4 0.0023574105714284956 -7.068332355881126E-4 0.0017783897373418293 1.0015089056478708E-4 2.149358837351817E-4 -1.5003782700545617E-4 
0.6560353341803831 -0.0011052011956647404 -0.0014013284002613365 5.483619451008957E-4 0.0022136437485793183 -5.716819507021769E-4 0.001698129265047844 1.7520944602653256E-4 2.3971675494988966E-4 -1.051573582333119E-4 
0.025653482118757412 -0.0011000379207912682 -0.0014039915182108315 7.446131681435968E-4 0.0023791049345637965 -5.506683246983658E-4 0.001748415262178973 1.8466090883642518E-4 2.9828698656307617E-4 1.1181537719691212E-4 
0.421243193196482 -9.83301959773765E-4 -0.0015315332568048006 5.1609303270868E-4 0.002368320459520636 -4.974029746956055E-4 0.0019092367592312435 1.6850454316300837E-4 2.153179981418633E-4 -1.7883437113743304E-4 
0.25950393605184324 -0.0011204586979076227 -0.0013980993965595782 5.375225155076227E-4 0.002385524687848552 -5.134251490048827E-4 0.001757892549587876 1.8848800170044602E-4 2.4027583348716435E-4 -2.343569044272249E-4 
0.23146296560324606 -9.884113518700704E-4 -0.001398371847618157 -5.015126533260402E-4 0.002622413047025193 -4.903626037351937E-4 0.0019078132314381997 4.167977534848768E-4 2.872521301762932E-4 -1.4729498571241283E-4 
0.5518600870134552 -0.001117445259911538 -0.0015914418748661724 4.0462280069081675E-4 0.002211570737234849 -5.036052294057629E-4 0.0019245183022535688 3.9783247488903915E-4 1.750254644886371E-4 -1.374471165399189E-4 
0.21432895118970557 -0.0011531024982455236 -0.0015336888116419883 3.774437679510649E-4 0.00253243725473458 -5.04843956025148E-4 0.0019218929701949735 3.803417150030906E-4 2.3389822285374838E-4 -1.5417103566092876E-4 
0.44117713323804464 -0.0011531024982455236 -0.001400161120351227 3.774437679510649E-4 0.0022421330483615625 -5.046926886768095E-4 0.0019220183599680137 1.3709616476061793E-4 2.3898940438945996E-4 -1.5417103566092876E-4 
0.14791685819622197 -0.0010295326067582826 -0.0015385001938164914 -4.938716999141957E-4 0.0022418172114927228 -5.680340435083043E-4 0.0016965390318773386 1.654670505140981E-4 1.5992711331026257E-4 -2.4289972029453613E-4 
0.9556779181478052 1.7906905073371022E-4 -0.0014041330661796706 -4.623342594084178E-4 0.002199379143107333 -4.7935742725666795E-4 0.0016793567000809645 1.151727408063491E-4 3.206819581520441E-4 -1.7493080958025918E-4 
0.511583421173486 -0.0011535474960341692 -0.0015339613850840312 -4.343313898396043E-4 0.0023923876150529827 -5.04843956025148E-4 0.0019218929701949735 3.8278538259282555E-4 2.720311485361085E-4 -1.498990579150345E-4 
0.0011517488144626442 -9.775983820456996E-4 -0.0013967571791334685 -3.3668609981224603E-4 0.002236544887116855 -4.948593239291734E-4 0.0017733558518488479 1.6227201556054025E-4 -0.002106056950146361 -1.5462216597641112E-4 
0.27858768967269826 -0.0011051171186242464 -0.0014809233973947218 5.391442205247186E-4 0.002201028650841145 -5.507006833881122E-4 0.0018941009226042132 1.8719056637466595E-4 2.718979209322167E-4 -2.2452702025873715E-4 
0.16107127143826755 -9.903095754138487E-4 -0.0015853351171915071 -2.7455862553996905E-4 0.0023593841868280296 -5.222760288520405E-4 0.0017842875272688682 1.8717631566055593E-4 3.228086394534128E-4 -2.2618977512672774E-4 
0.020786402305736418 -0.001097567177048145 -0.0015792766083520347 5.887568425316247E-4 0.0023823117926721625 -7.021963970643284E-4 0.0019474832021748709 1.3418500131814654E-4 2.848928943080032E-4 -2.1880326342760693E-4 
0.4911135644663108 -9.922410021415572E-4 -0.0014039379274408746 4.244003996413118E-4 0.0024970410564463443 -5.002261190329183E-4 0.0016805269108821964 1.5018932365539823E-4 3.497597928586802E-4 -2.239800983826798E-4 
0.4085306949182803 -0.0011475610413674128 -0.0015624005517593923 -5.217922663057341E-4 0.002201639413960088 -5.510482372204619E-4 0.0015238596242728112 4.167521000445751E-4 3.7606569207977427E-4 1.1414707178673365E-4 
0.8796345517280018 -0.0011049090000335255 -0.001388785162791004 5.618098520293669E-4 0.0023856500604526637 -7.027234400894726E-4 0.0017825412623076419 1.8774275652197025E-4 2.724667353320128E-4 1.6377015211223867E-4 
0.006871708291353917 2.2905254125730448E-4 -0.0015908511389933137 3.651719334502015E-4 0.002149641041290025 -5.137353825684699E-4 0.001911023488689527 1.3359843585832563E-4 2.4279294256887858E-4 -1.7370285004966466E-4 
0.04221691631389851 -0.0011042931623469223 -0.0015892885667561298 5.601936568106786E-4 0.002212135370742602 -4.8337706842285186E-4 0.0016859103308526802 1.9372550684710168E-4 2.0015568726780485E-4 -2.2700138200824394E-4 
0.009356218119633886 -0.0010190936936321391 -0.0015336888116419883 3.774437679510649E-4 0.00253219542311664 -5.67845273495005E-4 0.0017735922385227318 3.803417150030906E-4 2.790948282007027E-4 -4.306368838687454E-4 
0.586387472820511 -9.916363755593676E-4 -0.0015279763518740786 5.6798879465199E-4 0.0023594469679620545 -5.657275621781523E-4 0.001778170165831209 1.4219431167325944E-4 -1.1772144814542262E-4 -1.2194108585570422E-4 
0.7253910281873592 -0.0010199932114275374 -0.0013991110032988297 -3.129220490565596E-4 0.002242057746553698 -5.079343118257365E-4 0.0017676752250383202 1.934351462153837E-4 3.319891264169017E-4 -1.5479361464051358E-4 
0.20545443447901107 -0.0011531024982455236 -0.0014136354049031265 3.7006688094419905E-4 0.00253243725473458 -5.04843956025148E-4 0.0019213856096335956 3.6695160743315956E-4 2.4048195555298365E-4 -1.5424492767913237E-4 
0.17032416941761153 -0.0012320170130555408 -0.001593291575575455 3.4966430847283627E-4 0.0021511569885997455 -5.715192365513702E-4 0.0019102781295026483 1.3359843585832563E-4 2.4266882016459325E-4 1.2132864177133391E-4 
0.7480672198703237 3.3181312115916286E-4 -0.001523383912242359 -4.368925014344526E-4 0.0023708693934997326 -5.009803114983826E-4 0.0017521913970981622 1.9338499158126036E-4 2.5335532879001234E-4 -2.2812558938241616E-4 
0.9732415580302558 -0.0011081882012843184 -0.0015914418748661724 3.83971396585132E-4 0.002394659106264943 -5.036052294057629E-4 0.001677513460508994 3.9783247488903915E-4 2.872521301762932E-4 -2.3184785382657883E-4 
0.4709742850371995 -0.0010994980790410191 -0.0014002151605567441 3.8248270854599246E-4 0.002359072519532636 -5.044642315596864E-4 0.0017819138833135796 2.0686835105530042E-4 2.9656862227043693E-4 1.1019350115522265E-4 
0.9382220727076983 -0.0011072818237646033 -0.0015244045211488637 5.722946276052452E-4 0.0023708604030858527 -5.009548898842422E-4 0.0019667400482416774 1.8852096161668398E-4 2.7229327321518437E-4 -2.1773072434851784E-4 
0.375620142076184 2.2958195108021716E-4 -0.0015932412959695581 3.850390782003366E-4 0.0022049961720167215 -5.508526960101739E-4 0.0016804273323830475 4.037739650907343E-4 2.8351452684143307E-4 -2.3184333079924035E-4 
0.17931947226991857 -0.0011058676752320033 -0.0015394571660471111 -4.647188202928586E-4 0.0022418172114927228 -5.217290623132231E-4 0.001696485535771738 3.5158218705498963E-4 2.8641130254419833E-4 -1.4766361905654856E-4 
0.8314809135712872 -0.0010208137911737894 -0.001400209787798566 -2.6940198459425753E-4 0.0022397631131631087 -7.091475195715626E-4 0.0017687850064573105 1.9710570565638453E-4 0.0021281538342775453 -2.462188335443646E-4 
0.337458810900709 -9.909685597161507E-4 -0.0013913075507411225 -3.8881830551927826E-4 0.0025250143637227302 -7.033917504526185E-4 0.0019225862687563924 1.330928171394376E-4 3.411440262337804E-4 -1.6990695303721918E-4 
0.059463862850771446 -0.0010999670608109046 -0.0014003654474383314 7.367246011748864E-4 0.002202019618612387 -5.50708699164095E-4 0.0018904703745894938 1.8466090883642518E-4 2.988392228316342E-4 1.1181537719691212E-4 
0.003392147958441144 -9.84663084935826E-4 -0.0013985633302855765 -4.100703389404299E-4 0.0025616516160610623 -5.219671581567678E-4 0.0017843128662251623 5.794236722669792E-4 2.1537387709511882E-4 -1.4820248028101326E-4 
0.35617283047860293 -0.0011472735360460555 -0.0014748445471305597 6.847520958447996E-4 0.002201840587172458 -6.904343450033153E-4 0.0020839707854119946 4.1854408725364915E-4 0.0018538666423303862 -2.2483547196068825E-4 
0.98246164914717 -0.0010917131552568035 -0.001590623926897655 5.887524852066788E-4 0.002394659106264943 -5.028647415950875E-4 0.001677513460508994 3.9783247488903915E-4 2.872521301762932E-4 -2.3184785382657883E-4 
0.0812925898369587 -9.473044531600752E-4 -0.0014063380102708146 -3.9968528599959173E-4 0.0026345002687980963 -4.903093847079317E-4 0.0019072308814693168 4.1778998608748587E-4 2.947145279463592E-4 -1.472497414027725E-4 
0.19413693785157932 -0.00114791456876134 -0.0014000250288607402 5.741988690956725E-4 0.002245413002013364 -5.073042443455133E-4 0.0017578348801936844 1.4876052541522674E-4 2.3584126458783315E-4 -1.4675425527376672E-4 
0.6811115088815513 -0.0011365644671288738 -0.0014052954657363605 -4.572370063574055E-4 0.002200505916513051 -5.185335217501476E-4 0.0017801763146644794 3.6555630139239006E-4 0.0018284982331124528 9.227164954530843E-5 
0.6178712939583187 -9.840158550995977E-4 -0.0013997333979395186 -2.9944785354965673E-4 0.0022163576363326853 -5.53052183703472E-4 0.001908317105672385 3.7710034010400096E-4 -0.0019676815988998388 1.243346069668458E-4 
0.8469400336943204 -9.828653231735765E-4 -0.001400201262256353 5.624544952012785E-4 0.0021586428168746123 -4.909083563422599E-4 0.0017829616419484577 1.4180295708373088E-4 1.9151083579312968E-4 -1.275972746656589E-4 
0.047926003116364 -0.0010942847655529874 -0.001584638420074631 5.601936568106786E-4 0.002212135370742602 -4.902022460193082E-4 0.001798077948807911 1.341624099521745E-4 2.0015568726780485E-4 -2.2700138200824394E-4 
0.8647258536817464 -0.0011529787564422522 -0.0015325410275640785 -4.572370063574055E-4 0.002201208249374756 -5.099997121721201E-4 0.0017804539990630846 1.155116307874665E-4 3.18300617035077E-4 8.965424992245412E-5 
0.6049792166534291 -0.0011535474960341692 -0.0013889881182111838 -4.343313898396043E-4 0.0023912732492888736 -5.04843956025148E-4 0.0019218929701949735 3.8278538259282555E-4 2.720311485361085E-4 -1.4606822307268764E-4 
0.7832820718248933 -0.0011042931623469223 -0.0015892885667561298 -3.600354613209754E-4 0.002212091673125314 -7.158613489098369E-4 0.0016859103308526802 1.9430730907852586E-4 2.0015568726780485E-4 -2.2926122464703098E-4 
0.13756067643723427 -0.0011531024982455236 -0.001400161120351227 4.0571749297236724E-4 0.0022421330483615625 -5.046926886768095E-4 0.0017035829240137385 1.380085644346228E-4 1.5632050762420937E-4 -2.504502862482479E-4 
0.11684771314603223 -0.001164623148111781 -0.0015453888066091319 3.8188573602570305E-4 0.0022051269930285764 -5.691539606344537E-4 0.0018979544876431772 1.6792519263540348E-4 -0.0022469159685793052 -1.2459067880996616E-4 
0.5785501132506004 -0.0011547157120727811 -0.0013997333979395186 3.931044433507411E-4 0.0022163576363326853 -5.53052183703472E-4 0.001908317105672385 3.9824740979532637E-4 3.0762731923961845E-4 1.243346069668458E-4 
0.7111193288574115 -0.0011538962939931375 -0.0015250602604793707 -4.604337021878055E-4 0.0022018162788247806 -4.9852872882104E-4 0.0019774918403905745 1.915619335851121E-4 -0.0021825286738202674 -2.3816194806256674E-4 
0.3873213998160253 -0.0011150879099681226 -0.001628444078996695 -4.6232911002987734E-4 0.002370128057713394 -7.03877977172143E-4 0.0017800855363298825 5.593869316633949E-4 1.6042509251306693E-4 -2.3046020772553609E-4 
0.7674890164538635 -0.0011188711568484464 -0.0016266217612727722 6.581688639383081E-4 0.002218791551472339 -4.6259581849530354E-4 0.0018984087286876854 1.7848615298270005E-4 1.9830720503323152E-4 -1.3568235921989334E-4 
0.34542237437802875 -9.909685597161507E-4 -0.0013998844456045965 -3.8881830551927826E-4 0.002242057746553698 -5.079343118257365E-4 0.0019134032423147348 1.330928171394376E-4 3.411440262337804E-4 -1.7061033168614328E-4 
0.014525178039646168 -9.84719212181397E-4 -0.0013985633302855765 -4.523949624702074E-4 0.0025607268545918653 -6.934157071243964E-4 0.0017762650456215755 5.744708590377229E-4 1.6768862907846818E-4 -1.4820248028101326E-4 
0.28526402367577786 -0.0010954734200210037 -0.0014785709347649395 5.210078806482521E-4 0.002216868372764802 -5.694011847258354E-4 0.0019112916019385904 1.0642017680950383E-4 2.259200977297451E-4 -1.1570207750224293E-4 
0.1884544944291875 -0.0011445167350297982 -0.0013915452252815628 5.748450925824737E-4 0.002528369619182396 -5.033029746875392E-4 0.0019307408358420794 1.4876052541522674E-4 2.3572956265200377E-4 -1.4605087662484262E-4 
0.9067793668921873 -0.001114946185782817 -0.001411707446084879 6.243744435371741E-4 0.0022307661617554696 -5.23192366514432E-4 0.0019074706768596023 3.66821404037181E-4 2.4031798202623096E-4 -1.4825285361804065E-4 
0.24087343278905826 -0.0011683892514019801 -0.001398371847618157 -5.015126533260402E-4 0.002372119893218216 -4.907685648169449E-4 0.0019048489900885107 4.1676522577711736E-4 3.0205123450005816E-4 -1.4729398667936335E-4 
0.9318877713859008 -0.0011558842843828717 -0.0013976999035462357 -4.2757971968720223E-4 0.0023605457346538646 -4.939728814597577E-4 0.0017672640235637679 1.151727408063491E-4 -0.002267674391123937 -1.7845863801666564E-4 
0.7506158399221323 -0.001033375680458763 -0.0013996802970680053 -4.604373811305358E-4 0.0022158991949197716 -5.009918771761842E-4 0.0019076845020509835 2.003661644670526E-4 2.5316039076814874E-4 -2.2176726916703859E-4 
0.015224106829891407 -0.001097567177048145 -0.0015741373279248893 5.887568425316247E-4 0.0023823117926721625 -7.021963970643284E-4 0.0019055395893244377 1.428640189305775E-4 3.014388747610597E-4 -2.1880326342760693E-4 
0.3167355778572141 3.3181312115916286E-4 -0.0015289438183523024 6.228629067381733E-4 0.0023708693934997326 -5.018658521471836E-4 0.0017504607231277154 1.9344348113516094E-4 2.133446490283974E-4 -2.2812558938241616E-4 
0.45153332700123283 -0.0010295326067582826 -0.0015385001938164914 -5.22145424935498E-4 0.0022418172114927228 -5.680340435083043E-4 0.0019149744678316138 1.6455465084009321E-4 2.4259601007551316E-4 -1.46620469707217E-4 
0.13352082643626612 -0.0010295326067582826 -0.0015385001938164914 -4.938716999141957E-4 0.0022418172114927228 -5.662670339306164E-4 0.0016965390318773386 3.5158218705498963E-4 1.5992711331026257E-4 1.1803104616808598E-4 
0.8939472697824837 -9.903095754138487E-4 -0.0014020817425167303 5.995243705984467E-4 0.0023593841868280296 -4.91342585401792E-4 0.0017820119772348688 1.4274586326614602E-4 3.228086394534128E-4 -2.2147121388880906E-4 
0.30810776145812196 -0.001094352963012004 -0.0013804064106602474 5.976241193862624E-4 0.0023566676297710858 -4.912700134871213E-4 0.001793080853686974 1.340119429072892E-4 3.538994636360272E-4 -1.4878628416931398E-4 
0.24976251630054083 -0.001100698437954669 -0.0014080187130814316 -5.015126533260402E-4 0.002372119893218216 -5.147556629667279E-4 0.0019048881820094813 4.204828897446198E-4 1.702788458876349E-4 -2.2645665877067575E-4 
0.06704184749618569 -0.0010966484731517007 -0.0013859662777883977 4.98595767622763E-4 0.0023724574486741045 -5.657275621781523E-4 0.00176770074777215 3.969717688081488E-4 3.2724069608746216E-4 1.1959229241483451E-4 
0.395210020499739 -0.0011478634421337034 -0.0015783299835441785 -4.007948833723532E-4 0.0025302451965022116 -6.989345328514932E-4 0.0016972019478376822 1.4526011173224813E-4 1.6831567461840293E-4 -2.387603393213705E-4 
0.7229221097289278 -0.001094537365964497 -0.0014748445471305597 5.779993958065448E-4 0.002201840587172458 -6.904343450033153E-4 0.002062024816600356 6.540660550137109E-5 0.0018538666423303862 -2.2483547196068825E-4 
0.10950373159407462 -9.937628167601947E-4 -0.0013981730958090883 -4.5416373205527094E-4 0.0022008714150476886 -7.001130455898384E-4 0.0017801763146644794 1.155116307874665E-4 0.0019419312383133595 9.227164954530843E-5 
0.7980459714887805 -0.001018930857607916 -0.0014002252079712905 6.171434871457504E-4 0.0023608373450760833 -7.031330898497409E-4 0.001767915214838594 1.9018050079788802E-4 2.1606760959412747E-4 1.4178526792397704E-4 
0.7717626147654398 -9.884113518700704E-4 -0.0015883531027548882 -5.271827967977617E-4 0.002224154001999391 -4.903100885063788E-4 0.0019078132314381997 1.942566663268242E-4 2.872521301762932E-4 -1.4740710160420796E-4 
0.9970537493820045 2.4398330265885512E-4 -0.001593291575575455 3.651719334502015E-4 0.0021511569885997455 -5.672395055304544E-4 0.001915620295790146 1.3359843585832563E-4 2.4350286723835528E-4 -1.7370285004966466E-4 
0.32517034322299354 -0.0010966406458546149 -0.001410743135071124 5.368998866479812E-4 0.002228790380503885 -5.004005898144231E-4 0.0019051109455496345 3.813626619019369E-5 2.681429108713594E-4 -2.0664952522841514E-4 
0.0996095905946594 -0.0011020748077480292 -0.0015881743811556716 5.88862913001133E-4 0.002204670204233355 -5.002896599706077E-4 0.001679367170228786 1.1982275103994254E-4 2.531574823982836E-4 -1.494660292921151E-4 
0.09692634308927522 -0.001164623148111781 -0.0015453888066091319 4.047794552574906E-4 0.002202001310628207 -5.680333117030346E-4 0.0018986714258509344 1.6792519263540348E-4 0.0018889947462389554 -1.2459067880996616E-4 
0.12560738975158275 -0.00102702322084761 -0.0014745107247202945 -4.938716999141957E-4 0.002242073732304088 -5.662670339306164E-4 0.0016965390318773386 3.5158218705498963E-4 1.5992711331026257E-4 1.1803104616808598E-4 
0.691053323507124 -0.0011538962939931375 -0.0015250602604793707 -4.604337021878055E-4 0.0022018162788247806 -6.917589650531883E-4 0.00152687334126718 1.915619335851121E-4 -0.0021825286738202674 -2.3816194806256674E-4 
0.5662211190059752 -0.001033375680458763 -0.0013996802970680053 5.366061939829482E-4 0.0022158991949197716 -5.001799427014933E-4 0.0019068795567431756 2.003661644670526E-4 2.8657382531853783E-4 -2.2176726916703859E-4 
0.700919851993558 -0.0010966484731517007 -0.0014024986796322039 4.98595767622763E-4 0.0023690993255813244 -5.657275621781523E-4 0.00176770074777215 1.5147985204358284E-4 3.2724069608746216E-4 -1.2194108585570422E-4 
0.10519789134200491 -0.0011529800989560392 -0.0013978060292860871 -4.623342594084178E-4 0.002204754672333603 -4.7935742725666795E-4 0.0017801763146644794 1.151727408063491E-4 3.194048318055839E-4 7.607841363937046E-5 
0.7936305359072345 -0.0011529800989560392 -0.0013978060292860871 -4.465247315369621E-4 0.0023642118779967454 -4.8423097627615534E-4 0.0017801763146644794 1.151727408063491E-4 3.146491933391845E-4 9.227164954530843E-5 
0.4587953798857918 -0.0010945992009371705 -0.0016387498251217518 -5.550674587368028E-4 0.0022018162788247806 -6.917589650531883E-4 0.00152687334126718 1.915619335851121E-4 -0.0021825286738202674 -2.3816194806256674E-4 
0.302407934318873 -0.0011070260932936346 -0.001589029726919184 5.405218157762087E-4 0.002213328587804926 -5.001799427014933E-4 0.0016807416611348087 1.9357503980221638E-4 3.536668264853333E-4 -2.2400518598991617E-4 
0.667676075678746 -0.0011529787564422522 -0.0015325410275640785 -4.572370063574055E-4 0.002239574790458474 -5.003279838272091E-4 0.0017801763146644794 1.155116307874665E-4 1.9960757807778147E-4 1.1320393471597187E-4 
0.563672498954162 3.3181312115916286E-4 -0.001523383912242359 5.601510736790315E-4 0.0023708693934997326 -5.001683770236916E-4 0.0017513864517903544 1.9338499158126036E-4 2.867687633404014E-4 -2.2812558938241616E-4 
0.29488203977339267 -0.0011172743959764983 -0.0014105309909034755 -3.968379639746704E-4 0.002215009792612649 -5.149133298544396E-4 0.0016926645911195639 1.6874469954539096E-4 1.72305997790623E-4 -1.3773399293355346E-4 
0.05264606069283573 -0.0011042931623469223 -0.001411449788251644 5.601936568106786E-4 0.0022306650258034437 -4.857320824068983E-4 0.0016859103308526802 3.609567203095598E-4 2.0015568726780485E-4 -1.4758787296973694E-4 
0.5003211319454736 -0.0010998587894263739 -0.001405048139702665 5.601936568106786E-4 0.0023637236806913747 -5.032828538581943E-4 0.001798077948807911 1.341624099521745E-4 2.944834115811701E-4 -2.26418080594224E-4 
0.054935916748027114 -0.0011146279070726245 -0.001400186817051914 3.652500383719656E-4 0.0023691839310233842 -7.043805600120424E-4 0.0017783897373418293 0.0012579109864671442 2.1479738904431821E-4 -2.3280105429071657E-4 
0.09182403600161124 -0.001164623148111781 -0.0015453888066091319 3.8188573602570305E-4 0.0022051269930285764 -5.691539606344537E-4 0.0018979544876431772 1.6792519263540348E-4 -0.0022469159685793052 -1.2459067880996616E-4 
0.8095367773785669 2.293187616679628E-4 -0.001596089285602593 -3.285639148008457E-4 0.0022163336366027 -4.960060893537318E-4 0.0018603867396491407 3.485254098145638E-4 2.558242984007739E-4 1.3236245618168966E-4 
0.36656146574885046 -0.0011067860462742867 -0.0014028591823328712 -3.2410450739376836E-4 0.0022202647449172655 -5.749094907704426E-4 0.0017837865216728643 1.969648985260539E-4 -0.0020355057255276392 1.213596173762388E-4 
