0.0 4.1203499685053206E-4 4.978670840557965E-4 -6.172555393400571E-4 3.2463948488012536E-4 5.384500984144782E-4 2.723352744881612E-4 -0.001438163452211316 -0.0012014052097404724 -4.3127814603469085E-4 
0.9985521926603992 3.09777768022005E-4 3.0715468681501265E-4 -6.208436103438296E-4 5.270082936181217E-4 3.4293878210811453E-4 4.670202791145229E-4 -0.0013849765125668937 1.2525207320490618E-4 -4.273498970662714E-4 
0.9456005046160096 4.411975845193338E-4 8.537680325118169E-4 -7.017810883791919E-4 4.210026937019412E-4 4.675307935658135E-4 2.6834340953796755E-4 -0.001404939043610107 -0.0012025044633547364 -4.3826441270947646E-4 
0.052698311225414435 4.150446725746987E-4 9.765873948100765E-4 -6.140102474497203E-4 5.391502582519674E-4 3.335225484620772E-4 2.813026428556284E-4 -0.001404511214551305 2.0837812408500708E-4 -6.939391349091671E-4 
0.2138518315038602 4.137230935641437E-4 8.376515952012613E-4 -6.172711504500001E-4 4.971937772502316E-4 2.2506157198379928E-4 2.7004919658729496E-4 -0.001417156520376062 -0.0012772743878179111 -6.252760762705292E-4 
0.010210707921158135 3.218736759708587E-4 8.43922981502137E-4 -6.945707538978306E-4 4.943848894121797E-4 5.168526456794816E-4 2.739793790047889E-4 -0.0014049750231144502 -0.001191022639079739 -4.375535167229029E-4 
0.35697726501005506 4.4746852335813305E-4 8.537408447265289E-4 -6.108065954282427E-4 -0.0012788755062320969 0.0016797612229131139 3.0943107496993254E-4 -0.0014170516709348718 4.4230821424472524E-5 -6.310583469296772E-4 
0.3377095200222213 4.50658359422676E-4 4.956875018324199E-4 -6.886712934485574E-4 4.960526267832237E-4 5.385081649295024E-4 2.7145557114904536E-4 -0.001438163452211316 -0.001199594191231949 -4.3127814603469085E-4 
0.6977191312763449 4.135799579592285E-4 8.423883212787777E-4 -7.654145784198575E-4 5.079343101359215E-4 -0.0016022268821460767 3.512860559890811E-4 -0.001408856245103567 -0.0013817732816126154 -4.3101315733160787E-4 
0.5594807351322706 4.135360826068657E-4 8.493059485464798E-4 -7.023983417900401E-4 8.347717193884047E-4 6.768447568598259E-4 2.710562958447774E-4 -0.0013865297839271563 -0.001199964945265558 -6.340277977069725E-4 
0.773389154725513 4.1480004967768287E-4 3.0365315229425086E-4 -6.13241570174749E-4 6.437912694241839E-4 -0.00173010983687768 2.695283692894182E-4 -0.0014168730107590728 -0.0012442716918205695 -6.168947164450582E-4 
0.004055809929340404 4.4025883049601805E-4 8.478615190927458E-4 -6.852273654218869E-4 4.597435847212513E-4 5.58377697107361E-4 3.693114374226836E-4 -0.001437341102612906 -0.0012186336703036871 -6.083335045907722E-4 
0.0269332972912861 4.4746852335813305E-4 4.8795012910607123E-4 -6.091033853003779E-4 3.400463275848121E-4 4.3903175207461324E-4 3.0778573834895607E-4 -0.001437474493645184 -0.0012111363894474327 -4.2821318823639754E-4 
0.0654080281675451 4.495287775193239E-4 4.7081290165052104E-4 -6.954021771271774E-4 8.344274496207255E-4 5.038103584837592E-4 2.708225705706338E-4 -0.0013862921420298028 -0.0012181565176897782 -6.986837659238369E-4 
0.6333276938650616 4.120363031529185E-4 4.7786009085003993E-4 -6.849864204371589E-4 2.7209824571538816E-4 2.898917152278093E-4 2.7041220062930406E-4 -0.0014381137792822826 -0.0012841561950298016 -4.3583399092544527E-4 
0.7527899734423548 4.115858616682475E-4 0.001158864612969411 -6.924453655071114E-4 5.402478448006953E-4 2.8789097973227774E-4 2.701402147091309E-4 -0.0014099451373241448 8.40023719197835E-5 -4.3993082978156616E-4 
0.09224986485742276 3.0407345722703073E-4 8.587890591499816E-4 -7.928365845772109E-4 4.0746154474903724E-4 5.152793100395176E-4 3.082081005409779E-4 -0.001436117207264859 -0.0012078376781063977 -4.303728517181445E-4 
0.24692254413418124 4.456406600655545E-4 8.469559013469013E-4 -6.852273654218869E-4 5.264079381559017E-4 5.587072715255233E-4 3.685995566110493E-4 -0.0014372627767785752 1.805175273832158E-4 -4.3436853942940585E-4 
0.5181343302146446 4.1347277421350056E-4 8.307775849178048E-4 -6.978418013346899E-4 4.92317269514596E-4 5.939791342062818E-4 2.723348278956782E-4 -0.0013901622746156376 -0.0013309989803311452 -4.3127755363070165E-4 
0.714092491981032 3.376318447631852E-4 3.0606990803902295E-4 -6.198451522952191E-4 -0.0012822750577880077 -0.0018977238290429877 2.6792892871788115E-4 -0.0014088880925390806 -0.0012173755006186827 -4.2670807412311686E-4 
0.8227348241000203 4.117077237265834E-4 5.039176032434048E-4 -7.856698694502772E-4 -0.0015347388120288416 2.1878738814752488E-4 2.700338784092279E-4 -0.0013874972919599138 -0.0012424743934137362 -6.834905783442175E-4 
0.03646090238220406 4.111991544445715E-4 8.426158589001937E-4 -6.925393492433068E-4 4.08739681719932E-4 6.076791796733618E-4 3.099972770568344E-4 -0.0014063577978507674 -0.00121758453539037 -4.277396641838911E-4 
0.4641789952304383 4.1662255956298407E-4 8.338176917408619E-4 -6.913203699246739E-4 3.396054710661884E-4 -0.0018248361972168015 3.0824105508985727E-4 -0.0014358810143175677 -0.0013252395868547221 -4.272152610373405E-4 
0.12119282050724275 4.1430320688862514E-4 4.715700680671249E-4 -6.859161989255926E-4 4.382587318851951E-4 -0.001747101824114353 3.0060588655761146E-4 -0.0014392083220612995 -0.0012069586225332675 1.5281241010409402E-5 
0.1728352960051288 4.0996881770080293E-4 8.577437734086824E-4 -7.009303796003554E-4 4.3980613949670634E-4 4.376581948204094E-4 3.0065715786684624E-4 -0.0014060649242983044 -0.0012089622549468152 -4.354631305021659E-4 
0.23397430370716624 3.053361592552041E-4 4.7233480534977215E-4 -6.131109565376305E-4 1.4150538788468547E-4 1.1828945881364272E-4 2.682356151384158E-4 -0.001417156520376062 -0.0012772743878179111 -6.230453989251762E-4 
0.30481301635682156 4.414038138718912E-4 4.8397196067494794E-4 -6.960967178648718E-4 6.752843951728778E-4 4.2399495280611473E-4 2.5541206461893385E-4 -0.0013866542440468053 -0.0012809867615124813 -6.885813557753634E-4 
0.4420962430225271 3.082377340969548E-4 8.537408447265289E-4 -6.089837866428988E-4 5.216551893413759E-4 3.2991297902415506E-4 3.0943107496993254E-4 -0.0014170516709348718 4.4230821424472524E-5 -6.310583469296772E-4 
0.503297428039368 4.4746852335813305E-4 8.537408447265289E-4 -6.108065954282427E-4 -0.0012788755062320969 5.134066826968071E-4 3.715421111324576E-4 -0.001417016127755062 1.397429383643103E-6 -4.2578725108386665E-4 
0.19831441015963278 4.1100749735600877E-4 8.571815780176327E-4 -6.198451522952191E-4 -0.0012349188719587329 4.0429292352742066E-4 2.6778787025819864E-4 -0.0014044172284935605 -0.0012173755006186827 -4.3822926335374836E-4 
0.6741398426903421 4.135360826068657E-4 8.493059485464798E-4 -6.12583247090962E-4 4.8367634527171817E-4 4.822114208421418E-4 2.720886135986084E-4 -0.0014290162890449125 -0.001200232800725315 -6.340277977069725E-4 
0.8540623307815738 4.5358465417537054E-4 8.546250557826424E-4 -6.947035331200656E-4 5.112767027108867E-4 3.953458719091607E-4 2.73806904590552E-4 -0.0014059966285909556 8.987869390620924E-6 -4.353013424175941E-4 
0.5818762398318731 4.1225871928325273E-4 8.555647347206748E-4 -6.923974703304248E-4 4.08739681719932E-4 6.076791796733618E-4 2.700091037515978E-4 -0.0014063577978507674 -0.0012223647927082605 -4.277396641838911E-4 
0.22521943100528116 3.1440809851026555E-4 8.546250557826424E-4 -7.63745746106145E-4 5.13805837444908E-4 3.953458719091607E-4 3.0887865264895604E-4 -0.0014375336502061107 1.6408454948523162E-4 -4.353013424175941E-4 
0.32194770698139147 4.385189615533417E-4 4.8397196067494794E-4 -6.961407085679413E-4 -0.001238924014375372 -0.0018359290862084894 2.553415726145169E-4 -0.0013850407158542569 -0.001286776387991984 -6.885813557753634E-4 
0.38487994808994713 4.1187989084736363E-4 8.562401325133516E-4 -6.948152924746772E-4 8.270212526924863E-4 3.691145027043683E-4 3.7127117584350344E-4 -0.0014341614847539095 -0.0012127905530398178 -6.330710405848169E-4 
0.7272150825959788 3.376318447631852E-4 8.571815780176327E-4 -6.198451522952191E-4 -0.0012822750577880077 -0.0019099912566044584 2.6778787025819864E-4 -0.001404444905124928 -0.0012173755006186827 -4.386927112339954E-4 
0.6048226060751215 4.1411958706639724E-4 8.28830297059219E-4 -7.026221562125102E-4 5.429312477513651E-4 6.802194929200667E-4 2.668975932387937E-4 -0.0014060912193860917 -0.0012004136331763163 -6.340277977069725E-4 
0.5317388108232259 3.113258534819777E-4 0.001069612589899723 -6.92745868201844E-4 7.949843864882559E-4 -0.0016977229937659643 2.7147708470703945E-4 -0.0014049750231144502 -0.001174188727861838 -4.406193387778576E-4 
0.13145931790349435 4.1195490895221413E-4 4.755443394795709E-4 -6.859161989255926E-4 5.354283370867102E-4 -0.0017479356902017171 3.573688063689769E-4 -0.0014387676494741302 -0.0013392477488301825 -4.2813180989889426E-4 
0.8405256972308015 3.1301627202998334E-4 8.477847563413957E-4 -6.981731166973131E-4 4.181018946663997E-4 5.420065646119174E-4 2.719997381117802E-4 -0.001746237131451361 -0.001313838484963666 -6.103549788694654E-4 
0.2709736529087285 4.174422683697116E-4 8.534887586390184E-4 -6.298395067373866E-4 5.113653693430724E-4 -0.001932058868596713 2.701001731351749E-4 -0.0014163830018810394 -0.0012442183255530336 -6.095073823310951E-4 
0.39947254664269494 3.3412343655075927E-4 8.431166810308516E-4 -6.194079316229491E-4 4.3366307663442936E-4 0.0015558038940444896 3.1513145553785534E-4 -0.001417641478528486 -0.0014733866151418213 -6.525224369655653E-4 
0.2577951565145923 4.131271720545806E-4 8.47839050412472E-4 -6.080677065632954E-4 -0.0012354759593769206 4.3739900988532443E-4 3.0778573834895607E-4 -0.0014182666894248326 -0.0011998076959266115 -6.146714824198536E-4 
0.4929162307831287 4.1151024346777987E-4 4.7786009085003993E-4 -6.924453655071114E-4 5.410254646082133E-4 4.953571441760923E-4 2.984115462408805E-4 -0.0014349052927791837 -0.0012793473779132113 -4.345499680843491E-4 
0.7874696293730896 3.1367554579576966E-4 3.3750847532407327E-4 -7.879398231629612E-4 5.499556603894331E-4 -0.001895763869131717 2.682717850193522E-4 -0.0013863221999310144 -0.0012430246315972811 -4.2028422458759233E-4 
0.15851964337380228 4.1364543643755805E-4 8.262893881843603E-4 -6.853707363570358E-4 5.349954061965403E-4 4.8770571709412676E-4 2.645644815015413E-4 -0.001389355185989171 -0.0012002422450578453 -6.150667804246642E-4 
0.6524882471251658 4.113571684525414E-4 4.7857902531304693E-4 -6.924453655071114E-4 6.142238072454011E-4 2.892857314938732E-4 3.0148672258252437E-4 -0.0014381137792822826 -0.0012793473779132113 -4.2191967546719496E-4 
0.6790107402632521 4.135360826068657E-4 8.493059485464798E-4 -7.104258749107167E-4 4.7726823836913534E-4 6.768447568598259E-4 2.710602826386919E-4 -0.0013865297839271563 -0.0012002397076568481 -6.340277977069725E-4 
0.0032175620615206013 4.8717992021290806E-4 8.560827856479039E-4 -6.964925424454043E-4 8.26474368266208E-4 0.0012823535292246489 3.6949391893721347E-4 -0.0014490439848753496 6.617223434908959E-5 -4.3556433494188997E-4 
0.4551812045273373 4.4090521514939657E-4 8.499460354683863E-4 -6.125560037995689E-4 5.038381253652923E-4 4.7552275522668634E-4 2.712265896257936E-4 -0.0014391365980924524 1.0231634789915954E-4 -4.415071558079748E-4 
0.07518404160015323 4.3840037963089343E-4 9.963752392017386E-4 -6.117843887465104E-4 5.435267288100169E-4 2.931587231790842E-4 4.0602569390123136E-4 -0.0014346655938853952 -0.0012189332386163027 -6.484255653840318E-4 
0.3673370204341483 4.115858616682475E-4 0.001158864612969411 -6.924453655071114E-4 5.443849692943132E-4 2.8789097973227774E-4 2.7247233295928726E-4 -0.0014194296495219103 8.40023719197835E-5 -4.3993082978156616E-4 
0.9180271804526413 4.414236696114719E-4 8.571299682489542E-4 -6.852273654218869E-4 -0.0013327163258264234 3.129122545548384E-4 2.7013773154116406E-4 -0.0014049359533494028 -0.00126860683141727 -6.312161708425541E-4 
0.9680707186716132 4.4132347648472004E-4 8.533704919509428E-4 -6.852441756052632E-4 2.7178411438895E-4 4.967671365731152E-4 2.7013773154116406E-4 -0.0014049830871223643 -0.0012108853677058444 -6.294622325628993E-4 
0.4318846598111443 4.4727406271600605E-4 5.201673338777659E-4 -6.841501623325331E-4 -0.0012823597583483475 0.0016797612229131139 3.0943107496993254E-4 -0.0014178591029059293 4.422904119520434E-5 -6.3446031257453E-4 
9.124928548694816E-4 4.1203499685053206E-4 8.373086461826145E-4 -7.97272381590027E-4 4.825615010998946E-4 3.9144378930861223E-4 3.4046423808459486E-4 -0.0014406250143125592 -0.0012128967479393855 -4.290322192297769E-4 
0.4057301805068031 4.491465383324317E-4 4.562937582022274E-4 -6.181341329921788E-4 4.210026937019412E-4 1.689850567087478E-4 2.6834340953796755E-4 -0.0014170900551301235 -0.0012025044633547364 -6.493476595533336E-4 
0.13959959635597985 4.1432375781355466E-4 0.0027254837112475846 -6.10487624006433E-4 6.189318202967524E-4 -0.0019052241803428594 4.104536551822259E-4 -0.0013857953006313252 -0.001218002333035852 6.518133540880618E-6 
0.5954884489946018 4.140144484428126E-4 0.0010597787835254237 -6.948673326641505E-4 6.562793494147003E-4 7.112015146946096E-4 4.013743767033078E-4 -0.001417063665328858 6.196178751810967E-5 -6.68565123134294E-4 
0.8739424533394622 4.5570484514895145E-4 4.603708942013936E-4 -6.94891604515561E-4 4.210026937019412E-4 3.9137057982021456E-4 3.8873443992001503E-4 -0.0014050562185584927 2.7178271662533062E-5 -4.372735585392631E-4 
0.04724186104608341 4.3925287766504324E-4 8.499460354683863E-4 -6.180125516116564E-4 -0.0013436547613651442 -0.0015479571879765622 3.130282084996654E-4 -0.001417149130332293 1.017745387458188E-4 -6.300152533396751E-4 
0.9281745492010564 3.0984592854659026E-4 8.475885503177608E-4 -6.847708027225509E-4 -0.001399483991259375 5.293469563912021E-4 2.6848690545724213E-4 -0.001760195573834271 -0.001317346991076991 -6.146813443149507E-4 
0.3267868009980399 4.172849345798999E-4 8.372034690093904E-4 -6.844301269631096E-4 4.77325023426607E-4 4.6486043848798354E-4 3.540868475456841E-4 -0.001438818927467614 -0.0012028550097325633 -4.4150166748118546E-4 
0.2854118980227327 3.141796070634098E-4 8.586208978277581E-4 -6.974802157152872E-4 4.1051522935471607E-4 5.781555137213002E-4 3.085406852091306E-4 -0.0014042874868674382 1.5794613045934716E-4 -4.3018272574608376E-4 
0.5415667564950404 4.4746852335813305E-4 8.47839050412472E-4 -6.210314626237957E-4 -0.0012354759593769206 4.425073896766051E-4 3.0778573834895607E-4 -0.0014182666894248326 -0.0012111363894474327 -6.146714824198536E-4 
0.6512723825919751 4.115858616682475E-4 4.875534780432488E-4 -6.924453655071114E-4 5.36003350323399E-4 2.892857314938732E-4 3.556682277971541E-4 -0.0014405837650190334 -0.001278618535250719 -4.345499680843491E-4 
0.376519162694322 3.3731509256474735E-4 8.431330069838723E-4 -6.820254209557335E-4 2.707055663012342E-4 0.0015391898772924482 2.711345088203162E-4 -0.001405625401003303 -0.0014737734957677021 -6.525703517641054E-4 
5.489442881669929E-4 4.896563276099975E-4 4.6303494570233336E-4 -7.977279479837628E-4 5.394468896889641E-4 4.403112692197545E-4 3.4077819172715983E-4 -0.0013856797796069356 6.26339905342386E-5 -4.319389833963558E-4 
0.5498714221182652 3.351640607647039E-4 5.155737122721391E-4 -6.858240988156567E-4 -0.0015162835568376869 2.728073115357279E-4 3.4727139834982124E-4 -0.0014182615060933219 0.0011719719875190123 -4.1874097592745063E-4 
0.41798669083431333 4.3879517585298036E-4 8.572608988585765E-4 -6.95632617002522E-4 -0.0012995642579129892 3.065258729361549E-4 3.094146831338924E-4 -0.001417073061603966 -0.0012169622553669874 -6.312070187983126E-4 
0.19169087469440788 4.411975845193338E-4 8.538192156147614E-4 -7.002864119722903E-4 4.210026937019412E-4 4.675307935658135E-4 2.6834340953796755E-4 -0.0014046483841540036 -0.0012025044633547364 -4.3826441270947646E-4 
0.8106732842198701 4.40343724099242E-4 8.47809436234571E-4 -6.85251095328458E-4 5.348628566431135E-4 5.58377697107361E-4 3.1970641657744664E-4 -0.0013866542440468053 -0.0012873351935391254 -6.083335045907722E-4 
0.08223744461886048 4.495287775193239E-4 4.7081290165052104E-4 -6.954021771271774E-4 8.317176136351471E-4 5.213646379692552E-4 2.7082006676885906E-4 -0.0013862921420298028 1.893011306179237E-4 -7.008886666080588E-4 
0.1808692113401421 4.124134554535085E-4 8.534887586390184E-4 -6.264511160959246E-4 4.956607048045816E-4 -0.001932058868596713 2.6524209206429223E-4 -0.0014163830018810394 -0.0012445471027549713 -6.095073823310951E-4 
0.6204571453151566 3.267436180868997E-4 8.523589320616801E-4 -6.118531420117203E-4 6.249704419022204E-4 -0.0019052241803428594 4.104536551822259E-4 -0.001442811123846916 -0.001218002333035852 -6.042053780794383E-4 
0.1008344023122536 3.271520964496821E-4 8.584990365114034E-4 -6.84267283560227E-4 6.478641648327551E-4 -0.0015348486829175959 3.416483367238185E-4 -0.001439353763550358 -0.0012004955668204976 -6.094712625064068E-4 
0.9011965010435491 3.1367554579576966E-4 3.3750847532407327E-4 -7.871677504501268E-4 -0.001276133042987557 3.4009706510031634E-4 2.699142111453229E-4 -0.001404172431644328 -0.0012430246315972811 -4.2028422458759233E-4 
0.48186539180507637 4.4746852335813305E-4 8.47839050412472E-4 -6.090860164218679E-4 -0.0012354759593769206 4.3739900988532443E-4 3.0778573834895607E-4 -0.0014182666894248326 -0.0012111363894474327 -6.146714824198536E-4 
0.04297010184249029 3.134535238838666E-4 8.678835534161188E-4 -6.93749179690059E-4 6.382506481785516E-4 2.2466406119586702E-4 2.674962228491555E-4 -0.0013895876169316833 -0.001241638181783502 -6.805577617288351E-4 
0.7964980346616298 3.1332974417102975E-4 4.7149063152212266E-4 -6.954578574513598E-4 5.499556603894331E-4 4.304337027288823E-4 2.6862164789636213E-4 -0.0013863221999310144 -0.0012417653467352687 -6.820345356108948E-4 
0.14784434624164117 4.1516479794464155E-4 8.262893881843603E-4 -6.127796735960263E-4 5.389439927553686E-4 4.8725662581090775E-4 2.682154684902715E-4 -0.00138516964069493 -0.001243434561961291 -6.16786929901802E-4 
0.14497912881969743 4.4948005450980567E-4 4.567492085330027E-4 -7.748757448677439E-4 4.970808111423205E-4 5.038103584837592E-4 2.708225705706338E-4 -0.001389384851771189 -0.0012181565176897782 -6.986837659238369E-4 
0.11245783871159556 4.1429782895342613E-4 8.579428352825646E-4 -6.14625172227055E-4 6.800041083642645E-4 5.638940002413481E-4 3.57913981921866E-4 -0.001409939586864034 -0.001340601345909652 6.5896808962730774E-6 
0.48186539180507637 4.4746852335813305E-4 8.47839050412472E-4 -6.090860164218679E-4 -0.0012354759593769206 4.3739900988532443E-4 3.0778573834895607E-4 -0.0014182666894248326 -0.0012111363894474327 -6.146714824198536E-4 
0.01229072025962985 3.218736759708587E-4 8.437253906487363E-4 -6.945707538978306E-4 4.909370309850822E-4 5.179927744284882E-4 3.9034178159542656E-4 -0.0014049750231144502 -0.001191022639079739 -4.3808531597244017E-4 
0.267450179791175 3.289542525519188E-4 8.539802280889177E-4 -7.675102713552136E-4 5.113653693430724E-4 -0.0019973568196599224 2.704282726367191E-4 -0.0014370050907083567 -0.0012440170989336087 -4.353013424175941E-4 
0.887413569005864 4.099965566854005E-4 8.43922981502137E-4 -7.010606502477288E-4 -0.0014695591192999437 -0.0017846951532008424 2.7031374775469773E-4 -0.0014049281255607744 -0.0011907567512471498 -4.381662401711933E-4 
0.15754109352159612 4.503755378545935E-4 4.946927432328645E-4 -6.843783020961694E-4 -0.0012745075249062797 -0.0018508948013958276 4.0511567595882656E-4 -0.001438355553279387 -0.0012189113651623034 -6.33333261181013E-4 
0.4229800232279025 4.414038138718912E-4 8.575231952947259E-4 -6.960967178648718E-4 6.128458760987011E-4 4.2399495280611473E-4 2.554437865434543E-4 -0.0014171763004568467 -0.001218207579877641 -6.885813557753634E-4 
0.019359315360905877 4.1203499685053206E-4 4.93450624921259E-4 -6.208904280333775E-4 5.009072929673098E-4 3.5538533948690576E-4 2.634067838498634E-4 -0.0014169509878953833 -0.0012119178820232264 -4.3135168604797826E-4 
0.9801862387810774 4.4117163279722263E-4 8.537683539849171E-4 -7.061046541966665E-4 4.214024371373736E-4 0.0016875787308673269 2.663894303802259E-4 -0.0014172118865119628 4.4230821424472524E-5 -6.310583469296772E-4 
0.7401011039852188 3.397515194617571E-4 8.47839050412472E-4 -6.080677065632954E-4 -0.0012828321452061954 -0.0018768851702465545 3.0778573834895607E-4 -0.0014182943660562 -0.0011998076959266115 -6.151349303001007E-4 
0.6218860992499337 4.3922108061731626E-4 9.983255594788495E-4 -6.957008781967693E-4 4.766978944530544E-4 3.455418758544441E-4 3.0849205963128174E-4 -0.0014356744871626467 -0.001203977545023121 8.398066723824176E-6 
0.03990792466792728 3.149249569766661E-4 8.723538712269498E-4 -6.869259447518508E-4 4.8022069525897805E-4 -0.0019235427225074955 3.9381658909041616E-4 -0.0014194556501056978 -0.0013583417791679802 -4.221201639012545E-4 
0.5849704701791351 4.1220586242220577E-4 8.544528659469558E-4 -6.831596542748635E-4 -0.00131055131421933 3.095300769958302E-4 2.701313203956429E-4 -0.0014332102748423454 -0.0012809969934244553 -4.3537534313044013E-4 
0.295109338555728 3.126434162059555E-4 8.163799041029954E-4 -6.778136930660196E-4 -0.0013198609467681495 2.3781780751761167E-4 2.680643983632974E-4 -0.0014182623374697837 -0.0013177289542739645 -6.871049478726261E-4 
0.8472281402745137 4.4025883049601805E-4 8.478615190927458E-4 -6.852273654218869E-4 4.597435847212513E-4 5.58377697107361E-4 3.693114374226836E-4 -0.0013855518642776161 -0.0012186752892151171 -6.083335045907722E-4 
0.8043003087382299 4.414236696114719E-4 8.571299682489542E-4 -6.859994381347213E-4 4.933723775505665E-4 -0.001922948679677195 2.6849530541519335E-4 -0.0013870857216360896 -0.00126860683141727 -6.312161708425541E-4 
0.10368451115811284 4.142397783656559E-4 8.537680325118169E-4 -7.017810883791919E-4 4.392486540497221E-4 -0.0017521320379573812 2.6834340953796755E-4 -0.0014403129259034583 -0.0012025044633547364 1.2597368466263023E-5 
