0.9998705324815056 -2.4421835002351858E-5 -0.0015635220901692342 0.0012988845061953941 5.899168589930725E-7 -1.902724346712909E-4 -1.8004247958615735E-4 0.002118832878410316 -5.485480930578514E-4 -0.0013981180300568436 
0.9998705324815056 -2.4421835002351858E-5 -0.0015635220901692342 0.0012988845061953941 5.899168589930725E-7 -1.902724346712909E-4 -1.8004247958615735E-4 0.002118832878410316 -5.485480930578514E-4 -0.0013981180300568436 
0.0 7.944944941623836E-5 -0.0014664627620934022 0.0013340718625119798 8.609622583415831E-5 -5.751493383346819E-6 -3.114402683348037E-4 0.0018779461187370962 -5.359251313804648E-4 -0.0011033152295569712 
0.7722848629299099 -1.914502545576784E-4 -0.0015887819254770629 0.0013396573014974617 -5.685403489290866E-4 3.440439188618765E-5 0.0011569973868094494 0.001988101311736596 -3.128344465096201E-4 0.0028755181965550293 
0.593519064992133 -1.8568551793696783E-4 -0.0017677712579646397 0.0014294004067783243 -5.729598512939914E-4 8.904897229714184E-4 -2.885348782540211E-4 0.0023385564961749122 -3.335470099276729E-4 0.002850436033935399 
0.013511031303748575 8.660631637805746E-5 -0.001758931824727775 0.0013526912577159975 -2.3612027433846645E-4 1.2289292436276004E-4 -1.8451129614609275E-4 0.00228993685209729 -6.78501425718379E-4 0.002922586719403668 
0.6232227113053325 5.958720828008198E-5 -0.0015655496021679933 0.0013807404159623838 -2.499047307552355E-4 6.0364720192708686E-5 -3.3671098612693883E-4 0.001984702318223574 -3.309824415288156E-4 -0.0013008331909806724 
0.38055762071020843 -2.1305683172648566E-4 -0.0014572841533405214 0.0013366189936241247 -3.80746929318463E-5 -3.6525700410965474E-4 -1.5525900359830873E-4 0.0019805460867278377 -3.31675396677097E-4 -0.0012167596801577036 
5.845866397438688E-4 8.693238159910694E-5 -0.001554764454788601 0.0013335893627213326 -1.986706691209085E-5 2.93425442769613E-4 -1.7951976654166874E-4 0.001873811525461565 -7.028527447135676E-4 -6.179566343358243E-4 
0.3242821728905374 8.472680500020533E-5 -0.0015662531590733889 0.0013363293187610074 -8.79096065224295E-6 -3.73068395562093E-4 -1.7628759634099E-4 0.001984727296583845 -3.3098575459779E-4 -0.0012782333672748667 
0.03878572424240795 8.461547272107842E-5 -0.0018486897493303397 2.92693007792122E-4 -7.34092571088999E-6 2.8774901855859055E-5 0.00122513511592998 0.002135360732753613 -3.283545372870239E-4 0.003057050814119733 
0.7417994727102374 0.0022272653539159503 -0.0017642432950364636 0.001333496288124207 6.728988412824506E-5 1.531021765260882E-4 0.0011570367212846466 0.001982892468906541 -6.934328228661794E-4 0.0028004574191139897 
0.055288541400634966 2.270266947007481E-5 -0.001474267546211219 0.001351800135160649 6.243305201409751E-5 1.8243970200319641E-6 -1.4066323851960093E-4 0.001980075100479466 -6.933975598046517E-4 0.0028004653004523364 
0.9192832837333931 8.804941661786673E-5 -0.0014586114861517424 0.0013463273852094746 -1.9983069549787548E-5 6.285801982977889E-5 -3.064946857960977E-4 0.0019959667587873724 -3.3264372053406203E-4 -0.0013389813089201583 
0.2325224562147556 9.242664452582679E-5 -0.0015659807250382356 0.0013564634648115738 -2.5071909933729495E-4 6.118100221617616E-5 -1.3274901275391634E-4 0.00212071786477902 -3.4215987948713414E-4 -0.0014250336439279986 
0.8663155992821028 8.804941661786673E-5 -0.001460692808169412 0.0013463273852094746 -1.9983069549787548E-5 6.285801982977889E-5 -1.8399615247409476E-4 0.0019959667587873724 -4.100371509366756E-4 -0.0012349787796070624 
0.006220710429860166 8.660631637805746E-5 -0.001755990627700918 0.0013528330368031704 -2.3612027433846645E-4 1.2289292436276004E-4 -1.8021625911760712E-4 0.00228993685209729 -6.892341356092288E-4 -4.792262624220129E-4 
0.01785428465551822 8.014828712565728E-6 -0.0017860204704231654 0.0012983592761351087 -2.3474252988209775E-4 1.2178763163410234E-4 -3.108168105578855E-4 0.0019826024206199364 -4.23004179490526E-4 -0.001099957080767569 
0.9425750384887452 8.637652274558238E-5 -0.0014573584278214703 0.0013463415338591477 -2.205088424891785E-5 2.330115339283234E-4 -1.587672907414516E-4 0.0019770340579853885 -4.1099469000772183E-4 -0.0012234654068409706 
0.06349839003781722 7.964488216421566E-5 -0.0017793377720195123 0.001333682797737967 8.603148268934673E-5 5.7235320394439945E-5 -2.8725066685437127E-4 0.001997059522821532 -5.36202596626181E-4 0.0025338503345101056 
0.003210127564441778 8.693238159910694E-5 -0.001554764454788601 0.0013335893627213326 -7.433855705823078E-6 2.93425442769613E-4 -1.795489459625021E-4 0.001873811525461565 -6.973668382827101E-4 -6.253724814113018E-4 
0.4302009557560186 8.994118612260784E-5 -0.0016574741180259255 0.0013170647905961855 -9.243590460393246E-6 -3.8579869489995113E-4 -1.7980472068037707E-4 0.0019847404423154447 -5.470753514065667E-4 -6.166684035540651E-4 
0.8451150004612482 8.60814217656519E-5 -0.0017810960062135438 0.0013781977271900537 -1.8189892172854716E-5 3.1322828249901206E-4 -1.6770668003242338E-4 0.001985330421340579 -3.502082403416754E-4 -0.001310583223974298 
0.13964306629781498 9.88566931807055E-6 -0.0015779169952860046 0.0014294004067783243 -1.367086979735944E-4 8.904897229714184E-4 -2.9818147647916733E-4 0.0023385564961749122 -3.331600161919128E-4 0.002852355103963794 
0.33930900173867806 9.838432033956061E-6 -0.0015804897924909112 0.0020145132453198 -3.849523517628981E-5 -2.1861439672538554E-4 -3.2308792496419617E-4 0.0021125585663897177 -3.290181060909763E-4 -0.0015780851877417743 
0.9079918630746049 8.804941661786673E-5 -0.001461463377484914 0.0013463273852094746 -1.9983069549787548E-5 6.285801982977889E-5 -1.5924535802716393E-4 0.0019959667587873724 -4.1052369065348545E-4 -0.0013389813089201583 
0.26659600098587033 8.699871862856945E-5 -0.001433430498555977 0.0013224907140424896 2.9528699986781747E-5 -7.482024023584619E-4 -2.99051610212268E-4 0.002203801745821625 -5.195654462132073E-4 -0.0014641694790737479 
0.6702116537106547 5.798200181877888E-5 -0.0015571405094713985 0.001312048378732242 -1.0823819168828891E-5 -1.5520517511722915E-6 -1.649078088942977E-4 0.0018808371194400544 -3.0714008834069545E-4 -0.0012776541015396682 
0.9653076145894905 8.790096994855662E-5 -0.0014636139008137815 3.24541840279181E-4 -1.9983069549787548E-5 -2.318611809977538E-6 -1.5912092954866185E-4 0.0019776344421516137 -4.102044100275754E-4 -0.001282022350767236 
0.16934985432078742 6.357671166985273E-5 -0.0015722444461867776 0.0013329873353700762 -2.3449445628363893E-5 5.371202207982189E-5 -1.5647978901690108E-4 0.002143857906449185 -3.54658071192754E-4 0.0027895799223374763 
0.07158721376587529 8.797156130381997E-5 -0.001780575938296971 0.0012982250091482675 -2.3386967221370348E-4 1.29420350105749E-4 -1.361178429793005E-4 0.001982710719519447 -4.3017089110328834E-4 0.0028610033507696937 
0.7916410100733828 8.547351158256947E-5 -0.0016605402620856683 0.0013538506319680191 -3.562689380365025E-5 -2.0654858223761964E-4 -1.7627662660972212E-4 0.001766318557250984 -3.501952311802021E-4 -0.0010582616555014925 
0.029719855232865793 1.0583221990355714E-5 -0.0017845722919568343 0.0013518920775864463 -2.6629624455723987E-4 -1.95983043470298E-4 -1.7661437474270867E-4 0.0017597586215382956 -5.373405357733631E-4 -0.0010995600744998038 
0.5539007599699001 2.204272420673076E-4 -0.0018223324717228373 3.9204436235446965E-4 -2.6471414081510276E-5 -2.1211952057380884E-4 -3.3456881047610033E-4 0.0018153784388524172 -5.21861057889117E-4 0.002797281233951124 
0.5709403103253693 8.703414994912098E-5 -0.0016540748806221852 0.0013341356034905771 -2.4403823526522472E-4 -2.2770549861555884E-4 -3.35576788068786E-4 0.001984702318223574 -3.309824415288156E-4 0.002793042715714698 
0.2047362601320431 7.964488216421566E-5 -0.0014680692021372525 0.0013337391367568784 8.603148268934673E-5 5.925046926466949E-5 -2.8725066685437127E-4 0.001997059522821532 -5.36202596626181E-4 0.0025338503345101056 
0.6534488004359352 -1.9255471503183168E-4 -0.0016614946015589091 0.0014331779027664852 -5.869847598934784E-4 3.440439188618765E-5 0.0012235521603639584 0.0021364967368728894 -3.128344465096201E-4 0.0028755181965550293 
0.15048053945420375 8.743184857416535E-5 -0.0015674557799901672 0.001336683057809579 -2.3462014302511855E-4 -2.130137550278479E-4 -3.06487374602635E-4 0.0022846523009821527 -3.327107386047124E-4 0.0027365259809781165 
0.6925734692221559 1.6237548841727616E-4 -0.0016939400095493907 0.0013353815963892907 -5.145863802664408E-4 -1.7249895480849406E-4 -3.062163259527352E-4 0.0019809474540169163 -4.248331050152137E-4 -0.0017687754512679568 
0.800102976652395 -2.426203856516756E-5 -0.0015632823276228393 0.0013366561699748015 -8.957377370134886E-6 -1.3956900804676836E-4 -1.787288180256082E-4 0.0021394259994714734 -3.3816028213163137E-4 0.0028986323320391865 
0.08778708614879316 9.043690966788897E-5 -0.001782567109693886 0.0013342622264463431 2.5320569182150313E-5 -2.391548609014024E-4 -1.5516065582845719E-4 0.0019763191801776547 -3.041009418870628E-4 0.002793425065653955 
0.2574717254146053 2.204272420673076E-4 -0.001830628904131691 4.1700005337478273E-4 -2.473648151024985E-4 7.880867141960666E-6 -1.7305545731867422E-4 0.0021919120642473213 -5.222291954357888E-4 0.002797281233951124 
0.8225510455527644 8.657797205672275E-5 -0.001587827586003822 0.0013538506319680191 -1.7182482839258402E-5 -2.0654858223761964E-4 -1.7627662660972212E-4 0.0017672314638316055 -3.501952311802021E-4 -0.0010582616555014925 
0.8210739994473087 -2.426203856516756E-5 -0.0015632823276228393 0.0013366561699748015 -4.0241760810246004E-5 -1.3956900804676836E-4 -1.2541821869858433E-4 0.0021380614387551604 -3.3813799077189223E-4 0.002855833104900564 
0.7052317445318819 7.74834276694693E-5 -0.001658560359445198 0.0013139650798110576 -2.5212412817944877E-4 -2.0744838103449025E-4 -1.8056237881872812E-4 0.0019774950688920883 -3.2529081291997553E-4 -0.0013626657058510069 
0.48616760801705916 1.4953521369390888E-4 -0.0017858718803191668 0.0013327539487110014 -5.680197883720928E-4 -4.628917709232955E-4 -8.915995209385831E-4 0.0021168018998654935 -6.783817345668191E-4 -0.0014979292384995468 
0.12383487116139597 8.658353370335636E-5 -0.0018159011255340935 5.181690830415786E-4 -1.3960298698129163E-4 -2.422150903595852E-4 -8.811267503895683E-4 0.0021164823268774897 -7.022673618714677E-4 0.0027838778261183865 
0.34855792373485367 8.017249366472073E-6 -0.001572910582683013 0.0013321280460418157 -8.79096065224295E-6 1.1913451967552341E-4 -1.8146867728826747E-4 0.001982608610973206 -4.1860690731804553E-4 -0.001226507422949948 
0.13138260159801884 -1.9062171266276659E-4 -0.0014665950783697309 0.0014318802639742773 -5.685403489290866E-4 3.231022392731672E-5 0.0012235641925401827 0.002128844850802289 -2.882536526450218E-4 0.0028755181965550293 
0.8878054954341894 8.660631637805746E-5 -0.001758931824727775 0.0013526431295365093 -1.1090185542578606E-5 1.2667703211927778E-4 -1.8451129614609275E-4 0.0022931607771971034 -6.78501425718379E-4 0.002922586719403668 
0.39725210931244725 -6.306923525692247E-5 -0.0018212017605438195 0.001333782349592829 -1.8010525279823102E-5 2.931281554933694E-4 -1.7951976654166874E-4 0.0019524617048529787 -7.028527447135676E-4 -6.179566343358243E-4 
0.5805931376791356 6.76976182393523E-5 -0.0016394632710709503 0.001349454714502001 -7.837480798711265E-6 -4.628917709232955E-4 -8.915995209385831E-4 0.0021204150305507274 -4.062110811899395E-4 0.0027924358082678344 
0.7391687821926018 0.0022272653539159503 -0.0017652436124507833 0.001333496288124207 -2.501227249388918E-4 1.531021765260882E-4 0.0011595714406397732 0.0019753319701678687 -6.934328228661794E-4 0.0028004574191139897 
0.3089621220025226 7.410765613895403E-5 -0.0014620828200714012 0.0013531321964480566 -2.824033883788824E-4 -1.290146573026316E-4 -3.1078919403734257E-4 0.001980567896256644 -3.322316312625709E-4 0.0027845741193962114 
0.4987111577194123 6.783143010288492E-5 -0.0017849621762054454 4.8401302615727707E-4 -7.837480798711265E-6 -4.628917709232955E-4 -8.915995209385831E-4 0.002116837295664963 -4.098476760341497E-4 0.0028505351273906635 
0.5387155430710932 8.857140735854035E-5 -0.0017810351788297527 3.175790671832942E-4 -2.744705167265453E-4 -1.959984980875054E-4 -1.3210306023058463E-4 0.001978033610797082 -3.2835159654821843E-4 0.00305894914144626 
0.9532747154329255 3.0805491494496646E-5 -0.0017648314784447883 0.001333496288124207 -2.1043061524260026E-5 6.075924025407756E-6 -9.704011520892091E-5 0.0019776224183936054 -3.124854004734145E-4 0.003013728141820917 
0.8895057721667414 8.804941661786673E-5 -0.001461463377484914 0.0013459533699999413 -1.9983069549787548E-5 3.0181513380407663E-4 -1.792940118292914E-4 0.0019959667587873724 -6.951753351310569E-4 -6.30309628597962E-4 
0.6786000831392415 5.958720828008198E-5 -0.0015655496021679933 0.0013807404159623838 -2.9393039392760715E-5 -2.7759489967331635E-4 -3.3671098612693883E-4 0.001984702318223574 -3.309824415288156E-4 -0.0013008331909806724 
0.278425925839884 -2.0635461656379054E-4 -0.0014712940228138072 0.0013459491359781612 -2.216991055430624E-5 2.5087084298854175E-4 -1.5924535802716393E-4 0.0021261946947298683 -4.1099469000772183E-4 -0.0011517750208488134 
0.21673234391826 -1.8568551793696783E-4 -0.0015779169952860046 0.0014294004067783243 -1.367086979735944E-4 8.904897229714184E-4 -2.9818147647916733E-4 0.0023385564961749122 -3.331600161919128E-4 0.002852355103963794 
0.8532787764528359 8.60814217656519E-5 -0.001780449092250895 0.0013781977271900537 -1.8189892172854716E-5 3.1322828249901206E-4 -1.6770668003242338E-4 0.001985006112720047 -3.502082403416754E-4 -0.001310583223974298 
0.11565070545905468 8.658353370335636E-5 -0.0018165480394967425 5.000262267032143E-4 -1.3960298698129163E-4 -1.4489519550257428E-4 -8.811267503895683E-4 0.0021168066354980224 -7.022673618714677E-4 0.0027838778261183865 
0.5239880286953524 3.0805491494496646E-5 -0.0017648314784447883 0.001333496288124207 6.734911027029208E-5 6.075924025407756E-6 -9.704011520892091E-5 0.001982892468906541 -3.124854004734145E-4 0.0028004574191139897 
0.2460225560389027 1.5095292245912941E-4 -0.0014260865820952045 0.0013325018654056764 -5.592235990153281E-4 8.819562032025833E-5 -1.5309079549268327E-4 0.0020978539180931378 -7.001047397762554E-4 -0.0014042825807129066 
0.10905759971630713 8.590098590308413E-5 -0.0018165013746014008 0.0013366437810443522 -1.3255732852850968E-4 -2.4741243614085777E-4 -1.6851149468906766E-4 0.0021162395921848457 -7.032089751192456E-4 0.0027838778261183865 
0.40008505984697873 1.0321420299179891E-5 -0.0015802073052812227 4.924397943784262E-4 -1.7128116685295828E-4 2.9662028739383664E-4 -8.952745364752625E-4 0.0021179986535533584 -5.323921666739563E-4 -4.293781903758043E-4 
0.09915794113151843 0.0021935804266799124 -0.001471789391462578 0.00132353180277296 -3.648766326360705E-5 -2.0733369845326953E-4 -1.834782075309547E-4 0.0021189246323691773 -3.384624350519413E-4 0.002795116805623504 
0.5078417408171263 6.783143010288492E-5 -0.0017849621762054454 0.0012382931000293716 -1.9557258759846157E-5 -4.5030058832876824E-4 -9.172627469925501E-4 0.001986187597131721 -4.098476760341497E-4 0.0027162301778143943 
0.1784184252006313 8.998440141718642E-5 -0.00155507868424065 0.0013328590510474378 -5.896515561909547E-4 -3.7968741136917703E-4 -3.2519201411417394E-4 0.002117800501339359 -5.411745975350919E-4 -4.7608212848515477E-4 
0.45780484596032855 7.262437574991372E-6 -0.0017801528123765782 0.0013531285463113075 9.420588326138933E-5 -1.7378543523463122E-4 -9.57953855794544E-5 0.002090419581120048 -3.408548609948985E-4 0.0032912627137915373 
0.025769311229066727 8.722847928276839E-5 -0.0014602839429733087 0.001346553561310206 -7.150129729192E-6 -3.5351418401018104E-4 -1.7940886479538825E-4 0.00221237878826714 -5.381652769085333E-4 -0.0013871169154037809 
0.4748153044820346 7.95075455737766E-5 -0.0016574741180259255 0.0013170647905961855 -2.5499073969903203E-4 -3.743364074605852E-4 -1.7642852060360437E-4 0.0019846833959874088 -5.397119148646714E-4 -0.0012782333672748667 
0.9827259124580393 8.804941661786673E-5 -0.001461463377484914 0.0013463273852094746 -1.9983069549787548E-5 6.285801982977889E-5 -1.5924535802716393E-4 0.0019928026496812867 -4.067489304902684E-4 -0.0013389813089201583 
0.04750920042446288 8.461547272107842E-5 -0.0018488726766200812 0.0013328342714908153 -7.34092571088999E-6 2.8774901855859055E-5 0.0012423414215133712 0.002135360732753613 -3.270754436722416E-4 0.0028755181965550293 
0.04750920042446288 8.461547272107842E-5 -0.0018488726766200812 0.0013328342714908153 -7.34092571088999E-6 2.8774901855859055E-5 0.0012423414215133712 0.002135360732753613 -3.270754436722416E-4 0.0028755181965550293 
0.07832650622711052 6.0059195881531375E-5 -0.0018346320383169083 0.001357711110300561 1.1837211191868805E-4 3.9302823998141486E-5 -4.171606863132797E-4 -1.8696577281436392E-4 -3.1155123446614124E-4 0.002867498005636656 
0.41814496828556 8.014828712565728E-6 -0.0015730189023250522 0.0012983592761351087 -2.3474252988209775E-4 -2.3050109423927552E-4 -1.2488892438084693E-4 0.0019826024206199364 -3.2222738091492825E-4 0.0028561216601869226 
0.41644309751665265 8.014828712565728E-6 -0.0015730189023250522 0.0012983592761351087 -2.3474252988209775E-4 -2.3050109423927552E-4 -1.2488892438084693E-4 0.0019826024206199364 -3.2222738091492825E-4 0.0028561216601869226 
0.1909680445883652 -2.4421835002351858E-5 -0.0015635220901692342 0.0013328920951809324 5.899168589930725E-7 -1.902724346712909E-4 -1.8004247958615735E-4 0.002118832878410316 -5.485480930578514E-4 -0.0014045914285127801 
0.24154220673095225 2.204272420673076E-4 -0.0017787219089376687 4.1700005337478273E-4 -2.517078166754937E-4 -2.1211952057380884E-4 -1.7726786943297673E-4 0.0021934180039486083 -5.222291954357888E-4 0.0029563158659645086 
0.09699242557887217 5.9797767535650193E-5 -0.0017785433902498071 0.0012982250091482675 -2.3386967221370348E-4 1.29420350105749E-4 -1.361178429793005E-4 0.001984689656487734 -3.2286464002083377E-4 0.0028610033507696937 
0.19558572830138715 9.838432033956061E-6 -0.0015802073052812227 4.924397943784262E-4 -1.7271327392935783E-4 1.6344303429720498E-4 -8.952745364752625E-4 0.002115874766006973 -5.210122676749288E-4 0.0028662387151442347 
0.16115495922407966 8.354848033539764E-5 -0.0017677712579646397 0.0013463901105143113 -5.59574647883493E-4 8.904897229714184E-4 -1.5250626814756823E-4 0.0023385564961749122 -3.335470099276729E-4 0.0027848963069496803 
0.182639194986274 7.964488216421566E-5 -0.0017793377720195123 0.001333682797737967 8.603148268934673E-5 5.7235320394439945E-5 -2.8725066685437127E-4 0.001997059522821532 -5.36202596626181E-4 0.0025338503345101056 
0.544919100824205 5.8887055808064205E-5 -0.0015582728313926135 0.0012986330290632243 7.328031277288756E-5 -3.064746582902479E-6 -1.4118469893330368E-4 0.0018792996719110546 -3.2799971030026147E-4 0.0030520402836239618 
0.21673234391826 -1.8568551793696783E-4 -0.0015779169952860046 0.0014294004067783243 -1.367086979735944E-4 8.904897229714184E-4 -2.9818147647916733E-4 0.0023385564961749122 -3.331600161919128E-4 0.002852355103963794 
0.36011857495803157 -3.6231289257632237E-5 -0.0017642432950364636 0.0013340616673698665 6.728988412824506E-5 1.531021765260882E-4 -7.597978427849143E-5 0.001982892468906541 -3.058573010305205E-4 0.0028271629764695903 
0.9820065178393798 8.367767778930921E-5 -0.001645925168839533 4.3412592873794435E-4 -3.9130669198263494E-5 -2.180187807091003E-4 -1.5519123338375703E-4 0.001980876173254031 -3.366269318209314E-4 0.002863026833668176 
0.47127099781610815 1.902963243161011E-5 -0.0017725992898785287 0.0013343113457238744 -0.001189977453799612 3.126852143771287E-4 -1.312018542258518E-4 0.0021195608024085996 -3.2529428010424867E-4 0.0028971483668837113 
0.9997927101082897 1.5095292245912941E-4 -0.0014260865820952045 0.0012984942764201382 -5.592235990153281E-4 8.819562032025833E-5 -1.5309079549268327E-4 0.0020978539180931378 -7.001047397762554E-4 -0.0013978091822569698 
0.7188437839146831 0.0021935804266799124 -0.0015724330087962144 0.0013238318971180137 6.728988412824506E-5 1.59656873463943E-4 -1.8342944779894358E-4 0.0021189246323691773 -3.121698948448622E-4 0.0028004574191139897 
0.3623843178238291 1.547489954173944E-4 -0.0015655468120862443 0.0013340537887773928 -1.2967284276758852E-4 3.5736190417327385E-6 -1.4370965294723236E-4 0.0019517364721021169 -3.0903579186596075E-4 -9.530501920499447E-4 
0.4600476317815415 9.670064915949777E-5 -0.0016502215125190562 0.001311970676254014 -1.0823819168828891E-5 -1.826138682197361E-4 -1.649078088942977E-4 0.00197841242286638 -5.370161622612489E-4 -0.00125257268055149 
0.08123113403679966 9.043690966788897E-5 -0.001782567109693886 3.8724914695622637E-4 2.5320569182150313E-5 -2.391548609014024E-4 -3.3828822691115595E-4 0.0019772929110549163 -5.436422357867864E-4 0.002793425065653955 
0.005185357675621394 5.8887055808064205E-5 -0.0015582728313926135 0.0013340944220298773 7.328031277288756E-5 -3.064746582902479E-6 -1.4105656907754764E-4 0.0018792469273986355 -6.920409310029261E-4 0.002601681590694559 
0.7188437839146831 0.0021935804266799124 -0.0015724330087962144 0.0013238318971180137 6.728988412824506E-5 1.59656873463943E-4 -1.8342944779894358E-4 0.0021189246323691773 -3.121698948448622E-4 0.0028004574191139897 
0.30138283372045216 8.699476869071857E-5 -0.0014636169226031493 0.0013224907140424896 -1.997430532673584E-5 -7.482024023584619E-4 -2.9819635116779756E-4 0.0022031054736188597 -5.195654462132073E-4 -0.0014641694790737479 
0.6324748912396632 9.605070421613277E-6 -0.0017870344546839594 0.001354235719953637 9.420588326138933E-5 -2.2451576467432874E-4 -9.442794175322623E-5 0.0020857865032790613 -3.408548609948985E-4 0.002794888476546983 
0.15574395408978065 8.014828712565728E-6 -0.0017678297924056806 0.0013745873678070839 -2.3893036553911018E-4 7.521197384843989E-6 -3.108168105578855E-4 0.0019826024206199364 -4.23004179490526E-4 -0.001099957080767569 
