0.9999093368801696 -4.909776754608961E-4 -0.0011924528948732652 4.4681481518783647E-4 6.617131478641112E-4 0.0017843656520735004 3.577780106159087E-4 -4.225930146748355E-5 9.367770408134432E-4 0.0012565312931269103 
0.0 -6.807225436323842E-4 -0.0011016851554699323 6.170888863069434E-4 6.764655544545519E-4 0.00202105352645095 3.112806378144722E-4 -8.032642067631228E-5 9.289646442110509E-4 0.0013067249105153608 
0.7266822265629846 -5.179386970907857E-4 -0.001162277244290843 0.0014134710868434733 6.57446405698301E-4 0.0017982721434905934 3.1676803809219903E-4 -2.569579270325524E-5 9.288659231375773E-4 0.0012630644637290876 
0.4989142666844264 -6.759806426417396E-4 -0.001210040379091445 4.8698503730603223E-4 7.129327994768842E-4 0.0018947308465842303 3.1151492734217786E-4 -4.014395219328336E-4 0.0010919950724308904 0.001862105921915364 
0.4741056165190558 -6.966429508016487E-4 -0.001351681284389927 4.4852919843273186E-4 7.632760479230607E-4 0.0018938149556895054 3.5460898537684215E-4 -9.500691905243416E-5 9.457509230585152E-4 0.0017526093083212204 
0.06299019457358873 -6.154595490560006E-4 -0.001211613351907785 4.883382415262669E-4 6.695840277177619E-4 0.0017810479004981227 3.1842762342484417E-4 -1.5711174262049146E-5 9.429875531040163E-4 0.0012452197090173063 
0.5753174298949917 -7.412115955985252E-4 -0.0010667020781734771 6.353681474675087E-4 6.629832685836181E-4 0.0020242192050855057 3.559786221663782E-4 -1.3329122966568237E-5 9.41947101392462E-4 0.00126908305600729 
0.3142527989298659 -7.193866637192669E-4 -0.001078059282250012 0.0012542968862959522 6.756399773262097E-4 0.0018892715409633304 3.176184480980308E-4 -2.9061362662116326E-5 9.283888699178381E-4 0.0012844248838249244 
0.07485089840566818 -6.160782744908382E-4 -0.001102389469605822 4.883386826008313E-4 7.816717238003468E-4 0.0017668619628283474 3.5533585988630997E-4 -1.8402509071894195E-5 9.429903674430866E-4 0.0012544367339235925 
0.05575815497388048 -0.002593832441206009 -0.0012107529291706877 4.883382415262669E-4 6.695840277177619E-4 0.0018530695223591546 3.028090376348423E-4 -3.9302459543687E-4 9.312079898494487E-4 0.0020172163104851277 
0.7023652130168359 -8.200452487852828E-4 -0.0011513014515772036 6.321453026564126E-4 6.588718725686355E-4 0.0017665544185424945 3.665982860901469E-4 -1.2063230685297526E-4 9.422921605358704E-4 0.001262871066663387 
0.35570694310381096 -6.84192281804422E-4 -0.001099765087128988 5.90542909481104E-4 6.768514657957411E-4 0.0018697538215769435 3.13363935120028E-4 -5.629912920516821E-5 9.315400522087427E-4 0.0012267562378878265 
0.2071705131508031 -0.00277751737831434 -0.0011576195682049633 5.016008953894875E-4 6.983202328986378E-4 0.0017922834896125287 5.151608132311164E-4 -3.4622152030725184E-4 9.287533982450812E-4 0.0012630325646871994 
0.2760181389402713 -7.566160878158066E-4 -0.0011940552301256465 6.309295809370253E-4 6.764655544545519E-4 0.0018586437605369027 3.1132171410472526E-4 -5.11189408726905E-5 9.273003634511308E-4 0.0018647281166254553 
0.3838527575126087 -0.002593905376905363 -0.001352937371724353 6.928257558948422E-4 7.601436055457247E-4 0.0018924025455041215 3.537468234930528E-4 -4.013573605266657E-4 9.45746244706206E-4 0.0012339249024874543 
0.12439883287141446 -6.805686502178465E-4 -0.0010368534650770785 6.335495869373634E-4 6.78566266300229E-4 0.0018952773249363121 3.470970728014886E-4 -3.547663809900392E-5 9.340731273938113E-4 0.0017580979762570697 
0.419235751834902 -6.646975957353264E-4 -0.0010587463968670461 6.698385953372145E-4 7.576136263615462E-4 0.0019291110844257564 3.1140256993868735E-4 -3.2244998041364164E-5 0.0010484314919473304 0.0018767341117613223 
0.3334712857619124 -6.606625146653702E-4 -0.0010499175065223324 6.373729247983565E-4 7.144952143572845E-4 0.0018952773249363121 3.5778596835846617E-4 -5.467164586066505E-4 9.365812611143943E-4 0.0017254468885853028 
0.6385806108922817 -0.002619480315707197 -0.0012142972199773237 4.960091544495362E-4 6.588004179006788E-4 0.001850155673802701 3.764138533658655E-4 -8.693992840215951E-6 9.333427508461798E-4 0.0012529187704834067 
9.00072156316406E-4 -7.562938541170478E-4 -0.0011047302543061225 7.267258629887783E-4 7.470280254375206E-4 0.001766933434067225 3.1573873073914544E-4 -2.754899811555215E-5 9.312543130507164E-4 0.002030502516709233 
0.7627145775282853 -6.985674779616245E-4 -0.0011493150747797218 6.672670182905596E-4 7.618187780497451E-4 0.0019303743356935124 3.0521018810872433E-4 -4.0212209387530407E-5 9.463524954153316E-4 0.001280994572392306 
0.004320351637106493 -8.071543742034597E-4 -0.0011039414675213135 6.125123040399084E-4 7.518657467325552E-4 0.001767455661186903 4.5994998219660885E-4 -3.5057887864911515E-5 9.4271277843936E-4 0.0012538055115095632 
0.17576935406353789 -8.175606063336576E-4 -0.001078059282250012 0.0012542968862959522 6.752967502757938E-4 0.0018892715409633304 4.573346023490879E-4 -2.9061362662116326E-5 9.283888699178381E-4 0.0012844248838249244 
0.8928401275969277 -8.06476422431726E-4 -0.0011987876016447954 4.4824939119021706E-4 6.737600902373224E-4 0.0017668544936866883 3.5763119529765925E-4 -8.615229221337355E-5 9.420508055352697E-4 0.001253800004996369 
0.8578036953943088 -6.847013903279803E-4 -0.0011998426435287375 7.208328904802714E-4 7.068660962706584E-4 0.0018595872667679948 4.7280679272569513E-4 -4.0859385273207126E-5 9.31511307819726E-4 0.0012208955067639212 
0.022761499790521195 -7.451846326810535E-4 -0.001207132558846227 6.023914619793131E-4 6.776324097524295E-4 0.0018586437605369027 3.558651272329143E-4 -7.721889371276577E-5 9.456142677970915E-4 0.001267935664642397 
0.8446539985673943 -7.549003018189272E-4 -0.0011718260028312976 5.903862855298336E-4 6.698637492147612E-4 0.001790330356608249 3.554579908362132E-4 -8.065094528697278E-5 -7.416435104503927E-4 0.0011876449166629876 
0.7476002496835095 -6.972835616637929E-4 -0.001162277244290843 6.546257353678872E-4 6.535915453362344E-4 0.0017982721434905934 3.0534077270215777E-4 -4.280252489235014E-5 9.287985661770495E-4 0.0012630644637290876 
0.5159127228374111 -4.199810937683459E-4 -0.0010624291853356886 7.703391069573305E-4 7.528336778223826E-4 0.001930729140671751 3.8763615602498754E-4 -4.019144916798783E-4 9.322392621903206E-4 0.001742009516382168 
0.4026136116656701 -6.786327905802565E-4 -0.0010728208750258451 6.698385953372145E-4 7.570131390129873E-4 0.0020248447656826454 3.1140256993868735E-4 -3.2244998041364164E-5 0.0010484314919473304 0.0018797716388959833 
0.012853337363370021 -7.946202450357799E-4 -0.0012162484521385842 6.121298433741043E-4 6.782723471405505E-4 0.0017847849704158319 4.6051247116308386E-4 -8.218851011566455E-5 9.42394382461242E-4 0.0012539167230859617 
0.7851924843688197 -8.184010663620268E-4 -0.0010507981317792168 6.628197276372116E-4 7.194162620122297E-4 0.0017801800235553301 3.5745943404171367E-4 -7.933364734885289E-5 9.31524470235423E-4 0.0012255271943689824 
0.002248234407378813 -7.637234060343755E-4 -0.0012158129475684288 6.105504133247419E-4 7.528081224877496E-4 0.0017827449999229048 4.5994998219660885E-4 -3.547570112883128E-5 9.4271277843936E-4 0.0012394425810865355 
0.25573522424227274 -7.337465633965685E-4 -0.0011047302543061225 7.205411072011652E-4 6.408939172945847E-4 0.001766933434067225 3.5526829800580363E-4 -2.754899811555215E-5 0.0010897069612544842 0.0012541464624029213 
0.5518814262142502 -6.804007659321777E-4 -0.0010481855687254759 6.671212826855534E-4 7.599679031955634E-4 0.0017913839405208087 3.16712662791879E-4 -2.780929450786522E-5 9.301614762486247E-4 0.00124861814157021 
0.30575666878454555 -0.0025949034283929188 -0.0011924747405137489 6.621784313616645E-4 6.527936518616881E-4 0.0017843890865126928 3.576846755336157E-4 -1.151994938258043E-4 0.0010877483595903292 0.0017648334523706745 
0.9263370921313736 -5.834590592907606E-4 -0.0010387644551377358 6.429656559822753E-4 7.135892542313434E-4 0.0018952773249363121 3.486573061248016E-4 -5.467164586066505E-4 9.340731273938113E-4 0.0017580979762570697 
0.8296110695823644 -7.549003018189272E-4 -0.0011718260028312976 5.883529146591856E-4 7.106201811425825E-4 0.001790330356608249 3.554579908362132E-4 -5.177567982692723E-4 9.312152234516387E-4 0.0011769556164877286 
0.9672177520079412 -6.867107025186965E-4 -0.001197637473179079 7.099199591272187E-4 6.761784091769129E-4 0.0018908149631086878 3.7117712503216966E-4 -4.43984057169097E-5 9.278640868611167E-4 0.001262828826758822 
0.10182968135232114 -6.879709478032163E-4 -0.001211723657846529 0.00136985050074692 6.620765134923107E-4 0.001794015958785302 4.5689003456446826E-4 -1.9800531824206578E-5 9.287615921509422E-4 0.0012261254786213864 
0.6067057529234939 -7.010620324045533E-4 -0.0011572481768560346 6.621158663223908E-4 6.544711368065339E-4 0.0018018862297594892 3.1676803809219903E-4 -7.919222449034416E-5 9.374555679324691E-4 0.0012669274838167676 
0.6929187203386445 -8.051877696700953E-4 -0.0011619512426819163 6.323721121305658E-4 6.639280379014645E-4 0.0017665544185424945 2.918295292377439E-4 -1.1986091529411953E-4 0.0010852845071637465 0.0018590397484473874 
0.874708627468459 -8.09837766748622E-4 -0.0011973667192951751 6.302813336408153E-4 6.788197620640013E-4 0.0018597654602234325 4.6509606888499517E-4 -8.577303988543359E-5 9.286851929027498E-4 0.0012525439104508146 
0.09403624540423894 -6.759806426417396E-4 -0.0011994534920608626 6.283410333363305E-4 7.085539372203339E-4 0.0018951235749236001 4.635169924210879E-4 -5.3390689628719E-4 0.0010883053770983824 0.0012801837364002206 
0.1448521187702727 -8.066163847907683E-4 -0.001251683139007618 6.300225369464274E-4 6.788162697927564E-4 0.0018910452570281712 5.231418961776796E-4 -4.068373233069821E-5 9.289362696737404E-4 0.001264700924140764 
0.6518290322196572 -7.29055351484574E-4 -0.0011967900358383996 6.121228998769837E-4 6.783531284878316E-4 0.0017570182136122203 3.0056817924305846E-4 -8.218851011566455E-5 9.289698414219673E-4 0.0012539167230859617 
0.3417066352670399 -7.284887044470495E-4 -0.0011971394336575277 6.008332258922484E-4 6.701068117284381E-4 0.0020231708806731294 3.846568473773652E-4 -3.773685284599886E-5 9.339321690352706E-4 0.0018142508851570914 
0.21522152486063406 -6.879764811111826E-4 -0.0010671807916686875 6.627137415336196E-4 6.574578369933404E-4 0.0017984899504732337 3.1676803809219903E-4 -1.5684673347377348E-5 9.287985661770495E-4 0.0012734477712951393 
0.18980049399305812 -6.086488072825828E-4 -0.001066690261997196 6.744906328896117E-4 6.666570000053193E-4 0.0018492087548365635 3.054041544230073E-4 -5.469144806954776E-4 9.501862471864104E-4 0.0012728396127975102 
0.4598575415689542 -8.208398078233157E-4 -0.0010676123228489786 7.799406057269018E-4 6.628059935899816E-4 0.0018518042276153405 3.765776993573571E-4 -1.4397799499530196E-5 9.289545613639434E-4 0.0012725517522759646 
0.03585300753798776 -6.813400460110843E-4 -0.0011052321720269897 6.325717588207797E-4 6.737600902373224E-4 0.0017662831153446145 3.4878381697192736E-4 -4.126775185975655E-5 9.425539106571663E-4 0.0012290618039136128 
0.9378324211054672 -7.364969522063915E-4 -0.0011406024376303238 4.500371764671681E-4 6.617915514257628E-4 0.001797063033585457 3.16712662791879E-4 -4.242903968430342E-5 9.287985661770495E-4 0.0012630325646871994 
0.5865491953074148 -7.356696974506958E-4 -0.0011572481768560346 7.769462482597345E-4 6.615866014914439E-4 0.0018023043072229196 3.1676803809219903E-4 -3.898269867128227E-5 9.373530111115405E-4 0.0012630325646871994 
0.11126895518413367 -6.85085225785037E-4 -0.0012067807949592904 6.678417397524036E-4 6.618194447573372E-4 0.0019030712384413878 3.129027258835121E-4 -4.4759048640667263E-4 9.308863100057488E-4 0.0012719430154112157 
0.596152752958193 -7.273772132768986E-4 -0.001156276032665881 6.621158663223908E-4 6.54506279990172E-4 0.0018018862297594892 3.1676803809219903E-4 -7.919222449034416E-5 9.374555679324691E-4 0.0018155739426451438 
0.13253458856986805 -7.369915202937514E-4 -0.001061611713738901 6.334140657008151E-4 6.787087384245801E-4 0.001890894497554309 3.10582830365951E-4 -4.072054523864933E-5 0.001045321143840695 0.0012498113637929489 
0.04628497378401239 -7.280985619326726E-4 -0.0011971394336575277 6.776076917861956E-4 6.673357704256285E-4 0.0020231708806731294 3.8509478172418126E-4 -2.5720501369097326E-5 9.338654205300997E-4 0.0018960227456856686 
0.9493003606541066 -8.06476422431726E-4 -0.0011052321720269897 6.325642849647547E-4 6.786450692528997E-4 0.0017665325467924027 -0.0019996760390382272 -8.615229221337355E-5 9.424708874247895E-4 0.001253800004996369 
0.029486256091474095 -6.966429508016487E-4 -0.001352937371724353 6.928257558948422E-4 7.632760479230607E-4 0.0018924025455041215 3.537468234930528E-4 -4.013573605266657E-4 9.457509230585152E-4 0.001771887825424026 
0.6708998334758813 -0.0026584070477717785 -0.0011926632646263144 6.609330954281496E-4 6.77998309345895E-4 0.0018662034831270547 3.168843020127339E-4 -1.0546683069289286E-4 9.289699803029437E-4 0.002026668528666988 
0.22202592603842242 -7.165661033983761E-4 -0.001159949815672877 6.571249518037409E-4 6.638373994027677E-4 0.0017972807673969243 3.7955878202141854E-4 -2.0160668327436792E-5 9.460027634714462E-4 0.0012739801006617577 
0.5393814749636994 -6.765140415114012E-4 -0.0011505797307860925 4.998195319458276E-4 6.664242771810407E-4 0.0018547104811017536 4.599563136061527E-4 -4.935502681120473E-4 9.381007309406935E-4 0.0018157785286211628 
0.2929307271624571 -5.058086124077625E-4 -0.00116250586453112 6.571535304697115E-4 6.639439741362247E-4 0.0018537689777869157 4.8286195421189435E-4 -3.982699698076531E-4 9.461294072749928E-4 0.0012645620619323931 
0.18868763037981817 -6.966429376577417E-4 -0.0011032960419892642 6.719056365964359E-4 6.666570000053193E-4 0.0018933938543584036 3.054041544230073E-4 -5.469144806954776E-4 9.309503754253706E-4 0.0012728396127975102 
0.7901486038158272 -8.184010663620268E-4 -0.0010507981317792168 6.628197276372116E-4 7.194162620122297E-4 0.001903172039726876 3.2319650363217127E-4 -7.933364734885289E-5 9.31524470235423E-4 0.0012255271943689824 
0.39581761686156125 -6.780764091670963E-4 -0.0020879265707925447 4.710646381181606E-4 6.664053598648332E-4 0.00202221767711012 3.1377851963089746E-4 -5.572629962956664E-4 9.429556706865262E-4 0.0012232948978745958 
0.008133060201793102 -7.537604210414514E-4 -0.0011292262560826255 7.863733619915826E-4 6.764655544545519E-4 0.0018516134513452093 4.6129094156205353E-4 -8.032642067631228E-5 9.287122683468232E-4 0.0012312359174222126 
0.6212865880369676 -6.813085848568252E-4 -0.0010989270372097298 6.480313851040807E-4 6.737839460105702E-4 0.0018939119171525224 8.537370072678055E-4 -7.927015907858499E-5 9.288848700779082E-4 0.0012483507270928213 
0.8085904445281403 -8.064853523076682E-4 -0.0011047302543061225 6.315674436358013E-4 6.737600902373224E-4 0.0017665325467924027 3.5758032877911887E-4 -7.95659815112329E-5 9.424377455504085E-4 0.0012230393161521296 
0.0826368334857154 -6.976557428952059E-4 -0.0011497986425739 6.745419268544364E-4 6.401626587382845E-4 0.0018946264060932037 3.114097635803712E-4 -5.319568226226129E-4 9.289410480687482E-4 0.0012728396127975102 
0.8200924648891939 -7.549003018189272E-4 -0.0011718260028312976 5.903862855298336E-4 7.102820695387295E-4 0.001790330356608249 3.554579908362132E-4 -8.065094528697278E-5 9.313381344842035E-4 0.0011876449166629876 
0.9595964739362487 -6.86137032571721E-4 -0.001197637473179079 5.864050896259135E-4 6.761784091769129E-4 0.001786836081939713 3.665884233064973E-4 -4.43984057169097E-5 9.278640868611167E-4 0.001262828826758822 
0.5258478600055985 -0.0025702648310566476 -0.001156997445683005 6.621784313616645E-4 6.527936518616881E-4 0.0017843890865126928 3.576846755336157E-4 -1.241202317878531E-4 0.0010877483595903292 0.0017648334523706745 
0.881492676803884 -7.637234060343755E-4 -0.001197470363842891 6.105504133247419E-4 6.836105455654677E-4 0.001782827328884388 4.5994998219660885E-4 -3.742395298240537E-5 9.4271277843936E-4 0.0012527383897420249 
0.15500494324684694 -7.284647030343934E-4 -0.0011971394336575277 6.345946676330437E-4 6.675645334760614E-4 0.0017514380128278468 3.8509478172418126E-4 -8.353451916542273E-5 9.429234121969923E-4 0.0018960227456856686 
0.23107692356738502 -5.058086124077625E-4 -0.00116250586453112 6.571535304697115E-4 6.656875330366244E-4 0.0019426935740272525 8.526193052848817E-4 -2.0469234348275496E-5 9.461294072749928E-4 0.0012684890172909606 
0.3522596352323469 -7.021735235747043E-4 -0.0011981115778476813 6.008332258922484E-4 6.700716685447999E-4 0.0020231708806731294 3.846568473773652E-4 -3.773685284599886E-5 9.339321690352706E-4 0.001265604426328715 
0.04628497378401239 -7.280985619326726E-4 -0.0011971394336575277 6.776076917861956E-4 6.673357704256285E-4 0.0020231708806731294 3.8509478172418126E-4 -2.5720501369097326E-5 9.338654205300997E-4 0.0018960227456856686 
0.6590350379515915 -7.946202450357799E-4 -0.0012162484521385842 6.121141009886656E-4 6.782723471405505E-4 0.001871554734271729 3.0056817924305846E-4 -8.218851011566455E-5 9.289698414219673E-4 0.0012539167230859617 
0.03561508071520809 -6.154595490560006E-4 -0.0011082644262265832 6.3181178887922E-4 6.695840277177619E-4 0.001765430086350727 3.1842762342484417E-4 -1.5711174262049146E-5 9.425559961138484E-4 0.001228863662866482 
0.2442963433216008 -8.175606063336576E-4 -0.0010783139296289051 0.0012542968862959522 6.392418122341453E-4 0.0018892715409633304 4.573346023490879E-4 -2.9061362662116326E-5 0.0010900882904258805 0.0012558950700688161 
0.9121118249876577 -6.85570972507055E-4 -0.0011052321720269897 6.282485639090643E-4 6.739353564376878E-4 0.0017665325467924027 3.4791567540623264E-4 -8.615229221337355E-5 0.0010641839260604224 0.001253800004996369 
0.02747719972044388 -6.829718179020263E-4 -0.0010953063669035272 4.6114433958144616E-4 7.577756129243914E-4 0.001895304233853145 3.528711046847993E-4 -1.684154733040357E-5 9.421537495517167E-4 0.0017529312552309543 
0.5320887884117753 -6.911154627321702E-4 -0.0011574114606754543 7.585140698200839E-4 6.586869396623369E-4 0.001794758967284981 3.16154138669777E-4 -1.246042890739183E-4 9.289863973980864E-4 0.0012710282692634423 
0.009435436863350466 -8.09837766748622E-4 -0.0012157093030207128 6.302813336408153E-4 7.485733595757427E-4 0.0018596831312619494 4.6509606888499517E-4 -8.340697476793974E-5 9.286851929027498E-4 0.0012525404396251999 
0.4450860358471942 -6.797719554193732E-4 -0.0011767582827959333 7.144862569664684E-4 6.638908697814009E-4 0.002014864338029082 8.537370072678055E-4 -2.8191552981216808E-5 9.286824598155807E-4 0.0012584611801730653 
0.4311635628977787 -8.266287112348177E-4 -0.0011502840793059963 7.208523210645362E-4 6.617455781042077E-4 0.0018604832587480846 4.707531824017455E-4 -5.206941232211978E-4 9.168706200139497E-4 0.0012587529296162376 
0.15668814139360157 -8.06476422431726E-4 -0.0011047302543061225 6.325717588207797E-4 6.737600902373224E-4 0.0017665325467924027 3.5533529714059883E-4 -8.195213070671066E-5 9.424410326424535E-4 0.001253800004996369 
0.9121118249876577 -6.85570972507055E-4 -0.0011052321720269897 6.282485639090643E-4 6.739353564376878E-4 0.0017665325467924027 3.4791567540623264E-4 -8.615229221337355E-5 0.0010641839260604224 0.001253800004996369 
0.43274839867726567 -8.208398078233157E-4 -0.0010676123228489786 7.799406057269018E-4 6.628564205440464E-4 0.0018516290781415807 3.663528423487486E-4 -1.0435742615053832E-4 9.291809807334968E-4 0.0012725517522759646 
0.25508571821748327 -7.265534810009837E-4 -0.0011975651413628798 7.091839261166558E-4 6.340050635609406E-4 0.0017925821543604888 3.552698826255237E-4 -1.151994938258043E-4 0.0010902973694732908 0.0012733978579225868 
0.017201545886842168 -7.631645282743478E-4 -0.0012162484521385842 6.121141009886656E-4 6.782723471405505E-4 0.0017676015418249202 3.0086321233151875E-4 -8.218851011566455E-5 9.2900462965145E-4 0.0012539167230859617 
0.017201545886842168 -7.631645282743478E-4 -0.0012162484521385842 6.121141009886656E-4 6.782723471405505E-4 0.0017676015418249202 3.0086321233151875E-4 -8.218851011566455E-5 9.2900462965145E-4 0.0012539167230859617 
0.618802804005075 -6.813085848568252E-4 -0.0010989270372097298 6.480313851040807E-4 6.737839460105702E-4 0.0020156730031401127 8.537370072678055E-4 -7.927015907858499E-5 9.288848700779082E-4 0.0012587459660239723 
0.7537798428329198 -7.100069084115918E-4 -0.001055119808213544 7.723169433744426E-4 6.535915453362344E-4 0.001930760478953936 3.873789276948235E-4 -4.19998077320754E-5 9.287985661770495E-4 0.0012630644637290876 
0.3847217460015497 -6.959548429592696E-4 -0.0013612285658436828 6.928257558948422E-4 7.117755199076326E-4 0.0018970268615366801 3.554356837008294E-4 -7.612432375176531E-5 9.44908303744947E-4 0.0011892564151187528 
0.10879762684906868 -8.175606063336576E-4 -0.0011465853189928865 0.0012542968862959522 6.752967502757938E-4 0.0018892715409633304 4.573346023490879E-4 -2.9061362662116326E-5 9.283888699178381E-4 0.0012646772424427604 
0.9862139339627756 -6.867107025186965E-4 -0.001197637473179079 7.093650473950022E-4 6.784752421311624E-4 0.0018904937773207146 3.4705442642381327E-4 -4.43984057169097E-5 9.278235687651302E-4 0.001262828826758822 
0.2826638822549249 -5.108686319619041E-4 -0.0011661509023814134 6.671684646628053E-4 6.641561096793522E-4 0.001943744129226278 4.769730313943457E-4 -4.021503189210966E-5 9.462852207771966E-4 0.001266649616299741 
0.16592004231337804 -2.9635101825429514E-4 -0.001352937371724353 6.693358252869087E-4 6.772360307275224E-4 0.00185949712488138 3.5280684836295584E-4 -2.9292448740332805E-5 9.283288274983238E-4 0.0017864532907396243 
