0.9996178796611258 0.001092780514278507 -5.997579745685501E-4 0.003590066427904211 0.0023194319246075566 -0.0021835491700778146 0.0018804906958640043 7.77055018285261E-5 1.6143832755154762E-5 -3.547548968789359E-4 
0.0 0.0010965535862659044 -3.042794198704553E-4 0.003574081236410755 0.0022227123163139372 -0.0020747711754788996 0.0016802602167819405 1.2377886377306323E-4 1.419073088464949E-4 -5.002263278653172E-4 
0.8912139607563381 0.0011033769984586416 -3.8457214249627445E-4 0.0036893257556821595 0.0023090880220159853 -0.0020720406356542985 0.0016511781354467737 5.209011699625209E-4 -6.41077385125953E-5 -3.4208076127760457E-4 
0.8526061272992123 0.0011283934609853995 -4.6551607671177313E-4 0.0036007124576394674 0.002262055081812923 -0.00218837331311916 0.0016484955179525947 -1.4581991590015053E-4 1.8759465006356533E-4 -3.2805162235885395E-4 
0.06319550962502285 9.990028432910417E-4 -3.042794198704553E-4 0.003614127799531016 0.00222605314474693 -0.002108942346880961 0.0016919449395710047 2.7262892207697637E-4 -7.03464139711152E-5 -2.8133794867901056E-4 
0.3676314251684652 9.715460798410062E-4 -6.219370401978028E-4 0.0035996987823807627 0.002298452202308389 -0.002069427501933682 0.0018859994090536592 1.2077812629008954E-4 -8.65446985541597E-5 -3.5339504364196455E-4 
0.30148791294746563 0.0011298150983699076 -3.457189727456387E-4 -0.0025177579296027015 0.002315894140899232 -0.0020662056957221433 0.0018956355706351436 4.4547619627265757E-4 9.521689588486024E-5 -5.485787714189657E-4 
0.01432617436488227 0.001108196427134406 -3.858131309493037E-4 0.003593942285414293 0.002247146235395237 -0.002064693246083847 0.0019148573012981488 2.696161414486298E-4 9.215238308866033E-5 -4.972053851392975E-4 
0.38424337113809415 0.001096426675887783 -3.12966893794615E-4 0.003603348921087466 0.0022227123163139372 -0.0020163139545882848 0.0016816892228152503 2.8099097181919706E-4 -7.104988569979686E-5 -3.5879627195854963E-4 
0.07224725009216015 0.0010176207786674425 -6.155613610579808E-4 0.003608307098060639 0.0023413606868755263 -0.0020628725445313344 0.001686931450455521 2.9916162219237286E-4 1.3562894839208117E-4 -3.439444070133319E-4 
0.5123153331328915 0.001092780514278507 -3.285527792864243E-4 0.0035901513736208727 0.0023192969513287118 -0.0021835491700778146 0.0018804906958640043 7.77055018285261E-5 1.8242843144385052E-5 -3.53547016385395E-4 
0.08243944916551106 0.0011000166121342796 -6.128451473130181E-4 0.00357507849376019 0.0023085769863564237 -0.002183965532523079 0.0016850895034381244 4.202355551269994E-4 1.355833756041683E-4 -5.192677011033497E-4 
0.5941866257430065 0.0010868553896443787 -5.126499565624953E-4 0.0037782129734191096 0.002306442804725672 -0.0021785168309405795 0.0016607753517465555 -6.99428614393691E-5 1.3693609556732385E-4 -2.8534593715022765E-4 
0.09130062332706168 0.0011000209283857166 -6.128768834228616E-4 0.0035750744569607593 0.0023085769863564237 -0.002178315910352007 0.0016849674998541198 4.202355551269994E-4 1.360837435480099E-4 -5.192677011033497E-4 
0.16140794032848954 0.0011008707092627645 -6.00873744869512E-4 0.0035754316535466825 0.0022649268730191656 -0.002114004845758404 0.001663617470665202 1.0252956966875726E-4 1.1940183765132274E-4 -3.2509946742199317E-4 
3.5419509970524565E-4 0.0010020927545113737 -6.110905381436411E-4 0.003681919890991722 0.0023111312003065957 -0.0021903759349286346 0.0016793989450878829 4.490078034766981E-4 -7.28041661413229E-5 -3.4893932728337064E-4 
0.5741851242430304 0.001101201113558058 -5.074638931640661E-4 0.003689577106789622 0.0022468959844445177 -0.0020705001896945243 0.001659605939798305 -7.03595274919226E-5 -2.2961804281419415E-4 -3.5046917987537074E-4 
0.020235319220582 0.0010123038337952592 -3.814296398319462E-4 0.003606722299131905 0.0023278838852840117 -0.00218356523660894 0.001682266427070635 1.283359367258944E-4 1.3247788616902267E-4 -5.003732949197843E-4 
0.2551760530023632 0.0011009324871780655 -6.206678654563756E-4 0.0036066959366489646 0.002224209049891554 -0.0021117084913838046 0.0016745046247454158 -1.2672489442151994E-4 1.0373604896318775E-4 -3.2172964073884884E-4 
0.1950355783917893 0.0010057405552882986 -4.438849341771426E-4 0.003698562183517391 0.002307429871391283 -0.002163478061038563 0.0016745161188842913 3.637760878620307E-4 1.0313035732796353E-4 -3.283432532335204E-4 
0.6378610406548771 0.0011022477964158501 -5.07427145649541E-4 0.0036875414641733446 0.0022226154395310763 -0.0021883634131658523 0.001666959511564701 3.158433467248523E-4 -6.826525256378237E-5 -3.439292357739391E-4 
0.3282031945735868 0.0010119258232467452 -3.5011132985786136E-4 0.003601582456188646 0.002259941695302849 -0.002074253074599066 0.001652645526662567 3.681646878812472E-4 2.0014600238770224E-4 -3.4658688632802515E-4 
0.05097228356521208 0.0010115815982551695 -6.148760362965928E-4 0.003599769895775962 0.0023407443573327438 -0.0020637659720926633 0.001678873826227599 3.3054687537748136E-4 -7.332583001498092E-5 -3.4370047735325963E-4 
0.8203994895907714 9.893053167152157E-4 -5.49483028063179E-4 0.0036962985208619384 0.002200849217720098 -0.0020747085269930223 0.0016418960058688084 1.2189584867409192E-4 -2.4110005007559358E-4 -5.282229450176814E-4 
0.31839198231670535 0.001000812822178571 -5.093472044022983E-4 0.0035765006437697513 0.0022224680378507226 -0.002824173306304922 0.0016879655686063842 3.651384081522596E-4 -4.130045562593973E-5 -3.4792008670737364E-4 
0.11675730239805215 0.0010202399461334503 -5.551588548192606E-4 0.003692268544828226 0.0023379900033397407 -0.0020749477384314294 0.0020828275210307496 1.2194628023910101E-4 1.4408727923876472E-4 -4.997852387825144E-4 
0.6633337403507114 0.0011082404410686177 -6.19899639965578E-4 0.003579709689147257 0.002224913761624401 -0.002062736501650469 0.001664122738533812 1.353041191871243E-4 9.171043467858872E-5 -3.164580926691676E-4 
0.03586359794412583 0.0010923337556250222 -2.9521919522141205E-4 0.00359607958826401 -8.28701738514031E-4 -0.0021128192528739264 0.001680532572897371 8.82822900234257E-5 -5.5083859698586924E-5 -3.492290932823971E-4 
0.18194308346836963 0.0010032054547111841 -6.018054663939938E-4 0.0035915938267726336 0.0022468959844445177 -0.0020705001896945243 0.0016597614167222089 -0.001123857445759349 -2.33893746503683E-4 -3.50552164808445E-4 
0.1735179505711697 0.001101201113558058 -5.999576312214833E-4 0.003577556240639746 0.0022468959844445177 -0.0020705001896945243 0.0016597614167222089 -7.677838910907621E-5 -2.33893746503683E-4 -3.50552164808445E-4 
0.3503677628609866 0.001096500142690504 -6.11070073119747E-4 0.003599738660186665 0.0025365071523780354 -0.002187702507724765 0.001636229226667719 7.99071374533753E-5 1.8484462049451808E-4 -3.1380094497250594E-4 
0.6788382717289407 0.0011090578152998388 -6.209517396077245E-4 0.00371991612799086 0.00222535134692555 -0.00206494746911594 0.0016748950457631598 3.6459796472735923E-4 9.168009009826545E-5 -3.253592373961639E-4 
0.21868531293536186 0.0010113352188012264 -6.206678654563756E-4 0.0036075671767189328 0.002307402660362544 -0.0020619937351747664 0.0016838598774918158 -1.26179056151909E-4 1.2489424256795304E-4 -4.994485761241881E-4 
0.10123177563379382 0.0010194121878300618 -3.7114838973272154E-4 0.003578282398682678 0.0023269322795145633 -0.002095860748834884 0.001685872848618597 1.3135142597339475E-4 1.2105070531355089E-4 -3.4394315244314137E-4 
0.23662016045960782 0.001002068753155682 -6.136728920383361E-4 0.003596418836073642 0.0021959848976490968 -0.00211109155643845 0.001890505495279574 2.885315971456404E-4 1.7656720479852023E-5 0.0016304627380285487 
0.20495247120841195 0.0011546265773704294 -3.428757238072742E-4 0.003736491459730715 0.0023408074840990177 -0.00206494746911594 0.0016751152787365024 3.706621788863077E-4 -7.33002430342286E-5 -3.534756032680372E-4 
0.0023660134964942348 0.0010964109770193653 -5.873452275379567E-4 0.003605716120123947 0.002310913589584204 -0.0020931582824646184 0.0016846888371855222 3.1410656758051094E-4 -7.299647971801902E-5 -3.5128325717219823E-4 
0.6497148180193913 0.0011300544775823683 -6.212344582506188E-4 0.0035961259148554 0.002246073582803832 -0.002157758256698488 0.0016433488657591712 3.1308134407317804E-4 9.364315301945464E-5 -5.09055580820558E-4 
0.12707941740509238 0.0010952523737377212 -5.99086688624402E-4 0.0035712375233779596 0.0025365071523780354 -0.0020983365799480216 0.0016745438106540507 1.0717479694563694E-4 1.3077580768049008E-4 -5.744040463985194E-4 
0.9009303468807026 0.001002545881053541 -4.68840900311571E-4 0.003591591794480941 0.0022438772481831004 -0.0021054869576104 0.0016798778387012601 3.69107445551488E-4 -4.164826838334329E-5 -3.466135376315792E-4 
0.00797043634601674 0.0010054114276627838 -3.7114838973272154E-4 0.003578282398682678 0.0023279075450680716 -0.0020948676819862286 0.0016824675936590362 1.3135142597339475E-4 1.3852650303719844E-4 -5.01425786770213E-4 
0.34329449715976 0.001093931222712189 -3.042101048360647E-4 0.0037365612374694185 0.0022227123163139372 -0.002011937881834787 0.0016802602167819405 2.8099097181919706E-4 -6.205034995722335E-5 -3.5754979535602873E-4 
0.2869605966904709 0.0011023363355393394 -6.252540058647053E-4 0.0037374615636560833 0.0022263200461807905 -0.002185761592200404 0.0018746682112274343 4.254979005304827E-4 -8.336855975748833E-5 -3.536476954058277E-4 
0.46819622185991927 0.0010142376890970035 -4.703944408342265E-4 0.0035807070163227507 0.0022289232958670104 -0.0021960418819479736 0.0016684316511938345 3.3952848008742844E-4 1.3688986880619366E-4 -2.9710142972475006E-4 
0.23959414936738582 0.001002068753155682 -3.96697814707518E-4 0.003597015292685151 0.002326358982394344 -0.0021840182414366396 0.0016825032858409322 2.8352073657945075E-4 1.3505983694763206E-4 -4.520961013698343E-4 
0.7356640298676065 0.0010998540201552786 -6.130868385901144E-4 0.0035740052351984756 0.002308067192040959 -0.002178322216986773 0.0016823421423494656 1.2194628023910101E-4 1.4404495216075003E-4 -4.96986543544698E-4 
0.04354851149833372 0.001020402687474143 -5.56835539711425E-4 0.003738777650925315 0.0023380359247476747 -0.00206494746911594 0.0016757485672271256 3.706621788863077E-4 1.4161067910809942E-4 -3.526418729049194E-4 
0.691092411581413 0.0010194121878300618 -3.7114838973272154E-4 0.003575527604538626 0.0023269329422267123 -0.002095860748834884 0.001685866621937407 1.3135142597339475E-4 1.3852650303719844E-4 -3.8960333440703356E-4 
0.10779858482865848 0.0010101492134196404 -6.192910154055937E-4 0.0036923354906140183 0.0022508384558466987 -0.0020749145609995734 0.0016732763243866348 3.4588250256138427E-4 -2.2449985481679915E-4 -5.639232339473229E-4 
0.5642531224341052 9.97490820074942E-4 -5.806918095278504E-4 0.0035773811381368432 0.0022471020770974243 -0.002070443020901173 0.0019456306481027445 4.5497024948870407E-4 -8.029157200293724E-5 -4.947769896983242E-4 
0.6200359534277682 0.0010111311193897843 -4.446070743222285E-4 0.0036974547852931697 0.002307429871391283 -0.002163478061038563 0.0016340341249366766 3.260533892158321E-4 -2.3901700525857163E-4 -3.287631853499288E-4 
0.4176761216414738 0.0010022127455929964 -5.923999042562514E-4 0.003583280026693463 0.0022235173857354856 -0.0021966600947938186 0.0016840752555695347 3.750462878163221E-4 -6.033932495624074E-5 -5.18384710212666E-4 
0.13371577596984857 0.0010952523737377212 -5.99086688624402E-4 0.0035712375233779596 0.0025365071523780354 -0.0020983365799480216 0.0016684013257524857 7.99071374533753E-5 1.3082029358956265E-4 -3.05183461058797E-4 
0.009540913254060656 0.0010111028408233448 -5.982431185045787E-4 0.0036002280887815017 0.0023278097362470934 -0.002066034239173134 0.001682266427070635 1.283359367258944E-4 -6.856807029600068E-5 -5.245967402710362E-4 
0.8413036075380647 0.0011023363355393394 -4.6632829855135146E-4 0.0035809890521205498 0.0023144983759095113 -0.002064112142633223 0.001674974038828991 4.254979005304827E-4 1.34828230230357E-4 -3.4465270387901473E-4 
0.40824928367109103 0.0010119229824264516 -3.5011132985786136E-4 0.003601582456188646 0.0022605925455387514 -0.002074253074599066 0.0016833305749742332 3.681646878812472E-4 2.0014600238770224E-4 -4.98273190216769E-4 
0.5316708018152374 0.001002545881053541 -4.694099496495367E-4 0.003591591794480941 0.0022438772481831004 -0.0025468141301292113 0.001681903363017495 3.651384081522596E-4 -4.130045562593973E-5 -3.4792008670737364E-4 
0.4367020074518752 0.0011300544775823683 -3.4521880138570785E-4 0.0035961813584796383 0.002246073582803832 -0.002157758256698488 0.001648520078692364 3.1308134407317804E-4 9.332228062436629E-5 -5.09055580820558E-4 
0.9576592766939849 9.893053167152157E-4 -6.187616458310447E-4 0.0035978508867953152 0.00220196432082626 -0.0020686179176094884 0.0016420259203028841 1.2415891624108485E-4 -5.506871592986991E-5 -5.286431751791317E-4 
0.9336818215320764 0.0010923143947899959 -6.22750664949598E-4 -0.0027947874027312958 -7.884439882341965E-4 -0.0020696884344406207 0.0016478349487356733 3.6897107492490726E-4 -2.1374629318657838E-4 -3.4966780651879404E-4 
0.6053911038277645 0.0010167988866253222 -6.219856372307367E-4 0.0035956204268556584 0.002246073582803832 -0.002157758256698488 0.0016418694588584486 3.1308134407317804E-4 9.364315301945464E-5 -5.080738544317697E-4 
0.7713192326084433 0.0010059717925605988 -6.083492800235879E-4 0.0035964202349621573 0.0022575149155649333 -0.0021091011433136807 0.0018808356539716136 3.673337660477499E-4 1.0466242888964997E-4 0.0015903937295801234 
0.004268042606134975 0.00110052648208797 -2.9986440562815634E-4 0.0036777525604703206 0.002247867468930367 -0.002592979853956315 0.001926565852828235 2.8760695273287657E-4 -7.763387200605275E-5 -2.926312306808786E-4 
0.42977059465994993 0.0011598340887313376 -5.031077761320922E-4 0.00359744948419518 0.0023129358920979735 -0.0021882826495523895 0.0021118126372593085 3.551496576117727E-4 -4.8844714320302516E-5 -5.646311273865619E-4 
0.5514395279423505 9.921278536734778E-4 -6.187664890243043E-4 -0.003202531870679499 0.0023397900288224505 -0.002064356816074896 0.0018956355706351436 4.530231602413138E-4 9.521689588486024E-5 -5.485787714189657E-4 
0.7017437200659833 0.0011082404410686177 -6.185271177256222E-4 0.003413801412795239 0.002224913761624401 -0.002062736501650469 0.0016642724696634896 1.353041191871243E-4 9.171043467858872E-5 -5.426392723842044E-4 
0.4495345240720179 0.001217610526184727 -3.7011584379826674E-4 0.0036881753977711577 0.002307616999353268 -0.002199204985010487 0.001682420208104759 -1.261325082666576E-4 -5.441667398548566E-5 -4.971319727787567E-4 
0.7947464887805956 0.0010133832099927958 -6.083492800235879E-4 0.0035963363202565274 0.0022575149155649333 -0.002108329678795789 0.0018808356539716136 9.475320673319731E-5 1.0234714423596894E-4 0.0015903937295801234 
0.5445704297235973 9.838027316212998E-4 -6.143749531326453E-4 0.003687052889355545 0.002339326621169016 -0.0020643613184466707 0.0016769686466981872 2.188597622572119E-5 -7.184434729360005E-5 -5.754649864138932E-4 
0.7564679879304457 0.0010130818324221608 -6.13230992093198E-4 0.003575884536724865 0.002309688154453278 -0.002178439388062222 0.0016852339205693232 4.2102246660420065E-4 -7.2265091785845E-5 -4.700424260396514E-4 
0.9771100304444437 0.001104589273824763 -3.8351784434770714E-4 0.0035748873568539515 0.002247742174709183 -0.002116230647187829 0.0018811218321403325 1.2386305073023096E-4 -6.429959974466187E-5 -5.189168333523945E-4 
0.21461790216635265 0.0010033882780999671 -4.593331330989099E-4 0.0035991919748738135 0.002224209049891554 -0.002112327421311625 0.0016722834713044793 1.4665049963730043E-4 1.2582841397469882E-4 -5.849128533039335E-4 
0.493888094725486 0.0011547791448021868 -3.428685788833195E-4 0.003738777650925315 0.002339942836776715 -0.00206494746911594 0.0016752299318260279 2.7957513540584534E-4 -7.757571558139025E-5 -3.534756032680372E-4 
0.9594314862753383 0.0010141986320327504 -6.219744700332886E-4 0.0036124319418755413 0.002222827797370514 -0.002060745263625783 0.0016764521631840103 2.859414669444532E-4 -5.651460722894928E-5 -2.9176464948632385E-4 
0.9179896348898398 0.001002545881053541 -4.68840900311571E-4 0.003591591794480941 0.0022438772481831004 -0.0021054869576104 0.001680444449077056 3.651384081522596E-4 -4.164826838334329E-5 -3.467257106072996E-4 
0.26895374039458486 0.00110052648208797 -6.06390598042481E-4 0.0036777209289421027 0.0022648850626806397 -0.002592979853956315 0.0016537683388938302 4.1743464786446596E-4 1.1944758658321265E-4 -2.9733359807497707E-4 
0.2767584817684433 0.001096426675887783 -3.413441710354819E-4 -0.0026265910736285865 0.0022227123163139372 -0.0020163139545882848 0.0016749098653626835 2.8099097181919706E-4 -7.104988569979686E-5 -3.5877469820373535E-4 
0.7193689357417877 0.0011547791448021868 -6.170779222088604E-4 0.003738777650925315 0.0022242696154722258 -0.002062667448772928 0.0016642610257681294 2.803812416890646E-4 -8.014156434115293E-5 -3.534756032680372E-4 
0.8074941639636448 9.890945347853508E-4 -4.7527773964117976E-4 0.003681162725353806 0.0022224731929306398 -0.0021086629296386814 0.0016807044262508186 7.448488331372708E-5 1.266592045436505E-4 -5.237232156207987E-4 
0.15144327230682703 0.0011543197257043278 -3.485197368184276E-4 0.003738780186564672 0.002322152002907327 -0.002069808826050234 0.0016752235006765848 -1.3022026221976186E-4 -2.1030227468510744E-4 -3.5670242530505227E-4 
0.48322038104812465 0.0011012948719754093 -3.301452754551868E-4 0.003738777650925315 0.002339942836776715 -0.00218579655384574 0.0018789998919853577 4.16471000478444E-4 -7.757571558139025E-5 -3.534756032680372E-4 
0.7784646048555516 0.0011009774376466456 -3.8652536263014935E-4 0.003718437633887323 0.0022242188880073625 -0.0021579124901252656 0.0016711925531900306 -1.4581991590015053E-4 9.331079949844919E-5 -5.135951466776903E-4 
0.26392623820137345 0.0011009324871780655 -3.7502197125385817E-4 0.003575431116189924 0.002224209049891554 -0.0021117084913838046 0.0016857603512470342 -1.2672489442151994E-4 1.2488814280372642E-4 -3.8735134960259364E-4 
0.030487485143318394 0.0010054114276627838 -3.7114838973272154E-4 0.003578282398682678 0.002328026431033622 -0.0020948676819862286 0.0016824675936590362 1.3135142597339475E-4 1.443352614135079E-4 -4.969392755674343E-4 
0.7112229847185081 0.001101201113558058 -3.907548585956131E-4 0.0035776055699427555 0.0022468959844445177 -0.002078804526943709 0.001659605939798305 -7.006305621863163E-5 -2.18791191249509E-4 -3.424833404149791E-4 
0.04811537467452076 0.0010130818324221608 -6.128768834228616E-4 0.00357507849376019 0.002309688154453278 -0.002178439388062222 0.0016852339205693232 4.202355551269994E-4 -7.2265091785845E-5 -5.248167115160069E-4 
0.9201366910052293 0.0011033158093398782 -3.019446149629516E-4 0.0036893257556821595 0.0023090880220159853 -0.0020720406356542985 0.00165145795493308 5.209011699625209E-4 -7.089294612150575E-5 -3.4208076127760457E-4 
0.9332311398159642 0.0010890678939924831 -6.22750664949598E-4 -0.0028248869335227604 0.0022591584398815113 -0.0020696884344406207 0.0016484015591114692 3.6500203752567887E-4 -2.092826256060717E-4 -3.5148217205316194E-4 
0.47889273878980904 0.0011012948719754093 -3.2826144045969145E-4 0.0036845164449292272 0.002339942836776715 -0.002111713402268084 0.0016797684881172514 4.16471000478444E-4 1.2697605586826357E-4 -3.4486520891673995E-4 
0.7871486407949471 0.0010119726796292568 -3.8652536263014935E-4 0.003728447175620106 0.0023074124984783524 -0.00218837331311916 0.0016827689593773671 -1.452740776305396E-4 1.8763957007130982E-4 -3.903976629046876E-4 
0.7435689833823209 0.0010112793760629368 -2.7015120378672875E-4 0.0035975906067777464 0.0022386881198945482 -0.0020756746720001894 0.0016822532400854674 2.2899173881626625E-5 1.2408718139488267E-4 -5.302017725279274E-4 
0.1423113417482519 0.001005549569245465 -4.6869219443347804E-4 0.0035985446389303947 0.0022471485470893114 -0.002072027399898442 0.0019492348136964715 3.651297794009174E-4 1.0554166498061705E-4 -3.297169169386601E-4 
0.9846269838800715 0.001000190101532177 -5.64696186343881E-4 0.0036881753977711577 0.0022033368243267863 -0.002199204985010487 0.001682420208104759 -1.261325082666576E-4 -5.412507381830638E-5 -4.978500906491716E-4 
0.6149635245069054 0.0010054114276627838 -3.7114838973272154E-4 0.003578282398682678 0.0023269322795145633 -0.002095860748834884 0.001674514466110093 1.3135142597339475E-4 1.3852650303719844E-4 -3.4394315244314137E-4 
0.45638850017105964 0.0012184591496487876 -5.126499565624953E-4 0.003781637501387009 0.002306442804725672 -0.0021785168309405795 0.0016614093019128528 -1.2726003746241102E-4 1.3548084361880643E-4 -2.8534593715022765E-4 
0.024847366757219054 0.0010202708072545984 -3.847545040138256E-4 0.00357837092877249 0.002309551373561124 -0.002098768472047331 0.0016686464853468514 2.920509034080539E-4 6.162300170209719E-5 -3.895929874056424E-4 
0.9982216078256722 9.95026494650111E-4 -5.552024263671276E-4 0.003593380269061775 0.00220196432082626 -0.0020790641679340823 0.0018810262356689625 1.2106959114943599E-4 7.237164644163427E-6 -5.286431751791317E-4 
0.5329856131733293 0.001002524588293251 -4.6955975016344317E-4 0.003591710492741871 0.002244228720444094 0.0020781439015090954 0.0018697514385694262 9.002936161086805E-5 1.384604405765403E-4 -4.352168247558146E-4 
0.39771238771441053 0.0010958945707852258 -6.206678654563756E-4 0.0036075671767189328 0.002307402660362544 -0.0020619937351747664 0.0016838598774918158 2.765110870435344E-4 1.2489424256795304E-4 -4.994485761241881E-4 
0.39771238771441053 0.0010958945707852258 -6.206678654563756E-4 0.0036075671767189328 0.002307402660362544 -0.0020619937351747664 0.0016838598774918158 2.765110870435344E-4 1.2489424256795304E-4 -4.994485761241881E-4 
