0.9999846274019301 -3.488295023307535E-4 -1.7072321125924945E-4 0.0032123373924173916 -6.83783357322443E-4 -1.3901235683566143E-4 -1.0003705550072427E-4 0.0011368632570519887 0.0013309040817117905 1.498918010996515E-4 
0.0 -2.576044199916505E-4 -1.638012625765218E-4 0.00321926675089678 -6.492071295437036E-4 5.7890104068314584E-5 2.4773423701305826E-4 0.0011429310980762542 0.001343970447271107 1.3731208365514808E-4 
0.9999846274019301 -3.488295023307535E-4 -1.7072321125924945E-4 0.0032123373924173916 -6.83783357322443E-4 -1.3901235683566143E-4 -1.0003705550072427E-4 0.0011368632570519887 0.0013309040817117905 1.498918010996515E-4 
0.6426188673081347 0.001077865379729759 3.2188491765743087E-6 0.0032735901411799838 -7.257096518242936E-4 -5.794170511410031E-5 -1.0737802870734489E-4 0.0011645700632949545 0.0013485836650673 7.366769969087292E-7 
0.48251364012691944 -4.7946072120893244E-4 -1.527539389750485E-4 0.0031973443460192887 -9.357315376123177E-4 4.00835428590197E-5 -1.25557340499959E-4 0.0011605718157301971 0.0013428456486356307 1.2139337387595263E-4 
0.26964250068637396 -1.837008490451276E-4 -1.075799774269154E-4 0.0032200072400041797 -9.400574728686286E-4 3.428813670485927E-5 -8.879372687450853E-5 0.001161614054070888 0.0013428717177999727 1.1507681956109581E-4 
0.16223621038747826 -1.4530098805349726E-4 -1.5214536621188597E-4 0.003222963454043054 -7.767596096136158E-4 -8.516469980000333E-6 -9.209634021210867E-5 0.0011615155820057608 0.0013428717177999727 1.2105922697790463E-4 
0.31111437968107447 -5.520939469888379E-4 -1.0195841904543602E-4 0.0032786272394413605 -6.842530375924048E-4 4.559969045210973E-5 -9.611016542198747E-5 0.0011531201982481693 0.0013309040817117905 1.5036598926535086E-4 
0.622746465202419 0.0010838109772028962 -1.995359633049507E-4 0.0032735823220579417 -7.247555611320612E-4 -7.764581979243575E-5 -2.472823925277805E-4 0.0011597330349967588 0.00132020440444372 1.452685671886343E-4 
0.9477074181353324 -3.5089658938582656E-4 -1.0759913640489134E-4 0.003274060289390064 -8.050842631609693E-4 3.598614606473317E-5 1.481872923447856E-4 0.0011471737194256218 0.001345493073623432 -7.928424480115397E-5 
0.6663194930550551 6.786673651354207E-4 3.1483937490055637E-4 0.0032046686626435324 -7.265881788536801E-4 -8.353650826807404E-6 2.3445429411003612E-4 0.0011620368432417177 0.0013518602060161161 1.494755770072837E-4 
0.04844977489727753 -5.413487484387263E-4 -1.4487609245920395E-4 0.003276910797906957 -6.144499767309225E-4 -4.540286027478795E-5 1.902551375936632E-4 0.0011570249205906798 0.00134635818069968 -1.1953158218126015E-4 
0.893968071659152 7.427854556867504E-4 -1.2728208213316238E-4 0.0031973503183055814 -7.278947624573219E-4 -6.252550913824632E-5 1.1158400529887554E-4 0.0011620026765027647 0.0013486246839130417 1.392904324607443E-4 
0.45433036435488183 0.0011442612496510463 -4.958305835911551E-4 0.0032048728255554644 -7.268624417454258E-4 -1.3525355764245229E-5 1.012652432211272E-4 0.0011396571698182153 0.0013503646583883219 3.282786558907138E-4 
0.0033033838777159763 -4.085056749230583E-4 -1.8104166217993518E-4 0.003222632828670226 -7.188899028806822E-4 -6.307063432144104E-5 1.0699547154330974E-4 0.0011607369128276974 0.001357672975878792 -1.089509754563998E-4 
0.20669272463336721 -8.148763026076186E-4 -1.906723503409238E-4 0.0032779795063550706 -6.574251559915662E-4 1.756523498560604E-4 1.0649768409377103E-4 0.0011594604478023145 0.001345673540483089 -1.615090192660839E-5 
0.115872339791564 -4.3665402263860613E-4 -1.4826151211159874E-4 0.0032745430719976413 -7.264949436934714E-4 -1.2098255712099832E-4 -1.0924202191562514E-4 0.001164184063009207 0.001364402888069346 -7.051904846780276E-5 
0.36157792745913725 6.105634742066307E-4 -4.7878484995821227E-4 0.0032214664551251 7.368056325976664E-4 -6.111961662508663E-5 -1.168019220845388E-4 0.0011411008047849292 0.0013450993182399609 1.6844422230345385E-4 
0.6072035334894803 5.935084237948201E-4 -1.6140384578109784E-4 0.003219922292728157 7.699832591919749E-4 -8.096502937064895E-5 1.0640364387325656E-4 0.0011647043380754475 0.0013420278815479282 -1.0990145133683332E-4 
0.9249235837360359 -4.062134997863011E-4 -1.0664823849580919E-4 0.0032049071560712205 -7.31673990402297E-4 -1.4776110584195127E-5 1.481872923447856E-4 0.0011368107931124009 0.0013454697977252495 1.4009294348977025E-4 
0.1059194928561375 -3.5048155063007163E-4 -7.864193951124599E-5 0.0032072414995965117 7.845572368789394E-4 3.443978035172707E-6 -1.1995937890462642E-4 0.0011611407429733666 0.0013440550942139073 -7.528847042491979E-5 
0.9618051781678628 -2.576044199916505E-4 -1.5205338819959126E-4 0.003221989070273116 -7.265150298783114E-4 -5.776366053558147E-5 2.477809584886051E-4 0.0011620368985849777 0.0013519530300540735 1.4856502385061533E-4 
0.2903847210943929 -1.8140112170646926E-4 -1.6491160203209232E-4 0.003219232724612714 8.061351044841472E-4 3.659195743458581E-5 -1.3266373155107386E-4 0.0011434154979481487 0.0013406403104261738 2.4586416022682773E-5 
0.7739637547071909 -1.7278776249693125E-4 -1.4298316086203437E-4 0.0032759229724668936 -7.827571034285482E-4 4.0057405600953146E-5 1.909386452766972E-4 0.001138531541184251 0.0014166570431282716 1.203584995014352E-4 
0.592516779152576 5.839665748034186E-4 -1.902968240621695E-4 0.003219922292728157 7.746979716800881E-4 -7.07552731442998E-5 1.0640364387325656E-4 0.0011656444334265657 0.0013420278815479282 -1.0977185116119967E-4 
0.0975772617849627 -4.1090660657242873E-4 -0.0011685967907925313 0.0032695915948291188 -2.450285980751826E-4 3.6120412565526474E-5 -1.2309320154371258E-4 0.0011615938122647614 0.001421672955956472 -7.699307229537143E-5 
0.0322359516473435 -4.7096434353044735E-4 -1.736426615059153E-4 0.0031940878059738003 -8.09545397619191E-4 3.896923794245625E-5 -1.62209850178933E-4 0.0011363699578449335 0.001346042224494093 1.4710860439707263E-4 
0.5331557745748889 7.070092518186079E-4 -4.2117414593294115E-4 0.0032763527901178762 8.447816231730399E-4 -1.0614158881288002E-4 -1.1237649365370388E-4 0.0013134188280413959 0.0013426857369308915 -7.383667443316612E-5 
0.19760205093879668 6.12959202651673E-4 -2.0703377554535677E-4 0.0032186224721594565 -6.836351479309667E-4 1.8457394229828375E-4 1.1611557005070154E-4 0.0011349005041502206 0.001331201410416384 1.2024033502111796E-4 
0.725835957706344 -2.0788526286476006E-4 -1.414424936792974E-4 0.0032629216680091838 -7.742263217457319E-4 3.980590633109622E-5 -1.1533511134743489E-4 0.0011624930432133015 0.0013421114113901227 -7.273288838704208E-5 
0.3851304176043654 6.098145254212332E-4 -1.46696983522781E-4 0.0032229328223834473 -8.06515943982923E-4 -6.858850880642496E-5 1.9790992860383892E-4 0.0011439074814716262 0.0013405953265973902 -1.0895359926204602E-4 
0.7491387015543363 6.378971836024614E-4 -1.599351016026924E-4 0.003218426845283204 -7.945070881771732E-4 7.109193924064416E-5 -1.287328871204241E-4 0.001162716512482767 0.0013304470640061491 1.2025662647266698E-4 
0.080573556794995 -3.6291406909207786E-4 -1.3573292593853446E-4 0.0032186999833879017 -5.852970765003505E-4 5.6802358325405916E-5 -1.010566732251769E-4 0.0011622166089524184 0.0013520467544554918 1.1784001078441282E-4 
0.019276796306192945 -5.468944096424893E-4 -5.2567554523105534E-5 0.003271408210010095 -7.281765716523348E-4 8.061212250462926E-5 -1.168566440709925E-4 0.0011614882214076798 0.0013263367098344597 1.8465339097295552E-5 
5.090778655079606E-4 7.434519722377205E-4 -1.672781057059387E-4 0.003221193019318223 -7.188265352148025E-4 5.6802358325405916E-5 -1.010566732251769E-4 0.0011688202373844664 0.0013664881996412355 1.4841211091912352E-4 
0.23197330577234238 9.084544308013302E-4 -1.0561405930790832E-4 0.0032692759410091437 7.845572368789394E-4 3.126103436207144E-5 -1.1937778472329313E-4 0.0011569645014067637 0.0014108149920772726 -1.201261277167807E-4 
0.25942962522758395 -2.5625350754827843E-4 -1.7123483965116406E-4 0.003208322077873929 -7.265443963055409E-4 8.230877917128198E-5 -1.1243251547171808E-4 0.0011613808907951332 0.0016371420873833038 -8.135762848192316E-5 
0.06064996485578336 7.167516365932822E-4 -0.0012802822413403563 0.003207713462875899 -7.175842231392665E-4 1.8058589743092206E-4 6.333175874308882E-4 0.0011616415450993911 0.0016200613107111967 -7.201811283925609E-5 
0.7920866896267378 6.410819062900111E-4 2.7078548510106663E-4 0.0032123373924173916 -7.945070881771732E-4 -8.193165748032249E-5 -1.287328871204241E-4 0.0011368734978001321 0.0014172530828452292 1.2024033502111796E-4 
0.7050195835174882 -3.917464826746945E-4 -1.0790941915797414E-4 0.003194755601407808 -5.982662467610674E-4 -1.4247651079224352E-5 -1.0962550346944866E-4 0.001156919611922698 0.0013485974519451057 1.3946302198989386E-4 
0.0015235032600589907 -4.084510592552295E-4 -1.604609595475167E-4 0.003197915436046424 -7.191950311369217E-4 -6.353306581298178E-5 -1.2081789053491158E-4 0.001161114928680615 0.0013571228241455375 -1.2975307121003345E-4 
0.8379131945226532 -1.8140112170646926E-4 -1.6491160203209232E-4 0.003219232724612714 8.061351044841472E-4 -6.278599150530474E-5 -1.3123385301725706E-4 0.0011434154979481487 0.0013406403104261738 1.1231731069267955E-4 
0.24132347931062414 -8.148763026076186E-4 -2.065338020567274E-4 0.0032765971502664174 -6.574251559915662E-4 -1.1802993628470804E-4 1.2208107499058168E-4 0.001158950791947892 0.001345483236661486 1.4473824392330635E-4 
0.007133961468993311 -2.8828890335701185E-4 -1.638012625765218E-4 0.00321926675089678 -6.492071295437036E-4 5.498179821106545E-5 2.467011418514514E-4 0.0011429310980762542 0.0013419314105856004 1.3731208365514808E-4 
0.2498860634781347 -3.521739185548718E-4 -1.0872396593832692E-4 0.0032714312185127834 -7.906318822424679E-4 3.1261358248592275E-5 -1.3257519020794261E-4 0.0011454601813967956 0.0013418134274618206 -1.261039155994736E-4 
0.07243116473118677 0.0011443231439862138 2.3446613731791598E-4 0.0031976857485246472 -6.146761004368269E-4 -5.4706717388175836E-5 1.0905157463342451E-4 0.0011571724537186776 0.0013433856935597995 -1.0864734084216781E-4 
0.8523493967591426 7.734309704495972E-4 -6.486402757505791E-5 0.0032714738291092947 -2.5878460452701224E-4 8.423849886907454E-5 -1.1585736051577331E-4 0.0011355052661059623 0.001348726464442593 1.3514119432784334E-5 
0.6875686548787956 -4.9020757953011E-4 -1.2728208213316238E-4 0.0031969610794713808 -2.649268465376832E-4 3.865179123820362E-5 1.1158400529887554E-4 0.0011616724214644002 0.0013492878030346093 -7.699657459860803E-5 
0.025598664839754703 -4.3248963312145125E-4 -1.057728632647473E-4 0.003271878660990368 7.368056325976664E-4 3.666308147488843E-5 -1.171164910645243E-4 0.0011472008394521984 0.0013451820373957034 -7.928375501504254E-5 
0.012726585465740459 -3.525639795340462E-4 -8.00883146023827E-5 0.003207109830669204 -7.210892534963438E-4 -8.213432329879246E-5 -1.143563444137144E-4 0.0011621491807851645 0.001345025444818542 1.0646524648367581E-4 
0.06806146892596804 0.0011443231439862138 2.3446613731791598E-4 0.0031976857485246472 -6.146761004368269E-4 -5.4706717388175836E-5 1.0905157463342451E-4 0.0011571724537186776 0.0013433856935597995 -1.0864734084216781E-4 
0.8743024123723534 -3.5089658938582656E-4 -1.065534555575621E-4 0.0032741409108698123 -8.060969275338819E-4 3.598614606473317E-5 1.481872923447856E-4 0.0011606371868122672 0.0013447608059992144 -8.518317250105015E-5 
0.12615021235604434 -1.8190755145494527E-4 -4.8254062515056407E-4 0.003219232724612714 8.061351044841472E-4 3.7017395522301666E-5 -1.255905693477273E-4 0.001161071338735189 0.0013428238026423653 2.6641042834490516E-5 
0.29938313323950344 -1.8190755145494527E-4 -4.8254062515056407E-4 0.003279528000243592 8.061351044841472E-4 3.655402498975113E-5 -1.2359538956483628E-4 0.001160901174188721 0.0013428238026423653 -1.530408371906457E-5 
0.739265994210477 6.561710965116186E-4 -1.4082942030782492E-4 0.0032123373924173916 -6.836351479309667E-4 -1.2618041085658176E-4 -1.287328871204241E-4 0.0011368780399469316 0.0013309040817117905 1.2024033502111796E-4 
0.71156275676112 -3.6419945026641275E-4 -1.4275408177817718E-4 0.003207202097215555 -6.836886793824409E-4 -1.2712474302265244E-4 -1.1405621115144962E-4 0.0011621362397675414 0.0013460293966533264 -1.1952273448591114E-4 
0.910260753974218 0.001002485417312717 -2.0933816546210186E-4 0.0032175381284384316 -7.746476852632856E-4 1.7304277199495498E-4 1.1040208050797124E-4 0.0011519732612508332 0.0013451929010618834 1.2114124908940775E-4 
0.43223363390946756 0.0011495513785822892 -4.378136805065582E-4 0.003217272077268805 -6.577600112524752E-4 4.117369436511815E-5 6.700972660542427E-4 0.0011600197340304774 0.0013209930410851742 9.703084559689368E-7 
0.5792607469375631 -5.001508539595164E-4 -1.5929381292636034E-4 0.0032105322877080916 -2.3839273232672279E-4 8.414073203718982E-5 1.0734292717424564E-4 0.0011647103950819303 0.00134439911866621 -1.1867162244725421E-4 
0.40264929041578845 7.376937351839692E-4 -4.4852142873275764E-4 0.003276295045535522 -7.629982489553315E-4 -6.038404046461954E-5 1.936087845356874E-4 0.001319311412248099 0.0013439188012326552 -7.383667443316612E-5 
0.4418271983448732 7.145588018534229E-4 -5.600983855885362E-5 0.0031950791503495826 -9.373807672863769E-4 -5.984001963148796E-5 1.9753498629501064E-4 0.0011547520756018074 0.0013389545103272018 1.2139337387595263E-4 
0.17312348883838705 -8.148763026076186E-4 -2.065338020567274E-4 0.003278944547743436 -6.574251559915662E-4 1.756523498560604E-4 1.0822839455018494E-4 0.0011648294988532157 0.0013457220285491636 -1.4426073782371028E-5 
0.4906793826822681 -3.5089658938582656E-4 -1.0759913640489134E-4 0.0032733702587710747 -8.050842631609693E-4 3.598614606473317E-5 1.481872923447856E-4 0.0011471737194256218 0.001345493073623432 -7.928424480115397E-5 
0.3851556243751906 6.098145254212332E-4 -1.46696983522781E-4 0.0032229328223834473 -8.06515943982923E-4 -6.858850880642496E-5 1.9790992860383892E-4 0.0011439074814716262 0.0013405953265973902 -1.0895359926204602E-4 
0.8101331446986332 -1.7568335088766465E-4 -1.0935907215279883E-4 0.0032212667873440805 -7.188619434708369E-4 3.689162192732181E-5 -1.1700908837999968E-4 0.0011610695413266235 0.0013427979003284988 2.6588965719896788E-5 
0.03707206723530268 -4.084510592552295E-4 -1.604609595475167E-4 0.003197915436046424 -7.198724541891156E-4 -7.006501756161369E-5 -1.2081789053491158E-4 0.0011627277834781332 0.0013576252436041862 -1.2975307121003345E-4 
0.5562012849560836 -5.665096692664417E-4 -1.1501257188628993E-4 0.003221477656611564 -6.141715069994533E-4 -1.0193891947045836E-4 6.657750964080651E-4 0.0011531117713773629 0.0013439290281153716 -1.1143450161266004E-4 
0.8030136757069714 9.101064791006484E-4 -1.7072321125924945E-4 0.0032122979900364355 -6.83783357322443E-4 -1.3901235683566143E-4 -1.0003705550072427E-4 0.0011368632570519887 0.0013309040817117905 1.498918010996515E-4 
0.7782852193203171 -4.084510592552295E-4 -1.6052388277975466E-4 0.003197915436046424 -7.827206940994422E-4 -7.006501756161369E-5 -1.2881072588358797E-4 0.0011627277834781332 0.0013576252436041862 -1.2975307121003345E-4 
0.5641283955847884 0.0011373501409649054 -1.0097731129750906E-4 0.003217272077268805 -6.577600112524752E-4 4.117369436511815E-5 6.700972660542427E-4 0.0011600197340304774 0.0013209930410851742 9.703084559689368E-7 
0.5162664639576443 7.340407148746539E-4 -6.410685630303988E-5 0.0032045804771798827 -7.238981763699357E-4 1.9463910852314715E-5 5.779398227129923E-5 0.0011610610976839958 0.0013442146159241804 -7.526217639993722E-5 
0.34857270024259257 7.322879820283112E-4 -6.091339464299491E-5 0.003204547565073542 -7.08454905700989E-4 -9.426763145658687E-5 1.4296029364743273E-4 0.001142519030996894 0.0013506162738192256 -7.347218399742554E-5 
0.676717885529159 -1.7541355731609737E-4 -6.056041950206687E-5 0.003266618775613299 -5.788060949079867E-4 3.9089850910741626E-5 2.4562444317483115E-4 0.0011425289559467504 0.001425747332374769 1.68112654613508E-4 
0.18589439587441917 -5.107222458041665E-4 -2.065338020567274E-4 0.0032785226629810297 -6.592778395562633E-4 -7.757947114440749E-5 -2.4939964943473573E-4 0.0011612363311442199 0.001331670044399488 1.1980020276199633E-4 
0.2218327260158478 -3.5068523169991473E-4 -1.0763205968853518E-4 0.003207202097215555 -6.821956182868875E-4 -6.19320147956722E-5 -1.1857944665487357E-4 0.0011620804817437068 0.0014108149920772726 -1.201261277167807E-4 
0.08949247195475687 -3.203527670830869E-4 -0.0012855598298371312 0.0032076481032242993 -7.289114188402353E-4 8.631877701255174E-5 -1.0299383010606702E-4 0.0011614487444637624 0.001641653356806215 3.0595817812119217E-4 
0.4152461137708964 -5.178205512320964E-4 -4.772650146924484E-4 0.0032767185328930973 -6.094065384265787E-4 -8.916122406412006E-5 1.0897961424145258E-4 0.001153038970355388 0.0013505172027833026 1.1255676970909632E-4 
0.5059500883845929 7.167516365932822E-4 -0.0012802822413403563 0.0032079250542726544 -7.167610377219551E-4 4.586503550179047E-5 6.333175874308882E-4 0.0011605694841494694 0.0016200613107111967 -7.214113496935668E-5 
0.18589439587441917 -5.107222458041665E-4 -2.065338020567274E-4 0.0032785226629810297 -6.592778395562633E-4 -7.757947114440749E-5 -2.4939964943473573E-4 0.0011612363311442199 0.001331670044399488 1.1980020276199633E-4 
0.007970554567076859 -4.2682783914682875E-4 -1.2547357292629866E-4 0.00320504934345116 -7.303715239574431E-4 -8.213432329879246E-5 1.220852990919057E-4 0.0011621474893325821 0.0013485698316050244 1.2074162671702958E-4 
0.01139941506982109 -1.8266901474938996E-4 -1.0908463629788519E-4 0.003274673902724856 -7.796955842994158E-4 3.0018545163090787E-5 -1.3257519020794261E-4 0.0011618888476841417 0.0013433172199023785 -1.1792007725557676E-4 
0.5729054844248338 -5.001508539595164E-4 -1.4888911661111847E-4 0.0032105322877080916 -2.3839273232672279E-4 8.414073203718982E-5 1.2119560761464239E-4 0.0011588362827821522 0.0013443506306001353 1.4331971641330302E-4 
0.33546415433525045 -1.8266901474938996E-4 -1.626179062781649E-4 0.003274673902724856 -7.308862155220097E-4 -8.7424558696364E-5 -1.3265269015798927E-4 0.0011622119365429042 0.0013407707290307993 -1.1408829953085518E-4 
0.14531589320546084 -1.5727571592447694E-4 -1.5214536621188597E-4 0.003222963454043054 -7.767596096136158E-4 4.046521349086781E-5 -9.251462582285724E-5 0.001160824975129929 0.0013428717177999727 1.2110955262250315E-4 
0.2218327260158478 -3.5068523169991473E-4 -1.0763205968853518E-4 0.003207202097215555 -6.821956182868875E-4 -6.19320147956722E-5 -1.1857944665487357E-4 0.0011620804817437068 0.0014108149920772726 -1.201261277167807E-4 
0.5005201656370061 -4.7997519091027153E-4 -5.600983855885362E-5 0.0031947496244950336 -6.060221558749244E-4 -1.377908404492027E-5 -1.2834178926572528E-4 0.0011573091041052414 0.0013507083855244925 1.401483523681034E-4 
0.4152461137708964 -5.178205512320964E-4 -4.772650146924484E-4 0.0032767185328930973 -6.094065384265787E-4 -8.916122406412006E-5 1.0897961424145258E-4 0.001153038970355388 0.0013505172027833026 1.1255676970909632E-4 
0.33002835786869594 0.0011154077987588131 -1.716605452141663E-4 0.00327668403673783 7.32906143682254E-4 -1.1442892939814492E-4 1.0718924683114322E-4 0.0011617087998252184 0.001367433713573683 3.4569184447620085E-4 
0.3432043952565881 -3.3975111528823914E-4 -1.716605452141663E-4 0.0032787922511695864 -6.518052734164032E-4 -1.1442892939814492E-4 1.0718924683114322E-4 0.0011617087998252184 0.001367433713573683 3.4569184447620085E-4 
0.12962229771665673 -1.627757376515813E-4 -2.725570686869808E-5 0.0032232190786918055 -6.015335593144818E-4 -5.805686216112026E-5 -1.0972126356452546E-4 0.0011603263480042245 0.0013401451223928186 1.3963172114082263E-4 
0.3578963461522075 -4.7718830866761883E-4 -2.048870455346098E-4 0.003197915436046424 -7.183964934109309E-4 3.661099533827091E-5 -2.527810028793834E-4 0.0011615926412160262 0.0013449948239453852 2.664283768119966E-5 
0.1716987299759021 0.001133289384740608 -2.065338020567274E-4 0.0032785226629810297 -6.592778395562633E-4 -7.757947114440749E-5 -2.4939964943473573E-4 0.001159750526165986 0.0013209930410851742 3.034521339539205E-6 
0.06109139518522128 0.0011373501409649054 -1.0074004472147957E-4 0.0032790496554353566 -6.580349283574581E-4 1.7408353954338998E-4 1.3235025125713765E-4 0.0011600197340304774 0.001541893119516626 1.0933305860695304E-6 
0.8273320257191144 -2.576044199916505E-4 -1.638012625765218E-4 0.003219059633681365 -6.470337119397347E-4 5.7890104068314584E-5 2.4773423701305826E-4 0.0011429310980762542 0.001343970447271107 1.3592113226893599E-4 
0.5427453012204863 7.070092518186079E-4 -4.2117414593294115E-4 0.0032763527901178762 8.447816231730399E-4 -1.0614158881288002E-4 1.0827914718809844E-4 0.0013209242670456172 0.0013388961663950705 -7.383667443316612E-5 
0.5467164991744076 6.046982495996697E-4 -1.5124490109740094E-4 0.0032200968694488766 -6.482192040194059E-4 3.456668146134286E-6 1.1340935321079202E-4 0.0011437895249138583 0.001344106200880044 -1.090368712497541E-4 
0.4032564555008006 7.070092518186079E-4 -4.4852142873275764E-4 0.003276295045535522 -7.629982489553315E-4 -6.329234632186867E-5 1.9257568937408056E-4 0.001319311412248099 0.001341879764547149 -7.383667443316612E-5 
0.9161638427959093 7.162754005107643E-4 -0.0012802822413403563 0.0032076046780077036 -7.280351026846458E-4 1.7970948145873755E-4 1.1757040887020825E-4 0.0011616415450993911 0.0016237354648214355 -7.201811283925609E-5 
0.08710461709472056 -3.203527670830869E-4 -3.125616837774752E-5 0.0032714687969733207 -7.281865253453224E-4 8.059407075145035E-5 -1.0299383010606702E-4 0.0011614487444637624 0.0013259245240795703 3.0595817812119217E-4 
0.14531589320546084 -1.5727571592447694E-4 -1.5214536621188597E-4 0.003222963454043054 -7.767596096136158E-4 4.046521349086781E-5 -9.251462582285724E-5 0.001160824975129929 0.0013428717177999727 1.2110955262250315E-4 
