2.3934616242382102E-17 2.0287230885293408E-4 1.7551625813945053E-4 0.001865272972133979 0.0020788333752437675 8.304752543332266E-4 -3.69498210332271E-5 -2.548828593156833E-4 -3.9995615823352646E-4 -5.609104610847939E-4 
0.9932901897901915 2.3321124269976332E-4 2.2865311780327928E-4 -3.508437525122183E-4 4.7549597280224743E-4 6.262471548207998E-4 2.0060758600968373E-8 -3.096868843264575E-4 -4.100753327119801E-4 3.4125537878305483E-4 
0.7627144360612395 -1.6329288868237448E-4 5.356998299455595E-4 0.003544898601679459 6.028770725636691E-4 7.066025721200065E-4 4.5222729866202817E-5 -2.546387805614055E-4 -6.853811182416366E-4 -5.862097366966544E-4 
0.2675959662147097 -1.5598526018202076E-4 5.194364046076433E-4 0.0020705801424367926 5.882588591353132E-4 6.383690673910167E-4 2.4012977588328877E-5 -1.6994092833881754E-4 -4.1189080394279546E-4 3.785779807346718E-4 
0.7821606825045389 -1.6329288868237448E-4 8.319101147015467E-5 0.0036478308341015768 3.836817642806681E-4 7.081801122226086E-4 2.92623240633315E-6 -1.5418432438499735E-4 -3.422840634948542E-4 -5.88627722374023E-4 
0.5656113320336822 -1.6059692994462715E-4 5.637449426626246E-4 0.003678764471690082 4.040891079266349E-4 6.092309735945883E-4 2.12916614808681E-4 -1.9639137447677855E-4 -4.738128582942536E-4 3.7560485680764033E-4 
0.7343026626259275 2.4011747592756342E-4 2.233755387836311E-4 0.0024671394983916232 3.59579812138623E-4 6.308030023835647E-4 2.373809261421331E-4 8.345150001089251E-5 -4.1142531046463744E-4 -4.135178912887115E-4 
0.45735970692150785 1.9993584133398627E-4 5.36688726085429E-4 0.0038211831033860095 4.8191725962235356E-4 6.301746335048383E-4 -9.76770928226425E-6 -2.548879175609452E-4 -4.0072384935374615E-4 -5.813300515891633E-4 
0.4797641891948268 2.972210751288431E-4 1.568084039894151E-4 0.0035486987778768075 0.0021021083108361477 6.026360802135251E-4 -2.935877245164555E-6 -3.151361749884453E-4 -3.9932172517118895E-4 -4.439253819327638E-4 
0.9652659284497949 -1.5725151324464813E-4 1.6102897472543558E-4 0.00221824927761953 5.412877747980599E-4 6.242329699213614E-4 3.610731288299293E-4 -2.5489688984117075E-4 -3.9642233316098047E-4 5.075864267605118E-4 
0.010651168488146207 -1.6174494230094763E-4 5.412066862931528E-4 0.0022441058081954066 5.415627167190111E-4 6.240731212891773E-4 3.6113894562705235E-4 -2.5487065464220674E-4 -3.9652525203469314E-4 -5.233166708076572E-4 
0.005204580004883899 -3.2029354034342097E-4 5.511333471969375E-4 0.002011954044760619 4.525944532092562E-4 8.261768103030135E-4 2.292143666216196E-4 -2.5104126449718026E-4 -4.014313399942E-4 -6.097038533187675E-4 
0.2830351730621844 -1.522179709694303E-4 -3.5099871517173275E-4 0.0020782134748110518 4.0419514123918413E-4 6.380802864465537E-4 8.533481097520606E-4 -1.9386441193251487E-4 -5.768450400259502E-4 3.6841559353553016E-4 
0.8665482231173041 3.1005969579130967E-4 5.524495679357399E-4 0.003962706518145015 4.347480363461716E-4 6.151319282046339E-4 -5.063465705237147E-5 -5.472451011098366E-5 -4.7539086564108666E-4 -4.4731094464609537E-4 
0.20850831922474708 2.356190827833206E-4 5.260764579785533E-4 0.003888953434219213 4.139738989231817E-4 6.069943486082007E-4 -5.261532304854819E-5 -1.483463526380368E-4 -3.266337248452357E-4 -3.391329649492351E-4 
0.07924031811713661 3.595360925953727E-4 3.4374709342774627E-4 0.0035606098071006656 4.4921061443258897E-4 6.240787277003624E-4 2.9465023909691643E-5 -1.5828049384009751E-4 -3.9992966960979284E-4 -5.20028269006478E-4 
0.800632238659052 -1.4083403145268976E-4 6.352800641076188E-4 -8.009800065312024E-4 4.18017780214135E-4 6.04423979688453E-4 2.438888504930469E-5 -3.781723474886598E-4 -3.918771613152161E-4 3.319910595093577E-4 
0.09403375825443461 -2.5986017126354544E-4 2.3219045974634775E-4 0.0035700864482503467 4.092484541740745E-4 6.071968252682432E-4 3.6100253961642167E-4 -3.596758987311643E-5 -3.9139556479177276E-4 -3.9336797614006E-4 
0.42265949841146067 3.1821639171651173E-4 1.9647302657864913E-4 0.003556451782065555 4.951906830463572E-4 6.026360802135251E-4 2.238448988795884E-4 -3.1230936773541323E-4 -3.801429813277095E-4 -4.439253819327638E-4 
0.1579756185020771 -2.0385134993348923E-4 4.161920818761191E-4 -0.0010159746294397206 4.059166777452772E-4 6.04233079333521E-4 -5.881605306063157E-5 -7.244240291314471E-4 -3.8719733670411504E-4 -6.35025598074868E-4 
0.44554771942143423 3.3983340323085517E-4 9.250472059097175E-5 0.0035761133496484037 4.080063858514278E-4 6.082619737942807E-4 -5.198047272702744E-5 -1.5388886933316793E-4 -3.2872813975014074E-4 -5.887019707295279E-4 
0.8123796585154726 3.4235775866737415E-4 3.8755578840871785E-4 0.0033460688677856973 4.201061627695388E-4 6.263702598920908E-4 2.041480437042695E-4 -5.4106305307256974E-5 -4.1335041725656273E-4 -4.643840109675741E-4 
0.8903195485585937 -1.585214648479259E-4 2.3795734756495182E-4 0.002219719326306339 0.0018325680964941513 6.233503648528358E-4 7.834667694107201E-4 -2.546692535505248E-4 -2.9952182973380854E-4 5.462767493057462E-4 
0.14649278134180307 -2.0385134993348923E-4 4.151884097370117E-4 -0.0010159746294397206 5.447732482610334E-4 6.836728457225616E-4 -5.881605306063157E-5 -2.3559221118131328E-4 -3.870466964318348E-4 -6.35025598074868E-4 
0.8331474122246662 -2.1538814972863672E-4 3.8432073045902227E-4 0.003690038057883686 4.168114407962633E-4 6.107581266497879E-4 2.2300006997078126E-4 -4.092220796529894E-5 -4.0948549174658303E-4 -4.6603870073647373E-4 
0.035494172160974335 -3.2359156045463607E-4 5.511333471969375E-4 0.0020397393563475153 3.8265425577734425E-4 8.262363821343586E-4 7.897367569790196E-4 -2.5104126449718026E-4 -4.014313399942E-4 -6.094595018229391E-4 
0.682899343731873 -1.563545812650983E-4 5.367011580878975E-4 0.0020396621835558 4.810724833948432E-4 8.32405364566318E-4 8.177589975329014E-4 -3.139107460881853E-4 -3.9997495090460467E-4 -5.926997451276345E-4 
0.24933245710090496 -3.2359156045463607E-4 5.41805003702198E-4 0.0018811498911619456 4.714842543060971E-4 8.348380264347313E-4 1.8502842724135043E-5 -3.235219370105295E-4 -4.013434859272067E-4 -5.931583077614439E-4 
0.40385364507054144 2.4019231609198252E-4 5.36613743484575E-4 0.0035683144045908118 4.725362276898152E-4 6.112685892967966E-4 -1.3134047011773204E-7 -3.1292306427781923E-4 -4.1002859254651527E-4 -3.883794633542054E-4 
0.013926880680399711 -1.5829059730875492E-4 5.406664116490141E-4 0.00221824927761953 5.412877747980599E-4 6.238482287999555E-4 2.9318585819003126E-5 -2.548992368326076E-4 -4.007399419219333E-4 5.080612694110282E-4 
0.19237894066697317 2.464332062216988E-4 5.640879693609023E-4 0.0036905538151021725 3.845269176515644E-4 6.027522854166672E-4 -3.180864546944597E-6 -3.12777307418857E-4 -4.0615594799066676E-4 -4.3998463534677425E-4 
8.27430552591879E-4 -1.6089232986900612E-4 6.310628663229575E-4 -8.730232090693271E-4 4.062078634643259E-4 6.05752284133041E-4 -5.2766227481774306E-5 -3.8971348975204545E-5 -3.870706388843658E-4 3.497838751017298E-4 
0.43042002728311046 2.4053952298644133E-4 1.9551922545459522E-4 0.0035688847097872975 4.725362276898152E-4 6.261414528390017E-4 -1.3134047011773204E-7 -3.161847278244024E-4 -4.1225213156498145E-4 -3.883794633542054E-4 
0.6273489797747166 3.3630861236190956E-4 5.640509107685221E-4 0.0035679489185683334 4.347480363461716E-4 6.092023466322206E-4 4.544636493632001E-5 5.015140323955515E-5 -4.665612390991022E-4 -6.027543163522814E-4 
0.06643979595037516 -2.1328916891347234E-4 4.201141195534475E-4 -9.873904295137398E-4 4.059166777452772E-4 6.04233079333521E-4 2.2098637270389845E-4 -7.334736646332737E-4 -4.0633827522772376E-4 -6.35025598074868E-4 
0.3161655368728482 -2.606353871243615E-4 5.656771045854048E-4 0.003577366319439703 4.066634636356836E-4 6.069341614713035E-4 3.503228612631592E-4 -1.947161212249544E-4 -3.96602392536895E-4 -3.9282401707983614E-4 
0.586170324705072 -1.589443147076479E-4 6.310628663229575E-4 0.003880470044036149 4.1883706946602736E-4 6.147938645868656E-4 2.1293602667227777E-4 -3.306292631431756E-4 -4.73553881719201E-4 3.497838751017298E-4 
0.003864420237365135 -2.3293002115052036E-4 5.703862217945202E-4 0.0036784022398149998 5.068447183569218E-4 6.056817540868893E-4 2.203778502682648E-4 -3.999487101866363E-5 -4.672400213795315E-4 -3.7562178410768706E-4 
0.7273841919879449 -1.5011035575136146E-4 1.9105776551198622E-4 0.0037730056072645475 0.0018197756594624105 6.001137102779404E-4 -2.424611725829472E-6 -1.524755302374392E-4 -6.839420325232821E-4 -4.5687928881767435E-4 
0.7098394444815476 -1.5011035575136146E-4 1.9105776551198622E-4 0.002200317438938819 5.604447317094544E-4 6.320389894665901E-4 -2.424611725829472E-6 -1.524755302374392E-4 -3.329117048405132E-4 -6.132664367541272E-4 
0.5059670661365142 -2.0660453047177533E-4 5.453316692208218E-4 0.0020762650371674153 0.0020938838451680488 6.051500844296293E-4 2.4366989432504437E-5 -3.296740215869798E-4 -5.956243734260663E-4 3.93542206713081E-4 
0.05564740153757097 3.139331846429149E-4 5.637449426626246E-4 0.003967277823264404 4.347480363461716E-4 6.151319282046339E-4 -3.244864059711069E-5 5.806282449451142E-5 -3.9740102917694534E-4 -6.045795686595871E-4 
0.9304378939874751 -1.563392288643879E-4 5.711749387985013E-4 0.0022139628204871863 0.0023403277961206413 6.301466843285789E-4 -2.3283396040491003E-6 -4.4703191342205243E-4 -4.7397486935338843E-4 -3.724849548698833E-4 
0.9132214655288514 -1.585214648479259E-4 2.3795734756495182E-4 0.002219719326306339 0.0018325680964941513 6.233503648528358E-4 7.834667694107201E-4 -2.546692535505248E-4 -2.9952182973380854E-4 5.462767493057462E-4 
0.1062874653331721 2.324501432165431E-4 5.260764579785533E-4 0.0039263136488219335 3.8351251966058206E-4 6.096289306992633E-4 -1.1345145474877527E-5 -1.4516982491294403E-4 -3.3629536205943665E-4 4.432209280957874E-4 
0.3820020691499185 -2.2553079967195598E-4 5.845341485508648E-4 0.0036698454730732014 5.05630012116161E-4 6.835270075977682E-4 7.132886243082566E-6 -4.4694396932984967E-4 -4.673696920834531E-4 -3.7562178410768706E-4 
0.9411639147640468 2.043557716548249E-4 1.4103034317011174E-4 0.0017139721695449118 5.422635291697489E-4 6.101917199142073E-4 1.727426146096037E-6 -4.6002778918140014E-4 -4.060452292890862E-4 -5.614898365979282E-4 
0.5369032894969912 2.5177824945648057E-4 1.4633910867828135E-4 0.003628454416589916 3.8597900962630827E-4 6.835470285020329E-4 3.431954200601562E-4 -3.2494413380193164E-4 -3.8018360778088105E-4 -5.888944461984618E-4 
0.5369032894969912 2.5177824945648057E-4 1.4633910867828135E-4 0.003628454416589916 3.8597900962630827E-4 6.835470285020329E-4 3.431954200601562E-4 -3.2494413380193164E-4 -3.8018360778088105E-4 -5.888944461984618E-4 
0.23239471091185918 -1.5725151324464813E-4 5.565108985897866E-4 0.0021870407034199953 3.872687308980246E-4 6.301746335048383E-4 -2.334187665006993E-6 -2.5706133135463416E-4 -3.990467366352643E-4 -3.511850371433429E-4 
0.8942392776765473 -1.563392288643879E-4 5.711749387985013E-4 0.0022141005928855866 0.002327554451257173 7.160369370773534E-4 -2.669704701695875E-6 -4.4703191342205243E-4 -4.7397486935338843E-4 -3.724849548698833E-4 
0.24644645150613806 -3.2359156045463607E-4 5.420265094830814E-4 0.0018811498911619456 4.714842543060971E-4 8.348380264347313E-4 1.8502842724135043E-5 -3.235219370105295E-4 -4.013434859272067E-4 -5.934558650911166E-4 
0.17050660347250102 2.5175374996566256E-4 1.4633910867828135E-4 0.003628454416589916 3.8597900962630827E-4 6.047149141824135E-4 -8.514125986968057E-6 -3.2494413380193164E-4 -3.8018360778088105E-4 4.5710059147918496E-4 
0.856852462326513 -1.563545812650983E-4 3.410549859428285E-4 0.0021292905133817575 0.002076708566139167 8.348380264347313E-4 8.177589975329014E-4 -5.8988883827406144E-5 -4.017573591652823E-4 -5.926997451276345E-4 
0.5749050305702487 2.3378598189608004E-4 5.260764579785533E-4 0.003888953434219213 4.139738989231817E-4 6.830955551681644E-4 3.403644005722467E-4 -1.483463526380368E-4 -4.1070013041186046E-4 -6.001692352396488E-4 
0.4891363582342013 3.159782062274753E-4 3.4625485301733385E-4 0.0035198536859315393 5.760663260100609E-4 6.293622039195292E-4 2.9318585819003126E-5 -2.548992368326076E-4 -4.006605866693924E-4 5.080612694110282E-4 
0.3918592987444732 -1.5927120667030243E-4 6.310628663229575E-4 0.003685094666969459 4.176223632252666E-4 6.836121807307224E-4 8.604607537451094E-6 -2.5377031498110056E-4 -4.063415539005089E-4 3.497838751017298E-4 
0.33184244959408216 -1.4600259018042743E-4 1.502271499089814E-4 0.0021880981222415137 5.433783185852996E-4 6.298500777103317E-4 4.638214643744098E-5 -2.562226451939111E-4 -3.313339449207279E-4 -6.089192342390442E-4 
0.298098349453961 -2.319996564578927E-4 3.8432073045902227E-4 0.003690038057883686 4.168114407962633E-4 6.106279742199218E-4 2.1446239957905795E-4 -7.994285625062267E-4 -4.092550731786265E-4 -4.6603870073647373E-4 
0.024619099741959805 2.3321124269976332E-4 2.2865311780327928E-4 -4.352892365454971E-4 0.0021132483934572406 6.262471548207998E-4 2.0060758600968373E-8 -3.16434260080723E-4 -4.100753327119801E-4 3.464153929772845E-4 
0.6702720941164573 -1.563545812650983E-4 2.2532876809958045E-4 -4.628224904158026E-4 0.0020759140088835847 8.35497369705633E-4 2.8351755228466055E-6 -3.2343634577370944E-4 -3.9997495090460467E-4 -5.905714489752086E-4 
0.6336441886407871 2.6811981787883913E-4 1.5236524322346967E-4 0.0020602578592590084 5.422635291697489E-4 6.846133755336914E-4 3.4279310515296E-4 -2.4159893709939167E-4 -4.0041608209414226E-4 -5.451039418950845E-4 
0.6463830736464355 -2.1328916891347234E-4 4.201141195534475E-4 -9.873904295137398E-4 4.059166777452772E-4 6.042828113664581E-4 2.2098637270389845E-4 6.561255781686821E-5 -4.0633827522772376E-4 -6.040994087372987E-4 
0.36240331744829934 3.443561646053536E-4 1.968984338435279E-4 0.003919484661269691 4.473660504320463E-4 6.04423979688453E-4 2.218642744681652E-4 0.002664896078997979 -3.9393235310272853E-4 3.319910595093577E-4 
0.11527948070869215 -2.577216657590874E-4 5.478720729965067E-4 0.002320784827994563 4.093227536713825E-4 6.073706332594744E-4 5.058729406145628E-5 -1.9250948130946483E-4 -3.998563272185624E-4 -5.870408621510626E-4 
0.04724523069047809 2.324501432165431E-4 5.260764579785533E-4 0.0039263136488219335 4.178127484806836E-4 6.042654471928313E-4 -7.817108894389772E-6 -1.4516982491294403E-4 -3.3629536205943665E-4 4.432209280957874E-4 
0.1393253008281033 -1.3888904438848885E-4 1.45163495632297E-4 0.0035635673702688253 0.0018158767427585102 6.856611908231782E-4 1.1319417951844715E-5 -7.077130180288056E-4 -5.630714058589231E-4 -5.889365852653268E-4 
0.12998256528419821 -1.6370753020321073E-4 1.886323539010071E-4 0.0035666079656860275 0.0017887940541118682 6.432185790852141E-4 4.241497191749585E-4 -2.220844448687542E-4 -5.880962863024626E-4 -4.070981038074022E-4 
0.07460153708117528 -1.563545812650983E-4 2.3059052014220982E-4 -9.688557554202998E-4 0.0022460449147800217 8.35497369705633E-4 3.1359320442858835E-6 -3.2343634577370944E-4 -3.9997495090460467E-4 -5.910339685349179E-4 
0.2207428059838425 3.3155263594951764E-4 3.8228580488723445E-4 0.0035513505888456797 5.195435717492898E-4 6.868047617910883E-4 3.397724448082639E-4 -3.273627594105473E-4 -4.740473880991676E-4 -4.5815465969112996E-4 
0.5201729308505288 -1.5725151324464813E-4 1.6102897472543558E-4 0.00221824927761953 4.3570433838714635E-4 6.07529750226279E-4 4.326617986245837E-5 -2.5489688984117075E-4 -4.008722928451675E-4 5.012597826366939E-4 
0.36784909151083867 -1.4091502861214204E-4 3.8797603554033684E-4 -8.009800065312024E-4 4.473660504320463E-4 6.04423979688453E-4 2.2600821811454006E-5 -3.781723474886598E-4 -3.9393235310272853E-4 3.319910595093577E-4 
0.12619077502157777 -2.622980952347575E-4 3.827870786717486E-4 0.0035775153662560054 4.092484541740745E-4 6.069341614713035E-4 3.6113894562705235E-4 -3.281258264312509E-4 -4.747711225446287E-4 -4.54614303986679E-4 
0.6986099594110934 2.2649056594069574E-4 2.233755387836311E-4 0.0035504409173126843 3.62847647698646E-4 6.080146870065309E-4 2.2236222668690637E-5 -1.5882945529034154E-4 -4.1142531046463744E-4 -3.88296819498024E-4 
0.9793330974515793 2.0450619684704997E-4 5.711749387985013E-4 0.001701370439438908 0.002147906047281936 6.112280322557625E-4 2.3655442803716088E-6 -4.4703191342205243E-4 -4.739718756771585E-4 -5.615990287796589E-4 
0.17753704693119637 -2.0385134993348923E-4 4.161920818761191E-4 -0.0010159746294397206 4.059166777452772E-4 6.04233079333521E-4 -5.881605306063157E-5 -7.187931222670421E-4 -3.876429733805546E-4 -6.35025598074868E-4 
0.21580088739418574 -2.60367172549125E-4 3.4679512766147243E-4 0.003545710216507416 5.799212959477389E-4 6.300788735646138E-4 -2.6100489175834074E-5 -2.547061157118126E-4 -3.964458967821522E-4 -5.30207429853658E-4 
0.020866784719768383 -1.6325388447606818E-4 5.25834646308645E-4 0.00357796460695884 6.026062297449604E-4 7.081801122226086E-4 -2.51070710965684E-6 -1.6246469063184633E-4 -4.0710455833803416E-4 -4.4663363119578937E-4 
0.028336214091831846 3.2610388579510914E-4 5.25816800209826E-4 0.00357796460695884 6.026062297449604E-4 7.081801122226086E-4 -2.51070710965684E-6 6.12864442132243E-5 -4.084265187531775E-4 -4.4663363119578937E-4 
0.0016196064339241145 2.0288351768798854E-4 1.3724454051440698E-4 0.0022066905309102917 0.0020826693017801327 8.304970803586661E-4 -3.747760590186992E-5 -2.548828593156833E-4 -3.02532700490682E-4 -5.609104610847939E-4 
0.14266014801784405 -1.4316208451044943E-4 1.3642622238868612E-4 0.0035567213917992216 0.0017907774555473372 6.846119990603784E-4 3.7586962585715975E-4 -7.334736646332737E-4 -4.0023500958253494E-4 -4.4566350862915486E-4 
0.5176489660811308 -2.0385134993348923E-4 4.161920818761191E-4 -0.0010159746294397206 0.0020644750148850195 6.056473489851591E-4 -5.881605306063157E-5 -7.309311310854789E-4 -3.8719733670411504E-4 -6.344263547990842E-4 
0.6616972823482474 -1.627364613228943E-4 4.214289603537329E-4 -6.044459722250799E-4 3.62847647698646E-4 6.080146870065309E-4 2.2236222668690637E-5 -7.32518866231144E-4 -4.1142531046463744E-4 -4.0941351136430254E-4 
0.3453935359184872 -1.4600259018042743E-4 5.063783939876433E-4 0.003760786290567242 0.0018027092463382558 5.979247985216819E-4 4.638214643744098E-5 -2.562226451939111E-4 -6.823642726034968E-4 5.063242096754016E-4 
0.9175410440410988 2.0450619684704997E-4 5.711749387985013E-4 0.0017256918723196413 0.0020537051584538714 7.19035410582672E-4 8.014450683713452E-6 -4.4703191342205243E-4 -4.7397486935338843E-4 4.2320237549778837E-4 
0.8443104339709555 -1.711281464831127E-4 6.313216708803112E-4 0.003685094666969459 4.3422192479107693E-4 6.836121807307224E-4 8.604607537451094E-6 -5.901540780975029E-5 -4.063415539005089E-4 3.525357947787677E-4 
0.6127931862916389 3.114079437200353E-4 2.2743748476040688E-4 0.003962706518145015 4.347480363461716E-4 6.151319282046339E-4 2.12916614808681E-4 5.806282449451142E-5 -4.7356269660443724E-4 -4.4731094464609537E-4 
0.18888141568990763 -1.563314934512373E-4 5.639281792001442E-4 0.00369183577538827 4.0572850085490627E-4 6.071614388603976E-4 -4.8932988316241954E-6 -2.547145443437218E-4 -5.888125778164146E-4 -3.527017342510912E-4 
0.9854770432612014 -2.5515831290337597E-4 2.3219045974634775E-4 0.0035925365018819326 4.092484541740745E-4 6.069341614713035E-4 3.6113894562705235E-4 -1.9404515747927068E-4 -5.624244536880038E-4 4.245807815683407E-4 
0.29939797170030846 -1.5829059730875492E-4 1.8575719425887026E-4 0.00221824927761953 5.433783185852996E-4 6.303025741267846E-4 4.638214643744098E-5 -2.3976256681224338E-4 -4.0039919355551354E-4 -5.445154661030385E-4 
0.5950792392896619 2.0435802622134096E-4 1.4297488157050627E-4 0.0017130527156224565 5.422635291697489E-4 6.101917199142073E-4 3.4279310515296E-4 -4.6002778918140014E-4 -4.0041608209414226E-4 -5.614898365979282E-4 
0.6126215327800342 3.114079437200353E-4 2.2743748476040688E-4 0.003962706518145015 4.347480363461716E-4 6.151319282046339E-4 2.12916614808681E-4 5.806282449451142E-5 -4.7356269660443724E-4 -4.4731094464609537E-4 
0.17403777175350166 4.363775092030141E-4 1.6429238794297792E-4 0.00221824927761953 5.412877747980599E-4 6.080027215388478E-4 3.756269569296226E-4 -2.5489688984117075E-4 -4.0142348790199765E-4 5.075864267605118E-4 
0.3083231560012012 -1.5829059730875492E-4 5.641012052720055E-4 0.0024486373956113636 5.433783185852996E-4 6.296626273634414E-4 4.638214643744098E-5 7.289097814077175E-5 -4.0039919355551354E-4 -5.445154661030385E-4 
0.06282676042438529 3.675020739548174E-4 3.442392232847828E-4 0.0035414378790822928 4.810724833948432E-4 8.32405364566318E-4 8.177589975329014E-4 -1.6282880723296153E-4 -3.999753629339112E-4 -5.897497568831028E-4 
0.0994053688451304 2.317912586745887E-4 5.354654721760701E-4 0.003919426702050948 4.473660504320463E-4 6.04423979688453E-4 2.218642744681652E-4 0.002664896078997979 -3.359443788140989E-4 3.319910595093577E-4 
0.645253402278716 2.3321124269976332E-4 2.2865311780327928E-4 0.0021257059457752076 0.002147062751005774 6.262471548207998E-4 -1.3134047011773204E-7 -3.161847278244024E-4 -4.100753327119801E-4 -5.704625342751632E-4 
0.1021172191720047 2.3376481827533342E-4 5.421959601353021E-4 0.002215768985588672 0.0023326961962992524 7.136154383382281E-4 -3.300529619388815E-6 -1.4524222913353828E-4 -4.106799654604566E-4 -5.893329286468198E-4 
0.3970811737966484 -1.5829387295117117E-4 5.406664116490141E-4 0.00221824927761953 5.412877747980599E-4 6.238482287999555E-4 2.9318585819003126E-5 -2.5372501808391853E-4 -4.007399419219333E-4 5.044222138432991E-4 
0.3673114911006349 -1.3686614515335044E-4 3.8448007095408514E-4 0.004003158057741695 4.4596373006814083E-4 5.948406469883454E-4 2.0750752093223843E-4 -7.587604861853824E-4 -4.1131026496613884E-4 -4.39417369231166E-4 
