0.0 -5.67882086276601E-6 -0.0010872531792682587 -3.324197874232355E-4 6.462683799547058E-4 -0.0031260392810339957 2.3224490103318046E-4 -0.0024850988602437554 -6.637093408452794E-4 2.3631685966577442E-4 
0.9998525459062195 -3.014147980238301E-4 6.978042784771012E-4 -3.683412419069096E-4 4.0759094573202746E-4 -0.002656959923871004 3.453259985983343E-4 -0.002472557565434233 -6.360467884683957E-4 2.3483299724535604E-4 
0.507623607507786 -1.6004973528048184E-4 6.459068477453155E-4 -3.732921939794425E-4 4.5911062458623835E-4 -0.0026576056719900968 2.6308527850765306E-4 -0.002626057319252133 -6.434988894058806E-4 1.6801625562604548E-4 
0.7403809056927384 -2.727328779863996E-4 -7.925530569256454E-4 -3.332759371503707E-4 6.768490704948772E-4 -0.002665077510694074 3.0346519569028445E-4 -0.002620947555020917 -4.141862742803443E-4 1.7917996218669112E-4 
0.8901783839837086 -2.8674672123498937E-4 -4.559630176541777E-4 -3.097298520872364E-4 4.652050214635605E-4 3.251911932968883E-4 2.613142923834877E-4 -0.002625333223993098 -6.773013043925633E-4 1.7920790130578884E-4 
0.02953701239771267 -6.009026648054834E-5 -0.0011206590772068175 -3.0183252406850184E-4 4.5426487290108053E-4 -0.0027759628105476063 3.033907358503628E-4 -0.0026358380762712187 -3.431551764878477E-4 1.7804382870142873E-4 
0.6346746151863794 3.591718273129951E-5 -8.210755430492136E-4 -3.3289854354540875E-4 4.580906102250426E-4 -0.0026740567058283235 2.0931816373890612E-4 -0.0024841299000705167 -6.699069843333531E-4 2.1200124266369482E-4 
0.37042090035587916 -9.452632530755761E-5 0.0029226829267840976 -3.064014104411114E-4 4.518889439357817E-4 -0.002658104766705992 2.1013215082305584E-4 -0.002608747022541305 -3.6256245930722347E-4 2.3195591742946548E-4 
0.039647781298692786 1.0158967289953461E-4 6.904390416986047E-4 -4.56003303862848E-4 4.075905597238698E-4 -0.002771997138846277 3.4186938363774745E-4 -0.0024788848844598684 -6.356448924147368E-4 2.0397241201817906E-4 
0.3975449735565296 -7.429105055142333E-6 0.0028352849832278732 -3.728460816034843E-4 4.0591227209379164E-4 -0.0027277760986616608 2.5721891724965186E-4 -0.002477613945928388 -6.673325573570342E-4 2.6845423447790926E-4 
0.8697535178818443 2.135011716684473E-6 -8.769200500739534E-4 -3.66855017238235E-4 6.616999815555938E-4 -0.0027181825361031467 2.6167551153032494E-4 -0.002458468825684709 -6.204317433509948E-4 2.3535133129868902E-4 
0.17987880676886975 5.049988977329711E-5 7.921757138978167E-4 -3.079983021619106E-4 4.076153089904817E-4 -0.002657708524812204 2.3742235080428803E-4 -0.0024719279571631405 -6.806985405542952E-4 2.805365182520469E-4 
0.31957092013411337 -7.071413656845456E-5 -6.155884730575398E-4 -4.529261421638602E-4 4.1739737371875366E-4 -0.0026566395216061772 3.4524303494499776E-4 -0.0024829556789458017 -3.931368059165237E-4 3.0915902647661125E-4 
0.30640330721003295 -3.072661933564264E-4 7.921757138978167E-4 -3.0639881441957604E-4 4.076153089904817E-4 -0.002657708524812204 3.349974671354519E-4 -0.0026372116725844647 -6.806985405542952E-4 2.805365182520469E-4 
0.33386861584352095 -2.8355470539389937E-4 8.205730320565726E-4 -4.5442709740635737E-4 6.900332738549992E-4 -0.002641089523508095 2.5343051453240406E-4 -0.002608079568986286 -6.69212673381257E-4 2.3642963626100343E-4 
0.9115873420059425 -2.8359086953659666E-4 0.0028797718691054674 -4.521991197227017E-4 4.156716764487582E-4 -0.0026553228946732607 2.342251095446054E-4 -0.002479222911736679 -6.719723028646047E-4 -2.331056493325991E-4 
0.0780315642601273 -2.819549458425009E-4 0.0029289662497229306 -3.0859100619518384E-4 4.8066290754083954E-4 -0.002655775347207369 2.3689890009878946E-4 -0.002479362262557446 -3.9685067361760123E-4 2.6961019903360436E-4 
0.4745303530776223 -8.644085107233081E-5 0.0029781895202007527 -3.372993229385864E-4 5.170337730166839E-4 -0.0026437419940048314 3.372642954680354E-4 -0.0026142033000414095 -6.693075069649916E-4 -2.4746613071536616E-4 
0.5239695734863921 -2.8199757491623715E-4 -0.0010247137235900304 -3.755974452642671E-4 4.876058874578495E-4 -0.0026550264215993947 5.901128569133205E-4 -0.002458975589972514 -3.952052378192755E-4 3.009380759911712E-4 
0.6698965160350614 1.1733051357617339E-4 -4.2597584659970016E-4 -3.0333927710940104E-4 4.865503487323274E-4 -0.0026521201228997637 2.7052364592206843E-4 -0.0024668274214118603 -5.820335608301262E-4 -2.459219811098608E-4 
0.16124154873062074 1.0214642808227173E-4 -6.61069464828825E-4 -6.735310343852625E-4 4.93093714978398E-4 -0.002651754731223132 2.732161838646564E-4 -0.002467236369946015 -6.761173235524692E-4 -1.9922258578239564E-4 
0.6518302478664135 -2.863217974942397E-4 6.256840378878429E-4 -3.770697197800775E-4 6.491472910576887E-4 -0.00273027742915519 3.3360131847284786E-4 -0.0026405173824146713 -6.379158493432132E-4 -2.7114458304644117E-4 
0.015415890586686465 3.5294827734504424E-5 -9.368195357361104E-4 -3.3291578906013465E-4 6.568489136056595E-4 -0.002673929325758249 3.312891085189721E-4 -0.002470169166660315 -6.665142925622538E-4 2.2847996789565492E-4 
0.29321894456056924 -1.9973994495720438E-4 8.651812395404052E-4 -3.376328099049851E-4 4.333713339582445E-4 -0.0026431429033424766 3.0283027859251134E-4 -0.0024595623714263456 -8.895584839361394E-4 -5.992308271574485E-4 
0.4587588573538484 -8.644085107233081E-5 -7.657808473883574E-4 -3.300585998553268E-4 4.5168643584542147E-4 -0.00265772113774524 2.204646824852375E-4 -0.0026142033000414095 -6.664478556315604E-4 -2.4746613071536616E-4 
0.0020993106268395456 -1.4832662060288994E-6 -9.368195357361104E-4 -3.6749282646740083E-4 6.613600106792445E-4 -0.0026584094496831284 3.312891085189721E-4 -0.0024702092268355106 -6.665142925622538E-4 2.2847996789565492E-4 
0.006614662990702402 3.544769983345516E-5 -8.126498305199995E-4 -3.3009852759964683E-4 4.065060039064635E-4 -0.002650552332739257 3.425223351543302E-4 -0.0024693913600589237 -6.66459730807249E-4 1.945172769940606E-4 
0.9735534021220023 -2.7838710847931646E-4 6.215856792932714E-4 -3.324144001782985E-4 4.0809187104094E-4 -0.002710371182256679 6.139225103963232E-4 -0.0024745845814982672 -6.365607322480104E-4 2.363671001523567E-4 
0.2256087064894515 5.9466019281736204E-5 0.002891348075572676 -3.8105436835808305E-4 4.1082197558823294E-4 -0.0026448426011827213 2.465967908743814E-4 -0.0026413872288739023 -6.20776896064646E-4 2.2089418325300358E-4 
0.08276107527869467 -2.776805912920982E-4 -6.87547471946007E-4 -3.658140812338172E-4 4.7962607958156056E-4 -0.0026542340050151373 3.521594277096093E-4 -0.0024733426011787902 -6.461762311575999E-4 3.0526192856446493E-4 
0.4474445358272733 -1.643716295949093E-4 8.831025552211746E-4 -3.076237279988025E-4 4.1361765930255647E-4 -0.0026576266539918296 3.4871325803978437E-4 -0.0026245210386951026 -6.642468774124855E-4 -5.838146471543777E-4 
0.1126078000886983 -2.7480497651935764E-4 -9.145100332847272E-4 -4.1126504965735723E-4 6.481241932519178E-4 -0.002653464278548207 6.127581249395961E-4 -0.0024796313760896992 -5.851196903385134E-4 -2.763809288858052E-4 
0.09111100511160647 -8.661839141002592E-6 -5.419426787634894E-4 -3.320224606901658E-4 7.049523828692905E-4 -0.0027217780471689014 3.055679997274924E-4 -0.0024783296967544137 -4.1386196124991296E-4 3.368899118688874E-4 
0.7167622323730221 1.2849551071967473E-4 -6.229812741301343E-4 -3.9186832811530275E-4 4.837214404275119E-4 -0.002659447038115142 2.615635316426845E-4 -0.0026047367621631306 -6.65844648674983E-4 -2.0688690584654462E-4 
0.9886804472252457 -5.604655349374088E-6 -0.001186620051125008 -3.6779764644062765E-4 6.462683799547058E-4 -0.0027364980266988206 2.3224490103318046E-4 -0.0024741551631310903 -6.368471056023338E-4 2.2850497321460302E-4 
0.8169035556321242 -2.8031429752682337E-4 8.009082132914716E-4 -3.3428320832206007E-4 6.503617687245815E-4 -0.002733766037871569 2.7224792827113654E-4 -0.002479577153653963 -6.367979654423626E-4 -1.9852861778321562E-4 
0.6929523652404208 -8.12701860980078E-5 6.194311754483165E-4 -3.772430821648518E-4 4.64538520387085E-4 -0.0026394603261257607 3.335986921394838E-4 -0.0026382593685301196 -6.678818431686975E-4 -5.979395251842734E-4 
0.24116112573281606 -1.977697909868884E-4 -0.0010872531792682587 -3.324197874232355E-4 6.462683799547058E-4 -0.003134860856710652 2.3224490103318046E-4 -0.0024609649851411283 -6.637093408452794E-4 2.3631685966577442E-4 
0.06541755142799097 -7.978862175859932E-5 8.64822094828067E-4 -3.7724873195504064E-4 4.64538520387085E-4 -0.0026394159321802874 3.4104656276255304E-4 -0.0026382593685301196 -6.667042012620933E-4 1.96857526758633E-4 
0.6137733884325733 -1.7488240726909243E-4 -9.904454227421308E-4 -3.1036044050048985E-4 4.898343112311781E-4 -0.0026596659628932216 2.3210431663626163E-4 -0.002461670995092118 -4.0569722078991316E-4 -2.6431651668722394E-4 
0.4358224507282486 -2.9023506478396293E-4 -9.442256392668228E-4 -3.738968460148222E-4 6.917094676125557E-4 -0.00270393427747728 2.6890618423445117E-4 -0.0024722783956121863 -6.773038988727165E-4 5.104764954051925E-4 
0.8333789286497572 -2.8693709751694766E-4 6.924010483626067E-4 -3.674345949734553E-4 4.075905597238698E-4 -0.0027742218585838268 3.453650418572213E-4 -0.0024788848844598684 -6.356448924147368E-4 2.0397241201817906E-4 
0.2225911688477623 -2.718098613072548E-4 0.002891348075572676 -3.8105436835808305E-4 4.1082197558823294E-4 -0.0026448426011827213 2.465967908743814E-4 -0.002641190048699238 -4.116631700300256E-4 -2.026520819215778E-4 
0.5936386111065985 1.099423095160101E-4 -8.94474455878634E-4 -3.1036044050048985E-4 4.893280413608071E-4 -0.0026596659628932216 3.073272999759489E-4 -0.002461670995092118 -4.109171775519808E-4 -2.6431651668722394E-4 
0.8562808680335967 -0.0028921659041942793 8.70314778247217E-4 -3.336182618611606E-4 6.90232099784645E-4 -0.002708322890185278 3.4360235665363255E-4 -0.0024613613178058554 -6.378519833203098E-4 3.468282127965431E-4 
0.42885540943831824 -2.7296808546854625E-4 0.0028352849832278732 -3.687144461383935E-4 6.778271599740473E-4 -0.002727807714657187 2.5650393332530283E-4 -0.0026139471833803306 -8.126628038102666E-4 -6.631869474455416E-4 
0.5546562447324008 1.3622163366977538E-4 -4.574105451343657E-4 -3.725779860589003E-4 4.786863785225166E-4 -0.0027069119999378545 3.0388389960078006E-4 -0.0026070598670541113 -4.1047918787946074E-4 -2.731748133485177E-4 
0.9613828740635189 8.461835698147239E-6 6.403913378298968E-4 -3.324197874232355E-4 4.0971957995469783E-4 -0.0031260392810339957 2.3224490103318046E-4 -0.0024850988602437554 -6.637093408452794E-4 2.3631685966577442E-4 
0.4876069916304704 -3.1515945742916624E-4 7.978276596605627E-4 -4.523756155114919E-4 6.504338918752801E-4 -0.0027335483545417962 3.3330415882377323E-4 -0.002486462994446327 -6.615690013686325E-4 2.3720397721159906E-4 
0.9433978449082506 -2.8031429752682337E-4 8.870384490589794E-4 -3.3012071701272447E-4 6.650935681067451E-4 -0.002707579188765277 3.4895040394610063E-4 -0.00248277596318618 -6.454367804958978E-4 2.030455924523315E-4 
0.12348501172331888 -1.922340336701645E-4 5.931738483843912E-4 -3.078430334688602E-4 7.072799296050864E-4 -0.002647342354626123 2.604905151515027E-4 -0.002618632252715631 -6.204317433509948E-4 -2.1923836129612685E-4 
0.3668033611524114 -9.452632530755761E-5 0.0029226829267840976 -3.064014104411114E-4 4.062220340570582E-4 -0.002650978465525484 3.3797229502799343E-4 -0.002607929155764718 -3.625718289776255E-4 1.9799322652787115E-4 
0.2561017065649242 -1.9973994495720438E-4 8.956252301991277E-4 -3.3693784348591565E-4 4.333713339582445E-4 -0.0027586419960521033 3.0283027859251134E-4 -0.0024595623714263456 -8.895584839361394E-4 3.0326358402382015E-4 
0.20541618176631687 5.049988977329711E-5 7.921757138978167E-4 -3.018464185571405E-4 4.047410318652032E-4 -0.002657708524812204 2.3742235080428803E-4 -0.0024708969901634363 -4.045425754330468E-4 2.805365182520469E-4 
0.5741479021778667 -6.977630844819834E-6 -6.87547471946007E-4 -3.665691269949164E-4 6.443807847868142E-4 -0.0027164870311023616 3.2607416528768283E-4 -0.0024765047908711663 -6.636484271491577E-4 4.95348057738905E-4 
0.7076634603554661 -1.9489098387567792E-4 0.002902456567795389 -3.9186832811530275E-4 4.8383556460576997E-4 -0.002659447038115142 2.615635316426845E-4 -0.0026080627199213035 -6.205528780168945E-4 4.3780012431903083E-4 
0.7894093751543525 -3.046824601136528E-4 0.002800778518848775 -3.6735725759142715E-4 6.650756161320538E-4 -0.002718936062893955 3.1729922673137917E-4 -0.0026158215359738768 -4.099897860264972E-4 1.838177614819598E-4 
0.35001561430099276 -2.8358497215155996E-4 -0.001328461871890733 -4.563244096117133E-4 6.655829719144197E-4 -0.002643828503731998 5.943081447154937E-4 -0.002608079568986286 -6.694367005547597E-4 2.3642963626100343E-4 
0.5924891595465325 -3.1560163594110944E-4 9.233888216491549E-4 -3.080504039186643E-4 6.546261871458216E-4 -0.002729734057292365 2.3302706845154762E-4 -0.0026437998444711138 -8.234004927597695E-4 2.817659723570038E-4 
0.4156143976878691 -2.801369199537735E-4 -8.531109161982497E-4 -3.376455458722027E-4 6.68651138278908E-4 -0.002706140199269554 3.4008365688545025E-4 -0.002618211831500737 -4.1082453900167777E-4 -2.0034551894885562E-4 
0.5716195049999154 -6.977630844819834E-6 -6.87547471946007E-4 -3.658140812338172E-4 6.443807847868142E-4 -0.0027164870311023616 3.2607416528768283E-4 -0.002473304922023615 -6.461762311575999E-4 4.95348057738905E-4 
0.011375881807459354 -2.6643232425779546E-4 -0.001090232496746745 -3.376455458722027E-4 6.448611112569565E-4 -0.0031370493508766964 3.3930607038867595E-4 -0.002618211831500737 -6.639487806732249E-4 2.1225809717743336E-4 
0.2673968312067348 -2.786644743189077E-4 8.78739127159589E-4 -3.7555380926585825E-4 3.7903999619522875E-4 -0.002660252773730148 3.415032366386306E-4 -0.0026259993664052715 -6.345043503563429E-4 -1.8566351862746517E-4 
0.10707953762403845 -2.7678351461683657E-4 -4.2597584659970016E-4 -4.520145958379278E-4 3.629080600544537E-4 -0.0027531191071072264 3.3050253200320726E-4 -0.0024766814413077964 -5.867967829179544E-4 -2.267992146797665E-4 
0.4105974673947419 -1.9194519715547617E-4 0.0029820672285644743 -3.775203314083184E-4 7.072799296050864E-4 -0.0027181825361031467 2.604905151515027E-4 -0.0026150137939218616 -6.204317433509948E-4 2.3534845758889188E-4 
0.6656794608180259 -1.0132976085157663E-4 0.0029787266087861358 -3.517020270819834E-4 5.187659975341452E-4 -0.002717602369886262 3.3366851793932816E-4 -0.0024785195953664226 -6.38041195673549E-4 -2.6494896472889246E-4 
0.7558929683873559 -2.726181438935391E-4 7.626846139583744E-4 -3.3215740953400206E-4 6.767369108936561E-4 -0.0027235668445497207 2.5528812703693197E-4 -0.002620947555020917 -4.1386196124991296E-4 -2.6625960892396244E-4 
0.280978415002506 -2.057204703587364E-4 -0.001090232496746745 -3.376455458722027E-4 6.675679859038959E-4 -0.0031370493508766964 3.035804196372284E-4 -0.002618211831500737 -6.639487806732249E-4 1.9907121343975336E-4 
3.970465928392324E-5 -5.631055531177882E-6 -8.768189407688457E-4 -3.324197874232355E-4 6.460043471124095E-4 -0.0026610305083654084 2.3224490103318046E-4 -0.002484323131982611 -6.637957353547163E-4 2.3667139540443108E-4 
0.34659583942689953 -2.071427997942758E-4 6.675585977376892E-4 -3.7935343946165004E-4 4.618560783822542E-4 -0.0026573459984094014 2.669158280998367E-4 -0.0026086953701619725 -3.603671345636351E-4 2.4641949422320116E-4 
0.147508974363387 4.644051965962826E-5 7.576865600861466E-4 -3.080665255044315E-4 4.710362639256362E-4 -0.002487763985454699 2.6127457490998906E-4 -0.0024790841672384756 -6.777294263227543E-4 2.3271900933260822E-4 
0.12636397573019564 5.124561529377271E-5 -4.574105451343657E-4 -3.085466218215429E-4 4.763944477853202E-4 -0.0026679218862295027 3.0388389960078006E-4 -0.002470713372532665 -4.101766976121529E-4 -2.82327313432328E-4 
0.046974809954146365 1.0533234029240457E-4 -6.198551503439246E-4 -3.179316159740292E-4 4.937867882211094E-4 -0.002667638167815549 2.7046746573607583E-4 -0.002470489175731394 -6.670846909457687E-4 1.813090503589479E-4 
0.1353460715088623 -1.6403398838305835E-4 -4.2597584659970016E-4 -3.0323448524023725E-4 3.6281921944683696E-4 -0.0026584136495870236 3.3050253200320726E-4 -0.002479360712951436 -5.80955242249276E-4 -2.439282605082829E-4 
0.13868960789209617 1.0418643112878337E-4 -6.195099433482851E-4 -4.5534616823016496E-4 4.877512943622126E-4 -0.002651754731223132 3.031015171657379E-4 -0.002467236369946015 -6.657384946081883E-4 -1.9922103405668363E-4 
0.9272337819687493 -2.7838710847931646E-4 -8.349995690191273E-4 -3.322810260462993E-4 4.0809187104094E-4 -0.002710371182256679 6.139225103963232E-4 -0.0024745845814982672 -6.365607322480104E-4 2.3451166866743644E-4 
0.24664061389791114 -2.802760279969377E-4 9.065241255602079E-4 -3.674345949734553E-4 3.8077340771129885E-4 -0.002707090628171099 3.4151548404624615E-4 -0.002472557565434233 -6.435960970124999E-4 2.3483299724535604E-4 
0.801181304989922 -2.746303026689412E-4 6.397132842304409E-4 -3.3551557406651653E-4 4.203111740443035E-4 -0.0026500127302636275 2.3243987940782431E-4 -0.002479577153653963 -6.373897443714548E-4 -2.0888767143402605E-4 
0.924878492505346 -8.677455088183337E-5 -8.35926026812134E-4 -3.322810260462993E-4 4.0795132820711674E-4 -0.002710371182256679 6.11440670092969E-4 -0.0024745845814982672 -6.365607322480104E-4 2.3451166866743644E-4 
0.48709258617768675 -3.1515945742916624E-4 7.978276596605627E-4 -4.5360798125594837E-4 6.64799733515981E-4 -0.0027073615054355044 3.329305931478366E-4 -0.002486462994446327 -6.621607802977247E-4 2.3720397721159906E-4 
0.5385420422720041 -3.2162549888479776E-4 0.0028947447142185713 -6.742619924881023E-4 4.1015807179473735E-4 -0.0027077603110887095 6.087357665536374E-4 -0.002487145004125481 -4.155560201704499E-4 -2.7483279074868433E-4 
0.05571162763707195 -8.658825214115909E-5 0.0029771737073371256 -3.3276421783600915E-4 4.579656353408641E-4 -0.002653819583693716 2.5744875178428735E-4 -0.0026263983609091037 -6.448414340275837E-4 1.680401932112146E-4 
0.9509889856057909 -5.67882086276601E-6 -0.0010872531792682587 -3.300484003232147E-4 6.46247028070625E-4 -0.003130075136932545 2.303855944602491E-4 -0.0024850988602437554 -6.637746541186073E-4 2.3631685966577442E-4 
6.605468214709257E-4 -9.760165692116418E-6 -5.4162297900163E-4 -3.724219703464923E-4 4.498760694309048E-4 -0.002667717283977212 3.052909583717867E-4 -0.002481961195125291 -6.768339472891026E-4 1.8873145377526086E-4 
0.284588176864583 -7.529297614946348E-6 0.0027549753767372115 -6.66364861282106E-4 4.930563743456599E-4 -0.0026384141451563266 3.258793577185848E-4 -0.002466760484546595 -6.762307901269545E-4 -1.9919049342943617E-4 
0.8300467177344875 -2.8031429752682337E-4 8.45342797233967E-4 -3.3551557406651653E-4 6.647276103652826E-4 -0.002707579188765277 3.405132576759603E-4 -0.002479577153653963 -6.382780638901709E-4 -1.9852861778321562E-4 
0.15112069369339426 4.472355940053326E-5 7.576865600861466E-4 -3.080665255044315E-4 4.658415854373505E-4 -0.002509122642964457 3.3910517689357425E-4 -0.0024790841672384756 -6.775110103652895E-4 2.3271900933260822E-4 
0.7799697715331837 -2.7678351461683657E-4 -4.2597584659970016E-4 -3.629662863423208E-4 3.629080600544537E-4 -0.0027198006141438704 3.3050253200320726E-4 -0.002619356771984706 -5.867967829179544E-4 -2.267992146797665E-4 
0.5526098574005176 -3.2162549888479776E-4 0.0029514140393855836 -6.742619924881023E-4 4.813181129967625E-4 -0.002635653394234878 2.4291890643656885E-4 -0.0024659007326041553 -6.341278972133736E-4 -2.0110432120106305E-4 
0.1854712709739116 -6.276537752322096E-5 7.968684600547067E-4 -3.0031573709310254E-4 4.0646394727192597E-4 -0.0026557815815688975 3.025531827228034E-4 -0.002474331198396039 -3.6219963718362054E-4 1.7727996859662033E-4 
0.09757612884579192 5.049988977329711E-5 8.237984418998014E-4 -3.018464185571405E-4 4.047410318652032E-4 -0.002657708524812204 2.3742235080428803E-4 -0.0024708969901634363 -4.132813030283806E-4 3.3499266614939985E-4 
0.8566603317837932 -3.057835793815076E-4 8.70314778247217E-4 -3.3544835716069747E-4 6.90232099784645E-4 -0.0027075886187660626 2.736939883860678E-4 -0.0024798864510014135 -6.378519833203098E-4 -2.0861230774407507E-4 
0.10030948122242273 -2.7678088383103713E-4 -4.2597584659970016E-4 -3.0323448524023725E-4 3.629080600544537E-4 -0.0026584136495870236 3.3050253200320726E-4 -0.002479360712951436 -5.80955242249276E-4 -2.4638288692203415E-4 
0.8052543354481843 -2.9023506478396293E-4 -0.0011799513019500672 -3.738968460148222E-4 6.660842539981831E-4 -0.00270393427747728 2.6890618423445117E-4 -0.00261878661591508 -4.012249925723345E-4 1.8857153041137306E-4 
0.05943474823613698 -6.957201891416177E-5 8.64822094828067E-4 -3.7724873195504064E-4 6.94512697164727E-4 -0.0026393962496754227 3.40211267073891E-4 -0.0026378053394103943 -6.667042012620933E-4 1.96857526758633E-4 
0.5421920490570863 -3.2162549888479776E-4 0.0029227539623012267 -6.742619924881023E-4 4.813181129967625E-4 -0.002635653394234878 2.615042311222228E-4 -0.002607157788147747 -3.735571256232802E-4 -2.0110432120106305E-4 
0.2662329770873564 -1.6398495840106228E-4 0.0028913835530180927 -3.5787190003259056E-4 4.6552051014981185E-4 -0.002657611583757663 2.33790776736623E-4 -0.0026380364619649813 -6.456473983872704E-4 2.0223407745715877E-4 
0.398494160878689 -9.171185780749568E-5 6.869783661705012E-4 -3.517020270819834E-4 4.2513621800388253E-4 -0.002717602369886262 3.482678174249019E-4 -0.002478819990615958 -6.762220668477991E-4 -5.548262828360981E-4 
0.1588804902972998 1.0418643112878337E-4 -6.61069464828825E-4 -4.5534616823016496E-4 4.87531737847475E-4 -0.002651754731223132 2.732161838646564E-4 -0.002467236369946015 -6.648501750894721E-4 -1.9922103405668363E-4 
0.7712338434957453 -3.211419172401928E-6 -9.145100332847272E-4 -4.1126504965735723E-4 6.481241932519178E-4 -0.002653464278548207 6.092849064042572E-4 -0.002485295163120616 -4.129238185476387E-4 -2.763809288858052E-4 
