0.0 0.0023253195887349286 -0.0014275986716288807 1.2513596159072432E-4 -0.002608139307797513 0.0013415561296369065 5.031397241942138E-4 -4.501804066226778E-4 7.014341081996028E-4 2.787024157239824E-4 
0.999757203800721 0.00183258531942718 9.370611871347091E-4 1.8016571458373033E-4 0.0011765211142802758 0.0011429855795245256 5.196878242229218E-4 -3.2204300146006518E-6 8.079303408039679E-4 7.557366248901855E-4 
0.11479183829597872 0.0018703182471107558 -0.0015949051037784396 8.925253861901105E-6 0.0010734506369658359 0.0011785131324314414 5.02512891173253E-4 -1.754977682890857E-4 7.038485884311577E-4 2.738165242374016E-4 
0.14042274976610264 -0.002222578510427497 9.370611871347091E-4 0.0016853855329851185 0.0011736966366450586 0.0011842001974986577 5.201199297021063E-4 -4.6209920444489695E-5 8.166684269669857E-4 7.557366248901855E-4 
0.09879645446940398 -0.0020517461885271493 -0.0015853216224324476 1.5334033550259176E-4 0.0012669376208417622 0.0011753956802694277 5.043759555801353E-4 -2.51989126046738E-4 7.825936271637153E-4 3.139263958918702E-4 
0.06060414903161254 0.0018382685710238887 -0.0014007002694578308 1.2404548623528173E-4 0.0011883773822562098 0.0011966001320365997 5.079786819997317E-4 1.776452772985652E-5 0.001192200813440148 3.05090726747486E-4 
0.3733658103256542 0.0019830343171314325 -0.0015692138268494076 0.0012058992115523484 0.0011777059381695883 0.0013430746530065283 4.843301592860375E-4 -2.566466622888016E-4 8.019065822194857E-4 7.686663478595731E-4 
0.13147787800683686 -0.002334368523182548 -0.0015666997804106098 7.313347025699599E-5 -0.002514680805336353 0.0011795423668167426 5.025792441660692E-4 -2.6345498982287946E-4 7.441136548742873E-4 2.8203689232313844E-4 
0.28478104038889374 0.0019311044901214696 -0.0015693285115373952 -2.3807074842538672E-5 0.0012077302453002419 0.0011821242277662665 4.964425074765601E-4 -1.8411611927412474E-4 7.420745233012135E-4 3.0474771504815276E-4 
0.05047543734704385 -0.0022663771233698395 -0.001569452232395641 1.1816459146524817E-4 0.001245713905624968 0.0011150364863640886 4.8539446938703824E-4 2.454799674135153E-5 5.97971532099583E-4 9.917969439282534E-4 
0.0025195750054847477 -0.0022504282524862555 -0.0013663129346194098 0.0014047277389298886 0.001374275873309068 0.0011295709570834072 5.075350657193853E-4 -1.7144658091641248E-4 7.025205350441094E-4 7.54408066188016E-4 
0.30875884659954 -0.0022637770763345097 -0.0015688922072821915 0.0012677161266742877 9.698962473435749E-4 0.0013497029008065098 -7.743956830484737E-4 -4.335484126184085E-4 7.016190749028823E-4 7.828770986086362E-4 
0.18847551290330947 0.002208841662203885 -0.001427761326658025 -3.351704046818669E-5 -0.002352640895611722 0.0011092986243197926 4.665992256883292E-4 -2.872773841282883E-4 7.022760222338762E-4 8.554005796230072E-4 
0.0771651308785485 0.0020459756749697084 -0.0013754493719167669 -8.18965424127595E-5 0.0011986275510839017 0.0011813779723058662 5.078869757643472E-4 -2.3706749379195956E-4 7.019982364688478E-4 7.546998919423553E-4 
0.15909108987193593 -0.0023436383625468956 0.0010941787025370926 -5.898594391541177E-5 -0.0025405072440570445 0.0011830832077605775 4.870799546760488E-4 9.285842283780299E-5 7.934416134203139E-4 7.87781332247789E-4 
0.210323012412464 -0.0022269443770953803 -0.001431733035816315 0.0013108639845220253 0.0013129383775358282 0.001343445327266348 -7.732082353772807E-4 -8.056820452037955E-5 7.404120047730875E-4 7.830315910040871E-4 
0.0436525745780198 -0.002235292838360915 -0.001559288399596141 0.0014890914163708014 0.0011478129979737037 0.0011458666414695955 5.179158905881213E-4 -3.9680543370813635E-5 8.032272025861597E-4 7.710060979003433E-4 
0.5052420967282014 0.0020802050268799127 -0.0014275986716288807 0.0013106147222627432 -0.002601645931365157 0.0013415561296369065 4.806820837206849E-4 -4.4876633248505947E-4 6.617410416464898E-4 8.744455696539932E-4 
0.0707067330511573 -0.002255413455417621 -0.0012519035442448694 0.0012846100655536327 0.0013677607686571878 0.001144453499666367 -7.471319254362706E-4 2.0992348257462586E-5 6.802932285509981E-4 -1.9053755467106446E-4 
0.602131690089456 -0.0022374954449831236 -0.001559288399596141 0.0014890914163708014 0.0011478329858262677 0.0011458666414695955 5.179158905881213E-4 -3.9680543370813635E-5 8.032272025861597E-4 7.608977099290518E-4 
0.5868824977020269 0.002463993855191285 -0.0014275173323302687 1.5940079597540784E-5 0.0016558876940303625 0.0011867893692737023 5.86517920278115E-4 -4.4938547622908737E-4 0.001172759535174502 7.506389828609939E-4 
0.776946559125899 0.0018485287394464085 -0.0015641478826837621 6.90852477536308E-4 0.0010522905064417045 0.0011188128280090037 4.8475493316278527E-4 -1.9761496354610215E-4 7.858927762588434E-4 2.778139957514663E-4 
0.02895431738366472 -0.0022855023290414504 -0.0014275986716288807 0.0013045725377896172 -0.0024007259232513047 0.001130755575787519 5.204758245943489E-4 -4.4144442591292465E-4 8.064391793451425E-4 8.501177146444603E-4 
0.2279362802832336 0.002204570031723893 -0.0015668870678757552 0.0010292794610203707 0.0013844886724379266 0.0013454487416283516 -7.732082353772807E-4 -2.344789949568968E-4 7.404120047730875E-4 7.827445580460684E-4 
0.6142090427847174 -0.0021604499054927347 -0.0015692888501955286 2.6381138871320916E-4 0.001181120393287529 0.0011867066453238703 4.8784368718248877E-4 -2.713028692918655E-4 7.100405401957431E-4 9.032134352583154E-4 
4.382423780415895E-4 -0.002225187482637449 -0.0014024870911432603 5.562043867573738E-5 -0.0023835254892037487 0.0011660580154346008 5.031254988910605E-4 -2.171634235933538E-4 7.962737890790795E-4 7.875062265852042E-4 
0.2940273626726617 0.0023456429169261476 -0.0015697913250444613 2.3086106575147237E-4 0.0010132233263108713 0.001187227738463372 4.886561131125589E-4 -1.6613643014633223E-4 7.046879022370263E-4 2.5507528445923346E-4 
0.40676776938019743 -0.002225187482637449 -0.0014264623471200329 7.434872876915823E-4 0.0016860531590471763 0.0011869357019808258 5.048547326736261E-4 -1.7209309010496028E-4 7.962737890790795E-4 7.875062265852042E-4 
0.8188161848750833 -0.002224698244965715 -0.0015659993798656637 2.5937924700295677E-5 -0.002468150603744096 0.0013493371483881183 4.8540923030745346E-4 -9.471493077769034E-5 6.980010947683892E-4 8.423952824526394E-4 
0.8739332056579586 -0.0021507618141959717 -0.0015438946454358945 0.0011365505589691616 0.0012182178198137529 0.001117595617598544 4.675086622624977E-4 1.0679024277495552E-5 7.737435232058023E-4 8.137129328829048E-4 
0.62888479891376 -0.0022371846052063886 -0.0015746551591808045 -6.8543918936290246E-6 0.0012101005419693168 0.0013677600724075346 5.198481193732859E-4 7.211863193329315E-5 6.999316848752423E-4 7.608977099290518E-4 
0.35046094415242196 -0.0022752351325615932 -0.001568728825996747 9.362039927716812E-5 0.0011761494013034382 0.001151609796965831 5.0283400113795E-4 -9.274042544733974E-5 7.413615096649782E-4 9.295693619637119E-4 
0.44353294818041233 0.0023240210053831417 -0.001431733035816315 0.0013262703332283109 0.001312717345583614 0.0011774260897771999 -7.670373444975453E-4 -1.966271627086732E-4 7.403267412854511E-4 2.715497837837693E-4 
0.4867563482020446 0.0019032102267172958 -0.0015470052019883832 7.593405559853464E-5 -0.0026080700063812008 0.0011133263772447428 4.8731523254434337E-4 -3.241177689569655E-4 8.147294334805814E-4 2.7830813396690105E-4 
0.26469712070915014 0.0019830343171314325 -0.0013992889001717373 0.0012159320888831212 0.0010207715389403437 0.0013517409447624084 4.843301592860375E-4 3.552591472534897E-5 8.019065822194857E-4 7.686663478595731E-4 
0.5733678922014319 -0.002224698244965715 -0.0015955022895290296 4.165416154617983E-5 0.0012497376897365234 0.0011416161982110492 4.805613391615142E-4 -1.7736719236321417E-4 6.980010947683892E-4 -8.64497069314312E-5 
0.9755525359201401 0.002246007708923877 0.001067397773700985 0.0012211620582586924 -0.0020013403433658005 0.0011411949209545501 4.871647176530464E-4 -2.5196240818101763E-4 7.006893233226488E-4 -2.4241268985504658E-4 
0.546357121951655 -0.002246110516819883 -0.0015714506568060475 -4.415384891710688E-5 -0.002442488937244867 0.0011838590965534876 4.514787148374435E-4 -4.091644778047772E-6 7.013104887116786E-4 8.302150363350197E-4 
0.39216563882412453 0.0021758724715528932 -0.0015942992600572236 6.179960842160492E-5 -0.002396109927911731 0.0011217180655227219 5.02715688213219E-4 -9.274042544733974E-5 0.0012738704831816317 9.213374194801651E-4 
0.17295846043945884 0.002001495580984477 9.370611871347091E-4 1.8016571458373033E-4 0.0011737193713292926 0.001184399279743233 5.420191293492451E-4 -4.6209920444489695E-5 8.08699337922422E-4 7.656537038355012E-4 
0.6411060953343742 -0.0022374954449831236 -0.001559268759503583 0.0014890914163708014 0.0012101005419693168 0.0011458666414695955 5.179028075626916E-4 -3.9680543370813635E-5 8.034990213779287E-4 7.608977099290518E-4 
0.8405079297534459 -0.0021507068360545755 0.0010372947088646092 6.94077909690721E-5 0.0012090390279485216 0.0011425117342614636 5.023719554807202E-4 -1.5554761369605824E-4 6.955513531210647E-4 3.2139920271920285E-4 
0.654409748412137 0.0017835576745425857 -0.0014250414786661956 6.226541962873415E-5 -0.002394981158221657 0.001183624900557017 4.664014311284929E-4 1.3114946301295567E-5 0.0012340534834154677 0.0012889341222695912 
0.986757770471191 0.002246007708923877 -0.001569375679319128 0.0012211620582586924 0.0011777378612289327 0.0011411949209545501 4.839858396675508E-4 -2.5174053520887556E-4 7.006893233226488E-4 -2.4975711208618574E-4 
0.24276180010165438 0.0021685055179914755 -0.0015687415918724274 1.5362717600643104E-4 0.001073434643545729 0.0011357150670956004 -7.137892994594579E-4 -2.1101284170829617E-4 7.025928786863972E-4 7.933420926811822E-4 
0.2502300771666897 -0.0019743653170038603 -0.0013677551464594232 0.0013611620250108239 0.001136173591126608 0.001177765224983867 -7.366648459328881E-4 -2.419226563146748E-6 8.645424127618477E-4 2.7135368981631795E-4 
0.9591547704016088 0.0023456429169261476 -0.0015697913250444613 2.3086106575147237E-4 0.0010132233263108713 0.001187227738463372 4.886561131125589E-4 -1.6613643014633223E-4 7.442763587406148E-4 2.5507528445923346E-4 
0.665314510254598 0.0019645033012158143 0.0010941787025370926 2.738127826457968E-4 -0.0023884879266369203 0.00114113037850157 4.870799546760488E-4 9.285842283780299E-5 8.118653231903396E-4 7.875147249011827E-4 
0.9370708195101758 0.0024213457601787655 -0.0015666997804106098 1.3353293830834233E-4 0.0010849123570606156 0.0011229714579115819 4.912939329964168E-4 -2.6948002799345353E-4 7.441136548742873E-4 9.159657328764331E-4 
0.8274016725545752 -0.002271135885496661 -0.0015690888156192219 9.248639462218554E-5 -0.0026766124590266423 0.0011181919127467895 4.853984699990826E-4 -9.274042544733974E-5 7.434306910416483E-4 9.189074866460893E-4 
0.08927261792982852 0.0023729022859101346 -0.0014187119175174971 -2.9891691853945975E-5 0.0012255367566065991 0.0011774260897771999 -7.670373444975453E-4 -1.9686002388845606E-4 6.990643432141721E-4 -1.6809802428096476E-4 
0.5158362343902214 -0.0022334728451806718 -0.0015693704600202793 1.1688656147110753E-5 -0.002571097861983222 0.0011410705495088322 5.089842224966092E-4 -2.45015628019448E-4 7.895956595564948E-4 3.223335729657944E-4 
0.7490980339248754 0.001932085207542082 -0.0015834617408072695 1.0356809873772168E-5 0.001271152532180033 0.0011785131324314414 4.964469191561595E-4 -7.3390452635351265E-6 7.904625163447596E-4 3.213797437798603E-4 
0.798379376424681 0.002329098517375572 -0.0015673182445572636 5.668447329135499E-5 0.001271152532180033 0.0011828312791558365 4.964725932662405E-4 -2.3623928457524365E-4 7.427519553495336E-4 7.624079078882062E-4 
0.5300904353517262 0.0018933757986221438 -0.0014275077985232245 1.1622864664569089E-4 0.0012832645104931847 0.0011661933228962961 5.417346467906373E-4 -2.113441670357781E-4 7.0431848623867E-4 0.0012885047351406404 
0.8544315977185637 0.002329832194328877 -0.0015606086795091653 1.0356809873772168E-5 -0.002493023515547227 0.0011794053628143056 4.8018158622360627E-4 -1.7327974257350085E-4 7.399791484226551E-4 9.450089521517772E-4 
0.45519366900498726 0.0019327900988421866 -0.0014674003123869668 -4.292653287136841E-5 0.001069205819820201 0.0011830944187877282 4.965344147212289E-4 -3.3917213728710044E-5 8.040552110197962E-4 9.11527972089268E-4 
0.9499528396286806 -0.0022274599738965942 -0.0015671144044521244 1.2523355603796574E-4 6.952118206289006E-4 0.0011922193691207264 5.635286999836746E-4 -1.974764120081416E-4 8.705938910536812E-4 2.812357513906247E-4 
0.20021394538222947 0.0020802050268799127 -0.0014275986716288807 0.0013499860704838825 -0.002601645931365157 0.0013388872319511896 4.805810464667036E-4 -4.4876633248505947E-4 7.047938918567639E-4 8.744455696539932E-4 
0.8952137868761556 -0.0022255700332586004 -0.001568728825996747 9.362039927716812E-5 0.0010722597406231742 0.0011218909745233142 4.7391563284985205E-4 2.508201654423852E-5 7.409435483318394E-4 9.295693619637119E-4 
0.7328096177481377 0.0018703182471107558 -0.0015949051037784396 8.925253861901105E-6 0.0010734506369658359 0.0011785131324314414 5.02512891173253E-4 -1.754998326888855E-4 7.0376419432036E-4 2.738165242374016E-4 
0.8821139971726347 -0.0020905466431624456 -0.001595004044858179 6.179960842160492E-5 -0.002396109927911731 0.0011217180655227219 5.02715688213219E-4 -9.274042544733974E-5 0.001249993201252422 9.295693619637119E-4 
0.32289866218653007 -0.002221361682488608 -0.0014617998469565999 0.0012850578128044976 0.0012151036958722395 0.001139992888639438 5.178655819892237E-4 -3.431810608006962E-5 8.042241723367078E-4 7.799787521952007E-4 
0.794961921579244 0.002329098517375572 -0.0015673182445572636 -7.969101272769304E-5 0.001271152532180033 0.0011396696955300934 5.029497306304528E-4 -2.3623928457524365E-4 8.138661522373327E-4 7.624079078882062E-4 
0.23351729660029233 0.0024706352364542153 -0.0015535574098518765 3.46339179257087E-5 -0.002597758021241697 0.0013436121343533825 -7.732082353772807E-4 -1.7214522250310872E-4 7.40398676998816E-4 7.827445580460684E-4 
0.3839865236707373 0.002115657300519367 -0.001543189860634939 0.0011365505589691616 0.0012182178198137529 0.001117595617598544 4.675086622624977E-4 1.0679024277495552E-5 7.976208051350119E-4 8.054809903993579E-4 
0.5612189699266937 -0.0022558480714179575 -0.0012518204580779342 0.0012835944399442007 0.0010976058268937258 0.0011438478263746336 5.02358852575808E-4 -6.1863454675368455E-6 8.029039127940094E-4 3.2371134484707274E-4 
0.009287875943471937 0.001910613266839331 -0.0014011792604677511 1.2378935047446918E-4 0.0011318406013439233 0.0011892982694701054 4.8158660856186816E-4 1.7921559836716055E-5 0.0011937208700282431 3.236439209976424E-4 
0.9263665769450257 -0.0022277953013572216 -0.0015615620422565898 0.0013618193140795137 0.0010998259620737306 0.0011303837231449964 5.201199905447659E-4 -5.996129105198818E-5 7.419035109975969E-4 9.301513513108634E-4 
0.0046460708899937475 0.0021675265845132615 -0.0014007002694578308 1.2404548623528173E-4 0.0010049257993193536 0.0011966001320365997 5.679181812204923E-4 -2.3067182174379755E-4 7.403449283143173E-4 3.2289438453725545E-4 
0.03391653232181774 0.0024213457601787655 -0.0015666997804106098 1.3353293830834233E-4 0.0012486720083481474 0.0011229714579115819 4.913034854765918E-4 -2.6948002799345353E-4 7.441136548742873E-4 9.159657328764331E-4 
0.6993694996607536 0.0018703182471107558 -0.001469120287268198 8.925253861901105E-6 0.0011754214173359393 0.0011785131324314414 -7.566493091106642E-4 -1.7549651250954658E-4 7.037751698040567E-4 2.7055576352603516E-4 
0.7121525480433806 0.0018703182471107558 0.0011083991889633568 2.741841204961617E-4 0.0011865167479757732 0.0011785131324314414 5.02512891173253E-4 -1.7232788360181087E-4 7.059361994334961E-4 2.7055576352603516E-4 
0.4298048556391551 -0.002066218392272703 -0.001543189860634939 -4.6218310781504695E-5 0.0012182178198137529 0.001117595617598544 4.675086622624977E-4 1.0679024277495552E-5 7.976208051350119E-4 8.054809903993579E-4 
0.4641574622819442 -0.002341091386197617 -0.001574774659364669 5.351513964385775E-5 -0.002483768536836856 0.0011895492234038087 5.018476896473494E-4 7.2627628909043E-5 9.003026680057033E-4 2.7497748112994473E-4 
0.02343094059130868 -0.00236897733901906 -0.0015690901387658402 9.248639462218554E-5 -0.0026766124590266423 0.0011181919127467895 4.837076759314084E-4 -1.974069011240312E-4 7.726729018170433E-4 9.189074866460893E-4 
0.47411896744035753 0.002239795946719372 -0.0012407916171975454 0.0013134324949816173 -0.0024803375269702044 0.0013453463712111667 -7.471319254362706E-4 1.4368135029230997E-5 6.784260817385918E-4 8.197793759109071E-4 
0.0151550254894256 -0.0022273655790730636 -0.0015946931278754308 1.1078470517060382E-4 -0.002542077925879649 0.0013466070423080276 5.199967793210357E-4 -1.4940088628412384E-4 7.411960929106234E-4 0.00125097649143169 
0.9030662717400793 -0.002227605440647083 -0.001431733035816315 0.0012943712860729675 0.001312717345583614 0.001349107749837658 -7.85612377554786E-4 -8.056820452037955E-5 7.403267412854511E-4 7.830315910040871E-4 
0.5549941943403969 -0.00236897733901906 -0.0015690901387658402 9.248639462218554E-5 0.0012684946864550217 0.0011181919127467895 4.8240032123927234E-4 -1.974069011240312E-4 7.036639678564445E-4 9.345063177326336E-4 
0.5264956925548816 0.002589099038560327 -0.0015535574098518765 3.415097517710083E-5 -0.0025982938956187656 0.001137280846730605 -7.732082353772807E-4 -3.220144256490356E-4 7.445826637250344E-4 7.827445580460684E-4 
0.03568239096802491 -0.002113403404427049 -0.001569374715229264 -9.794660965395158E-5 0.0011777605959131666 0.0011156174124341642 5.209980440594185E-4 3.5479706862922704E-5 5.966338405718483E-4 -2.3984003314087E-4 
0.017881121371821934 -0.002372782055426006 -0.0015680759161869418 5.613693478087936E-5 -0.0026063632001201045 0.001343013683281315 5.662389410872398E-4 -1.953789976406505E-4 7.726729431526088E-4 0.0012495536896893972 
0.09129707072254264 -0.0022278574780591636 -0.0014634157186913614 0.001307427508033959 0.0013635920831118994 0.0013218886630310745 -7.463374638777685E-4 -1.7641664171200763E-4 7.905159423695195E-4 -1.0741009824721988E-4 
0.020826091403088248 0.001910613266839331 -0.0015950679949029232 4.172974371988396E-5 0.001314400698077 0.001132082942095114 4.8139147294567076E-4 -1.7398620276687303E-4 5.977460391994217E-4 -1.1935240544569124E-4 
0.16936072597517537 0.0021179614415574553 -0.0015578741511959031 0.001312254276019015 0.0012101005419693168 0.0013654393274138065 4.849401992364923E-4 -2.4769020255957486E-4 7.014936194643179E-4 -8.85975308136773E-5 
0.7415283723051181 -0.002334368523182548 -0.0015666997804106098 7.337036271454838E-5 -0.002514680805336353 0.0011795423668167426 5.025792441660692E-4 -2.6345498982287946E-4 7.450124351566447E-4 2.8203689232313844E-4 
0.16332035530187822 -0.0023438979627193927 0.0010937192112649504 -1.9579345114254594E-4 -0.00254475717082108 0.0011290621046505583 5.075350657193853E-4 -1.714823930393963E-4 7.904830463073032E-4 7.54408066188016E-4 
0.6942188535984699 -0.0022394951871202765 -0.0014660164212899952 2.5336983858297013E-6 9.047722994136085E-4 0.0013464385283638207 4.651539458772947E-4 -1.7572643814788816E-4 7.139868475008196E-4 3.0859959531910614E-4 
0.675808787194372 0.0019645033012158143 -0.0015425947504830203 2.738127826457968E-4 7.905902779578129E-4 0.00114113037850157 4.839010766905532E-4 9.308029580994508E-5 8.118653231903396E-4 7.801703026700435E-4 
0.2026119430332885 0.001932085207542082 -0.0015834617408072695 6.184387438104805E-5 0.001271152532180033 0.0011828312791558365 4.850379148056977E-4 -7.3390452635351265E-6 7.039725571181209E-4 3.213797437798603E-4 
0.7188257688894175 0.0018341184416197326 -0.001568728825996747 9.467699530072563E-6 0.0011761494013034382 0.001151609796965831 5.024976966974953E-4 -9.274042544733974E-5 7.413615096649782E-4 9.295693619637119E-4 
0.6838007271076774 0.0018703182471107558 -0.0015950350013812845 1.0356809873772168E-5 0.0010891099734750534 0.0011785131324314414 5.02512891173253E-4 -1.754998326888855E-4 7.922279773004256E-4 3.245121011040813E-4 
0.479498755189429 -0.0022374954449831236 -0.0015594002090217852 0.0014890914163708014 0.0011478329858262677 0.001113540903931868 5.179158905881213E-4 -3.9680543370813635E-5 8.032272025861597E-4 7.602822147933441E-4 
0.3323894197505875 -0.0022424295405735623 -0.0014275986716288807 0.0013045725377896172 -0.0026123001687355573 0.0013415561296369065 5.204758245943489E-4 -2.4573333404035927E-4 0.0012208274962060793 2.475019772386524E-4 
0.7635552888702268 0.0019410272200893269 -0.0015658621517100765 4.550469889853405E-5 -0.0023959355852726225 0.0011913274197145245 5.032491451885036E-4 -1.7663224228394443E-4 7.93147188385116E-4 8.372273907406062E-4 
0.4144083763470837 0.001974938833411276 -0.0015691486450404722 -7.259717584368161E-5 0.0011995347108616188 0.0011168572317018794 5.033249642637035E-4 -2.4184469090195366E-4 8.420979515410816E-4 -9.01781629807566E-5 
0.3373850214214662 0.0020307184408460514 -0.0015677483804848722 7.785684735928485E-6 0.001273093807797899 0.001175337353777393 5.663286372939021E-4 -2.39575627297904E-4 7.90516238317332E-4 2.826457736330947E-4 
0.43117629372581046 -0.002066218392272703 -0.0015424280268974194 -4.156578193484386E-5 0.0012182178198137529 0.0011177586434079315 4.675086622624977E-4 1.0679024277495552E-5 8.160917297212706E-4 3.064735804744793E-4 
1.4636934524575596E-4 -0.0022273655790730636 -0.0015944765100976445 1.1078470517060382E-4 -0.002542077925879649 0.0013537047026009306 5.199967793210357E-4 -1.4940088628412384E-4 7.411960929106234E-4 0.00125097649143169 
