3.726931266077423E-17 8.944146844238768E-4 -3.0861802743456935E-4 4.478793134364302E-4 5.143305368986355E-4 -0.0016371086269603228 0.002131250566969651 -6.499304318130791E-4 6.812908382838694E-4 8.966095219065994E-4 
0.9997318639901677 7.056355076583492E-4 -3.308108130160097E-4 1.47988019458251E-4 5.233872922086486E-4 -0.0019057432180479032 -2.208016062857413E-4 -4.179913481017165E-4 6.959458144468488E-4 8.838872448213957E-4 
0.72735213618878 8.812423556072781E-4 -3.339772898693561E-4 1.851950667472981E-4 5.119736825304685E-4 -0.001872068948036323 0.002043191676942513 -6.49852570351284E-4 6.921862090020402E-4 0.0011015509656143421 
0.02088850819845317 7.101192570989158E-4 -3.3416012452057935E-4 1.4664838190507355E-4 4.134655665868799E-4 -0.001909377803760748 0.0021270705792565585 -4.8818192449870607E-4 0.0011656083993562452 0.0011050229064763996 
0.7570122031822464 8.955297575063644E-4 -3.1486877561020914E-4 4.218091656247467E-4 4.3348533894827055E-4 -0.0017326761348149334 0.0022043262568655687 -3.192382100616703E-4 8.687695933133936E-4 0.0011474655463898718 
0.31501649574539237 6.878940156020332E-4 -3.0769223950638324E-4 1.4580414044554742E-4 4.1678415336876144E-4 -0.004060129849129986 0.00217381962878538 -4.1800819951316043E-4 7.016285099440666E-4 0.001105285128994122 
0.014979116925926482 6.884144970982782E-4 -3.0837778124868454E-4 1.4562908462936996E-4 5.257948128358875E-4 -0.004060671840430165 0.002173852413219859 -6.114866999888127E-4 7.173405804034299E-4 0.0011036664504378187 
0.2847806114252529 8.953850868507358E-4 -3.0414964596308926E-4 4.4187248721605293E-4 3.976654013158994E-4 -0.004052501750622684 0.0021337881648895106 -4.8421699919356506E-4 0.001100240115066838 0.001090386095998775 
0.5094432598158771 7.142324231468304E-4 -3.1114847362216376E-4 1.4119289190888277E-4 5.561760675115195E-4 -0.001593407272744952 0.0021248739139115426 -4.5150484264164074E-4 7.235773465000899E-4 0.0011078993048313974 
0.9550070729203924 6.797245466033106E-4 -3.2231883942822695E-4 4.5877558169796543E-4 5.481843596391064E-4 -0.004070704851979116 0.0021260639802899405 -6.08435939053873E-4 6.587082754503842E-4 0.0010993594241337072 
0.5936459028601424 7.101192570989158E-4 -3.3416012452057935E-4 1.4355064569984818E-4 5.278523700957641E-4 -0.001909377803760748 0.0021270705792565585 -8.831530590636593E-4 0.0011656083993562452 0.0011040076586395667 
0.29707026319183855 7.079487338280963E-4 -3.405852958299096E-4 1.3393549988821105E-4 4.044817630502261E-4 -0.0017943172081511035 0.0021842221810461256 -7.489670138271674E-4 8.46636533524444E-4 0.0011674233821245485 
0.13338935591835638 0.0014988391886967983 -2.87257987713756E-4 4.4367602231677045E-4 5.448043163174981E-4 -0.004062823455240868 0.0021301738787359217 -6.171413687335847E-4 8.934334268570473E-4 8.49352417423605E-4 
0.11449595755758528 7.111215926875428E-4 -3.1668820669450415E-4 1.645486371426838E-4 6.578226174688178E-4 -0.001905154953207007 0.0021292666173677046 -4.51120613269291E-4 6.786011994010027E-4 8.468538125107307E-4 
0.030670318466890792 6.82163523274628E-4 -3.4143197244596707E-4 4.351579828050455E-4 5.488365085149911E-4 -0.001928532219918583 0.002135448439854262 -4.839723608735866E-4 0.0011129876394429228 0.0010914090479724025 
0.612395196439364 9.145968523874548E-4 -3.0748578217162285E-4 1.3322490871904233E-4 5.508162351580162E-4 -0.0019120074553054946 0.0021329818922582295 -6.071547746324222E-4 6.744370813590928E-4 0.0010927921416845417 
0.048290110359760885 7.09483691609902E-4 -3.152596291505314E-4 1.390791106643926E-4 4.786349641902255E-4 -0.0018656371661647964 0.0022043789788932454 -3.026507122379985E-4 8.53760361811115E-4 0.0011451547432133075 
0.5764980992563613 6.641388611437058E-4 -3.4153619597457037E-4 4.396905462762603E-4 3.9899526795244097E-4 -0.001939917976052532 0.0021845838383965374 -4.213947541558022E-4 7.931100235512727E-4 0.0011040112482135994 
0.41550680669669426 7.114178306834301E-4 -3.281077826833516E-4 4.4816653355016017E-4 4.1660460529916165E-4 -0.0018673590238077256 0.002130420661100194 -4.46161454878304E-4 6.819222242006401E-4 0.0011412743393569749 
0.928680846122808 7.114851128582243E-4 -2.8380832448566976E-4 1.7268547436946177E-4 5.559750600748493E-4 -0.004028419820562601 0.0021248491592304334 -7.700482787199463E-4 0.001111002979821586 0.0010939639542889 
0.03959498238632936 6.573720564130139E-4 -3.165086730776899E-4 1.5684283647460448E-4 5.517932694559991E-4 -0.00197208464834014 0.0021768257959323485 -6.998625773709643E-4 7.207448184308453E-4 0.0010869947219728526 
0.331536704796645 7.0889919457104E-4 -2.8548750672657114E-4 1.6538061712475282E-4 4.037997779907484E-4 -0.0018754157212083622 0.002206639810868518 -3.266693062829864E-4 0.0011258665379126956 8.508634183677011E-4 
0.7702828749102694 8.955297575063644E-4 -3.1486877561020914E-4 4.218091656247467E-4 4.3348533894827055E-4 -0.0017326761348149334 0.0022043262568655687 -3.192382100616703E-4 8.687695933133936E-4 8.862381913463302E-4 
0.2653791913124278 6.830373303836502E-4 -3.4214130564234186E-4 1.5025694237235802E-4 6.171700909478168E-4 -0.0018264859880863515 0.00217290079266038 -4.727200494013029E-4 0.0011191864551152858 0.0010860540083645718 
0.7922946033531484 6.902405023064567E-4 -3.150854365897499E-4 2.0130962928617964E-4 4.009878175497074E-4 -0.004026520496453844 0.0022036535094734156 -4.5443875464741513E-4 7.059285349767811E-4 0.0011040413710806352 
0.4963010525360096 7.082467855667336E-4 -3.2975004971133565E-4 2.0035527525498578E-4 5.290207406909514E-4 -0.0039976934040258354 0.0022049364692652315 -6.165903554219406E-4 8.537997304000208E-4 8.483124347698448E-4 
0.7060275892127287 6.581395615246774E-4 -3.2545419247749117E-4 4.4085441952828653E-4 5.48868980178954E-4 -0.0017042288839373876 0.0021736620240535376 -4.842090458787259E-4 0.0011151925886322312 8.453871783101229E-4 
0.3562980830826916 6.878931899175018E-4 -3.1141513440332674E-4 1.4570784062126196E-4 4.1678415336876144E-4 -0.004060129849129986 0.002201208369805513 -4.1800819951316043E-4 7.016285099440666E-4 0.001105285128994122 
0.5278250873065092 6.833414002975034E-4 -3.0400322370948796E-4 1.4946518343509442E-4 4.109008813869364E-4 -0.00184636695173137 0.002206960732841849 -4.894337727187235E-4 7.063458133461789E-4 8.945653942326233E-4 
0.15643355789845692 6.814590199934274E-4 -2.8355688331987695E-4 4.404435518030892E-4 5.512497197843253E-4 -0.0018231616776963853 0.002164109895210204 -0.0011387065788571345 0.0011064538070796254 0.0010995623902598502 
0.8609872182905376 7.114851128582243E-4 -2.8380832448566976E-4 1.7381871944723175E-4 5.313749785381446E-4 -0.004028419820562601 0.002206470090795456 -7.700482787199463E-4 0.0011130377236334913 0.0010996814944327325 
0.086130447691452 6.896145691248405E-4 -3.153264666115284E-4 1.305233321197671E-4 5.569806028046711E-4 -0.001644318691092914 0.002203376505540024 -4.8777337540532645E-4 8.903374517945345E-4 7.747714407737003E-4 
0.6805766996511989 7.114348126630418E-4 -2.834973006173788E-4 1.6358364132852994E-4 5.496475449919727E-4 -0.0018314864352748032 0.002122780784646515 -4.929635237211501E-4 0.0011156687984903624 0.0010937897911531232 
0.8021586539156862 6.573720564130139E-4 -3.165086730776899E-4 1.479395878295578E-4 5.494556895517108E-4 -0.00197208464834014 0.0021717891211101544 -6.973063261382865E-4 7.207448184308453E-4 0.0010869947219728526 
0.3630421968091809 6.879395695351073E-4 -3.075880428976347E-4 1.4699123428885228E-4 4.169118561211849E-4 -0.001811681909114637 0.0021297882632894953 -4.3457276781681375E-4 8.436536556240765E-4 8.714379403089493E-4 
0.14515970064909633 0.0014988391886967983 -2.87257987713756E-4 4.4367602231677045E-4 5.448043163174981E-4 -0.004062823455240868 0.0022005138162092906 -6.171413687335847E-4 8.934334268570473E-4 8.49352417423605E-4 
0.0014264305231599245 7.100786386165155E-4 -3.4175245295428364E-4 4.4129041384583564E-4 5.636776138221688E-4 -0.004062859812747021 0.002135961522637982 -4.8399670414389103E-4 0.0010988430486603695 0.0010914090479724025 
0.2358841455017004 9.006673598450132E-4 -3.070235982845499E-4 4.0955849275385977E-4 5.448027593205194E-4 -0.004059109706366869 0.002135850762556922 -4.91073926220557E-4 0.0011090637992769764 0.0010892203757194103 
0.4821759273177657 7.115312217516412E-4 -3.069052792256123E-4 1.3977551976938256E-4 4.1429433327499175E-4 -0.0018268622153458842 0.0021179648827258438 -3.332479500359148E-4 0.0011164947781540414 0.0012150210516137044 
0.6979697989515031 7.114192881772136E-4 -3.043370612540799E-4 1.46704842201018E-4 5.58871261484623E-4 -0.0018731168256984664 0.0021622876906686617 -4.5301913918800697E-4 7.482594959648713E-4 0.0011039623156204519 
0.40594624874001906 0.001484876592187739 -3.049102545078985E-4 1.7354256642860817E-4 5.511093684217933E-4 -0.004059966451883954 0.0021234878579152704 -4.0548389763858894E-4 7.202431389503266E-4 8.790244397143709E-4 
0.623654330376785 6.804006308465648E-4 -3.0800896509283407E-4 1.5617746823207282E-4 4.268910483785659E-4 -0.0016898639862440068 6.111544153637356E-4 -4.8259713554157674E-4 0.001132407029852177 0.0010914090479724025 
0.10728319600669106 7.114178306834301E-4 -3.2839665630789443E-4 4.4816653355016017E-4 6.578226174688178E-4 -0.0018709009957425863 0.002129753252723666 -4.4793605121585785E-4 6.819222242006401E-4 8.455986491647015E-4 
0.07748928973188751 8.880406592527392E-4 -3.0861802743456935E-4 4.478793134364302E-4 5.143305368986355E-4 -0.0016371086269603228 0.0021876436876241893 -6.499304318130791E-4 6.80344295340838E-4 8.966095219065994E-4 
0.00856382343891579 6.902405023064567E-4 -3.150687146611508E-4 4.2761474916419524E-4 5.474724041550207E-4 -0.0016136491902781006 0.0021330462947416395 -3.08064539966152E-4 0.0010995941043744066 0.0011684267397610905 
0.6743991801351469 7.114851128582243E-4 -2.8380832448566976E-4 1.7268547436946177E-4 5.488034448225958E-4 -0.004028419820562601 0.00217747434534576 -7.700482787199463E-4 0.0011150705019568998 8.542721966489524E-4 
0.5622006067903144 7.088861412539742E-4 -3.4129574806637824E-4 1.4546496989828114E-4 5.622409394154006E-4 -0.001764999548831057 0.0021641036615980304 -4.5886632644977893E-4 0.001045051685155745 0.0011002873145175352 
0.4531774889596194 7.652997696410513E-4 -3.1547545559691237E-4 1.4363170214371317E-4 5.561760675115195E-4 -0.0019772236292733554 0.0021345388262175684 -6.048725456747823E-4 6.834109109079446E-4 8.508408053537362E-4 
0.9823144900259876 7.100576704248554E-4 -3.289620431634354E-4 1.470364984753217E-4 4.165314973464999E-4 -0.001909377803760748 0.0021267100229907143 -4.3458952693090124E-4 0.0011465667569274883 0.0011040706561398664 
0.3784531039351047 6.832844296057787E-4 -3.071191124090596E-4 1.2954734316990223E-4 5.538023527924289E-4 -0.00406060520526817 5.166562392831926E-4 -6.319927943099844E-4 6.579943488096041E-4 8.792786017169885E-4 
0.44607229220366934 8.906554664609191E-4 -3.07583944892114E-4 1.3725260672069786E-4 5.121581181232073E-4 -0.0019058501543856151 -1.6100428282954924E-4 -4.181317959385315E-4 6.797902094776929E-4 8.856216560524031E-4 
0.058884148558183136 6.832255398542045E-4 -3.0400322370948796E-4 2.0323268213729066E-4 4.1525339756558676E-4 -0.0018420714589781441 0.002206960732841849 -6.454184008913479E-4 7.063458133461789E-4 8.945653942326233E-4 
0.10027658842197691 7.224891730526085E-4 -3.3396074543512433E-4 2.0366416901635126E-4 5.302143258305023E-4 -0.004055724547019035 4.693467777722646E-4 -6.454460562173801E-4 0.0011211099958059086 0.0010934502870211457 
0.20413093221811207 8.944146844238768E-4 -3.084448353664283E-4 4.1968036346123444E-4 5.114490929422888E-4 -0.0017046413996643004 0.0022062798251073924 -6.499304318130791E-4 6.90835914205685E-4 0.0011090702314429585 
0.24081373188672356 7.141181957794672E-4 -3.174264070123034E-4 1.4121312700118215E-4 4.2083839879170933E-4 -0.0018559456681829427 0.002127253646026476 -4.1805128766224007E-4 6.925629656115927E-4 8.931628206985723E-4 
0.8358672010227527 7.020347817901636E-4 -3.150711120914344E-4 1.8404907301597628E-4 4.0044335508504546E-4 -0.001936745745697209 0.0021655098086708767 -4.444173380836495E-4 0.0011198756704582083 0.0011024248793348906 
0.39788444296053455 0.0015290617418248942 -3.4150746371802373E-4 1.6519393534617378E-4 5.511093684217933E-4 -0.004059966451883954 0.0021234878579152704 -4.216672590544154E-4 7.202431389503266E-4 0.0010888207226462869 
0.2178009703857354 0.0015904521645203609 -2.833933105920183E-4 1.3914538792871107E-4 7.116613702591112E-4 -0.0018600369287695951 0.002206176987261095 -7.686387801904876E-4 0.0011203456050482806 0.0010928916085984394 
0.8749791138566396 7.114178306834301E-4 -3.275702782435448E-4 1.480003070671471E-4 5.296546263682341E-4 -0.0018709009957425863 0.0021297482312802405 -4.46161454878304E-4 6.819222242006401E-4 0.0011412743393569749 
0.05521265305489459 7.080879076381011E-4 -3.151680198422525E-4 4.4603954796064134E-4 3.993628246249813E-4 -0.0019072412482670097 0.0021841976222033957 -4.1669921665885544E-4 8.591891073177866E-4 0.001103929679690353 
0.9031999348337055 7.086084885975706E-4 -3.250447406058065E-4 4.4085441952828653E-4 5.48868980178954E-4 -0.0017258910402556862 0.002124382312181886 -4.839675479182208E-4 0.0011118646907105248 0.001091437631992403 
0.9218462442359681 7.114851128582243E-4 -3.1492599610976707E-4 1.6969072635648647E-4 5.61352889452652E-4 -0.004028419820562601 0.0021248491592304334 -7.700482787199463E-4 0.001111002979821586 0.0010939639542889 
0.036509480765020946 7.070269521267205E-4 -3.1668642733215967E-4 1.6412247373480952E-4 5.30973587656822E-4 -0.004064088581113114 0.0021805594976957512 -6.159515628744675E-4 0.0011138811737712111 0.001102919355261817 
0.0015093491475293153 7.093366222875932E-4 -3.041838520762571E-4 1.338106166814173E-4 5.691640639218784E-4 -0.0019058427929892156 -1.6565242596768156E-4 -4.197243231838522E-4 6.699214420904412E-4 8.487609174884815E-4 
0.8872886821607089 6.804006308465648E-4 -3.1125040512581094E-4 1.5617746823207282E-4 4.268910483785659E-4 -0.0016898639862440068 0.0021252308532098627 -4.8259713554157674E-4 0.0010988430486603695 0.0010914090479724025 
0.0033502386760299874 6.896842745191609E-4 -3.4176351723607073E-4 1.5026148038451738E-4 5.508075866297161E-4 -0.0018264859880863515 0.002183067394851163 -4.850357856476748E-4 7.971731364495227E-4 0.0010937995263406066 
0.2559624889067138 7.093539495967287E-4 -3.1982634167293706E-4 4.4110947973885375E-4 5.512497197843253E-4 -0.0018231616776963853 0.002164109895210204 -0.0011387065788571345 0.0011020536397012915 0.0010995623902598502 
0.3880727283182116 0.0014988391886967983 -2.859514356742403E-4 1.7388695145155667E-4 5.448043163174981E-4 -0.00406430679376302 0.002200447222943613 -0.0019829675559203726 8.662642432049207E-4 8.751867563920346E-4 
0.06814808908713983 6.888610598082197E-4 -3.063550408717718E-4 1.2954734316990223E-4 5.498139036273255E-4 -0.001802068833733909 0.0021661604310010004 -6.319927943099844E-4 6.804717067863827E-4 8.892540863663172E-4 
0.43071830758819873 7.064834297635249E-4 -3.1553013960776806E-4 1.6477231608925282E-4 5.496475449919727E-4 -0.0018314864352748032 0.002122780784646515 -4.94813003965666E-4 0.0011179922423320801 0.0010937897911531232 
0.163495486252422 7.058679897540854E-4 -3.152342735711412E-4 4.361739614394609E-4 4.786349641902255E-4 -0.003994183237893711 5.407533846872287E-4 -3.180000764839255E-4 8.53760361811115E-4 8.518840694480766E-4 
0.22146527816120903 0.0016253280050339102 -2.833933105920183E-4 1.3929024758231194E-4 5.658331674193049E-4 -0.0018600369287695951 0.002164985264738669 -7.686387801904876E-4 0.0010628024785153075 0.0010929277610800725 
0.9645594735720967 6.577872497684238E-4 -3.150687146611508E-4 4.3181314351558426E-4 5.474724041550207E-4 -0.001584636348356466 0.0021330711636315626 -4.820090591748275E-4 0.0010991746234531952 0.0010922865431432364 
0.005033694967820149 7.134165088581627E-4 -3.312394121188203E-4 2.0193164090698707E-4 5.297273822644255E-4 -0.0016445911231119002 0.0021294628474854667 -7.672180359449563E-4 6.589816498823124E-4 8.949467660925238E-4 
0.6428876477686463 0.0014790877223816502 -3.0353460129564993E-4 4.396169214187612E-4 5.411370251172692E-4 -0.0017860906301683562 0.002135321750129716 -4.868300216102091E-4 0.001113274979214275 0.0010912961198841077 
0.43342643237380296 7.064834297635249E-4 -3.1553013960776806E-4 1.6358364132852994E-4 5.496475449919727E-4 -0.0018314864352748032 0.002122780784646515 -4.94813003965666E-4 0.0011155866082784957 0.0010937897911531232 
0.818345965236121 9.161291161979466E-4 -3.0748578217162285E-4 1.3322490871904233E-4 5.508314155934779E-4 -0.001914082204211558 0.0021329818922582295 -6.071547746324222E-4 6.744370813590928E-4 0.0010927921416845417 
0.5578830332909146 7.226050334959075E-4 -3.3396074543512433E-4 1.4989667031415502E-4 5.258618096518519E-4 -0.004060020039772261 4.850173462949389E-4 -4.894614280447555E-4 0.0011211099958059086 0.0010934502870211457 
0.24847133883207445 7.652997696410513E-4 -3.1741726573526974E-4 1.4550252413623272E-4 4.231374764246548E-4 -0.0015980047634672032 0.0021247036273907044 -4.5150484264164074E-4 7.235773465000899E-4 8.919007047330705E-4 
0.9985096251339757 7.114104245037939E-4 -3.26843503297697E-4 1.47988019458251E-4 5.233872922086486E-4 -0.0040338494557650255 0.0021267100229907143 -4.337629500533893E-4 6.961043875192742E-4 0.0011040706561398664 
0.6371533933750533 6.802657064572074E-4 -3.117982432074474E-4 1.741450332341684E-4 5.559202358397662E-4 0.0026405327402177136 0.002124164842896207 -4.1880263130728896E-4 0.0011181045789558385 0.0011479080991256714 
1.4960304264920697E-4 7.100786386165155E-4 -3.41600404863699E-4 4.3870611412818864E-4 5.636776138221688E-4 -0.004062859812747021 0.0021270747890491434 -4.8399670414389103E-4 0.0011025219684038564 0.0011047342817453983 
0.06636922312389976 6.893529672905544E-4 -3.153264666115284E-4 1.305233321197671E-4 5.193540484753323E-4 -0.001644318691092914 0.00220335083869251 -4.8777337540532645E-4 8.876409347034286E-4 7.818318917328512E-4 
0.8687313839409831 7.114851128582243E-4 -2.8380832448566976E-4 1.7268547436946177E-4 5.559750600748493E-4 -0.004028419820562601 0.0021248491592304334 -7.700482787199463E-4 0.001111002979821586 0.0010939639542889 
0.13768780680913578 6.393992264936803E-4 -3.298825489626377E-4 4.4442082188458356E-4 5.581582918874464E-4 -0.001794107043457163 0.0022004778337525346 -4.868300216102091E-4 0.0011279844589532708 0.0011622191887781298 
0.17726465894650903 6.826601968499027E-4 -3.0389034837186274E-4 4.0811632519236217E-4 4.7985285488400995E-4 -0.0017833174937140143 0.0021242302196013223 -6.190548234792052E-4 0.0011157858000790273 0.0010872566936130556 
0.9720665220721436 7.652501681586603E-4 -3.1547545559691237E-4 1.4372861247368736E-4 5.560768186199103E-4 -0.0018921949422739885 0.0021253410754304898 -4.5150484264164074E-4 0.001106292213756826 0.001104720354617218 
0.4677980246015913 7.082467855667336E-4 -3.288979265464428E-4 1.849149118604089E-4 5.282177736917263E-4 -0.0016412897752204215 0.002046600368782077 -6.167676943344212E-4 0.0012353196172454786 0.0011485563240410915 
0.1700923938445455 6.625929930302079E-4 -3.289620431634354E-4 1.470364984753217E-4 5.389744576582766E-4 -0.0019108936735767463 0.0021267100229907143 -4.3458952693090124E-4 0.0011465667569274883 0.0011040706561398664 
0.5446193002658425 7.090077560674011E-4 -3.062928441610098E-4 1.4875697558270387E-4 5.303450318731465E-4 -0.0016492726577735364 0.002127346590698125 -3.915877340144047E-4 0.001118447225541119 0.0011435253898880668 
0.6584210655178577 6.984137935507812E-4 -3.042437886922339E-4 4.3339604237526027E-4 4.099606672858511E-4 -0.004047798973236403 0.0021311267740878014 -8.539895295512571E-4 8.538870846954792E-4 8.487140610873951E-4 
0.6616894795542893 7.138065712531006E-4 -3.2983351080984925E-4 1.8498779406823923E-4 5.569420535672467E-4 -0.0040435104193080424 0.002043538163940504 -4.130355247859294E-4 7.18427672772184E-4 8.890589178121178E-4 
0.8358672010227527 7.020347817901636E-4 -3.150711120914344E-4 1.8404907301597628E-4 4.0044335508504546E-4 -0.001936745745697209 0.0021655098086708767 -4.444173380836495E-4 0.0011198756704582083 0.0011024248793348906 
0.8169341655839133 6.573720564130139E-4 -3.165086730776899E-4 1.479395878295578E-4 6.170553937412011E-4 -0.0019494559117261949 0.0021724021093085977 -6.973063261382865E-4 6.927765914302923E-4 0.0010869947219728526 
0.18521071251416527 6.639854172781004E-4 -3.0389034837186274E-4 4.3302203697351944E-4 5.411122692389803E-4 -0.0017858596475014586 0.0022111817217550043 -6.27336872895623E-4 7.076999700964056E-4 0.001102500247269503 
0.18521071251416527 6.639854172781004E-4 -3.0389034837186274E-4 4.3302203697351944E-4 5.411122692389803E-4 -0.0017858596475014586 0.0022111817217550043 -6.27336872895623E-4 7.076999700964056E-4 0.001102500247269503 
0.468200211748568 7.082467855667336E-4 -3.294431036853057E-4 2.0205528651191427E-4 5.282177736917263E-4 -0.0016412897752204215 0.002126778496631019 -6.146758431132243E-4 8.816536123480046E-4 0.0011474521397484456 
0.007086970592494191 6.902405023064567E-4 -3.1498428240127563E-4 1.5547812883896764E-4 4.271965782466285E-4 -0.0016885107034370149 0.0021330462947416395 -3.08064539966152E-4 0.0010995941043744066 0.0010910270510970977 
0.33768736800712623 7.64859539696498E-4 -2.869559984353709E-4 1.45163953499057E-4 5.561760675115195E-4 -0.0015991261419414835 0.00220347135888118 -4.5150484264164074E-4 7.243192045802179E-4 0.0011064014809646883 
0.10043160757313951 7.095831926291405E-4 -3.1190762164554406E-4 1.742211922378772E-4 5.559202358397662E-4 0.0026405327402177136 0.002124164842896207 -4.1880263130728896E-4 8.711931900650948E-4 0.0011479080991256714 
