0.8519774733143335 -0.7725249696746262 
3.2736953551638914E-9 1.0169329713286115 
0.6528441983866902 -0.4573722344056934 
0.823413291469165 -0.4591948957296879 
0.6184456543990149 -0.12449092061058041 
0.4545190476998204 -0.12289158111301114 
0.40935285302990265 0.2427644421129692 
0.2569351813991408 0.24329561744476277 
0.18267638744879408 0.6683995166340997 
0.08074646014235169 0.6712346877312222 
0.43087433480555426 -0.01051221029279253 
0.41324621395919403 0.19142007904691336 
0.6318535898499402 -0.3257040963776428 
0.8369927064512539 -0.6790100551232646 
0.41758715748751535 0.15104606275047341 
0.624125150158885 -0.21555275085333794 
0.6431753174663775 -0.4291279835828432 
0.626441763023372 -0.25298763341284836 
0.6292742120139981 -0.29284480865128837 
0.04971071869845546 0.7290676897270941 
0.19759509178944545 0.5714840561144297 
0.8265855015772885 -0.5176451256339254 
0.010462296306636247 0.8963984594388404 
0.6394187296608974 -0.390888169077845 
0.0017585288583546743 0.9601413786864067 
0.0051075583020814275 0.9292695450548294 
0.8457335689552484 -0.7568676078347677 
0.018944766200283007 0.8536692050268052 
0.04394415282818759 0.7493887219863894 
0.20034108888813337 0.5519161543872885 
0.6200991164608664 -0.15033101423300896 
0.8397623836218732 -0.7115791956457586 
0.8317389130456807 -0.6091607538991749 
0.195956185363206 0.6001288640763829 
0.04015842366474415 0.7629217725231653 
0.4482410192805682 -0.11557770416289029 
0.827433430508092 -0.5369690072489768 
0.22213692764724416 0.3883743610804464 
0.42562647240942 0.042448264876222906 
0.6226021955298378 -0.191836954656497 
0.20788975282846664 0.5052934511382993 
0.23085633192028102 0.3308948179821817 
0.24521398757123256 0.26514059425369535 
0.6349412312691345 -0.3608245302347883 
0.4215252104127002 0.08849123044064111 
0.6217763423338085 -0.17084572780899104 
0.42056556930389244 0.11264159039622922 
0.6411224653125199 -0.4160948811392485 
0.6281793430616573 -0.27268762320824447 
6.669285713942139E-4 0.9760588994291254 
0.21019074026894993 0.476508227365102 
0.4182197847259379 0.12787303349110007 
0.22735658315882423 0.352333679236385 
0.007091078308542845 0.9160784577345266 
0.187900550079083 0.6412179210340995 
0.0353085766438021 0.7824875116906413 
0.8428280070688817 -0.7369116404508889 
0.23338023404282066 0.3161389520532414 
4.497221413411051E-9 1.0011658330695363 
0.42687621561134464 0.02854076929005876 
0.4351232588254407 -0.046714474190343615 
0.8340619801572721 -0.643892244415514 
0.02295003030855286 0.8384259889242832 
0.19377991124269486 0.6148026179436618 
0.18967856689520218 0.6263182249804794 
0.2153776138244294 0.44115906442448477 
0.21752334122440398 0.42189422558193035 
0.033120217346510744 0.7914418511277695 
0.06242179055985034 0.6939874484167327 
0.22557925795238246 0.3644083260450011 
0.23958187148047094 0.28510649449226527 
0.055037375776830655 0.7133476424525113 
0.8247360270779449 -0.48521539665957925 
0.02944855363252465 0.8072902497593947 
0.05659001582204076 0.7082616427604408 
0.8340798675582708 -0.6443285027469368 
0.20532847744807692 0.5285382228431269 
0.20473907921647821 0.5326355751898207 
0.20888646539317463 0.4871032797446386 
0.4370301699767472 -0.061241211924172236 
0.02488918837452328 0.8263884068997942 
0.6367853440080362 -0.36864243171358985 
0.44291422207921305 -0.09633382891423155 
0.4390523957842838 -0.0750069688049546 
0.8409919291958381 -0.7236339036738207 
0.4230721809077152 0.07065519161877075 
0.23686855317974312 0.301163640769442 
0.4112014016459517 0.21806346733209742 
0.014592134806906146 0.8750359283817127 
0.8289324967599265 -0.5636340295060087 
0.014592134806906146 0.8750359283817127 
0.8247360270779449 -0.48521539665957925 
0.0648252645212472 0.6890140599820078 
0.07959516295994512 0.673578614155875 
0.06990694239565974 0.6801647067725027 
0.4112014016459517 0.21806346733209742 
0.21752334122440398 0.42189422558193035 
0.8309743387348418 -0.5975254758458046 
0.029015054367443116 0.8180034554712534 
0.44291422207921305 -0.09633382891423155 
