1.1661088505870644E-10 1.013487199959657 
0.851612992119434 -0.7715221255275436 
1.1661088505870644E-10 1.013487199959657 
0.8234135206845691 -0.45844941317225957 
0.651899378576241 -0.4563704012125116 
0.6184824927716641 -0.1236367888801528 
0.4542871282143835 -0.1226358213902688 
0.25978531173657327 0.2444332358907353 
0.4099957058493772 0.23710934280548604 
0.08447100715006299 0.6719152958886546 
0.18252969298066188 0.6714512260314662 
0.22003021821290053 0.40419442977753395 
0.22740226186984686 0.35396681397333624 
0.4372951532504423 -0.0552513888431137 
0.2079417695987732 0.495541275225377 
0.831179886238276 -0.5963373150371342 
0.18953151010743027 0.6286844446731674 
0.6303051130866912 -0.30536983383070465 
0.6334125895880633 -0.3427296924592558 
0.06288493962877655 0.6952798073801565 
0.42904228153754387 0.007532236692157748 
0.642977190472403 -0.42664624707056703 
0.1960044316308382 0.5851137311599572 
0.8254604007880237 -0.4970749792691371 
0.19339893291799123 0.6034060984927446 
0.018531237324218533 0.8572667172687535 
0.8275385857661625 -0.5370227219179918 
0.4165397214637872 0.15046640278708218 
0.8468143601910619 -0.7597887768787324 
0.8356516627491288 -0.6642584709707522 
0.6218754740264474 -0.1802375346965234 
3.07802206886032E-4 0.9850903261094988 
0.024189776686486253 0.8433649850169829 
0.8286906715059532 -0.5573963397876001 
0.6487794667067862 -0.45115379564548075 
0.4239723587109888 0.061450698852546407 
0.6350099708517727 -0.36090683541266266 
0.0357623290584258 0.7831800878601121 
0.41274463941760553 0.20056652093581678 
0.833299277827682 -0.6302553992123192 
0.25225108432722754 0.2486152965113913 
0.05860832342897038 0.7210876986315169 
0.82476035781043 -0.48367862752459423 
0.6206766269192168 -0.16084490887248337 
0.04650596955329567 0.7417499312013508 
0.0746691996895794 0.6777178503895246 
0.4116529003066174 0.2135092908435624 
0.06917943683904307 0.6823511201351642 
0.4183714641661677 0.1273677353784234 
0.01069267027149673 0.8978904239724406 
0.6196171112095609 -0.1421990096122629 
0.24657768009622352 0.2619127119852085 
0.006174601744534991 0.936918150097433 
0.23435641637145757 0.31302978745222254 
0.84035172308035 -0.7163124151961108 
0.44058625095497655 -0.08179353947897042 
0.026065856937733112 0.8234832502270157 
0.04192751636876613 0.758346673524725 
0.6235041419020879 -0.20634510391590874 
0.8328386718012806 -0.6246894860365221 
0.4318402755826296 -0.018040270735865907 
0.8391471222287027 -0.7050033974022717 
0.20274258449239718 0.5350600467348605 
0.014205534271177572 0.8791098841970054 
0.216047977983429 0.4387937299156661 
0.0018054551491039628 0.9659712762065532 
0.19971757871094203 0.5571143838352637 
0.627653049832169 -0.2603006302844945 
0.21336789070211729 0.45803027507640937 
0.426178218450299 0.038075695209669726 
0.6262399501254287 -0.24611558262630737 
0.837324767632583 -0.6845626954820498 
0.2038981108275451 0.5276796274641277 
0.21188559963815845 0.4654063915782329 
0.03200975018074137 0.7978481483246649 
0.639633629753763 -0.4041952320088044 
0.6289315900824362 -0.2859536993212379 
0.04946219672509407 0.7313976479406433 
0.43135987532827536 -0.011849742140115098 
0.41491934469412495 0.17293851420962478 
0.4215351637968744 0.09880849683382303 
0.2435249176266705 0.2719413729573893 
0.23058894149399714 0.33603238226470983 
0.6403005442681933 -0.4088347448351259 
0.18543629744059945 0.6543145797158321 
0.426178218450299 0.038075695209669726 
0.4505606280156182 -0.1179234680556184 
0.8428772687122205 -0.7372321042406076 
0.6379915774647391 -0.38136507015712323 
0.2413140912587703 0.28057959877783 
0.1997724026387463 0.5569666876156754 
0.6287025376076769 -0.2768164451453253 
0.028430346835231005 0.8131892208925996 
0.8428772687122205 -0.7372321042406076 
0.41491934469412495 0.17293851420962478 
0.44599044505630947 -0.10714266982364837 
0.23058894149399714 0.33603238226470983 
0.2168320459790034 0.42805862247247356 
0.008025011054673126 0.9171600862659244 
0.23863417539388276 0.2902174715197038 
