0.8509918821246787 -0.7721959316279006 
9.21822698712187E-14 1.0009421275024017 
0.8233416158329704 -0.4574554376294349 
0.6185322331584401 -0.1255012117188775 
0.6532421841377342 -0.4568260569634862 
0.4535013226365632 -0.123298424889777 
0.25827046048907953 0.2433625162825085 
0.40956180394088726 0.2400628176831699 
0.1823813012524239 0.6706914509216726 
0.08371910522229022 0.6712236610645569 
0.4340920474595843 -0.03857769458371095 
0.02028378020127009 0.8472084788365662 
0.028553067457224135 0.8101142729479825 
0.20133944453017957 0.5439289813611596 
0.1963795532925188 0.5810984543963104 
0.622645325004768 -0.18990040417815607 
0.060125057219144185 0.699990348797535 
0.42976472405610044 9.659529328938496E-5 
0.24273091430378352 0.27229076547493525 
0.638388679681486 -0.39403597247452554 
0.8414598769938302 -0.7216239510066822 
0.6424342462080761 -0.42469809979398 
0.20752351838643668 0.49761129360872774 
0.6268903536617417 -0.25907221187983276 
0.8448656513493531 -0.7518554608947778 
0.016381826435323127 0.8659255536241799 
0.6284150473223117 -0.2808265420861845 
0.20462959664962388 0.5199086030131914 
0.4127824498979743 0.20345907201344893 
0.2477600875694298 0.2562070430611195 
0.633529761524588 -0.34352576546983316 
0.4169112204842802 0.14457409187577394 
0.06666883145490843 0.6862242835482034 
0.4376741503562848 -0.06532170425743991 
0.22821264638400374 0.35083103795963483 
0.6456378604694222 -0.4418769442877188 
0.23203364577338317 0.3241604903781349 
0.0059104674276631575 0.9245537712442707 
0.8293077492663645 -0.5696059864089605 
0.8357420744622414 -0.6659956057184313 
0.004027281603458915 0.9483566942969103 
0.19040353161612059 0.6215692032877111 
0.8325339203520751 -0.6211645893395447 
0.2113899130823921 0.4715066126088353 
0.4191365237696473 0.11677147430699841 
0.8266058083702443 -0.5211018877866599 
0.035481238021672745 0.7827063493340819 
0.6360047164331415 -0.3717894920548165 
8.969600172951866E-4 0.9840551616483731 
0.2365054294622282 0.2992605521749812 
0.41129034684414034 0.23261601971940152 
0.6202148281121698 -0.15383553535366493 
0.42379911346153387 0.06216882886142988 
0.42132763376002047 0.09096891977687896 
0.0017802032690765086 0.9610681211085337 
0.4147016937112822 0.17250098401927313 
0.009396457735116132 0.9132607493465065 
0.03373992739889936 0.7946278700856079 
0.6208268586615526 -0.16375908826205324 
0.051530049727554025 0.7229635816331762 
0.44830116896145983 -0.11445973466385431 
0.6246334497488504 -0.22532492706128823 
0.18861106402863054 0.6343097464166263 
0.6247216416671426 -0.22621710944301007 
0.013247503177660089 0.8927810915974209 
0.21896227436567642 0.4107536313251944 
0.047480143326148305 0.7477051881317631 
0.6306917861000149 -0.31117194549347676 
0.6306917861000149 -0.31117194549347676 
0.21580341600169267 0.43422562265248993 
0.41404925531705195 0.18081931394923634 
0.2563703338704071 0.2436410175507485 
0.4223345411103472 0.08042180689579612 
0.6348599226460317 -0.35770584998393845 
0.8487177737884505 -0.7675272750154256 
0.22489528496718447 0.37642696802172554 
0.22618943647356476 0.36065873801727477 
0.41820708669059037 0.12852406196376373 
0.8318770595812781 -0.6109600335332892 
0.8277408795698378 -0.5419353876172028 
0.07304636979577017 0.676643898743444 
0.04048979939874297 0.7632224827812756 
0.8281936126406083 -0.5499287163741882 
0.4436881971591382 -0.09886846821456244 
0.6508025532105339 -0.4554682347800212 
0.43943707441125357 -0.0770128239202601 
0.42765503461912463 0.021263816045372044 
0.039947949087254464 0.7637403756150813 
0.8377436321441272 -0.6901117402296313 
0.21227514810818937 0.462841668729243 
0.05041545384183916 0.7461303253538946 
0.8345713630466858 -0.6502922424301257 
0.8387439735217701 -0.7014787776068797 
0.2198197732305229 0.4047129329517447 
0.19371252319552534 0.5999795449287176 
0.4254989426654758 0.0439895650806931 
0.8245397594984947 -0.4814634804409549 
0.8306012730825205 -0.5903411387009507 
0.19371252319552534 0.5999795449287176 
0.18861106402863054 0.6343097464166263 
