0.8511497531961216 -0.7719607186072486 
7.460365658573664E-12 1.0024378287672826 
0.6521273757297319 -0.45689780896916454 
0.45379912682455503 -0.12252616778389172 
0.8234546663624595 -0.45906897526107443 
0.4106155888215999 0.22657988468787665 
0.6185241775034273 -0.12501603545220683 
0.25761818952236887 0.24398044466837548 
0.18340694146696906 0.6646931673206226 
0.08580001622188087 0.6716063310404071 
0.23417018403997014 0.3117436929315772 
0.424033265011676 0.06339003092613231 
0.19111688525722398 0.6173550179606931 
0.83765552103277 -0.6893226639579665 
0.8425656262045969 -0.7359763353975295 
0.24509631453049094 0.26510246782876745 
0.21819079779412076 0.41686486360358793 
0.6312133025173987 -0.3158722836742602 
0.20682592241136016 0.5087326021711033 
0.642988975071629 -0.42667508638778645 
0.4458198537800473 -0.10754848276663063 
0.21066980246877406 0.4756006574831832 
0.006964341073900298 0.9168157964005772 
0.05055472901185923 0.7268814273255058 
0.6339655089305926 -0.3482447887185841 
0.42779561009906814 0.021261383718556515 
0.19920473116958073 0.5626872338196234 
0.4177566773727519 0.13513148553427437 
0.43224094904979926 -0.02254959129494585 
0.44064154694591207 -0.08390020690093913 
0.43540474205592045 -0.048589534577975 
0.6393261157116834 -0.38994762090624113 
0.623597093933191 -0.209278826194815 
6.23232370879287E-4 0.9792301271814237 
0.0023773865225467233 0.9532780027969655 
0.022548526485262732 0.8378747753371389 
0.19408723974012124 0.6017394508816294 
0.07166607698589333 0.6790999949342968 
0.19674502600875993 0.5785172014335616 
0.8275238038671557 -0.536160329987509 
0.012383598196197887 0.8896659778881248 
0.6218212456866836 -0.18065749078803292 
0.420733404367687 0.09882150118933847 
0.44034463422029313 -0.061082903975795244 
0.8360322747240215 -0.6684764119361566 
0.22682766263776127 0.3603257720528984 
0.004518067231016984 0.9353019631549504 
0.6260973027573586 -0.24751128732875327 
0.4303408016700539 -0.0010994990514662905 
0.21299927737515528 0.45590413914502553 
0.6249181777736775 -0.2290443987881806 
0.8346080139700968 -0.6494526999698883 
0.23090559928427185 0.33349540074479167 
0.20301977453175363 0.5326510057404948 
0.4204189693021399 0.10260081111041972 
0.6355171405849517 -0.36663658435959795 
0.8333157025783023 -0.6308323091385629 
0.6291098718700955 -0.28992159814919977 
0.246150848851253 0.2616457253734398 
0.6193189461380743 -0.1386645629233418 
0.25469794703022675 0.24527424972961964 
0.82567796485766 -0.50307319868785 
0.62780500872613 -0.2675238657131537 
0.024770576273958816 0.8264827013780872 
0.8265012537295571 -0.5189581554189858 
0.8452729940429115 -0.7544050607345151 
0.062291791527544466 0.6946025970605207 
0.8289674137511776 -0.5629546587438727 
0.2306964045276975 0.34725027473290926 
0.06726932126769292 0.6859881515357839 
0.0310233267528588 0.799998780706461 
0.035131559153715075 0.783494087186335 
0.042635601258768266 0.755392347088359 
0.6205198218221901 -0.15910921692464722 
0.2041722314075579 0.5303227064741839 
0.6372433462763792 -0.38338201713089953 
0.03669177419581965 0.7777512882971808 
0.05856713148514653 0.7040959769051364 
0.8320719651336657 -0.6133686773175077 
0.21299927737515528 0.45590413914502553 
0.6461753955158623 -0.4432577258650812 
0.028323491018092548 0.8123971555010651 
0.847295824854799 -0.7625138515276989 
0.013514016545157825 0.8817269614332407 
0.8247093545191235 -0.48464895039011036 
0.41253883765347704 0.2024214306699111 
0.824337586741237 -0.4763261976583298 
0.2242908947927265 0.3799781708671918 
0.01604825812068461 0.867575304377779 
0.4290842567444886 0.014906642791633166 
0.08471708191326122 0.672038017581817 
0.017500909954531435 0.862073094512362 
0.416124714621764 0.1548992314203186 
0.2242908947927265 0.3799781708671918 
0.8317582837514708 -0.6034489477978637 
0.6475995903737318 -0.44723617220966017 
0.05379964829554529 0.717514561590742 
0.22028803225099564 0.40146931976566386 
0.628367919452048 -0.28047186838284355 
0.621056195243158 -0.16739636743615974 
