7.514447675216473E-10 1.0020976504539867 
0.8518642457334836 -0.7726408644589864 
7.514447675216473E-10 1.0020976504539867 
0.6526756930166648 -0.4570910677339395 
0.8234868700374991 -0.4602417830808404 
0.45345090197653337 -0.1229532281078755 
0.258126286809757 0.24388210471547056 
0.6184552527635404 -0.12384825949963818 
0.4093424949361571 0.2437809597812345 
0.1829548100654641 0.6671279580741067 
0.08541345188892144 0.6717455417497595 
0.0014868602626400308 0.9636718745893728 
0.1858557815320622 0.6506843334894654 
0.8333856339807317 -0.6341524645516194 
0.1925873477831139 0.6122960756682585 
0.6381442405586831 -0.3914848052821064 
0.6320641676266219 -0.3240797409640257 
0.0657522885104132 0.6893861665761645 
0.8260892282546333 -0.51071532618732 
0.0566756841728394 0.7083556477261086 
0.24633826272881743 0.2610570964449233 
0.4261856766259018 0.03699962017586048 
0.6207351550363165 -0.1621022476651904 
0.8238188909227846 -0.46664814583862557 
0.8360738934850851 -0.6702694335751525 
0.045753764784498704 0.746050871876436 
0.24341044538381812 0.27053372198650233 
0.22778704172092598 0.35135650440002175 
0.4198359938844247 0.10893738626670058 
0.4183520667026673 0.13219949378726434 
0.6459713372644045 -0.4434126276070402 
0.6299297151112359 -0.29979997669887387 
0.2337003524723059 0.31547188452585373 
0.07204036348540765 0.6792814918921465 
0.20717718976640917 0.5015412525424305 
0.21482559144431843 0.4518015184957865 
0.2162797631444071 0.43208548048724615 
0.6429203815617548 -0.42633461001755146 
0.8370619923562638 -0.6817425757943427 
0.20338118079289533 0.5288244622206124 
0.4107055163553303 0.225598244067573 
0.6414645085765112 -0.40500183883199575 
0.42310793669380353 0.07455251870836874 
0.20198766971095625 0.5564569111438266 
0.4433114617133659 -0.09690847374883786 
0.4340099241637062 -0.03763754791002368 
0.6190061082519231 -0.13291478826291045 
0.8396947206669754 -0.7087196079723816 
0.8454357747107204 -0.7549131754370905 
0.014813671274398421 0.8743900867206665 
0.007847244426754107 0.9133324548057791 
0.22130757470907092 0.3945569946907505 
0.82670883300818 -0.5209363395501316 
0.210700504779669 0.4737041812044003 
0.224559779993929 0.372755191774794 
0.43874386694308687 -0.07165661271074886 
0.41552717890386703 0.16302967607474503 
0.8314883045988107 -0.5749885791178475 
0.19762254200200374 0.5737244799988709 
0.4481597517524118 -0.11455090244758764 
0.8315999289331537 -0.6066724303370462 
0.6223912378311052 -0.18187683338332705 
0.41230518330519267 0.2046392202218591 
0.634415972763804 -0.3540111475019932 
0.6345713583265244 -0.35540675296143465 
0.02496560894081512 0.8271703403266543 
0.19480765010106543 0.5935197613833872 
0.02151470399097694 0.8428035532304623 
0.0813589896573711 0.6725269979553157 
0.004570733221587714 0.9351881527278594 
0.027005374087137116 0.817980452895322 
0.6226975737302451 -0.19524577203535526 
0.4144958472837452 0.17973474230564002 
0.05234999915383348 0.7208737854362562 
0.04298883705441964 0.7560049051114742 
0.424139317015931 0.06111944456488864 
0.8295414241283012 -0.5724509886336206 
0.6284273241099545 -0.2807134321160281 
0.2372510773849677 0.2965394787535756 
0.8443500861788329 -0.7460616718935822 
0.018714105058328073 0.8558212929250907 
0.4297548390503743 0.0011904806393899432 
0.2372510773849677 0.2965394787535756 
0.43578399121861944 -0.05133006303083276 
0.8318990623759998 -0.6115821779349779 
0.43155719178335283 -0.01670650923667387 
0.2114522834031915 0.4701662933293971 
0.8281371571942857 -0.546755552963303 
0.6253621203409568 -0.2357282147223897 
0.626952943668684 -0.2581584638198662 
0.03593015582042275 0.7808454575136143 
0.41307598603960816 0.1939795473902627 
0.8281682883804358 -0.5481827269843941 
0.2233102622356446 0.3808278784147966 
0.004570733221587714 0.9351881527278594 
0.44473124296809213 -0.10287637939670169 
0.039550100150526166 0.7670990862577618 
0.1988612678503855 0.5635580495348209 
0.4190352005006202 0.1184278020947105 
0.05234999915383348 0.7208737854362562 
