4.846699101085372E-10 1.0017366564087389 
0.8517820374158598 -0.7722792857972222 
4.846699101085372E-10 1.0017366564087389 
0.8517820374158598 -0.7722792857972222 
0.6515494608907452 -0.45698838045875056 
0.8235067618876644 -0.4605529313658884 
0.61844821336001 -0.1240842985283751 
0.2574789581419246 0.2436585445663004 
0.45433052280812997 -0.12227064530140722 
0.40958389677574963 0.24049234920573467 
0.18277149836934922 0.6683307217676254 
0.08186185574365493 0.6712466307450077 
0.6387135668838777 -0.39709875052570515 
0.23468470479012707 0.31361347670683315 
0.42966680926549083 0.003186428709857624 
0.03455649314190834 0.7864301397281597 
0.04283460496132807 0.7544370855352814 
0.014780880384789613 0.8740515979339816 
0.42059858721237653 0.0993001112139965 
0.41725495851742245 0.14058823427561604 
0.8423377354817201 -0.7343318955337685 
0.6228789633546491 -0.1934145524125704 
0.18556026559677619 0.6521844321595137 
0.4451078508106089 -0.1053970647306312 
0.8481515405215794 -0.7658028938303503 
0.1916628751762749 0.6158261412653137 
0.42534245363542145 0.04564680314103104 
0.19649769733283595 0.5816195057373139 
0.1999383645173733 0.555150154813832 
0.6200583608048491 -0.15117724904673704 
0.43210464537881477 -0.019828682873032952 
0.009532429826290878 0.9032414325854239 
0.8278192645778828 -0.5402850090715052 
0.8342043775748981 -0.6408879865245808 
0.06138257887030013 0.6961798658741372 
0.6247042003243334 -0.2244919268147572 
0.6355131007834447 -0.36510609305125846 
0.19029661179251794 0.6244994843924362 
0.6212147037048841 -0.17084546540902198 
0.018675617993221955 0.854636754329193 
0.4389806418538093 -0.07400990838592268 
0.055692117913273886 0.7107651240396891 
0.004590809518626948 0.9345901665899754 
0.2388688517407208 0.2890804139544539 
0.8275422381782014 -0.5142995727534071 
0.24725817565339236 0.25826564996349516 
0.0015494401671879432 0.9642434328792413 
0.20345101387338904 0.5302221477508363 
0.21626036519646963 0.4314554343100921 
0.027069140062963588 0.8176506864222814 
0.824448018515558 -0.47956948494303603 
0.41461210614800187 0.1756470100165439 
0.22526741961019175 0.3678805643728644 
0.00787196925787459 0.9116484317598514 
0.6344823168971809 -0.35569825810001837 
0.8256397304516964 -0.49915738160431194 
0.2068565355878817 0.5051074432912631 
0.6311303814965775 -0.3163236479900335 
0.41593594153289337 0.15684886702963116 
0.046458133101780597 0.7403055630180335 
0.4233049124018612 0.06830955489114991 
0.22820091364664374 0.347510946962027 
0.8403455307301396 -0.7172000815235923 
0.836132503056818 -0.6710201430527775 
0.06759996075322527 0.6840830608354604 
0.07188007599155832 0.6783045749287036 
0.6276927908609166 -0.2705122480369264 
0.4348157055319374 -0.04351661000314859 
0.6293918806373844 -0.2936350740734689 
0.6438979890148528 -0.4325937433672837 
0.24084076158746506 0.2806135459833231 
0.8317725067640214 -0.609257244865402 
0.2132702984030182 0.4548584097451509 
0.41041853286615354 0.23884517212865197 
0.41239044271289604 0.20305181438274325 
0.4220399397708217 0.08311778516299927 
0.6255556858900853 -0.23916360202464815 
0.24522797399479535 0.263660905917255 
0.438344600129784 -0.07026211036841888 
0.21770340367932126 0.42039239716457083 
0.025988213187223844 0.8399004892892423 
0.8360914294967068 -0.6522230634217671 
0.4481897747695305 -0.11287770119686355 
0.22820091364664374 0.347510946962027 
0.19759453706165256 0.5727506628121333 
0.8301573303860086 -0.5830143383736455 
0.2132702984030182 0.4548584097451509 
0.20901144188915366 0.4865609271721262 
0.20483328636662002 0.5206211954702549 
0.4131768982232995 0.19308269248829876 
0.2200084301383215 0.4038125980701678 
0.002987955358769001 0.9479454532746356 
0.8379237158099497 -0.6883450046652969 
0.22347355339061978 0.3794389977800354 
0.05286604364992556 0.7253981532927307 
0.021689881406274147 0.8406248093414853 
0.6455571108137803 -0.44159779865727306 
0.43462600734601375 -0.038892766338677665 
0.05039543077816028 0.7300746523795184 
0.8307055732437896 -0.5920343621768861 
