7.00998963162069E-7 1.000646137801308 
0.852116397951282 -0.7725400504467952 
7.00998963162069E-7 1.000646137801308 
0.8234136732503163 -0.4586656588712923 
0.6526532765903401 -0.45728770788919615 
0.4534407191018305 -0.12321645301982195 
0.6186163086341252 -0.126953430347539 
0.2575001280201938 0.2429980918014765 
0.40946225946370035 0.24182518455907837 
0.182397925533299 0.6699355665037318 
0.0842835428834934 0.6716281692188073 
0.4289456671766442 0.008734447107021223 
0.4362070290208324 -0.05222864472943297 
0.23650524341580362 0.2995096670032844 
0.8380723700111581 -0.6941460309290303 
0.4158631911827674 0.15784607103077344 
0.4452820264384024 -0.10626556807796476 
0.23061516163954837 0.33251616278345153 
0.21637662618933057 0.42995293498103837 
0.6219189212375756 -0.18252497324052697 
0.8339429779588446 -0.6421656974963189 
0.6212241958175393 -0.1703813496974739 
0.21154332394957817 0.47637430048201995 
0.06400515320110084 0.690933723939842 
0.41822108100069155 0.1284132211724925 
0.19593181943149635 0.584085930915823 
0.05295066961697714 0.7236787157871779 
0.008546945044080156 0.9084870608288954 
0.4197019420606194 0.1101675799503436 
0.2244264521993133 0.37205142812277603 
0.8460649008561987 -0.7581606566538579 
0.42205101370198084 0.08202760996310819 
0.20423954748262924 0.5222645991869732 
0.24127800852588094 0.2775340029609383 
0.22801740872714588 0.34820972421767643 
0.1933491477337449 0.6063537064091037 
0.21967889451412964 0.40518185887128666 
0.842865195387436 -0.7386868163890703 
0.20121803460210178 0.545085026440464 
0.19969809817194434 0.5639302931188516 
0.8254037604684739 -0.4948692652264843 
0.6188536372429954 -0.1309494654019884 
0.25053856501141086 0.25035270438405105 
0.24495102145851894 0.26466463622677133 
0.4406346396536968 -0.08241658076745458 
0.4235615556556652 0.06527651234036347 
0.6451404668174034 -0.4396421139274365 
0.4255554140554363 0.04312050084655325 
0.1865616811167556 0.6459483576493569 
0.005154890242864155 0.9610589302291748 
0.016821794909720578 0.8697905328051732 
0.41350493860463855 0.18822339526460663 
0.624395840706776 -0.22215576330878298 
0.22195443351324395 0.38972257636966773 
0.020950449509076458 0.8549619186603884 
0.03878295831823793 0.7684862929951839 
0.635803911414124 -0.36975111273936 
0.4275939860928747 0.028326724358911946 
0.02893764121819742 0.8092879393187398 
0.8320507883264638 -0.6144644805930526 
0.6429020375531562 -0.4249873816730638 
0.6389479609735373 -0.39916712014046185 
0.035528228323702726 0.7984413425212217 
0.8356398762546042 -0.6651252380221945 
0.0051900623575206195 0.929058795867965 
0.8304797122388332 -0.5895541496205762 
0.022217159754532312 0.8384202786576239 
0.036812899381189895 0.786251113880429 
0.8266910974927602 -0.5229880324614794 
0.8288342439010732 -0.561096797451371 
0.636539917866641 -0.37722680495723276 
0.6275020409935208 -0.26738800195881185 
0.04644506489753378 0.7403045457365489 
0.2073688420531098 0.49830770690119086 
0.012127327407281504 0.8880253515145035 
0.6325362626078832 -0.33369538405373445 
0.8365235741856787 -0.676184308053875 
0.6402495500340857 -0.40948352788001763 
0.6510822005019533 -0.4534216725066588 
0.18467554368866768 0.6581616993646334 
0.624395840706776 -0.22215576330878298 
0.07074608107010234 0.6796765073687071 
0.6262344938436017 -0.24950938740878045 
0.057060064637827465 0.7069129009936576 
0.04378237815749353 0.7585756541107934 
0.21333632263352986 0.4531075015809399 
0.842865195387436 -0.7386868163890703 
0.6332375116327114 -0.34197640720406197 
0.6283758543500689 -0.2803418763554444 
0.19009442380285888 0.6242438783298283 
0.827643641043173 -0.5403018253079923 
0.012990559503489096 0.8828648060328047 
0.41078440837635444 0.22914212996766375 
0.21333632263352986 0.4531075015809399 
1.7527521709494176E-4 0.9891508872527385 
0.025193666957411584 0.8258540615277604 
6.959540389987751E-4 0.9753638756448647 
0.20666210198953827 0.50370100151647 
0.19009442380285888 0.6242438783298283 
0.08168324121460716 0.6717304419312448 
