5.535404665312632E-7 1.0007603227410262 
0.8521575448109947 -0.7723366440343721 
0.6527845694354864 -0.4575514827095773 
0.8234113973611931 -0.45894403126717315 
0.45361140618354145 -0.12310634708069874 
0.6185881627260789 -0.12646940663423564 
0.2577322797089952 0.2433068827531481 
0.4093664930098324 0.24251410014068206 
0.18248952393932533 0.6693555130447515 
0.08199100672842059 0.6709528879572164 
0.21861085773700367 0.41325863866389273 
0.228381992516636 0.3456909932446434 
0.8323103472006314 -0.6187160227941662 
0.8301728228526462 -0.5837339426611953 
0.19052028628114787 0.6217988079841634 
0.03144634835939654 0.7983336657337544 
0.41918183197998593 0.11614153772790349 
0.8282616317901141 -0.5517865897084548 
0.8357631538651217 -0.6573665779983379 
0.6328218609776848 -0.33133285727827305 
0.6345618598624029 -0.35731436145809736 
0.25066579264359545 0.2500876658067503 
0.626339018996755 -0.24889892867120691 
0.8267885218897153 -0.5249997433091571 
0.24213471793543745 0.27434024120882544 
0.0071130797693874925 0.9294656120334726 
0.037969702258055016 0.7718542506545786 
0.6229814347105961 -0.19943633631726496 
0.6299359442701525 -0.30164432544982445 
0.011221646445538927 0.9054681984768416 
0.6412349980896177 -0.4168964911858566 
0.02090407130476421 0.8448590460004066 
0.8385021521589526 -0.6994755093157967 
0.41173712445924937 0.21092820822103647 
0.6207645815508168 -0.16331513843738102 
0.20182504372340826 0.540430251643742 
0.20048672252512495 0.5636137710757738 
0.23906311022111776 0.28753230589374185 
0.8366869900912728 -0.6753575431759304 
0.8417321794475431 -0.7302104042193739 
0.8252437831577082 -0.4957435257529577 
0.4166105334978963 0.14806536893955216 
0.44983845950870877 -0.11924300788252797 
0.4435873407855868 -0.09973432771566729 
0.6444017336498312 -0.4351643910969111 
0.19451216623557965 0.5941360775320998 
0.07546825383535156 0.6801842477495156 
0.6374180091875837 -0.38556409467589103 
0.414096353147833 0.18010392628817154 
0.20427226972424947 0.5221029360333309 
0.6276146763194725 -0.2685801058452701 
0.04665174449882131 0.7395646118098672 
0.06324529074994739 0.6928827688773408 
0.8453530318273969 -0.754810843882835 
0.6472333432676947 -0.44775523873435163 
0.05444069064601975 0.7207240064472352 
9.449543402244853E-4 0.9729274278056934 
0.4313553277561231 -0.014534177265672622 
0.4369901163884195 -0.05646007792974274 
0.2158343614635901 0.4426218899667577 
0.0676287419904019 0.6841801473480645 
0.6287158060269282 -0.2847214222398692 
0.6239944601943747 -0.21315463957710482 
0.4354371496199204 -0.049110700230573054 
0.8404306928937637 -0.7186624615291252 
0.23197751175545334 0.3248085383089209 
0.4226954795866813 0.07564807397001562 
0.21131403788048864 0.46924093958891167 
0.41002405428070055 0.23403054288923414 
0.017096020992141317 0.8659806491227124 
0.21299047930674864 0.45566527188114075 
0.19234462331764668 0.6175612724854298 
0.41332269221135187 0.19029321764665436 
0.8246571794031297 -0.48351523517089295 
0.20612128992090573 0.508600695663062 
0.04189496225567335 0.7566139635949095 
0.42434431151862007 0.056227412672805226 
0.20914543623322607 0.48450139260960284 
0.6202369946580177 -0.15465767870587668 
0.6190597285703093 -0.1342635127567482 
0.6385029752652934 -0.39508607932414425 
0.013484455848419077 0.8798505265963442 
0.027265880728036762 0.8161301815582924 
0.4289269573794295 0.007922203327316442 
0.002974998390919834 0.9474030586703787 
0.20782102118055396 0.4950387181504928 
0.012116751194997735 0.8867261956277683 
4.119746182851547E-4 0.981570050354497 
0.4313553277561231 -0.014534177265672622 
0.42655982727590563 0.031860048732710304 
0.01871935846696235 0.8546788312283354 
0.42655982727590563 0.031860048732710304 
0.44197722883285284 -0.09172027380585274 
0.1966713472254626 0.578557242468236 
0.4291219348371098 0.006414651901548812 
0.8464910952981861 -0.7601559007526488 
0.4397799557884414 -0.07910904423540961 
0.823666196591815 -0.4640395103810915 
0.026696914636664543 0.8192349078891483 
0.23496676115078455 0.3079500724056859 
