0.8517194116808062 -0.7719246665702397 
5.009477680831979E-9 1.0017668731819798 
0.8234260645862241 -0.4585770765401524 
0.6532239685942616 -0.45707789357039935 
0.6185629996522083 -0.1254291856814648 
0.4541319788937242 -0.12276712075760964 
0.40940732821719494 0.24223162034204399 
0.25853390130683945 0.24360987869089715 
0.18328813562384355 0.6653833656685215 
0.08345872446980895 0.6716772480089963 
0.6340602720952625 -0.3493612485119545 
0.03567512396198913 0.7817078453354538 
0.0276979628022421 0.8155140443963445 
0.19095742177311473 0.6185353118293703 
0.631959831874422 -0.2929958673446162 
0.1999607998819487 0.5552413139539855 
0.625444830125049 -0.2368230272448724 
0.6278859580748672 -0.2732851900972395 
0.18802492228759188 0.6376984766188363 
0.6214126162727294 -0.17377601593931272 
0.003632498735348549 0.944117423992982 
0.8332010642277976 -0.6305869110799927 
0.006552595167094916 0.9250175944833138 
0.42292741075368023 0.09183732499002277 
0.4284602999512815 0.01465599191399539 
0.20592789330575084 0.510341682293391 
0.4157874724426632 0.1640095092739936 
0.08010459945838415 0.6724502612853049 
0.22410320807266254 0.3838537384768142 
0.04350576330803185 0.7509869686441324 
0.21948967419722407 0.420826087215509 
0.4138467354431514 0.18778827022436703 
0.23208214213500306 0.324195568269183 
0.4193111344188215 0.11485816168535451 
0.22800402016121873 0.3498389685805428 
0.8270520067254944 -0.528993833451211 
0.01851358983557697 0.855867079422362 
0.039305081055950666 0.768063599608338 
0.22308118124438525 0.3914159051406332 
0.19579719652840694 0.5868613723968082 
0.8390215597213436 -0.7034227299162944 
0.43065203264893415 -0.007926085540439916 
0.6195550672902341 -0.1421999574264563 
0.43828567902992177 -0.06860562296050818 
0.8357285595338225 -0.6632437207468412 
0.6410563312409295 -0.4154995226160146 
0.23496044049187892 0.3089249601353058 
0.24799104502786123 0.25848155576633336 
0.826214256478778 -0.5070017739240763 
0.06400251886777364 0.6964495594261547 
0.4361917331160953 -0.0540237791757578 
0.024368269125272485 0.8462846366371536 
0.4110465162272294 0.2203494302964424 
0.42325007253775176 0.0694559910606655 
0.6380654248632173 -0.39103186057287825 
0.43411010152503193 -0.03596420367503892 
0.01441934890166674 0.8767753311469317 
0.2377681682510246 0.29415236919562515 
0.2470905203702821 0.27664439651187306 
0.06598641222576603 0.6873316238835913 
0.4121839347906755 0.20692023950099384 
0.8349642562698736 -0.6540504376847613 
0.024836049966729 0.8279040809156605 
0.051170232863481574 0.7273859174080805 
0.8301907977829328 -0.5826442042842254 
8.800586696479096E-4 0.9728543345923307 
0.2405985891222963 0.281755077504563 
0.19718114343959098 0.5752369426156595 
0.009784915444176923 0.9026525312221715 
0.2145003406124882 0.44487143735611556 
0.44527341736818293 -0.10491528224473716 
0.20945325560091152 0.4830664118210275 
0.4323468900858451 -0.022517615480882082 
0.824513175221092 -0.4798564066676996 
0.20401130430853523 0.5245707836467797 
0.2529703725567377 0.24706101094217622 
0.21658662504360607 0.42926952896945814 
0.42554639373926373 0.056486424776835846 
0.22900982272156284 0.3454812995007601 
0.6440585645638951 -0.43176331454510375 
0.8295782239183047 -0.5697196234101412 
0.05669061481399981 0.7096514617543037 
0.6486731912964565 -0.4443967719206463 
0.635693947938606 -0.3666581289530957 
0.4181509212741977 0.13053344245213694 
0.42619344064746245 0.036328807409139866 
0.8442592353523483 -0.7479557363912764 
0.0482175537483745 0.7350556557534506 
0.639037494241236 -0.3996703690338479 
0.825243774582288 -0.4909381644808265 
0.8415997243085782 -0.7285301346964688 
0.8379165469074679 -0.6909181315930861 
0.6228233405092092 -0.19586226446766375 
0.8314037777918176 -0.6035551427488104 
0.009698218776024461 0.9030302332545537 
0.6240958888498096 -0.21710806624504542 
0.21258744836827542 0.4639788235841733 
0.6307163792902543 -0.2897869862315502 
4.514445785239532E-4 0.9804951323342794 
0.44159264193764564 -0.08678035031230537 
