8.848673060937381E-7 1.000246346079567 
0.851889185379028 -0.7726782543816083 
0.8235004957309128 -0.46092041932131367 
0.6521764880451587 -0.4573553452436716 
0.6184856896320178 -0.1247219601235544 
0.4537151317046061 -0.12376091882857915 
0.4098206384694441 0.23616722048055097 
0.257158070864428 0.2430085514933888 
0.18245487109419353 0.6694856293616537 
0.08377078939431021 0.6707658812160657 
0.4137574007681666 0.1843091348536502 
0.41755558583465063 0.1371180892774118 
0.6199117853903742 -0.14619843914353273 
0.21955548934686914 0.40600446696437476 
0.22642425135911168 0.3581209384349585 
0.4239112358108245 0.06107813924351378 
0.42733297423998023 0.024251151248058177 
0.008247677865244496 0.9132743138170035 
0.6227846442417962 -0.1972631264308428 
0.024037329959561593 0.8299452398424011 
0.8316040633809918 -0.5989192609244585 
0.013107619961434891 0.8825873334792502 
0.4214174544210718 0.089415847676021 
0.0010962414708675372 0.9689471510558075 
0.23335193989398378 0.31607756198665504 
0.4307092483267655 -0.0013248223736895435 
0.19280328044322445 0.605653494451534 
0.837039957133636 -0.6824369629614302 
0.41937922126763844 0.11428694324190257 
0.24049725447129183 0.280806186478254 
0.24556610814254698 0.26288510027520107 
0.019808928190711388 0.8628805639168355 
0.21443360738863768 0.444442391654869 
0.2340151995481637 0.31276493049318266 
0.6310787850617716 -0.31606687788338744 
0.06717339987141319 0.6889453240161627 
0.8460537438492591 -0.7582774847769936 
0.43826483189974286 -0.06963326988697667 
0.4358950540284242 -0.052357714996200115 
0.6476348481722473 -0.449888958698385 
0.20909538789646048 0.485186943453796 
0.8285812291850255 -0.5450937478128913 
0.04681740681635535 0.7387328194841626 
0.6268719455759929 -0.25951262469296377 
0.44353347585553515 -0.09897636873996471 
0.1901318873311128 0.6230392409232085 
0.6390139222255697 -0.39596484875707844 
0.005552396315274988 0.9408791045831243 
0.834954814093398 -0.6529522180414428 
0.6443933694152797 -0.4283804983985884 
0.20682533306799394 0.5026518178413016 
0.22263688302107323 0.3837351424760556 
0.04036927210146915 0.7643331733584264 
0.8266168398611329 -0.5198939445148475 
0.8416791106574082 -0.7296403813576081 
0.633444538767737 -0.34416282202768705 
0.8287305992437829 -0.559868216961484 
0.4119919658652313 0.20802673000188954 
0.6287104239468387 -0.2847286199393527 
0.8435334943285658 -0.7438942366534831 
0.8259998602855199 -0.5101214542836795 
0.18699828991061035 0.6512457435712589 
0.19663199516303065 0.5788764995975665 
0.6292417234473114 -0.2924671171761249 
0.6236820156564887 -0.21141849744658175 
0.8342431507149111 -0.6465286577123086 
0.2114526652560702 0.46711466041693916 
0.8386624529108724 -0.7011371969623971 
0.2533856987339856 0.2457799048841105 
0.43296662024155164 -0.029423996164656234 
0.2015917330567618 0.5422460477073476 
0.8397601192224307 -0.7120214223881333 
0.06042607797259125 0.6981077728899769 
0.04756774599504493 0.7355132004227463 
0.6355502426161784 -0.3675185411892538 
0.05333434490765525 0.7179011551364908 
0.016444956576519315 0.8660830446073502 
0.2239943812676327 0.3743182405855085 
0.03656654737274237 0.784897979232622 
0.632568335090479 -0.33428643919702006 
0.43252244981183013 -0.024287741678253108 
0.41141296549612394 0.21875258599405756 
0.02874379990107684 0.8092514949844447 
0.02874379990107684 0.8092514949844447 
0.2039060535914686 0.5276714682425483 
0.20482738639632547 0.5175821858570776 
0.4495258967142179 -0.1096885434246942 
0.6408325378813026 -0.4142897749482638 
0.0729515085844109 0.6767264115923912 
0.19978578516355458 0.5638588396313402 
0.62677318384632 -0.24523049360974636 
0.0032491461901365815 0.9446036796042289 
0.63706611494869 -0.3799678939142406 
0.03965942215115498 0.7645535791483486 
0.07481909455123509 0.6749978643972271 
0.24466674351057494 0.28065296893231656 
0.05789343219036219 0.7044123614116293 
0.8246590443172209 -0.4774249789011761 
0.8325790459099061 -0.6223772633377653 
0.03419916567858569 0.7863966447934477 
