0.8521508430711083 -0.7719421479804102 
1.1118514772062715E-9 1.0023809241156163 
0.6521528688945699 -0.4565186552029119 
0.8233854354025746 -0.4578633433357346 
0.6185820869132108 -0.12565615077252976 
0.25880871355981383 0.24402280727425157 
0.4542972698798268 -0.12253084735548025 
0.40935968271242945 0.24300394692305272 
0.08671634928946292 0.6721469659544879 
0.18308429747955124 0.6678579709194762 
0.21068285252790403 0.4730295316738806 
0.4154298507982611 0.16604963211434748 
0.42464525364296074 0.053251470910442654 
0.43145174886310866 -0.01536760449231223 
0.635359441243904 -0.35885682981937767 
0.21482998165675743 0.4429466056825765 
0.037537274199399596 0.7828120630650439 
0.2059325404462265 0.5105478544918101 
0.45141955075627105 -0.12120563493143155 
0.013924712298153383 0.8790466794768881 
0.0014220549203225463 0.9659438485654536 
0.8264238031115752 -0.5170348531494792 
0.8360265271768165 -0.664104381891714 
0.8410996109230368 -0.7233924636849889 
0.05277780526762299 0.7216046423553844 
0.004428290635103152 0.9353599581437997 
0.418114391380896 0.1317231041787605 
0.020821441522908046 0.8461668415339316 
0.008757448111273547 0.9065066119145988 
0.628059671550371 -0.27553512902802635 
0.4217886533073345 0.08578613322360584 
0.4277082891781952 0.02090580863401025 
0.025908921774764587 0.823160733916329 
0.6318259346577138 -0.3247599822532765 
0.43639298169463103 -0.05042785064506591 
0.2396517155477102 0.28632493185044083 
0.6200026158766867 -0.1500747996667787 
0.22016874807442324 0.42142162833954094 
0.6466579048102149 -0.4451839359614243 
0.04768691851183625 0.7373563152542341 
0.06120316082088889 0.7068110347919284 
0.8244917547082105 -0.4801166567850195 
0.22475684551358815 0.3708173537288643 
0.410709628212163 0.2268397983234362 
0.017375739810044477 0.8619475499507506 
0.8463373561387659 -0.7591570455566335 
0.8287049766316683 -0.5568161719017097 
0.19943068180181114 0.5605998890775677 
0.6418977771296179 -0.4205820436743102 
0.6296096123257788 -0.2963972057491867 
0.6261737304857427 -0.24798175716444287 
0.8384772592866976 -0.6982315203330631 
0.8302588581562041 -0.5852991753803336 
0.031306698030629965 0.8040447648784939 
0.042230333653096086 0.7566401901716163 
0.4289565249204853 0.008198648495397873 
0.6380213918024114 -0.3904383855974506 
0.24267038314035344 0.2737353089022749 
0.8326472816080747 -0.6221832012410262 
0.22150991885402127 0.39686096264822923 
0.41267810105553626 0.19888389320026542 
0.8320261309019764 -0.6137441949076651 
0.06259968510101374 0.6942491628096391 
0.18940494519494627 0.6282577431294571 
0.44054574587929773 -0.08341849927950587 
0.07939439983114954 0.6726093267695389 
2.4006287663230763E-4 0.9878393659819517 
0.8364823473953213 -0.6750776109052519 
0.24744611304782604 0.25856372396950683 
0.6241466878971571 -0.2171807213161932 
0.007770812058949396 0.9222016591311804 
0.6375592477864538 -0.3860253617843365 
0.42083010937607346 0.10078474599384613 
0.41915025243281334 0.11715637578198787 
0.20358395597168008 0.5279753478235073 
0.43962537620846964 -0.0779889623535847 
0.6260992471621181 -0.23405484587569822 
0.642751674362157 -0.4263597701883815 
0.43768265371133813 -0.054269540502498 
0.18699317367455257 0.6442778543514407 
0.19208360277733438 0.6150843871483435 
0.631040577525875 -0.3150418033610428 
0.0689383151035608 0.6828068744544766 
0.19738804387185355 0.5748112193821258 
0.6214443399582348 -0.17409807732756633 
0.4126338694903845 0.20216396228307576 
0.07135302729760584 0.679730208628295 
0.19513771205093092 0.606531783369779 
0.6231074990472227 -0.1985451157508941 
0.04372772546892584 0.7513378612775136 
0.8398717004251883 -0.712802541644291 
0.02945688950141777 0.8104399700748801 
0.23143801543374912 0.3285904911616773 
0.23503778257826885 0.3089668594742823 
0.8295825841900838 -0.574124308090008 
0.23503778257826885 0.3089668594742823 
0.20218558209986473 0.5389759799658125 
0.44054574587929773 -0.08341849927950587 
0.22033799848981284 0.40431071682136155 
0.6211974076318729 -0.17039714073539167 
