0.8518212909739996 -0.7719853223827724 
1.9145853598143063E-10 1.0020321442354494 
0.8234719408422644 -0.4598281716608843 
0.6527654115888806 -0.4569935049905282 
0.6186463688824586 -0.12716761083341369 
0.45432311598713515 -0.12250428404280837 
0.40952779167166636 0.2412866807496706 
0.25921310760899785 0.2443425260334634 
0.18220564495491667 0.6716095271434152 
0.08146378460264145 0.6717141588522512 
0.8290908346590045 -0.5496174349448885 
0.8255390161365626 -0.49962396584557456 
0.1957317323868455 0.5975610144794001 
0.8307150597795518 -0.5923032107903428 
0.20074370286001536 0.5535365484482869 
0.4212346249525263 0.09186503555918263 
0.8416861653754097 -0.7241064829178894 
0.4183574082583049 0.13350501440303586 
0.22112163443009947 0.395985050040699 
0.05688851135294393 0.7179974506403639 
0.18873360290640406 0.6341146095936525 
0.6254004249399824 -0.23621691522538774 
0.21345736198787751 0.4527530574447804 
0.41025392254107074 0.23135117453157922 
0.20316294412673452 0.5318139566270962 
0.8352735820290442 -0.6591542572741134 
0.6339783182372205 -0.34533621850567736 
0.6361230614098841 -0.3730652462802467 
0.238058678147507 0.29326121496380275 
0.03528427864683273 0.783738449151448 
0.6224885328622213 -0.19122973939578974 
0.014605832566030763 0.8754625272853651 
0.19135515774629686 0.6168062726204792 
0.1832270197687832 0.6659993352999198 
0.6233072551517289 -0.2046820376389196 
0.6282654278518075 -0.278150905212166 
0.4132512878986194 0.19208352100480117 
0.20610390133255152 0.5091712723999524 
0.6394942751419208 -0.3960623064440433 
0.43532954794837747 -0.0463432079548878 
0.6269249172248499 -0.25935171313714084 
0.6304102514652656 -0.3069721339459801 
0.42349925152180834 0.06662038729014329 
0.24267920787508673 0.2732539553218062 
0.06857778209992228 0.6853093394667119 
0.845624141404029 -0.7509900401468332 
0.4262358040339263 0.03606778128763269 
0.0413091524491373 0.762834724857971 
0.010488478754897841 0.8963419681516419 
0.643385850891247 -0.43017017536219887 
0.6204812958801613 -0.15862147401217577 
0.6407265712618615 -0.41257137247035547 
0.41579789685717694 0.15914082075226363 
0.20956096385535788 0.48205166913648806 
0.4423130160582956 -0.09305656384232776 
0.004176936281596322 0.9368799210945916 
0.8379572611707813 -0.6922930048246444 
0.24571793894109556 0.2627401294623941 
0.4283442091215003 0.014562188117445432 
0.04655351837733139 0.7409718929462186 
0.8327522429055934 -0.6243243530935334 
0.07780172121249843 0.6736094039567122 
0.030223330209505295 0.8036770089712214 
0.01772787208116061 0.8597710522024158 
0.41354482840320206 0.18857914332351844 
0.836670212220233 -0.671085036578979 
0.024958604872830997 0.8279305718515476 
9.997428423323233E-4 0.9756222180087037 
0.04985335573288677 0.7290357934997483 
0.8327522429055934 -0.6243243530935334 
0.06400967553307249 0.6910747847697926 
0.22766293425629083 0.35086152137898385 
0.4248893031675108 0.05220332036657639 
0.21654952331341334 0.4296942314460863 
0.002790202125334429 0.9492168691271707 
0.43824986440294517 -0.06830154700754655 
0.2244219462025623 0.37240603456916266 
0.03932961344330593 0.7705962680637441 
0.43891347322861946 -0.07314365274195687 
0.42949678940331365 0.0032302745707418613 
0.6342821757112007 -0.3534344520798058 
0.23473778211951996 0.3088268236484805 
0.6301032624813476 -0.30292775585726234 
0.6464419693220751 -0.4441807798215157 
0.4168251394408293 0.1535842731973205 
0.4463084550275373 -0.10997736315373415 
0.01772787208116061 0.8597710522024158 
0.22392836142726377 0.376575791489318 
0.209002096573876 0.4945256835741678 
0.21576773803483856 0.4375573264960556 
0.45086605346774467 -0.12024038038422336 
0.6192236625475165 -0.13702418757444626 
0.4311996163225428 -0.012649601999501985 
4.194695341284693E-4 0.9821131601814439 
0.024958604872830997 0.8279305718515476 
0.23089430417505746 0.33059750858521764 
0.027881291459201707 0.8149914143490309 
0.22864123572107112 0.34485391322721054 
0.2515787328316127 0.25215884551046924 
0.6495321672746922 -0.44837087327474995 
