1.1245336346138446E-10 1.0011490483201577 
0.8515474339627319 -0.7725948653248422 
0.6185100043397801 -0.12500062894101105 
0.651943600831779 -0.4574243139874183 
0.8234044608778506 -0.4588477721769731 
0.4534103270943416 -0.12302892393079735 
0.25926061424474517 0.2435340765328617 
0.4093225816435857 0.2431295140056393 
0.1826812015362231 0.6683478886229337 
0.08061461509762896 0.6711169930575237 
0.829768941435984 -0.5776306029207776 
0.8269925402277563 -0.5288679887890435 
0.228229940010785 0.3466961455248331 
0.22340420812347644 0.37890358189540924 
0.24746025273090483 0.2575763822133284 
0.8475911266600056 -0.7550818199644531 
0.41888582054806206 0.12000095983122222 
0.6262508979258518 -0.24961485709649994 
0.43284138396705485 -0.02639873214271942 
0.04534954376194228 0.744188253990141 
0.21069781195809137 0.4728268167712298 
0.19169698990027725 0.6125007306987953 
0.24297580556881193 0.27500614681150326 
0.6403353520032975 -0.4103712656635542 
0.4298305718778668 0.005170382601365101 
0.07374775935568384 0.675686609818769 
0.6287039821335985 -0.28495707261952996 
0.056965065468399634 0.7081496756960743 
0.6328350783616843 -0.3370463115553533 
0.22128126520138386 0.39983390304983124 
0.022335493038897494 0.8377992082995338 
0.8388349654828139 -0.7025340285877572 
0.8244786757559556 -0.48062289125098234 
0.23748292616237543 0.2941876599893255 
0.2176015174383599 0.4205134171159775 
0.01803611918823428 0.8676062824609366 
0.21369352836893873 0.4501502759708115 
0.832603373529099 -0.6225453722623566 
0.23150790505023883 0.32676267135629344 
0.8365675242270334 -0.6765668331573114 
0.6307639232504497 -0.31228405458882885 
0.41416966175197856 0.17956121875960043 
0.18713145563903735 0.6429859848380722 
0.42613097518313425 0.036873521920499655 
0.003328773511684757 0.957268504417383 
0.620304183268919 -0.15602177054393276 
0.4379109434463013 -0.06671432579132706 
0.41516338111592366 0.16676168297731858 
0.6443602071122795 -0.43585570200739104 
0.1979824130835875 0.5696553322575871 
0.6372133461617726 -0.3837903631663489 
0.0010558904121536622 0.9696855619383317 
0.015287130815095251 0.8708636805427703 
0.4219171395213832 0.09004779777437219 
0.06344658479979953 0.6912454722111289 
0.21552957945341678 0.43619354017187234 
0.8429078224348803 -0.7259401488711326 
0.6226612552762315 -0.1791739703257451 
0.03574353501385621 0.7805982206978144 
0.030095376880029 0.8031043775263259 
0.0055218321642622765 0.9357823498244556 
0.4110640467750476 0.2202346937037574 
0.025704329735558917 0.8230623865138016 
0.05049992911521217 0.7263665579278771 
0.8285677172039682 -0.5563316353161092 
0.19535957378087024 0.599940511432225 
0.42198252412326365 0.08694468987984807 
0.031562579794510576 0.7981601516665824 
1.492561725120736E-4 0.990512948984359 
0.6235939217726068 -0.20932862286210985 
0.8429078224348803 -0.7259401488711326 
0.6380560585077569 -0.39170812887977574 
0.6454950208413627 -0.44085734948744626 
0.4351087424200982 -0.04577829081617316 
0.20572550178447585 0.5106416223002007 
0.200428605866251 0.5508541654511802 
0.6227060707010557 -0.19581052549314087 
0.005801024836375415 0.9254319547644858 
0.05200735185565897 0.7217818905946132 
0.6303511813455666 -0.2963382476864692 
0.42400803226093586 0.06003505680076141 
0.8343120062864127 -0.647298428187529 
0.8279191090562104 -0.5453465649446938 
0.8374740853459354 -0.6866787735998405 
0.6348469871119551 -0.35752852750296454 
0.20414246219130472 0.5238436221518292 
0.650443279415248 -0.4560404141470422 
0.45267630717262786 -0.11132892455231211 
0.20742019080598534 0.49851378111815414 
0.06344658479979953 0.6912454722111289 
0.44412545212030885 -0.1022300932590347 
0.41236634772336483 0.20547401530189044 
0.8334567652519391 -0.6353436227978474 
0.6207451942941796 -0.1627643275846313 
0.4174401371271294 0.14397796396926446 
0.6249293920259377 -0.22975671103433984 
0.4174133957019892 0.14469128755876737 
0.42400803226093586 0.06003505680076141 
0.8244786757559556 -0.48062289125098234 
0.4359022699247769 -0.05244254669128061 
