2.4276999664442312E-12 1.002494757965061 
2.4276999664442312E-12 1.002494757965061 
0.8520668332730347 -0.7718886868258308 
0.8234892772534863 -0.4601715245504285 
0.4539663607663572 -0.12238675377548641 
0.6526939939151126 -0.45679898887195886 
0.2569705665976232 0.2443421426582011 
0.6184914704643842 -0.1248629057161768 
0.40945370202756215 0.24282014901691604 
0.18237150080315906 0.6712580483117685 
0.08334099225845404 0.6718633009809345 
0.19005264732867294 0.6428675451108073 
0.8255574399434666 -0.5001208533673476 
0.44410469070649483 -0.10091775150182314 
0.422093824880845 0.08219963549213352 
0.04988305579200769 0.7300912087422121 
0.2076049574826955 0.4996797003967333 
0.4300634347860124 -9.636534910184844E-4 
0.4245185054023704 0.05498552642587927 
0.019145361280514667 0.8537410301950621 
0.8271804835350998 -0.5310164905049436 
0.24603459620623713 0.26197744376810445 
0.0539619188062911 0.7163492007670135 
0.8464692858749692 -0.7592686158057307 
0.6277085039929808 -0.2708923641506112 
0.21335253972409934 0.45440472443643076 
0.8388801719258908 -0.7015132368648828 
0.643513893767756 -0.4171907300227108 
0.6349696917832288 -0.35998773743791973 
0.632325338296094 -0.32243736855988375 
0.035939547786311504 0.7800880009959088 
0.4358995653932305 -0.05097671736922835 
0.4270634386162551 0.037260421304207945 
0.005333757895868117 0.9318763502704305 
0.8293625144329807 -0.5464207673654893 
0.8368860568039136 -0.6797927476314316 
0.6374969380026538 -0.385205099919686 
0.20324390231359366 0.533004957627902 
0.8318184583980188 -0.6097972052761531 
0.6257553154238041 -0.24197994989779875 
0.4180132220512349 0.13120809808641917 
0.840933086096773 -0.7225677916204775 
0.229652018114539 0.3386596227855806 
0.8330060792481508 -0.6279770040841022 
0.23454462730897258 0.31004557757806434 
0.6191203806807798 -0.13545597739974316 
0.2199107844884713 0.40492994005348143 
0.6249518562526909 -0.23026945250956546 
0.6390464607516271 -0.3987987077802444 
0.4286243766695785 0.014446558477323635 
0.8244048230007404 -0.4742395797737944 
0.0015389448342847944 0.9633821276302309 
0.008953516737838063 0.9058189102142241 
0.2223385838563039 0.38751084107625616 
0.21092785920297447 0.4732468571016378 
0.8296202618101577 -0.5748058101626538 
0.6298033741883461 -0.2989866996523705 
0.4474509109385246 -0.11336372149945298 
0.41126420625251087 0.21831296542083514 
0.6221293069334644 -0.1685627523903582 
0.04279160353337852 0.7530847527012487 
0.8303991256583992 -0.5870336489353555 
0.19103527610909726 0.618356651082859 
0.003446847029825534 0.9433640271289369 
0.4167108628363986 0.14780210414375208 
0.6208585012197269 -0.16483845493376115 
0.03659593244658822 0.77772336572444 
0.8350370331874547 -0.6485473909321254 
0.04246613492578166 0.7549645984216287 
0.01325548215967097 0.8823013161697518 
0.24361545432038625 0.27053447135859215 
0.4153100310335698 0.16498695745247619 
0.6230854417833631 -0.2014383100284795 
0.4384367553976012 -0.0701725327362579 
0.4333250861065055 -0.031447568206832616 
0.1948592681690091 0.5925934174319879 
0.2025703752787384 0.5359881486063315 
0.65179527050574 -0.45455563493232554 
0.07262375227455474 0.6830935252274174 
0.23541026717727803 0.30557225232793583 
0.8353742031527522 -0.6612443317935909 
0.023540052571291645 0.8335360218423573 
0.6449733310669334 -0.43743216381620853 
0.22670195502061125 0.35755024575669725 
0.20882383033658414 0.487844103613629 
0.1993549438422284 0.5604238850365308 
0.6232706337373658 -0.20249067710427102 
0.010946351787683328 0.9001827492420106 
0.629322746944992 -0.28641235033186546 
0.2175003927192684 0.42218888096347645 
0.02871300791403912 0.8107814503855484 
0.21629589990571918 0.4329033588894238 
0.4384367553976012 -0.0701725327362579 
0.06046267276101877 0.7000203955103395 
0.4203426320625122 0.10668233827807318 
0.024388463150070594 0.8296778454660626 
0.4127904185527263 0.19966923703462292 
4.7431714539544756E-4 0.9811067506385879 
0.4198886258990096 0.10851763556294208 
0.2396401037155395 0.2855243026409088 
