0.9999734774207909 0.001234319249356499 
3.7482093592048936E-12 1.000502255527737 
0.6260383509580285 0.6087985363523809 
0.6563866237105551 0.5704182777107265 
0.06491000190235424 0.9966578941590937 
0.9555944544563407 0.0879909650215849 
0.20756129664216305 0.9576002040903808 
0.5513136139425887 0.6972104187068883 
0.9732864021486926 0.05459164252276403 
0.8078889956640016 0.34874490406743314 
0.46602345356269304 0.7883684032654825 
0.37568583147290074 0.859840311564504 
0.6675493794000082 0.5560823335263093 
0.8198779737652054 0.3297453846816722 
0.7991042211502122 0.36509080613981915 
0.7891746055569461 0.37891947251868935 
0.2296873194422513 0.9483442159631696 
0.6778444369533917 0.5415373830777869 
0.985275861270767 0.030387657221498766 
0.43335579318650735 0.8198691599991796 
0.18915326311816727 0.9652250983015846 
0.40001773773421756 0.8542877673585253 
0.2784001880039128 0.9231840841380909 
0.35588051171722895 0.8742120255140706 
0.6035680000721886 0.6373519078261378 
0.508286725716969 0.7430401449106856 
0.5775705072033206 0.6822387753165137 
0.6107962284051678 0.627982552449801 
0.14430552927820184 0.9808341532313681 
0.5879775378938517 0.6555418612521692 
0.16696318628756232 0.9731228352577943 
0.7423888789172053 0.4503454980502387 
0.8996533567746358 0.1925342446733697 
0.9248568391021029 0.14672143814896352 
0.03011667608328139 0.9998258717361319 
0.7506685668266482 0.4379344587630809 
0.8933291038072833 0.20404747113677413 
0.48115223513796734 0.7699166721343506 
0.7792989141637899 0.39413144745167483 
0.9752533342217138 0.050913509159533334 
0.41236292373435396 0.8314655030850016 
0.40153718430343943 0.840093656521704 
0.8575724941142271 0.2653575764749445 
0.3638138702821598 0.8686816631423104 
0.5226594685298425 0.7345362968153217 
0.9914712790755799 0.01993354985912142 
0.8694526255910158 0.2458155731491862 
0.3376020883931634 0.8868763480915933 
0.4520921908093406 0.7964701802547163 
0.08600956731805309 0.9937996223739208 
0.6878373589939197 0.5286939733602044 
0.4211192355659421 0.8239417119114187 
0.8627817553482503 0.25709325695483104 
0.8846492542896055 0.21914497347909445 
0.44624701133109856 0.8025236493111998 
0.24467307557353368 0.9410149769589699 
0.9488965420686726 0.10129233160931533 
0.17526779047930524 0.9710274585620982 
0.9453351191270982 0.11563542861017181 
0.7751962717647946 0.40157205053964795 
0.8499929932594249 0.2786734335336127 
0.7616676155602036 0.43217798454228584 
0.011943233393910735 1.0004451366675167 
0.9157383295616435 0.163262411404159 
0.8468185271077909 0.2844406947967873 
0.5437279135543872 0.7054686847813068 
0.48731659778763864 0.7638372113137119 
0.578694936121894 0.6663112897327086 
0.7676377529798705 0.412414239831541 
0.8366383826409114 0.30173499838565865 
0.8390602917992158 0.2972469833006316 
0.30547864017528653 0.9075275351128596 
0.26153414331060565 0.932814133312474 
0.11495265326996107 0.9879779506478693 
0.7082170057046061 0.49968781644311855 
0.8292084854506961 0.3151686644011686 
0.9185347533146719 0.1579895018289206 
0.10356146074425773 0.991587768484452 
0.703402897024375 0.5089709381340268 
0.12427514482348156 0.9859277718820633 
0.6938558424510453 0.5205012717381192 
0.9325403723816256 0.1323432495120408 
0.3211452129497953 0.8980290916118299 
0.3084639133816721 0.9055772398348366 
0.13548230805884498 0.983085754296412 
0.26153414331060565 0.932814133312474 
0.5302125652149812 0.7205764290982507 
0.9073943795234848 0.17791341299226598 
0.826914295545552 0.3181470809665717 
0.7275484066394142 0.4720601095229672 
0.8862803626439296 0.216165606976658 
0.32404520788406177 0.8959807543868895 
0.7151261999825553 0.4899863369512132 
0.29189444328182856 0.9155011021780489 
0.7247260827779548 0.47629444157701695 
0.7179115654818677 0.4857452505229464 
0.9080360561683869 0.176997203267785 
0.24154847950104977 0.9436167649093655 
0.8749484106102858 0.23578963936498942 
0.52808341293716 0.7291353164216865 
