0.9998204359573335 0.0011450072401263409 
7.812653407416117E-8 1.0005504307471127 
0.4757303344204755 0.7744538584849825 
0.4418909596478741 0.8054002484300846 
0.5010481861580173 0.749817193101473 
0.4659443164131151 0.78344119822435 
0.584204524843183 0.6595493707993384 
0.6011479777300354 0.6394940864299905 
0.3689277036802401 0.8644464428567538 
0.6947965169885447 0.5180494471991882 
0.9380577887323202 0.12205539069168106 
0.7421821112060881 0.45188293162382576 
0.18515232733945577 0.966453417268815 
0.9548514661791725 0.08939674711655181 
0.7586959429703957 0.42509691402346916 
0.9459052182877363 0.10725710248608773 
0.345365695373823 0.8817661813207156 
0.6817439670205299 0.5366268763252641 
0.8961009941199952 0.19813155594083376 
0.2726639359384261 0.9262177748730434 
0.7706926314819039 0.40700610004967425 
0.4160685468788096 0.8278118578472656 
0.9759637118951752 0.04832160757089261 
0.3306292161366334 0.8913944598553545 
0.07561105029670334 0.994948359942242 
0.5112584684447642 0.7392514006587516 
0.9636320622354965 0.07276413365943184 
0.8317095995939326 0.30926550669871455 
0.25960137029399966 0.9334668586060502 
0.8444736523000052 0.2881031369173731 
0.6545003007726589 0.5725436101525901 
0.38897506304817575 0.8494372859196367 
0.8849660875832899 0.217841532353619 
0.5469039654725326 0.7017689721109832 
0.9681869670053859 0.06395969489894238 
0.9294149837026164 0.14482249480688184 
0.8307909546149626 0.31304132149885194 
0.38471255347677036 0.8643590967850896 
0.675388103920074 0.5446699407137765 
0.8181603170691052 0.33128641432187755 
0.14649679632601637 0.9791217623210802 
0.6276546762424371 0.6129160214152972 
0.16297670148366666 0.9749358351257296 
0.5275045461071106 0.7226368049495492 
0.9050580793736576 0.1826443467010409 
0.6139228442847253 0.624504146340954 
0.981720824149173 0.03820064688425562 
0.9869504511581654 0.02753153198195726 
0.8887483734638945 0.21141968346291382 
0.7280809133036019 0.47099826174317566 
0.059376250363895655 0.9971436828140214 
0.8667017055309074 0.2499075147336957 
0.5720415422890341 0.6735146554721966 
0.12083656418497458 0.9860456224495078 
0.8751544508801985 0.23539720906638412 
0.5576224843908156 0.6899447670496447 
0.23331761653372388 0.9463602343161687 
0.2872217491568513 0.9181927757455564 
0.8106515285853229 0.34366311813237127 
0.09300047966142783 0.9919658427024777 
0.43044121088993365 0.8225054386048043 
0.431764562592111 0.8145699494068251 
0.6104815347803592 0.6285633084020077 
0.7780567396706736 0.3957004371144991 
0.2007699359718007 0.9603082528790683 
0.4052322215502318 0.8368173362191289 
0.5609565809131064 0.6859847399170802 
0.644761605700432 0.5861712674515074 
0.7889964722366294 0.37815327937642096 
0.9148746975982539 0.16424049214271036 
0.7054393605767002 0.503606656849879 
0.21576951494850644 0.9541802023254514 
0.3180654501466146 0.899492428177386 
0.6608426230046769 0.5641660326140471 
0.037719849650760584 0.9991698703440112 
0.34180353241764033 0.8842337982609061 
0.6703355324865093 0.5600207928659394 
0.9182465819487777 0.15807782915448854 
0.023089828281775304 1.0002484979754263 
0.7341276549513732 0.4618112157712184 
0.9924799063922393 0.016054232430432393 
0.5703303538541062 0.6757406734721468 
0.0014014043726689462 1.000550364062749 
0.7214031293532475 0.4832892459726986 
0.2913586084140189 0.9155906632759764 
0.8741670668055985 0.2369810580254195 
0.3056373783846682 0.9078332832455387 
0.7620294084317725 0.420111324218398 
0.7814286238796725 0.39045939422737247 
0.24830782089973025 0.9402631387244463 
0.8058559438499205 0.3514699369585651 
0.8575367164430324 0.2653091592551732 
0.3017195548498204 0.9095367377607443 
0.6347279585641303 0.5986433880653886 
0.8523014048403481 0.2748145709485316 
0.6288971411524678 0.6058660317934453 
0.1076670124794945 0.9893550108431665 
0.20449926666027968 0.958673615583902 
0.39981971239163283 0.8415146217400138 
0.244911751228228 0.9408788151470456 
