0.999923537442451 8.94729059424625E-4 
1.0151950798563923E-9 1.0004598208348416 
0.8702081058883334 0.24385376044967721 
0.3434647281751305 0.8825832438843962 
0.1355102435056509 0.9826495076487443 
0.21134524641416996 0.9562401763780585 
0.9803019186327318 0.040108519969236874 
0.6429704001678719 0.5874114381332783 
0.8890047082898623 0.21194773570830977 
0.7074055182213342 0.5003374998608813 
0.6308698459250539 0.6036352683357439 
0.029606780083624246 0.9997990501159691 
0.5503819744765654 0.6982946752252848 
0.950171369236347 0.09867462839151202 
0.6207930676125187 0.6153825686185478 
0.9603629501705525 0.07926779060553264 
0.6851384812762615 0.5416276983167884 
0.06863524142686145 0.9961523874296272 
0.23372128626601654 0.9461350649863159 
0.808505392055702 0.34753242586705857 
0.30237267355820274 0.909303202100495 
0.7195777906333252 0.4831326426016632 
0.9308592461038984 0.13453102235329054 
0.36523800524751693 0.8672564272057522 
0.8207274810229629 0.32769587706265646 
0.6939719896714571 0.5191908809403857 
0.49653503990222597 0.7571143083805681 
0.5222106880896217 0.7396091103368968 
0.10327214620233638 0.9897814096739792 
0.6598387560985715 0.5787617390899518 
0.46407318897457117 0.7855643801205855 
0.6738865921457999 0.5465928243557869 
0.768099326008098 0.41079286037279744 
0.40013931315481427 0.8408363658100584 
0.9087800796332512 0.1759415427744526 
0.8381592550757088 0.29869206130339215 
0.8986473638337213 0.19364100049906693 
0.9921064905970784 0.01775914647328425 
0.725546717892086 0.4747273919265553 
0.5675834108635471 0.6792033274861967 
0.7606464739619306 0.4222984304957707 
0.7760014244109285 0.3987564317068774 
0.9388450116521175 0.12380840896972495 
0.32988214143871475 0.8919956283115656 
0.4515257617194048 0.7969149517301669 
0.8310669484584389 0.31055993864494685 
0.0806972297172251 0.994169581705955 
0.3846801682375169 0.8527051514914292 
0.15011138795250714 0.9781435791123542 
0.6090889101547615 0.6300596594788344 
0.7455136134627056 0.44808213413578063 
0.8451599850583225 0.28661588764885076 
0.19217016803736833 0.9670787605612792 
0.9126770005022636 0.16928570308789523 
0.6992017051450203 0.5139537399282487 
0.3154399470983297 0.9012058407515946 
0.40653131191991987 0.8358136994848614 
0.5999416319215627 0.6407895649614772 
0.9221718316976201 0.1508140672082752 
0.857103615315135 0.26810520313793534 
0.7928807569223122 0.3732902068651349 
0.4405927759918182 0.8069386963469605 
0.97250450596994 0.05505339487838359 
0.5263683845209148 0.723656841070739 
0.8505210371995293 0.2777129964257522 
0.02279781703411904 0.9999791099590865 
0.4287334033033355 0.8168736639587443 
0.24339319759748704 0.9414343150763663 
0.9666944195431103 0.06704668664800968 
0.2765516332681679 0.9244719236428657 
0.7347128060327335 0.4612405786647661 
0.8032756765821386 0.3557802874446543 
0.9201428122864485 0.15500509228889037 
0.8288129657332923 0.32493421981616805 
0.10305867861691684 0.9909644888434646 
0.8970617902483156 0.20187888993568803 
0.19385489854166857 0.9632380184756254 
0.2534491433000482 0.9367653938371744 
0.1681410760526354 0.9724601697960016 
0.5316424659754736 0.7184818943690682 
0.5391041971505424 0.7103256061538805 
0.3804823270946774 0.8557167556470683 
0.5812968435595902 0.66414092256551 
0.4790458696985835 0.7777905867067559 
0.28785499498407646 0.9179204601484067 
0.6642146820472358 0.5598156996183488 
0.16166583747426932 0.9745069150602897 
0.3219856231804865 0.8970474156766868 
0.7548058340146689 0.4341328795314619 
0.5900465332669592 0.6529984416637724 
0.5443921355794433 0.7051964517437952 
0.7515065987933701 0.43652691787581105 
0.5717107584415351 0.6743507825915366 
0.4754731340377305 0.7816301051473968 
0.7905488017372042 0.3761816725505766 
0.8649329006277667 0.253435067454361 
0.8620966239747124 0.2582503605791776 
0.5062125585135117 0.7446970470220919 
0.6608641433379598 0.5645483667687968 
0.5915612473835217 0.6510792718718482 
