3.347056735824666E-11 1.0007348968441012 
0.9998451343538488 0.0015409267285178686 
0.6164248071638375 0.6212009311405929 
0.797294387737946 0.36585935889193494 
0.9504698028017118 0.09818612317734425 
0.6391224805381595 0.5928507335156036 
0.26844006762662304 0.9291847554060557 
0.9680893611786914 0.06559935185821257 
0.8628724595168831 0.2569123164239645 
0.9309120847298741 0.13459954482646208 
0.462161016665783 0.7881446220333052 
0.8181199866172706 0.3395928853041095 
0.726794913914373 0.4856985167306383 
0.2479790541256403 0.9391450795722585 
0.5262050062271189 0.7242722524662542 
0.5883024409350918 0.6550174544819581 
0.4035210104304551 0.83816785137237 
0.8759245657151743 0.23445559594679224 
0.7607363037929236 0.4227402398175033 
0.29083186478071693 0.9207567400623546 
0.41661475411317495 0.8272912109730058 
0.4431129397024589 0.8047714711237988 
0.6670191102893683 0.5565686786681803 
0.7002307816617502 0.512006743043926 
0.49172401181369974 0.7591916942320313 
0.47140438355893033 0.7791427542566185 
0.750259466011828 0.4382279849199919 
0.9023660770651236 0.20005028090287066 
0.4283749750581409 0.8178977411886033 
0.9827955105963478 0.03579650774391871 
0.5632183901725463 0.6837048197722716 
0.13077667472311283 0.9840195257752985 
0.11340670219808344 0.9878246746156545 
0.8443568934133312 0.2882845718709442 
0.7832814646596651 0.38762338410230435 
0.9180985821202181 0.15923610531343743 
0.09848221925816208 0.9911674291256273 
0.577877826684823 0.6673808294350266 
0.08157935013939349 0.9942561471872092 
0.9139166085204588 0.16663971451140352 
0.03156305386292457 0.9997270163696591 
0.0628772191383471 0.9971155157576223 
0.7689864437185235 0.4104137826229563 
0.943267105037505 0.11247134753357836 
0.975484797402983 0.05812223797184182 
0.6010279738509907 0.6402356831850786 
0.9375634642916401 0.12260633969575131 
0.20322721497933183 0.9596303705875592 
0.5518895924168098 0.697090143131825 
0.23763152206249244 0.9477118419609334 
0.5065952575816971 0.7450743907923615 
0.8365931663692397 0.30163901272469945 
0.6796957702491402 0.5392063082922821 
0.5167824815100968 0.7341863561565827 
0.7343831767557163 0.4619651095615168 
0.8552134108206845 0.2704401829877808 
0.32526322453433076 0.8956640868436213 
0.5708386869328448 0.6755632205794124 
0.3718508158822469 0.8633413145002595 
0.14501708913060288 0.9798917785959559 
0.6555287984486846 0.571578290190338 
0.7438890633577651 0.4475590820054992 
0.37743642235007846 0.8587898701420484 
0.8510499165404728 0.27676979630334597 
0.01492922723782153 1.0006248238160274 
0.8891536148811432 0.2105788853459117 
0.4387534281715511 0.8086164253654922 
0.7093782332336697 0.49774160370109866 
0.7757025087818368 0.4002144184949455 
0.39048361401834436 0.8486314492308101 
0.9864287278672391 0.028262210299595743 
0.8314611981009629 0.3100862024575769 
0.15862837590239115 0.9754751242672022 
0.9922342052308568 0.017656968191351388 
0.5997293952958179 0.6414985915629738 
0.33242007202269513 0.8903429033385029 
0.6613074273812533 0.5641911464050201 
0.18544086824895786 0.9667008364176832 
0.9042790485348918 0.18407295600065757 
0.35973308142614646 0.871953225542575 
0.7135287513545718 0.4923409521528379 
0.1975155532181187 0.9658998118574806 
0.21928972728118074 0.9532271292140049 
0.39029884601284875 0.8526825264692965 
0.7382248269099578 0.4565102956789326 
0.225433871989893 0.9500324231446515 
0.3414468830328168 0.884460843233254 
0.6822966573262209 0.5357344829198302 
0.6914999141770536 0.5230964731682687 
0.887763777981386 0.21335163982229097 
0.297748802546856 0.9125431777815541 
0.17515373830128533 0.970550424848795 
0.6903455842177143 0.5246229967260462 
0.8811460039357091 0.22492979591740847 
0.3060980965997059 0.9073218563066578 
0.06618417884112522 0.9967582182375319 
0.9957070729159267 0.01062054176917362 
0.5102480728933897 0.7410452226395364 
0.6477899532056266 0.5821170865948874 
0.8218570559030556 0.3263000477651911 
