0.9999505555732437 0.001595330734484663 
1.7774973207710921E-10 1.002651907372954 
0.6149148106713023 0.6232926647591881 
0.5087192409735405 0.742392519366513 
0.8427452921530008 0.29083352218997427 
0.7893292385073724 0.3780937319196257 
0.12968536208927137 0.9842334887646431 
0.9021055669819104 0.187675703582593 
0.8028489207117911 0.35661815247314127 
0.6966688120633981 0.5153888629808974 
0.888564267417309 0.21182480819775462 
0.07941911018847819 0.9944229495326093 
0.3021986640150328 0.9091855861429181 
0.5481067608792142 0.700595321284688 
0.5840169599720418 0.6598558538402641 
0.7475412848055317 0.4420744851561804 
0.6800667254395193 0.5388920490829623 
0.05733020658382054 0.9978681644569449 
0.9203790946484635 0.1546973082166137 
0.8573692432938873 0.2656503381615269 
0.8371970283208587 0.30371475597634356 
0.14821866175359327 0.9795000016319131 
0.6456494444149539 0.5844271693236498 
0.9906260042846626 0.020435383704006268 
0.6550745898878199 0.5719795141577732 
0.5384943397645824 0.7145659729739136 
0.3796494253322509 0.8565710526777279 
0.5633787924520174 0.689500861785964 
0.5766985705339795 0.6684402099787404 
0.3997281995499673 0.8412280665711283 
0.7586541707626095 0.42556327347942413 
0.9380101817257296 0.12088972034922384 
0.8721525037473413 0.2414295523770076 
0.38814852901533003 0.8508645155097195 
0.6634599161283202 0.5608784774868271 
0.5662382231398796 0.6803829480187555 
0.4086397904893918 0.8341349057520834 
0.9813510509393488 0.039333159327709456 
0.006046220987678097 1.0004591499642472 
0.4615937568087105 0.787946126926874 
0.283328132013876 0.9209257391099106 
0.4504058413421355 0.7986033480385369 
0.16125955672452102 0.9748314923731437 
0.33522632544197184 0.8882218774534787 
0.8650054897345039 0.25295005427072487 
0.9091878187621335 0.1746499737332749 
0.033503120657946084 0.999976397544032 
0.2682552735446184 0.9289413322676615 
0.3204259424303517 0.8979054579364343 
0.8274107393294983 0.3171589910125426 
0.24096658097431292 0.942846888273159 
0.6456494444149539 0.5844271693236498 
0.1024237081408553 0.9903915195373545 
0.811113735638748 0.3442885704242203 
0.5293026132760361 0.7207129173805337 
0.8781481040919934 0.23053719284492274 
0.22875959664818712 0.9488389837575285 
0.36570771191466545 0.8671439088237881 
0.7620255959117113 0.4206066742439239 
0.1728187034194495 0.970818260639817 
0.20964968600092498 0.9567590939127796 
0.3157380565249958 0.9010723090396635 
0.9622425665764167 0.07540188684958826 
0.6056985025495184 0.6341639650702119 
0.4963939902901925 0.7546220606098544 
0.1024237081408553 0.9903915195373545 
0.8829604841855347 0.22141365886936148 
0.2504004810759103 0.9384000084443154 
0.9255516800411143 0.1450292041580023 
0.8205372982604391 0.3433339933365791 
0.2599868527629097 0.9331047681376571 
0.9552337114705997 0.08957293580066565 
0.7312087918140961 0.467221534700978 
0.4881037651360356 0.7625077386348751 
0.7204128128201099 0.4821470101833014 
0.1995057809885924 0.9612403550084688 
0.2202496418413294 0.9524310356305168 
0.9458352323726711 0.10669419480860677 
0.5293026132760361 0.7207129173805337 
0.3506662260197182 0.8775948269923762 
0.41859687539285295 0.8259020254982474 
0.03734052759454956 0.9992690294315636 
0.7706308295946767 0.407772194792703 
0.41859687539285295 0.8259020254982474 
0.36429481676872444 0.871293042074516 
0.48058416945629917 0.7705431680262442 
0.467882802462232 0.7820738672451761 
0.7808586427361413 0.3919041326199553 
0.5987844567847762 0.6426325263082134 
0.8216266254199714 0.32641511703426207 
0.18341009003185796 0.967410303194606 
0.772055432672729 0.40499328770485626 
0.7127460342086449 0.4929469673164213 
0.9652504483448372 0.07013673603964958 
0.5987844567847762 0.6426325263082134 
0.28124825293940575 0.9219802465949325 
0.9304563195755221 0.13612355146213212 
0.9377873443393058 0.13430312051147925 
0.43647434956141556 0.8102989460200181 
0.19029729501948334 0.9644616080457005 
