0.999736951388018 0.0012023991056363014 
8.519034154323701E-11 1.0014477026537802 
0.6963045606085383 0.5157955217414898 
0.41834046210518255 0.8254247666757638 
0.4584194450125254 0.790541616208463 
0.038235008462767395 0.9989627705010289 
0.6795136578931039 0.541318028119595 
0.924323343097412 0.1463348580771354 
0.47774763945774207 0.7726272439178309 
0.8205960266500856 0.3275306950152316 
0.9131461687699094 0.16949900748044852 
0.738721005430375 0.4614017458574533 
0.9785346904304256 0.0444618639589007 
0.4390170740161967 0.8081976037909359 
0.7270829639968168 0.47215617211732946 
0.931152626667206 0.13388893973933358 
0.21158242435827568 0.9556366659425283 
0.9544429386500908 0.08977570184209621 
0.8636160348885027 0.25495965074621907 
0.37751958127704044 0.8580408674723472 
0.7573985681065316 0.42737401584867507 
0.7725982268509904 0.40440440448722753 
0.9629252221610309 0.07372557897178596 
0.9406612568311069 0.1164690103821158 
0.5898608488181712 0.6530270858577801 
0.8759316954923216 0.23385162648844784 
0.9919369225243257 0.017092635641559082 
0.5250561468399307 0.7251616379323258 
0.5705722481228748 0.6750970356937754 
0.6121254735274062 0.6259774988530824 
0.3064649415279831 0.9067562211596422 
0.3895003416102635 0.8501612625957231 
0.8861034264127657 0.2154261846990159 
0.26921678704593494 0.9281145844409437 
0.6416100509283686 0.5889881663317493 
0.7083808249196006 0.4989479511643971 
0.2970038704112051 0.9137422260396739 
0.6683101702350609 0.5543159245491851 
0.8934493261258193 0.20249122251636686 
0.07031465823621269 0.9957540310830398 
0.793812083628419 0.3722077600390763 
0.8555054608173813 0.26910944049080854 
0.44500579683681796 0.8033211940330017 
0.9000894670455096 0.19072153629444222 
0.1680462456489552 0.9724760641454178 
0.6296141690080369 0.6044207594284409 
0.8023639823304121 0.3606141461440859 
0.25232558806393385 0.9367969092972429 
0.558121285123258 0.6890671154883189 
0.510105879491285 0.7405322315802855 
0.7172063487686912 0.48660194220859504 
0.32118553413704204 0.8974649148152147 
0.9067820948303368 0.17877529343724768 
0.5537404152589966 0.6939261786609296 
0.6546254014281986 0.5723655195163485 
0.3635315988964341 0.8686700157416325 
0.40355059794578446 0.8376357873976624 
0.2243939126393552 0.9504075567173621 
0.19193556821164087 0.9655357909085284 
0.34271259999508896 0.8834542543018506 
0.8092841772254992 0.34592856305851877 
0.2343028028881578 0.9456491953268629 
0.7471723948781496 0.4422842551943444 
0.5390802977116985 0.7103710198773561 
0.8457309034192241 0.2857274330894501 
0.5191532918276345 0.7320525253636024 
0.6206436765515001 0.615419450402782 
0.19232788002616313 0.9641156071355289 
0.1472932902785598 0.9788160101761764 
0.5419927443775958 0.7070942870585076 
0.013222701607981668 1.0002854117085265 
0.8790239918562874 0.22842285650444294 
0.6020665554571393 0.6382960887587432 
0.08067744127597393 0.9941427257946696 
0.7867774422664524 0.38260256798421316 
0.2816821712465686 0.9211436042955274 
0.6493589230799238 0.5849361724620076 
0.2455169983378701 0.9400873488301712 
0.35636913065523934 0.8735701370170137 
0.40037989758092607 0.8404903719483807 
0.5013068341579457 0.7495658434105624 
0.8371534681958782 0.30010916116578346 
0.5705175639730158 0.675157684704133 
0.7827079041852434 0.3887276942616203 
0.5993470942950585 0.641775617195963 
0.9753796104978302 0.049522326230476435 
0.3376549044403908 0.8866790588593244 
0.9475469913116974 0.10344403958033495 
0.6714113544221826 0.5500918253971393 
0.09870541490993384 0.9907373242545315 
0.8287755747350444 0.3141972475895771 
0.49678847614653465 0.7537848879952997 
0.11681102014593109 0.986953161937937 
0.486054480199704 0.7655531514074218 
0.9987985080972404 0.0034167941478616083 
0.4892969726250286 0.7612386365268567 
0.8296283450190659 0.3128714737512911 
0.8635848893415403 0.26623154532097393 
0.13165667142162077 0.9835167297133963 
0.0969956369282639 0.9910723497407393 
