2.364492858243129E-9 1.0009176937964421 
0.9999637031090394 0.001588081183221406 
0.664585795515029 0.5596386906615789 
0.798624383090562 0.36378843251034604 
0.7846161134468806 0.3856849491083347 
0.3662462617957017 0.866762163242553 
0.730531051703037 0.4676390728909256 
0.407935735230297 0.8350701349368218 
0.37967540644016134 0.8570048323403109 
0.9402801701045758 0.11777393767648776 
0.1060707505542326 0.9898554757280889 
0.9308648185008885 0.1352703345706138 
0.5912173083629484 0.6518843255710711 
0.24377965658231765 0.9413190754813807 
0.8771755379445617 0.2387566681973201 
0.22147788276258773 0.9521624289311167 
0.5732985796549466 0.67230473243624 
0.6144207403302786 0.6237346503038934 
0.6309495140227059 0.6034534058584793 
0.3469934644436389 0.8804101181080686 
0.8456637762438558 0.28643585997473714 
0.9492618846913378 0.10044564258708491 
0.9559371558162049 0.08794490174666739 
0.6353590928071 0.5974144134548733 
0.49643952924218093 0.7588069766650755 
0.02140615414256744 1.0003592500128125 
0.9645540913610127 0.0714679658005729 
0.29755459740007684 0.912163549412989 
0.42678529570385215 0.8188101469305199 
0.2740704763293049 0.9256861979589502 
0.5965952032566483 0.6452149136371153 
0.9221822023434848 0.15121497814580354 
0.7104886964202365 0.4965804199022061 
0.7774390280141834 0.39984187019354495 
0.05377642158608781 0.9983242111224225 
0.970999037083861 0.05945166851166098 
0.6096828980722628 0.6295416564513207 
0.6500065238320436 0.5785877870212339 
0.9022986080456459 0.18750346383854613 
0.8178836799988296 0.33320768781460236 
0.288672415213454 0.9176882706247653 
0.76936792910126 0.4101981351273261 
0.6834315407307179 0.5341191931519806 
0.12926902333066145 0.9839479068170722 
0.9939598806398371 0.014627613220702428 
0.564403612782906 0.6824819153362404 
0.5042587022886811 0.7467706219851422 
0.7435619079558181 0.4490984471056806 
0.6518639496999283 0.5765129470628476 
0.552333379222538 0.6960981787263594 
0.8416421182777648 0.2992525465043724 
0.07855237172858456 0.9946167287037927 
0.8854368752840698 0.21769678243393847 
0.08680519382743715 0.9933192043743002 
0.6778231140924827 0.5417358209102157 
0.1547582378019182 0.9769599831442364 
0.5283413650152311 0.7218955391878066 
0.8926498768097988 0.20481456710929039 
0.694700835740749 0.5222021288017495 
0.8566042276581962 0.26845998719637953 
0.9864805038249611 0.028985950181257682 
0.75395222203155 0.4326797775723555 
0.9136147662089937 0.1672079556198966 
0.3266221289456355 0.8946298959722898 
0.45501323032556096 0.7987967809515748 
0.8676393006675227 0.2491631510626382 
0.8642969882834476 0.2547769810510966 
0.4812020009900694 0.7694177574906687 
0.05816402491749223 0.9975556709190974 
0.8088434941354019 0.34760264529346296 
0.46743693494761124 0.7826660735233607 
0.4667981293820533 0.7888824860187992 
0.19131387311080872 0.964389894531019 
0.3976453056264389 0.8439554331576653 
0.20486872024157393 0.958966794656628 
0.8247802193266587 0.32179818747487066 
0.8071160311398388 0.35087949067333074 
0.1435295397328562 0.9800804011763606 
0.9779909982062295 0.04554525843833818 
0.7619695202021101 0.4208170716519857 
0.4821220157481684 0.7685407212923006 
0.5488958389218117 0.6999474334433551 
0.18537315310743313 0.9666695767221819 
0.2623973759784768 0.9329225268691189 
0.916514290288987 0.1615162289826772 
0.7205111509523013 0.4821133579211666 
0.7205111509523013 0.4821133579211666 
0.31545618960605404 0.9011836291541442 
0.7469075738136797 0.4438769717064225 
0.4404572705129799 0.807073964813562 
0.21044669662523857 0.9567323088249439 
0.33914813427899904 0.8857105450597029 
0.3976453056264389 0.8439554331576653 
0.8331545310339397 0.3076818096594564 
0.4487075928297958 0.7996962007176251 
0.31545618960605404 0.9011836291541442 
0.5408899615611515 0.709879549438776 
0.7059066174457069 0.5077138995986371 
0.3330428566398136 0.8898448442891242 
0.8569766486542312 0.2673280675230601 
