4.113935428864569E-10 1.0007996779402495 
0.9999587754831956 0.0012549355840127678 
4.113935428864569E-10 1.0007996779402495 
0.4177050297577515 0.8261728744423351 
0.7682365633499968 0.4114433577027271 
0.026461053759056608 1.0001383219505926 
0.33329766126709914 0.8903777576138262 
0.4368932532102502 0.8108405920895266 
0.5332091746855118 0.7172736732260679 
0.23268913209473152 0.9474203642545485 
0.8792127756017469 0.22927334502525049 
0.7962473784162514 0.3680557292666977 
0.08833210069380398 0.9931841160135407 
0.8228779342246808 0.32445124804194275 
0.6646435627914087 0.559610610590595 
0.9072955877226352 0.17855180149935376 
0.4020531565472026 0.8398970967845533 
0.20846647203340712 0.9575869240204365 
0.4616689054751178 0.7884033947271678 
0.7359946249764339 0.4628132009304116 
0.11258978538477155 0.9879825436696846 
0.44761781887287677 0.8007364421830342 
0.06142631430150825 0.9970568357441207 
0.8558129993689141 0.269314012616818 
0.318704319142303 0.8992600615105457 
0.5513722489936957 0.6973008004890325 
0.17941744063979775 0.9685222959378849 
0.5648942692598005 0.6825163552087568 
0.8867861384964995 0.21551638706195925 
0.3528622315659483 0.8765394744272627 
0.8675295777556189 0.24948669932791617 
0.4939025710625434 0.757509693222767 
0.3050743410232483 0.9082249511606452 
0.6317431902833742 0.6017618044821118 
0.7115788740023299 0.4954638643822797 
0.752832740265493 0.43495339628395613 
0.5148388416078781 0.7482272840666658 
0.5939599257573579 0.650236699633795 
0.9629697042598926 0.07459677509561785 
0.7421045742141694 0.4510829357927598 
0.6629725816763212 0.5777577390505497 
0.20101575735638028 0.9645465435792399 
0.6178520602340892 0.6195053098471628 
0.9554441274253646 0.0888572045079804 
0.8362679314483524 0.3051234458669924 
0.899609385546581 0.20497485295339327 
0.24537916613246413 0.9409282885366554 
0.3700795641003962 0.8639219079846012 
0.5771002975310564 0.6678833845702751 
0.38043508561458944 0.8564456745332891 
0.7229600546982363 0.47969436949222244 
0.7760395783469796 0.39927921938582217 
0.9847464771098488 0.03232916146742461 
0.1648805156663426 0.9738675227488387 
0.9180667424273289 0.1591028596211254 
0.9331214763315301 0.13248385385070882 
0.2573360311396288 0.9347654779060135 
0.7024451108594059 0.5083030831393072 
0.8459498565828404 0.285990894532634 
0.4723966501753079 0.7776863316545962 
0.6776243156996979 0.5420190176835277 
0.8630750529061123 0.2569699350397882 
0.686962106495384 0.5296721795415634 
0.647540081357276 0.5830724165283533 
0.06931537320188844 0.9960780853825233 
0.8075181082632916 0.3495929382458948 
0.9413406650781899 0.11524483276750609 
0.3596871855682281 0.8727409207391899 
0.9894847105725053 0.022683202808044825 
0.5148566823186544 0.7363739281117148 
0.7202510570995746 0.48320081428330786 
0.007388142145815957 1.0007643272062414 
0.29199571078241193 0.915754164139835 
0.7836977371387657 0.39094441702466126 
0.7511499448172296 0.43701434120691474 
0.5763666153237743 0.6694324206449841 
0.9243440823770461 0.14775531136259118 
0.9490415792183308 0.10056658709660526 
0.9966672289466108 0.01599686689406055 
0.14952423161176134 0.9787077359536361 
0.787532252024771 0.38135405428191066 
0.6372255078055934 0.5959356089485347 
0.5979648842918005 0.6435364520923257 
0.13366356954928593 0.9833336906247152 
0.844092926885918 0.2898484457840343 
0.6428143791652353 0.5887864010880557 
0.8373937348415971 0.3007568077561998 
0.9705373758812952 0.05988585626387092 
0.12726577830270164 0.9846471611853167 
0.691416631365519 0.523524571180537 
0.6141319920544174 0.6241098863732283 
0.9694634125102057 0.06182885230831586 
0.26826366744613517 0.9295919488796924 
0.9776634678882384 0.04622087945084847 
0.4780930782934931 0.7732117235005067 
0.5253622748596534 0.7255049632794128 
0.6780974861239051 0.5414950120437552 
0.6071692438929884 0.6325179579113439 
0.5223423672799237 0.7281323416082256 
0.8160857204247595 0.33551124723953085 
