4.354677134539889E-10 1.000694968809846 
0.9999584469997117 0.0012696089912042864 
0.8410047944429533 0.2938042118677431 
0.5440775289372022 0.7049806228875328 
0.9312575304033184 0.13571841014159627 
0.7334301482432384 0.46379725212199685 
0.5258280243770526 0.7246239298413524 
0.6696267846672466 0.5692795893133219 
0.4555920591609357 0.7931003823725324 
0.7564400282069881 0.43845346804992336 
0.2608737015472421 0.9327604971102038 
0.9460162295881314 0.10674965034484973 
0.1401755957727549 0.9825386199195169 
0.7697255236512739 0.40898274324356704 
0.5594969856799007 0.6879747184893953 
0.7483333355419697 0.4419480908713396 
0.9567313457446502 0.08615271606461786 
0.1692769889403425 0.9719216452791064 
0.20897810120866378 0.9569355844484526 
0.722747999817059 0.47901711546558406 
0.3204180827900987 0.8979071287336643 
0.35574732052375624 0.8740321751582071 
0.8158244338914358 0.33572858763331953 
0.4448539300378082 0.8029244211607081 
0.515174675986409 0.735474785744466 
0.9236461928816998 0.15075141959220692 
0.41280390317926147 0.8306401211371368 
0.6278626827689242 0.6068797531483349 
0.9870642270548855 0.027275623125751117 
0.8937777127559299 0.2029069979256085 
0.08792379215192497 0.992880792138904 
0.5786577550082503 0.6663188398587452 
0.299803797041286 0.9109706282272899 
0.8750141657114637 0.23558597845814053 
0.10085773142780391 0.990478407104088 
0.038679663228784744 0.9993221802506854 
0.425342685574866 0.8202825022820613 
0.4880764745641215 0.7630174305915359 
0.6844213112951101 0.5326697303152262 
0.6017902385377351 0.6386586668617928 
0.43321452143063044 0.8135676365778174 
0.7142868909162011 0.49113279474862215 
0.8280060004063332 0.31572960129718 
0.3827407470766544 0.8543482343090372 
0.7873088085683632 0.38144937457223216 
0.5932544421221354 0.6492873753589824 
0.22532411543586217 0.9524787508137402 
0.3948736950223744 0.8451239577505776 
0.23867004736660752 0.9438596761356673 
0.7983370795289628 0.3708784946525787 
0.8299164555273386 0.31314413631392973 
0.8684819584299729 0.24730664712789932 
0.9681609347503731 0.06450779420916866 
0.9966433098731032 0.008087652476544038 
0.6729392482085552 0.5478866331578722 
0.5029931076512983 0.7478240040244443 
0.9111798930087002 0.17120763325489213 
0.06780148903544071 0.9961847471749042 
0.32808757642850583 0.8929547716111708 
0.9163655767939615 0.1624616748460662 
0.6983519892518028 0.5133235035330107 
0.4028080748086825 0.8387488624084729 
0.8580049657045924 0.26566482899042915 
0.058901051441937746 0.9971520198810937 
0.8857011333284424 0.21666622364108376 
0.3719795711872437 0.8623033580031816 
0.19064832215660793 0.9645621273407358 
0.6123114150572498 0.6267075050277252 
0.27347059140535074 0.9261163710894644 
0.6477935206436843 0.5814805035808226 
0.8823847601813681 0.2229572685003143 
0.6391935226306236 0.592381106819836 
0.119854121264748 0.986610273279424 
0.8139458024340336 0.3453724652693429 
0.8621743339960188 0.25760650040055977 
0.48432242728024955 0.7663867263185699 
0.3448557805818272 0.8891250929508056 
0.4733825672570582 0.7769212136268007 
0.2966244404803729 0.9127459035051205 
0.7813007582896154 0.3904120034793087 
0.8045609972015407 0.35358031363862447 
0.566943013877789 0.6794488205769417 
0.4733825672570582 0.7769212136268007 
0.6214492360121351 0.6145938629187412 
0.6769814640170991 0.5424108663755859 
0.9038856238050558 0.18398084402120282 
0.3452625692237404 0.8815840660663763 
0.8580049657045924 0.26566482899042915 
0.28227893045337527 0.9214834360992025 
0.01750554790043607 1.0002667399851157 
0.5049297717020869 0.7457262195132465 
0.9839954917466035 0.03518383838505101 
0.17499221040388435 0.970035869499191 
0.9788864756320519 0.042862160140771544 
0.8010312358532911 0.3598443769715726 
0.9515685188539889 0.09582346001390417 
0.8998434000428285 0.19141174299697 
0.02404324536328256 1.0000368928675583 
0.7063050987377106 0.5021826025584855 
0.6156480880585031 0.6217164956308214 
