0.999731737075697 0.0021250749184822293 
1.8131914028154863E-9 1.000585002395166 
1.8131914028154863E-9 1.000585002395166 
0.679692756686461 0.5394841418884826 
0.8608360770847918 0.2605920508748424 
0.6583488670455947 0.5680469295711964 
0.7783881829498239 0.4271072341955025 
0.4555529480717675 0.7932958396874357 
0.9567441605084237 0.08656856316192457 
0.5963700864269976 0.6454063320625728 
0.14106509481739388 0.9808919138631979 
0.7003185126127435 0.5107888464086806 
0.8869848458203139 0.21494746163931486 
0.3735599548889559 0.8614655694875181 
0.16898115483433018 0.9725788309498161 
0.7814868478979795 0.39927300486050177 
0.671598653136796 0.5500756694405656 
0.7543433867301115 0.432064314185413 
0.946382753960496 0.1079786071635451 
0.25794743440013257 0.9345145146147986 
0.7161039245432975 0.48832934283754126 
0.8249837371940905 0.32138182537669224 
0.42708979196589103 0.8184147759835798 
0.8159019434104122 0.33583979569855565 
0.577489629671661 0.667899894901755 
0.27881088501438833 0.9235974792006744 
0.9802090052052606 0.04135603711328332 
0.8495654228063583 0.2799457537767898 
0.395050242752925 0.8447073343623093 
0.6063222000114195 0.6333518515477711 
0.8941391650646652 0.20184445559693295 
0.5809877758791588 0.6669745882656517 
0.6264871569218208 0.6093391081540117 
0.9217737630259725 0.15242813184108986 
0.07124148694901877 0.9956682844426797 
0.5208894204983956 0.7301668374268433 
0.061961586461735024 0.997050361978862 
0.23129127405123442 0.947462254794041 
0.4745745083346422 0.775554218473927 
0.6449598196263334 0.5854049168538837 
0.8737534249018862 0.23820662857689462 
0.940448802480255 0.11769704118358963 
0.41430373043477003 0.8295529457586145 
0.5584177976250149 0.6895546116505868 
0.8744337807418378 0.23679215066041506 
0.2296158960581277 0.9494439680980592 
0.9734984920887142 0.054563065201696105 
0.4821228542955852 0.7686779815817087 
0.03492738435765497 0.9995100973665331 
0.7989685169400567 0.3635865411132328 
0.30811099684621346 0.9059043369117797 
0.1926638807236961 0.9636331173791673 
0.5584177976250149 0.6895546116505868 
0.5098078429039632 0.7412282407983577 
0.9118221341361279 0.17010114407333407 
0.5370444103557989 0.7132184100287451 
0.7466122713522425 0.4440651570078824 
0.35596842680713475 0.8742691614895942 
0.5434943457537423 0.7054116996056782 
0.9659292742997057 0.06845471908744001 
0.7898949834132655 0.37791559298130484 
0.10683174095346543 0.9893011122791363 
0.932682640494357 0.13146705168197156 
0.7095766937552794 0.4984318894081621 
0.26302190828177047 0.931847986210906 
0.7286747208570107 0.4702414214426351 
0.7410290814624702 0.45247464881050625 
0.9884096939604878 0.024842271472409132 
0.36538124924824034 0.8674664462613481 
0.0970156926445016 0.9917667684222513 
0.4071567268708649 0.8350775611944606 
0.014722065166590942 1.0004998712557016 
0.5000233567699189 0.7511404495067684 
0.7862748137551971 0.3834877354249149 
0.8446088248024772 0.2879869942048522 
0.43870413716217477 0.8086310270215088 
0.29194745763424385 0.9156776215163891 
0.20615145996194967 0.9588268789802966 
0.9141826387160188 0.16598217499935972 
0.3461417413162125 0.8819481535282864 
0.29942539189357825 0.9151038605447895 
0.9018093883230691 0.18824536700665276 
0.6157719763097588 0.6224495244718756 
0.4944285592762968 0.7568680009389633 
0.3403922662642642 0.8853392063881178 
0.9960839734236978 0.00948058984524404 
0.6361359771972528 0.5968229488216097 
0.4439356543320778 0.804054057548126 
0.6180742653712353 0.6197315843520352 
0.9018093883230691 0.18824536700665276 
0.9907961412922798 0.021489815013330426 
0.20615145996194967 0.9588268789802966 
0.8077151777138976 0.3493479138139476 
0.8329914329177905 0.3074879441201487 
0.12379580873762985 0.9854576472666661 
0.5179406117632656 0.734266195845502 
0.8038359617345094 0.35637863929124175 
0.12498623125861147 0.9852504606879885 
0.3975945659843969 0.8428468921189856 
0.7030600564168007 0.5071132936817591 
