0.9999681257946142 0.0018492201684830185 
3.243095007567788E-12 1.0008033049245715 
0.211355808667759 0.9561795882784174 
0.5261892987554939 0.7239049412933409 
0.49536493668810555 0.7556254750673856 
0.8565526123462885 0.26826512466734714 
0.8384378957780716 0.2983158599831866 
0.7269229831634443 0.47282962183709804 
0.742621890370549 0.449850336961853 
0.2515435591611347 0.9376470170241618 
0.9633866130287471 0.07309999689326073 
0.4607231871401082 0.7885432528362716 
0.09820622275561486 0.9912127241332122 
0.8189575617902702 0.3307183220601137 
0.3538738131186413 0.8757445477927359 
0.6791316685472197 0.5400166779981246 
0.19246552896570557 0.9641799894665379 
0.578897560578317 0.666101414335731 
0.9256723323605766 0.14469867187510826 
0.9340807836645701 0.12926689333028035 
0.6886130058573654 0.5271241968915493 
0.8646473406646625 0.25393689952465653 
0.9181687958671148 0.15796456962436248 
0.4850481356309477 0.7722860359439168 
0.3957539586062983 0.8442855474685048 
0.7637089003008476 0.4183397019955063 
0.9499404330094512 0.09954762592913616 
0.6977669996452598 0.5144785167932021 
0.6325634753893276 0.6011313643423138 
0.4132840127673315 0.8299607877088284 
0.899491489656503 0.1917683820335167 
0.42827811413177963 0.8173625310848904 
0.2760395670880475 0.9247849194042199 
0.8052148567885136 0.35300500657432327 
0.25236411993341906 0.9370108911526641 
0.06908964250488814 0.9959986295162961 
0.6547341710144323 0.5726094364384567 
0.751581326047962 0.4368012500242475 
0.3863856382606219 0.8576447254511822 
0.044219754340730846 0.9989690531388989 
0.3200981472303318 0.8986636546194938 
0.7878578337274467 0.3811516298485414 
0.4345335559290596 0.8122172368831083 
0.1578274990880374 0.9761835665332994 
0.30441022223951797 0.9082281111711472 
0.5639075349064938 0.6830789675960238 
0.875919986790666 0.23411968247421872 
0.668612431864718 0.5540728142518473 
0.941209755827827 0.11574720397843347 
0.2879664282265835 0.9178249034663473 
0.5418339544757671 0.7074071246947299 
0.6646439292215515 0.5596359956939025 
0.7168731293382039 0.4871028370541596 
0.5355983187180067 0.7144276775520528 
0.408035857728677 0.8369055798241409 
0.9777095464308901 0.045534019179634816 
0.8722024963172716 0.2405651162299786 
0.11146075309175946 0.9884850437686776 
0.6047733057292776 0.6354123877093998 
0.8315574021427506 0.3100905420066862 
0.7572901705453828 0.42778170737239424 
0.1776961750457881 0.9691067992840106 
0.908075068413428 0.1769637862477113 
0.9699829535002684 0.06076734004389666 
0.332212014175322 0.8908147851116808 
0.8848448897177996 0.21895621627935574 
0.3751142076335405 0.8602051415397061 
0.9113332927047675 0.1734788414974082 
0.1235333262128091 0.9855245338275725 
0.993830900211401 0.014042562432416163 
0.9854371125250072 0.03032497263346377 
0.02099269143531604 1.0000695881929973 
0.332212014175322 0.8908147851116808 
0.5509516255848699 0.6973594911227007 
0.13420134177181392 0.9827451990350344 
0.6248054047228607 0.6107771293191916 
0.6536565188542869 0.5857183188645056 
0.5847581162904694 0.6590108179836323 
0.31002285760129145 0.9050197140436926 
0.7055000787635072 0.5034772281804165 
0.6424057985624985 0.588563115097775 
0.4920237644201144 0.7655458294773604 
0.05522320773498468 0.9978075857076882 
0.5546690907720842 0.693271591772748 
0.9457624877721861 0.10711879558952046 
0.3663358091635411 0.8668046929155494 
0.5904487622646516 0.6522903306563038 
0.974112345084863 0.053932942866357865 
0.9844147373069568 0.03277837542525411 
0.804673824621431 0.3538071856786796 
0.61410129570581 0.6244617229565956 
0.7964149707315806 0.3670840794326734 
0.6208261757638839 0.6155389953395126 
0.7964149707315806 0.3670840794326734 
0.018023642113233457 1.0004051928281368 
0.7136922310410233 0.4917676135671249 
0.16995607213280134 0.9721452847816715 
0.7783242212787965 0.39591981442771024 
0.8238482056211214 0.32245811199263513 
0.5960471587217432 0.6472322758235729 
