3.4455862666849164E-8 1.0004848401135993 
0.9999632391132413 0.0011125809648803388 
3.4455862666849164E-8 1.0004848401135993 
0.8938437358404245 0.2019957035580126 
0.7128793501290311 0.4924369887658962 
0.6338011609525324 0.5993167098702815 
0.8345359304919295 0.3043233772632806 
0.4172979825749989 0.8265846653132622 
0.545197288869115 0.7034233229899665 
0.6880251074231739 0.5273617108128458 
0.8036190376531475 0.3549682518693541 
0.9398256487234481 0.11763269765307417 
0.029143477139007445 0.9998335691740358 
0.6159781438173545 0.6210593566007939 
0.2759275994052986 0.9246543851936494 
0.9059185215781985 0.18042803099214652 
0.8422832522012962 0.29142003753677503 
0.6721243684137921 0.5489439172323848 
0.23376918068042446 0.9460031174708675 
0.8207782049643002 0.32755575225218536 
0.7389970332846424 0.45461332662602366 
0.09966704407023264 0.9906726418422255 
0.39798377118730854 0.8423842014835291 
0.07371316645337622 0.9949390478289457 
0.8530479501687429 0.27305848523740506 
0.5838385764289202 0.6597219698914988 
0.36396513685875864 0.8681478481294269 
0.8164571047936191 0.33426828243892354 
0.9281979631374332 0.13989792145197372 
0.4882959200860778 0.7620280687599289 
0.25999489798861253 0.9372888686086804 
0.7223183123894789 0.47906386582913946 
0.6429297610065625 0.5874379340627394 
0.16746455890358436 0.9725452872527377 
0.3553191792702254 0.8820217954863487 
0.6521810541799294 0.5755092331405022 
0.18264933742058803 0.9671637350596941 
0.5938232492623281 0.6479295823361816 
0.7959338147222759 0.36753429092149187 
0.11375670517039677 0.9876985082833386 
0.7541802387601649 0.43253478414643814 
0.7678357520073509 0.4114264599326628 
0.21468553529974438 0.9545190297827082 
0.5727973058368595 0.6725290143802244 
0.955728956239059 0.08753712878023574 
0.15183265104468135 0.9774711979256806 
0.45342938882459666 0.7952401966935722 
0.24774742651694415 0.9393573915984644 
0.6606892322288217 0.5643287803987469 
0.19833494223935721 0.9630712574346235 
0.4290258449167453 0.8165455661399558 
0.47301260693290376 0.7767923122982353 
0.46280591388005465 0.7867025550855531 
0.9613943004599013 0.07676282319673822 
0.5099314811968695 0.7406266837680594 
0.7417067708448922 0.450867373303159 
0.04923335217043634 0.9980336884063201 
0.4434590367827914 0.8040896899668226 
0.3237278904617911 0.8959696386729984 
0.13137207088320946 0.9834837042248207 
0.7527920119971508 0.4349750404333269 
0.6021744477755901 0.6381675319282614 
0.7889057237962782 0.3793811678754459 
0.9184684433912829 0.15750894360444467 
0.5592090396150996 0.7018796519709761 
0.5013198621439873 0.7495045290580669 
0.3398135608217972 0.8848912061795113 
0.9795275029915882 0.04135738216844611 
0.995919411423074 0.019635052157232373 
0.2898103075252116 0.9166786133764437 
0.8598426090985869 0.2626061235096335 
0.05955427394043536 0.9969731208045243 
0.30937453155589667 0.9050283688902184 
0.955398197239014 0.10787092827050426 
0.3335451739548891 0.8893032996239735 
0.4366080238667297 0.8114941733083845 
0.6672002343679508 0.5556722074721265 
0.1390988270255164 0.9810358089751563 
0.5257466311051516 0.7242382631409338 
0.9766549793481814 0.04728317823401996 
0.37808149395852 0.8598205785706995 
0.8759253863350718 0.23365949386846346 
0.4953625134785456 0.7553236105225015 
0.37908011539080866 0.8571958983428664 
0.881442576103641 0.2241340624107867 
0.9550243373912515 0.11428322330892389 
0.5257466311051516 0.7242382631409338 
0.2969975322696554 0.9123895170903932 
0.8687669644515461 0.24615434581995557 
0.20759406185890977 0.9575197331750249 
0.6958691121911932 0.5164776146579467 
0.970736470963076 0.05867747020878168 
0.7779962790081202 0.4054775793461705 
0.314164012783434 0.9020630206611764 
0.5667453158990186 0.6799178413675228 
0.7210833896793313 0.48077836229932835 
0.9118571553036637 0.16973478986852675 
0.517890602987897 0.7323660901477723 
0.9672826674974421 0.06538034178076112 
0.9863982713221531 0.028974535413500944 
