0.3270334141921689
0.3267352769138912
0.3265270841978939
0.3263713865234598
0.32680380938831627
0.3263084794966446
0.32696323008467937
0.32692658327566715
0.3270456140217286
0.32658008708659714
0.3270653669645897
0.32645942892071955
0.3265363465962101
0.3266792596363591
0.3271376518636044
0.32745550648610344
0.3264144970084167
0.32681257088032084
0.3267011213468676
0.3269335297323454
0.32712003488120484
0.32690344484841233
0.3270269775258272
0.32690726628407235
0.3266593004382574
0.3265231871164395
0.32705323706499667
0.32626862975483834
0.3268484523357668
0.3265912148303021
