9.385675964440382E-5
1.0164451721061608E-4
1.0721723544270544E-4
1.0237250493225608E-4
9.426768842541354E-5
1.0185013431123277E-4
1.0067816826912605E-4
9.379872801294512E-5
9.953754375727581E-5
9.687478149234163E-5
9.668088117493967E-5
1.007647880082431E-4
1.01989663736594E-4
9.685637307783709E-5
9.754912743412693E-5
9.447854865662337E-5
1.0653371285202167E-4
9.597997403457825E-5
1.0616738183020306E-4
9.825085431920871E-5
1.0071901486803467E-4
9.664233366433119E-5
8.986128431273183E-5
9.773885264144106E-5
9.794816518941718E-5
1.0704797689558405E-4
9.129423209251342E-5
1.0768666404356217E-4
9.509542132306198E-5
1.0658632007791578E-4
