0.36046630206316294
0.3854952213556358
0.4221273604428354
0.3500898715712051
0.3850381904994852
0.38897056188852047
0.38344798468607005
0.33916075510813476
0.4017361029187701
0.35549125045824154
0.3457460106482846
0.43486243470022523
0.3620793491904245
0.35151450691143965
0.3501646588708029
0.357217647869976
0.43543225681167497
0.3708098653532481
0.399743199427996
0.3745118798974537
0.4145965551334739
0.3239764493377233
0.3181845262726645
0.36164655768051235
0.38032185791923384
0.4199502599115102
0.3261657982535099
0.36710767546848644
0.3757745514439712
0.39092283229546976
