4.4713184306078893E-10 1.001416151301692 
0.9998601513762808 6.364475890486108E-4 
0.4110390394110819 0.3597588572447759 
0.546385620189867 0.26203368164313634 
0.8096257785329681 0.10105274898473517 
0.5659343275615534 0.24854901363329004 
0.6170162630952865 0.21519635320202296 
0.5230509988323123 0.2779749905555083 
0.07862456635480086 0.7208225747527855 
0.3856553587777509 0.3797054907899752 
0.1747698129564712 0.5829452275008107 
0.32540848101590447 0.43091233913601495 
0.2826125415827283 0.46941218101351256 
0.0014773184236776017 0.9628987122017817 
0.5835783370182182 0.2366645794118803 
0.782585584281987 0.11651902462969016 
0.03838605194139261 0.8049573851746376 
0.1884322556490329 0.5676761372860818 
0.30090777089960496 0.4526535097417778 
0.44343166199539297 0.3349571786848158 
0.3075528438558294 0.4464213691768027 
0.12227401268315469 0.6515190895667277 
0.8996925208725298 0.05221634497333905 
0.8329604005597302 0.08811833106647664 
0.9126011890468457 0.045574170147146015 
0.10634850512764987 0.6749152987839118 
0.42658061612902837 0.34768341105177564 
1.5375003569086804E-4 0.9901222464943789 
0.09278179282119275 0.6967652798067382 
0.8577085955281869 0.07445434397980309 
0.850308835566413 0.07852825431188168 
0.33697656428101846 0.42039793616761006 
0.09023266156632004 0.7011398938257137 
0.03349070826213446 0.818113729670268 
0.3674127213057146 0.39495492284259104 
0.13672600110902705 0.6388523083856189 
0.9314137370554019 0.041537750689925504 
0.7250208994930074 0.1490668184770475 
0.2507488226881831 0.5004400859081339 
0.16278770356248412 0.5977870308866821 
0.008368522596001376 0.9106365889600766 
0.6412260336008389 0.20373633879013994 
0.822657249311931 0.09371558486221067 
0.7660149576907205 0.1255228240821779 
0.884002773718105 0.060189901177883184 
0.004851158445904752 0.9317478632814201 
0.10512339102415597 0.6766973097275801 
0.3588802167977295 0.4018131218158946 
0.012339433276176065 0.8900715786646602 
0.003569022501457686 0.9414043106540645 
0.20227509421201648 0.551173127153019 
0.3798511864533978 0.3846787952460722 
0.04733410787645842 0.7836512511599789 
0.9786897634753372 0.01140271094079882 
0.4608846946272445 0.32219388834327256 
0.9984055310232428 0.0015440241371121484 
0.24155688460562982 0.5100274199556809 
0.6015400304530129 0.2259778643588541 
0.0728267389034053 0.7409597134554103 
0.21383826842915146 0.5397203133021635 
0.20181243540620852 0.5619469445743812 
0.15837959481037633 0.6031175942256833 
0.7345932719461871 0.14382395898859243 
0.22681361034346914 0.5244642730751589 
0.43407248327262876 0.34202213231389667 
0.2346582608845048 0.5161518566338409 
0.691068191555214 0.17096145324300843 
0.14917707037703742 0.6144796470858912 
0.6936797399004883 0.16794752583096256 
0.8755515553441126 0.06494049999639433 
0.7129067153983917 0.15972008273503058 
0.7080258421518456 0.15973231260262968 
0.12398047610128388 0.6491301964082675 
0.9768062235909868 0.013019512905191629 
0.503659611650342 0.2913036872407423 
0.9608390727075665 0.020550460188787454 
0.6756476402327469 0.17870024109157423 
0.9586442467319072 0.021520214692872932 
0.7785433688622136 0.11854899573875793 
0.01684339966770232 0.8721212256236968 
0.01032480365499118 0.9006558237616228 
0.264444327083579 0.49015205184368177 
0.49436119140001217 0.29781767154793287 
0.028416186584677372 0.833203282447543 
0.26000183356500434 0.4910431100120466 
0.94340698672989 0.02951840477177502 
0.3481781450424991 0.4107866681442252 
0.46839443857403684 0.3165576925973891 
0.9382295550423874 0.03355151100734311 
0.5973912078749721 0.22799332337101924 
0.48948031815345555 0.3015499663008926 
0.6646829159643972 0.18547258702557248 
0.6595835239038443 0.18888992701796106 
0.7439915813530832 0.13827721688331604 
0.5124878576237272 0.28540298125606106 
0.053433716376473955 0.7802221392537522 
0.054859714188550394 0.7667429981962284 
0.1457745835521193 0.6191107008965935 
0.4817629214779301 0.30818449660484976 
0.2724635516087582 0.4790149725694105 
