8.82946459448801E-8 1.0007400733393663 
0.9999954330298958 4.197295012625694E-4 
0.04494685682509462 0.7887488856229132 
0.43663199717180495 0.3399917962865375 
0.8677215043998607 0.06898085111479087 
0.03413586686277176 0.8173604267916316 
0.40676962318636767 0.36286401188955636 
0.4726300510281558 0.32291894980372204 
0.8268600259556502 0.09181149906962305 
0.32135370675958597 0.4340330081584651 
0.10215745274558513 0.6814401486305663 
0.734629276419376 0.14392683205322715 
0.34042468112543617 0.41761961938692593 
0.6069960839855758 0.22148995891351775 
0.011140568769752501 0.8955532831415602 
0.8925847202539229 0.05604608194266889 
0.928385965487164 0.037135502074017765 
0.13962172641456796 0.6271685029062427 
0.7748836459171814 0.12039682435658841 
0.9106137034574866 0.04627795272582074 
0.6272766446037179 0.2086652900185561 
0.8141843410616614 0.10635573523807869 
0.7453136823083049 0.13796061593689993 
0.9583056115421422 0.02373781929255194 
0.15002961203221965 0.6137223036014015 
0.09346434194512199 0.6954108660702241 
0.3898398405657282 0.37658462143011434 
0.11320284439603623 0.6644351277270817 
0.3666214706244636 0.3952544345942764 
0.9739408070225043 0.013583252053519564 
0.2734152416120986 0.4783023411381537 
0.7133974753271559 0.15611703288919107 
0.9828662835684449 0.009280485235820191 
0.20602237181725835 0.5473275355822516 
0.5971902088204211 0.22783595399957438 
0.7911793205278427 0.11172057874735927 
0.8508414924330608 0.07954312297985855 
0.003443836630196348 0.9425771826023988 
0.42222847940038166 0.3511807979576551 
0.054685065871137695 0.7671014538498517 
0.5300177064831909 0.2728912835280859 
0.8433488517341734 0.08230405930799228 
0.307382903614655 0.4463786271863071 
0.02056184514777981 0.857690266320462 
0.025112485149755004 0.8428889949387502 
0.02887283542604646 0.8311045505057584 
0.17037935455149691 0.5881405106565015 
0.3561277940735014 0.40419157792985 
0.24366545052443245 0.5072427385353967 
0.08098003307604318 0.7162196700897995 
0.263946011277829 0.4869567867596318 
0.19088153149752296 0.564240302058152 
0.6833772018725193 0.17418153487460053 
0.08664751428597872 0.7064528639593387 
6.696283964994706E-4 0.9756454366039242 
0.05638890025726532 0.763590614814793 
0.3776326290640626 0.38608636143998165 
0.19642798661182237 0.5578442844835751 
0.6566620270044745 0.19043502082592148 
0.652634314381795 0.20008659347325858 
0.5134490074744158 0.28440339795064545 
0.015404156611224906 0.8770336487515328 
0.1297649965135711 0.6407693820245748 
0.2356970271192149 0.5154963558652336 
0.21482640790506846 0.5378792752851685 
0.29630337599936685 0.4603157278827637 
0.48061084048674063 0.30760047458024603 
0.0070432860588316715 0.916911852425724 
0.5470600355536385 0.26114879243725053 
0.34815937066828384 0.41102771999153337 
0.0013139055673318661 0.9649423048948431 
0.5348166069845841 0.2691905248426029 
0.5656849719091172 0.2484567474614002 
0.5780926080654338 0.24026767256550458 
0.22858517075608908 0.5229617154266551 
0.7992208233787824 0.10684357561663549 
0.0652962668998443 0.7453503917334808 
0.6937333702270518 0.17033621921131165 
0.899180161371408 0.052379805756790465 
0.2856630073014347 0.46984236070040075 
0.9441952635919848 0.03245184401915002 
0.5010429989652757 0.29296919120272946 
0.3128757334418981 0.44148173980269684 
0.11784835401977084 0.657444291821867 
0.18066130531475602 0.5757292540978808 
0.9995124409717995 7.470169910456517E-4 
0.7610521168189459 0.1282666656067596 
0.4281606517530592 0.3471139448323608 
0.2539334426182111 0.4995386135749369 
0.004916285241131163 0.9311030901237947 
0.6712077697139753 0.1813874395733597 
0.019618330054251842 0.8726248251451258 
0.4934592453353864 0.2984393982047672 
0.5839752979799676 0.2365948091550335 
0.6678137777109241 0.18332663912072225 
0.47302463593608546 0.3227608276197377 
0.5527502258821164 0.2573538215565023 
0.9464209689906613 0.027835238451458105 
0.17865472727628137 0.5780712936304288 
0.07158047245883054 0.7335831292826211 
