0.9999438507832789 3.6405785102828277E-4 
5.734014152380951E-9 1.0008119303979708 
0.3414702170271623 0.41648885669639746 
0.6000564757039119 0.22584174615830668 
0.25494353915837664 0.49580135358837474 
0.2392215147871209 0.5115559390946763 
0.5225791663714889 0.2798003495765235 
0.5421438168560406 0.26464635594159674 
0.6899279858198466 0.16996888284109413 
0.3232343724416548 0.4373877168987291 
0.8573004493876653 0.07469183645778062 
0.15545194884782898 0.6065266041816724 
0.27081051560924907 0.48425161229424396 
0.356848424160748 0.40311967025017764 
0.6453310410612041 0.1972693509245147 
0.45611810344596093 0.32519180915270135 
0.14625358257115983 0.618647413698737 
0.016171824973506777 0.8736237680888915 
0.8396656367095906 0.08426380660490297 
0.2791514275191383 0.472568161587627 
0.056780535350072714 0.7624729908177764 
0.665588251420097 0.18460017203471737 
0.5874371694735556 0.234157625306702 
0.6244632974548319 0.2102536044866513 
0.022552548098378783 0.8507317343276727 
0.026605698726062388 0.8377563760959408 
0.009834400967697221 0.9041980965571939 
0.13635491832424168 0.6313939142080478 
0.06582862449454571 0.7502410519228799 
0.5090788415522118 0.2871102018303966 
0.831731990193401 0.09233058701645823 
0.07091473241069357 0.7343156285148371 
0.9235003578153573 0.03952545164208185 
0.08322428157787808 0.7148728411354616 
0.5752434887511289 0.24214472230958306 
0.47427988632964546 0.3171949676028302 
0.20936314809270157 0.5430100227525306 
0.44569684412032085 0.3330700052038263 
0.4764710421756968 0.3103716414248886 
0.41690803900151713 0.364081605039659 
0.3131197409908236 0.441510569037184 
0.21637467038659108 0.5356790357908583 
0.4028550926672614 0.365779140145768 
0.9167855235051146 0.04975729232639351 
0.6294661983713823 0.20713139398566685 
0.08379946314078018 0.7114805009375204 
0.815696069439469 0.0973249060219488 
0.7745797297743908 0.12438213472794006 
0.5535174971008887 0.25653832075895655 
0.7449587567824674 0.13737834711292757 
0.9909346557038268 0.004929619339883394 
0.10487321867692873 0.6772446601295157 
0.49112545981224603 0.2997652205005651 
0.9724286468043197 0.021038562908846505 
0.19169496928858687 0.5631129953320523 
0.6570967072734508 0.1901484116179038 
0.11764887834109747 0.6646816008530482 
0.7570501865478075 0.1303353202029783 
0.8741911953074128 0.065456106971434 
0.09468677239239388 0.6935755427235782 
0.16864284974965155 0.591561012062298 
0.7155140132848978 0.154924522811106 
0.03965129021825209 0.8148145445436564 
5.343307818608672E-4 0.9775900480527803 
0.03208734266924734 0.8216030315717013 
0.017477099685818037 0.8685984470597738 
0.39321045830477086 0.3734621429397027 
0.05024989399954301 0.7764364631008891 
0.7327980541502278 0.14464108471432213 
0.7276258626398765 0.14771626510116243 
0.22724731664105097 0.524169344244687 
0.7778023118722313 0.11850743518705349 
0.7944961446174383 0.1092920632544556 
0.17362618839843583 0.584231277088892 
0.002038435764788238 0.9556224230715453 
0.2909609701230577 0.4615445003054356 
0.7892482726873435 0.1123326243715317 
0.04811241726192472 0.7817613993617699 
0.006002526437718592 0.9236123872680632 
0.09785327446996245 0.688281964845641 
0.10996743450359348 0.6691767599130014 
0.4992190943923823 0.29400950496658235 
0.4370687241956123 0.3408229286683945 
0.37740425188584803 0.3863204067090418 
0.9573532219458669 0.022020803263858704 
0.19972450333937009 0.5537373292274219 
0.1221284113549439 0.6511386617019295 
0.5666333312885855 0.24905479103983913 
0.390182153938992 0.3815995550116631 
8.336930955158001E-4 0.972210984736693 
0.04241515292984965 0.7947608578338006 
0.9499778962915968 0.02853418391005964 
0.009149404688742313 0.9052401064851676 
0.18259840896206864 0.5736114550305343 
0.2923459132270967 0.4598250710459827 
0.4224936563727188 0.35148787191745007 
0.9018468290678003 0.0508338491138131 
0.8063057423152226 0.1027208454866071 
0.0029721972519844847 0.9465013096080662 
0.06944443172326908 0.7373358726975635 
