2.701148685222012E-7 1.0002187193693486 
0.9999585613231101 5.865781540148427E-4 
0.08536465625655415 0.7133521110359804 
0.7203601520710157 0.15177172602131742 
0.07066419805463392 0.7354148863835293 
0.7059934587740354 0.1602640891520459 
0.4641909283345136 0.31930526075305615 
0.32968141580855215 0.426569862252667 
0.24011359088224282 0.5107173301104126 
0.48737372943028956 0.3046033671467538 
0.09346518743826215 0.6952008301596659 
0.8645546527652963 0.07063534757294128 
0.011210015119138161 0.8958770943648278 
0.7898195997451951 0.1118549304785101 
0.7748703961039616 0.1204523806823041 
0.06334985831880047 0.7490757800012072 
0.7600150834709053 0.1287945474303084 
7.570875469012917E-4 0.9842447905912355 
0.31343761615139554 0.44094990624578106 
0.3535385741182603 0.4071951413825917 
0.34134586348605545 0.41662634885624666 
0.8818407275181981 0.06141535234779246 
0.004239110643546817 0.9363990211630886 
0.9298619032983371 0.03652818737916953 
0.4178184131160735 0.35415457094512653 
0.05518787126609476 0.766208036757345 
0.40637232069697626 0.36306010508520803 
0.8050328520825856 0.10358781783201242 
0.96724957869693 0.0192459076842995 
0.8925147825744135 0.05569839343098323 
0.8498303503646223 0.07859013088976712 
0.1219164162225737 0.6516222893536444 
0.2953189810837964 0.45726495461595545 
0.7448528804018801 0.13771096028930624 
0.6208766688669355 0.21533241058712208 
0.9530079399857612 0.02432972365788161 
0.39455932438566677 0.37263856956623326 
0.01695242389883239 0.8708475606986485 
0.18102071419482135 0.575201656060531 
0.2700429894050611 0.4813312349965598 
0.49440183067690124 0.2977358051420914 
0.02468923708075607 0.8445490028996951 
0.6636646101400967 0.1859308981539472 
0.9415225387819898 0.032813564074705835 
0.038038888254190995 0.8060843975355866 
0.1355099560565542 0.6324889204209412 
0.4443692832005761 0.3342143244833982 
0.45582039680762565 0.32563167507305874 
0.3063475771568251 0.4473546918645468 
0.018503687864040233 0.8648943641486075 
0.14623105525109836 0.6183467882973154 
0.6841378925808208 0.17349141869087026 
0.5678303030323567 0.24699875888588452 
0.6865069017624835 0.1720202618589358 
0.002051794113155085 0.9572260814155481 
0.034676859918728126 0.8148188641945283 
0.13140688931358527 0.6385608654102206 
0.15904175723416603 0.6019368562368338 
0.6311556685995351 0.2062225761540884 
0.43022738562947505 0.3446861723593452 
0.9119375755951463 0.04549560043968562 
0.17347672653443835 0.584256064080178 
0.22639697287990845 0.5250629930576527 
0.3693405000285312 0.4006135723492766 
0.5950787152189555 0.23044458620350575 
0.007396915584627406 0.9151505835304852 
0.6070800780173846 0.22178990272232285 
0.22066050657881636 0.5365341750039387 
0.02913412592245085 0.8299217234998921 
0.9804507388876633 0.010319770037108269 
0.04980467133037733 0.7775818748278644 
0.2534691512743657 0.5002141533223093 
0.2814326486250812 0.47131163073787324 
0.11203327253934309 0.6662252148511203 
0.9090144176232999 0.04727829450986956 
0.26216739427575864 0.4890307900870996 
0.15032077250093406 0.6132675644887413 
0.19630038187109983 0.5577660582730551 
0.5590071764818547 0.25301369978346594 
0.2852839222384811 0.4667861512146614 
0.837996603672721 0.08524004774563979 
0.6622552526986125 0.18703577390922965 
0.044632291335135466 0.7896907067067921 
0.8321711275774044 0.08845675100027384 
0.1910283204184186 0.5637297756117671 
0.5473031040117632 0.2663467166534535 
0.6468834007302876 0.19635107660477247 
0.5819823905844611 0.23788409585400874 
0.5304362767724378 0.2724247621253229 
0.5511543384432206 0.25838295987140975 
0.43574166955959914 0.3404251676203069 
0.8166766118717457 0.09699617094790246 
0.745785589753434 0.1370623093347921 
0.8205940865528155 0.09473252705713785 
0.10261751160397141 0.680569066195577 
0.10259526764092736 0.6807022759681128 
0.38482211730435767 0.38059543782179156 
0.579091558335219 0.23955904438996012 
0.5204776055572777 0.279072287634619 
0.008959280724151641 0.9105257575660918 
