0.9998141610488784 6.636015267062344E-4 
2.057395230848887E-7 1.0011114248222366 
0.3130898475785539 0.44177252271437273 
0.07998002201976578 0.7182775132036938 
0.8571335273365761 0.07476278400250816 
0.0655052601682602 0.7456168035553848 
0.915581367276563 0.051844271852694225 
0.29070312003990945 0.4615419960531098 
0.5664885649260445 0.24856631972223295 
0.5885725135295716 0.233683324882226 
0.22416254987937373 0.5273842807537992 
0.329275176330782 0.42854000845303125 
0.0018965238871703621 0.957667383058777 
0.41793355375843994 0.3544019161971341 
0.3434927558643966 0.4202553906529025 
0.9338733199982022 0.03419169225936952 
0.8764701311549903 0.0646690874409567 
0.017172549535563728 0.8704793264221615 
0.06281103510418823 0.7622429248382129 
0.9846845726480695 0.008384433668179241 
0.6557257675833105 0.1908928367308364 
0.0055330639156001005 0.9267270713752651 
0.11437644927170099 0.6667793889148694 
0.6117799859602189 0.21871127380010416 
0.024739167332862244 0.8436522764131548 
0.19472109074869925 0.5615631389683894 
0.05045745017206987 0.7766214779022071 
0.6935233418084914 0.16979072307173235 
0.9705540172903349 0.015749443285840437 
0.39655546014401155 0.3713340271066124 
0.17448874911218037 0.5832760796759154 
0.7633885642702506 0.12691646229149192 
0.01144776947107079 0.8943017190773066 
0.3557263217520077 0.4051141942666231 
0.030762790760968384 0.8253220291715136 
0.7248934286507863 0.1494707168282752 
0.8366145798290066 0.08613017207936613 
0.16072537162514158 0.6003463898624293 
0.6780239436085083 0.177268811179948 
0.2401649620969235 0.5111638430025423 
0.6696527397164671 0.18246606354640052 
0.09965941495950603 0.6854425056246264 
0.6291510559717234 0.20764956967542228 
0.021130414808766908 0.8578250293635407 
0.8157805299566596 0.09916972551853787 
0.1787586096517961 0.5782650657767935 
0.12141063889078263 0.6526047892250955 
0.7120755568747954 0.1568464323398591 
0.10417318673839904 0.6785473454152334 
0.1342462046390871 0.6370223920074652 
0.4248551631542641 0.3489337783925376 
0.2749913923883438 0.47648682008781756 
0.7977073994628664 0.10785794945982223 
0.6422545682922092 0.1991391234603755 
0.21429538238081164 0.5381120070399329 
0.14665338118321206 0.6321109096143338 
0.7772495234811376 0.11914336399117285 
0.2650113084128257 0.4860957741805668 
0.4646787252260452 0.3251717432360925 
0.7064647018726017 0.1647509979138541 
0.4689206115691348 0.31614183802414475 
0.5080654578858083 0.28790101028555914 
0.0012499483157026592 0.9735066179103012 
0.28180279475388104 0.4700970027700954 
0.04577617078991536 0.7870978378131109 
0.14680415859983764 0.6177175421015468 
0.9429844327921413 0.029452833131384776 
0.006737350226013544 0.9191225864890462 
0.010949475337353035 0.9025692867268011 
3.686300443914575E-4 0.9868284373778783 
0.09032068391752028 0.7004083044340772 
0.12652888735850004 0.6451081165920064 
0.482678332834306 0.30599493405644784 
0.8943806893824652 0.05491332848400057 
0.7528017149268071 0.13324682574935948 
0.25190180490047437 0.4992187955171873 
0.3838208000748113 0.38142344833414893 
0.361296426907442 0.39992086968561824 
0.5381082799643405 0.26728129160302866 
0.3750872152127486 0.3889511284204697 
0.8195694487828262 0.0955358751082236 
0.9575969192687506 0.022091850396997497 
0.15889949178562163 0.6141281334794348 
0.09047146133414595 0.7000753879027948 
0.5462858826986396 0.26170797105271687 
0.7476206060626382 0.1388500991141106 
0.6019711116113988 0.22503592688293023 
0.8884254387156225 0.05800326059533704 
0.4826452262063673 0.3122105079706957 
0.24193038596640828 0.5090526786732409 
0.041174587787034256 0.8051249280388628 
0.49540487925772164 0.2969106862825545 
0.5528395772759022 0.2573940859008891 
0.04125737525143647 0.7977810498972815 
0.783674513120888 0.11560954718706741 
0.5309128679474002 0.27197460419959696 
0.9554613932934481 0.025977738351894906 
0.4484559300904939 0.33110329741361494 
0.4365457359232444 0.33999892438893226 
0.4960117467907338 0.29649701536672496 
