9.433596737107308E-8 1.0004924375905455 
0.9997252616075852 4.7513738000001815E-4 
0.5252352771695163 0.27594082231988887 
0.7280635857384431 0.1471655258256616 
0.820224960431273 0.09496003368991286 
0.5035694053517742 0.29089460621652347 
0.547828640536494 0.2606263966799813 
0.0015004853461550657 0.96198027016331 
0.7804245720135351 0.11698228969906332 
0.3877925712185051 0.37819238293048935 
0.7588197577148406 0.12932245849240562 
0.01162919535861328 0.8932002267800131 
0.46238237964954904 0.32056453065001844 
0.057573530606808976 0.7610167537318634 
0.9055254570962195 0.04882686923087636 
0.009306133898184854 0.9249166273526191 
0.2890340624618378 0.46291526869110056 
0.30177725170105796 0.45129073931195524 
0.1108200269013851 0.6677432774276448 
0.47870456106038506 0.3087715211622087 
0.8373128760568385 0.08537340725584915 
0.16646279867881364 0.5967193398685559 
0.02071432098181672 0.8626461955025466 
0.050448473297324326 0.7761960557718415 
0.8715751910736189 0.0670083972243695 
0.25457726621319243 0.4960917256149231 
0.07570249264148393 0.7257582347106006 
0.17703957433618212 0.587059422000091 
0.014061988766693009 0.8824061413262819 
0.18286937249726487 0.573134414695809 
0.7956914435159463 0.108463608546571 
0.13503809236326203 0.6334654891571997 
0.32181718663928227 0.4332881136337219 
0.3134763137589445 0.4427182808710113 
0.9190582128503513 0.041984197681179024 
0.9298446251443192 0.03611563799333486 
0.6014350764289299 0.22487825510161177 
0.03180622078850437 0.8223767823661379 
0.8476363663646695 0.0800063490498674 
0.2639117252606647 0.4870361058831777 
0.3705185940591186 0.3919520167358039 
0.33272569413683295 0.42379974281800786 
0.044925451965743685 0.7896108731602903 
0.7007136432450709 0.16358575231560343 
0.0027377078824021815 0.9487384498491124 
0.4517218717165679 0.3285393079874974 
0.9798668209708294 0.010558119834303811 
0.7119080020404508 0.15680624360130116 
0.44107762689551344 0.33648349547164186 
0.5899374818420969 0.23281791276226457 
0.040410081850254354 0.800020054248689 
0.7609435143584737 0.12809609274374367 
0.39903857217682287 0.3689214540015131 
0.5730535367370934 0.2436493058027971 
0.10209527424799902 0.681332003860865 
0.03567673974203084 0.8120892263035666 
0.9430052000509932 0.029244389771694242 
0.12677264166713964 0.6448835378895456 
0.22978373898036836 0.5213670624441977 
0.2212898157853378 0.5338118410939942 
0.004677581936674259 0.9321740356127541 
0.42522862340015266 0.3485616871299711 
0.06564545694780406 0.7448109732149534 
0.06738993339459853 0.7413655700156261 
0.3440358339063942 0.4141754103238763 
0.9957905676968016 0.005268928579257948 
0.4875509055067114 0.3022465075869332 
0.2424101137360885 0.5087987697885706 
0.12052099316485332 0.6551701156539973 
0.5823338615492325 0.23765748337415027 
0.02632354859101168 0.83878315566243 
0.6586540175846265 0.18894271529241483 
0.8886056753655633 0.05783292257288192 
0.6318779782371915 0.2056007970196352 
0.6263956720368691 0.20911454767821658 
0.1920469832905755 0.5626045402727281 
0.6446094774202419 0.19775536340563454 
0.5586489250697555 0.253135447813849 
0.8887544472270332 0.05768858982709703 
0.09858810921149429 0.6868234643262032 
0.14307457454368433 0.6223157886342667 
0.67208132769646 0.1807736300148706 
0.3558275810752391 0.4041800438957637 
0.2436659070579587 0.5072214846406903 
0.6869216361142286 0.1717729864459526 
0.022814142293358153 0.849783935910713 
0.19498396367256204 0.5591338455613066 
0.6160121829503138 0.21592337134669298 
0.968260072416453 0.01879270967929022 
0.4148416071422834 0.35670384322483795 
0.5633491867890018 0.25004680173251037 
0.7950283029137895 0.10884106448909106 
0.6156168834144966 0.22233212811202507 
0.15524239121448802 0.6068776477516795 
0.2049835672576169 0.5514470565814547 
0.09092779151519136 0.6994562578253679 
0.08385417322145189 0.7115031864559195 
0.27840820670091343 0.47318790052199206 
0.8600963001297204 0.07304734178855112 
0.6786952270398956 0.1767440430386027 
