0.999851678857873 4.3547849774909817E-4 
8.872671819772721E-10 1.000716638661798 
0.19452764230129954 0.5633141519483682 
0.6483266633092458 0.19539248356554118 
0.6208211387534774 0.21261875556094642 
0.17318480043692885 0.5864810772360056 
0.5063081023129906 0.2889925814887934 
0.20407500136457957 0.5488538702536221 
0.4844767147336384 0.3048216804265785 
0.4077792050017713 0.36245487723988473 
0.8289376922498783 0.09016335551169193 
0.39026352660858626 0.3773864401412296 
0.8107985088446156 0.10019318197262521 
0.07071435069023022 0.7346579471902313 
0.7733719865550145 0.12098742474865207 
0.103213666150034 0.6799818045445082 
0.5477810938227539 0.2605883835132472 
0.002728888134361812 0.9617918122110359 
0.11211416211587455 0.6658647497606051 
0.13929368878996656 0.6279036105049743 
0.022051438734957796 0.8522525759039936 
0.007584327077799324 0.915655739820966 
0.0011317036310877215 0.9755443285428355 
0.9120093251520607 0.04535153269354672 
0.7909886692587751 0.111358429894519 
0.43619356302503753 0.3404940662140235 
0.05078503448518863 0.7755192445916832 
0.2556164561153636 0.49765678445912365 
0.952449908849782 0.024563442597231946 
0.5800320140102101 0.23900456203833917 
0.8635744885881939 0.07127991640508387 
0.93134066810703 0.03533958597792773 
0.1296383669542144 0.640715584064816 
0.5655217161338315 0.24894003168451262 
0.062454950013810115 0.7510426960722746 
0.4678758363992173 0.3166355606090813 
0.23498383681880372 0.5244257049552014 
0.6844423337823924 0.17344162853423922 
0.60092216608207 0.2253856386278354 
0.14753149041835076 0.6167409469314608 
0.2717363367745356 0.47955410830487866 
0.7051345301653289 0.1609756653121611 
0.058196834359210664 0.7594512624938918 
0.885160606447994 0.060223734589299215 
0.7196543770517825 0.1522574463761157 
0.58844826153313 0.23329740192125892 
0.8484249285430663 0.07933227871730461 
0.30805810197501476 0.44972240991380025 
0.6591624501217036 0.18882332863373505 
0.9809512422941359 0.010001131378769523 
0.6107485957122336 0.2191259721865861 
0.8735899708685658 0.06606857985447011 
0.04589479536504132 0.7870096217211942 
0.21611322727724153 0.5360142065028519 
0.2536681262792264 0.5013275213732292 
0.9394374422898653 0.03445999499435744 
0.018560233636496504 0.8675077075021297 
0.7997004236820033 0.1063431433347046 
0.21973412863014768 0.5319543635624687 
0.7289398001845888 0.14671982391682878 
0.8422717878424802 0.08386840144297852 
0.5314535372839075 0.27198834872546374 
0.00427318647921876 0.9353473508879437 
0.5577269737853425 0.25411110219113375 
0.5162221087291784 0.28229181757622757 
0.04103055193607341 0.798392303169138 
0.08925718963639667 0.7019049127639495 
0.45246259599440636 0.32851106011933656 
0.07816318051397389 0.7218273021004022 
0.027553568122379468 0.8346537602538446 
0.3560496363282923 0.4148283057122348 
0.994574705047289 0.004322605037753039 
0.47822991729366293 0.3093705324092542 
0.38139698012290935 0.3831031087370575 
0.670826710208189 0.1846314044735203 
0.23859719564909837 0.5125513030759662 
0.3146823248430955 0.4400772547960996 
0.02904340910484654 0.8303331187788491 
0.120101943686856 0.6541624740425805 
0.35642973383812293 0.4035881551532372 
0.45648060812992447 0.3248924756862846 
0.01055483938608498 0.8982713651234906 
0.3394194800791389 0.4194106434945557 
0.3645162490306102 0.39683767963353467 
0.9639111550526229 0.019722197382135737 
0.2839655745592755 0.4677936043141346 
0.2851363345112595 0.4667648999342621 
0.2727705899213001 0.4785997269825274 
0.15492367057115736 0.6072258673254509 
0.523799857111148 0.2771563354859789 
0.7070265960586747 0.1598813677948889 
0.7549179527484257 0.13187197374137977 
0.004463565935893883 0.9338394934020623 
0.7500446368827616 0.1391269976181376 
0.29643795336224915 0.456178028812285 
0.9042137364370382 0.04940368686314349 
0.09508354836651262 0.6932357575881416 
0.32738861590773144 0.4286655788317552 
0.08552541686759241 0.714028448729502 
0.1578358226250023 0.6035888329447132 
