0.9999534102671704 4.191300216225769E-4 
1.5670815779469046E-9 1.0013945702912106 
0.0038250310862802395 0.9395511472079991 
0.7906904084132333 0.11141459097666837 
0.28375375196336594 0.46811302851638487 
0.011615458019121283 0.893197396633478 
0.7627371550232667 0.13628560850769675 
0.7316867036882927 0.14508784260054802 
0.8126044622200814 0.09930002945518986 
0.7680811990128606 0.12605186264018198 
0.4175620902833876 0.3543723392650782 
0.5608093929588083 0.25184036129370396 
0.6139480455273576 0.22526630784794005 
0.4339526123879839 0.34234674044387636 
0.9822524329057887 0.015624947682076071 
0.305865597348804 0.4524477650527509 
0.8766673979283699 0.06434250309659452 
0.58587214764602 0.2354250775861991 
0.5461977837086923 0.2614124486332068 
0.10638026046494503 0.6747033872363039 
0.17455215921929446 0.583197094380229 
0.3633360937329693 0.3977720732059875 
0.9223151174055929 0.04039108812749127 
0.1859548062658592 0.5694200686995474 
0.6292053921205307 0.21409750904633226 
0.08723970744479312 0.7056176215148651 
1.2296156222366128E-4 0.9898366083068415 
0.3760985459726276 0.3906910491314542 
0.07580756444396952 0.7256224040484951 
0.9623282780108202 0.019433120754578568 
0.16703822795227735 0.5922241619380418 
0.015104021593348727 0.8779950500211554 
0.8406085080215967 0.08380571862025743 
0.06585573589512556 0.7445241481893671 
0.9364386341137977 0.03285833660310637 
0.7101898566251273 0.1582063447529038 
0.21097493962265074 0.5417351584309965 
0.14782748846815874 0.6181366682037672 
0.6733708990081061 0.180333937024647 
0.02844164989944198 0.8320844268430138 
0.4975548467920724 0.2977556528202549 
0.9945009899825203 0.003235613228576617 
0.0012660296438879517 0.9654176535405968 
0.3213046189974047 0.4342821923767965 
0.057468968301381096 0.7614596789130634 
0.46958582803502114 0.3152846861088869 
0.44519500012260094 0.3333396464701816 
0.4520038486163288 0.3283223226606808 
0.23010998613890957 0.5229943845789763 
0.6993212276563098 0.16475387926280863 
0.24790686579630883 0.5028719186073043 
0.8637130512865376 0.07118290323545967 
0.20194374445911178 0.5517041763319601 
0.0966905951398639 0.6899888180037367 
0.02061595242075903 0.8575341790652424 
0.27130519512044105 0.4806315099313332 
0.13466678817821676 0.6342145035438786 
0.3838734640451831 0.38138943114423224 
0.33236827356531884 0.4241945285966503 
0.48599690613645663 0.30360149482638316 
0.12527994524519448 0.6470904830615705 
0.14241637931858422 0.6283357313758386 
0.024949388166438248 0.8431904457654733 
0.06949342475615355 0.7376628999042938 
0.5230995112325811 0.2819627036867563 
0.535223736385237 0.2688874602557695 
0.5766538488005457 0.24134869736997994 
0.0024688840595277067 0.9594583093477816 
0.6881103381008394 0.1710876996322377 
0.9067535439525503 0.04834114430213936 
0.6395451285275405 0.20120155456528416 
0.9452988691955622 0.028078572021223536 
0.05402667779955583 0.7691824441681399 
0.46363412162835 0.31981575754666125 
0.1582095821626593 0.6030565742208128 
0.616241285509074 0.2156824620868036 
0.04700907553747492 0.7847008023936056 
0.34559314173777905 0.41748951634066206 
0.9539577189491795 0.023631378096279625 
0.2587643032410989 0.4922713374060655 
0.2183180563962878 0.5335009758614998 
0.15537489438175034 0.6069961081249647 
0.6582549907061392 0.1966905015006418 
0.39086733967703186 0.37552693447938945 
0.5293313081864717 0.2730474583588256 
0.09879637956385573 0.6865939205014571 
0.4048691077542452 0.3643715894334698 
0.8247535173719782 0.09241110665946552 
0.039166681085539924 0.8032231427028917 
0.8515646838109625 0.07782309436941427 
0.828484474446229 0.0905569918686924 
0.8921665553086191 0.0561863342599589 
0.1156242592782275 0.6608610004081927 
0.910458710042045 0.04638392107821414 
0.11552320770140537 0.6609488729693791 
0.3978303709802102 0.3699669005126879 
0.040554221480220254 0.7997420800974825 
0.23872139953497712 0.5123320331887806 
0.8924028986771921 0.05592940339820387 
0.22334348645302446 0.5285942861298204 
