0.9999551578423823 4.636262193332469E-4 
7.509346180895906E-9 1.0012483771001692 
0.696721188465811 0.16586701692077765 
0.16630131313309962 0.5930880598405704 
0.7647466291952099 0.12614636992840167 
0.46387355198594443 0.3194585468260525 
0.727763145929225 0.14755679661097984 
0.8606242185930234 0.07276176190013431 
0.1513458608023299 0.6117873968621984 
0.43948811703282326 0.34304243659956546 
0.12074569179742559 0.653252984544712 
0.39274960143249904 0.37397306536873687 
0.14128859986242032 0.6251352287177744 
0.3032841144405344 0.45026456541647836 
0.2898582790091361 0.46258778081460467 
0.13279768459088742 0.6432947834433189 
0.7450767765485581 0.13757489268925663 
0.6461055163087751 0.19683853233391863 
0.4105275227219042 0.3606540077706549 
0.09114159974924413 0.7070481382105595 
0.5316727789774782 0.27165755650860973 
0.8345669952776836 0.08708470182397975 
0.6623886501730246 0.18679707278875807 
0.2711322690016227 0.48410521144575336 
0.7837266878003819 0.11533200394095834 
0.42253673077267356 0.35653588651157514 
0.5108682142916516 0.2858978904075752 
0.07646466560877196 0.7303206609618464 
0.2777975350416221 0.473566643009244 
0.17940821522900802 0.5779929552730065 
0.50128606624018 0.2936264827043286 
0.053901403826389416 0.768745847147465 
0.2144224454896806 0.5376555345145441 
0.9569771395660474 0.022388314414603764 
0.5523736934330353 0.25732173883107273 
0.10004174867963622 0.6846585619551476 
0.2552479546608434 0.4953552201155332 
0.9731709101089705 0.013890951432966212 
0.7930485088526334 0.11027422496097664 
0.6331171987550853 0.2050242868633359 
0.23780334813248716 0.5131117683324891 
0.01777752521531567 0.8684694090275942 
0.0613203389329981 0.7532677861299142 
0.012275436128235007 0.8899009539502862 
0.8737311062823849 0.06621529458461385 
0.9851196022612155 0.011974863196937548 
0.6881096051378004 0.17642169834105664 
0.9255076764084671 0.04254588032568283 
0.6225367075348225 0.21166691165835264 
0.6744493169313424 0.1804697046019538 
0.812344218540878 0.09938234976757054 
0.31550171672313465 0.4391043110642134 
0.10861297841727559 0.671168705664977 
0.004288906261649461 0.9353626972352724 
0.3819391979889918 0.3826517893316769 
0.2493130917713106 0.5012135100354334 
0.5276773482732823 0.2780678404031593 
0.5647939428658975 0.2490465177122082 
0.8330989726902555 0.0902834474568666 
0.22186821161839307 0.5295423215028549 
0.20308195132494877 0.5504146565421222 
0.03125865007150941 0.8240445140936474 
0.04868732844024201 0.7804930772343175 
0.04448991987485962 0.7918646619185252 
0.2361043819482882 0.5261546619290394 
0.6110888248877444 0.21919504196794898 
0.1995619019816941 0.5557154100339239 
0.09174702991868103 0.6987993446322559 
0.9504005333013428 0.030395930240620577 
0.18860343338872915 0.5672447155633688 
0.4382621481912999 0.3459325661565487 
0.02006571043574462 0.859562050414262 
0.8104725522714967 0.10364161619890111 
0.02474608135344495 0.8450548547481183 
0.006473862570736594 0.9215516881215392 
0.3390174081245383 0.418728381449415 
0.3492778810487702 0.4101584828916404 
0.8898295172567355 0.057119824567560644 
0.9078000578797403 0.04761489246905281 
0.001135607526580873 0.9769630280697701 
0.026985596816525164 0.8366782116187491 
0.9040619976677435 0.049730296039013605 
0.7353956809172998 0.14448783844925087 
0.06627076843464108 0.7431348031146628 
0.48761151819184856 0.3026044013213716 
0.99834599548947 0.0014636185432118827 
0.5756748028484568 0.24180248047011124 
0.0020190567696754614 0.9558043669039401 
0.8853403250228229 0.059854574415279846 
0.008279736568162999 0.9100492249914265 
0.32932013325976794 0.4267309079497037 
3.4554342297701823E-4 0.9823474468822644 
0.6063727253629667 0.2271052956895965 
0.5957333631290953 0.2300993636822613 
0.5817661340723017 0.23878611096318259 
0.36291366884215337 0.40199786141184285 
0.4765333509258378 0.3101463974926653 
0.9372604360694795 0.033175810968982276 
0.0023158251345141573 0.9526778542269124 
0.10655307678755421 0.6743619464759539 
