0.9999257143385818 3.4215261941021526E-4 
3.404113668725728E-7 1.0070587759784955 
0.6648143304895449 0.18532987622777997 
0.704780559237971 0.16096546879047485 
0.9290177912862498 0.03911269153037992 
0.8552476134294016 0.07580557891182953 
0.3053890602732253 0.44801008548578175 
0.08037437971278244 0.7174869745713641 
0.36595995004355086 0.3960794321172546 
0.2672587297144152 0.4839106448423833 
0.0570982132797046 0.7617573883921406 
0.37851707546611746 0.385432925370771 
0.13742385782449695 0.6401701003698613 
0.09295955569175343 0.6957657833988824 
0.2880272289267331 0.4671005181505941 
0.5759254357874426 0.24208667412245163 
0.900782934052035 0.05217312705014175 
0.23948368922314617 0.5113704712814797 
0.5359742162040956 0.2685670315587412 
0.39447384070380925 0.3728201603662894 
0.06493288490616492 0.7461891977889966 
0.9849993121506306 0.008088450501402951 
0.8148251114664521 0.09790547402523696 
0.4909515832679057 0.3000651184361305 
0.15645374078363505 0.6054073466012201 
0.07720179308471634 0.735843893097317 
0.019976016077238645 0.8595576896215753 
0.830321908388712 0.08949618093197591 
0.47636558154436276 0.31056252913296956 
0.749313510059296 0.13498244088422634 
0.8772851713958232 0.06385667949157312 
0.012214568834761842 0.8902994007829939 
0.2562878609635948 0.501863398264724 
0.04807913713074455 0.7814022252525127 
0.7298215606763321 0.14619619186703148 
0.557969358000536 0.25406711480725386 
0.188660444784865 0.5666408632702576 
0.9465689205549244 0.027511072041196113 
7.595386996685494E-4 0.9736563778270778 
0.11946773144071016 0.6571948050715167 
0.3496291168433603 0.4095933104586728 
0.10696373999885372 0.673638819609761 
0.1971141673905496 0.5569915040898095 
0.431450788230208 0.3437534358551248 
0.5064348399220212 0.29584356158887976 
0.89751474836991 0.056445105588516675 
0.6497113278521698 0.1945032321684288 
0.4231511989804049 0.3504051238569853 
0.7763236559513949 0.12194982443320565 
0.8691328710414707 0.06833682080941286 
0.0077268047340229296 0.9153961262621456 
0.3244773684273853 0.43552741371526127 
0.0036752528816351993 0.9405373122386327 
0.6251078139922772 0.20996996968931023 
0.21671549574825333 0.535323048083399 
0.16680937199055487 0.5921113668291424 
0.7990026216364827 0.10640700158236066 
0.7129975279460302 0.15605372780297197 
0.23363753966698564 0.5264404836779378 
0.7899944399429706 0.11160767782239046 
0.9685664146153121 0.017224641311440313 
0.46234346165869755 0.33062903677110494 
0.5595946025872524 0.252839732988172 
0.3368157999936293 0.4201930299731299 
0.011897702918959557 0.8918012938222702 
0.006512919497819403 0.9203179189957397 
0.2601569737939878 0.4918906177637108 
0.024805405628048033 0.8435268460641345 
1.5230725568641818E-6 0.9996384414327604 
0.5316347622500193 0.2748767031276959 
0.7243359670746109 0.14938799489649715 
0.0014529317063895486 0.9626716065533494 
0.6022556305117912 0.22430617853397755 
0.03360689946006589 0.8177260737528269 
0.11561373163309649 0.6607615803778659 
0.22447100902555 0.5272375989121403 
0.5136888115166818 0.28696473789034593 
0.4116692860379848 0.3590665456447662 
0.3290601122849453 0.42683065579751894 
0.6351261887744162 0.20405355306669246 
0.40464899359102435 0.364614814489594 
0.1705950397924024 0.5876165885641383 
0.2926643838806412 0.4595827824366192 
0.20575751154862965 0.5471793303133955 
0.614223715312231 0.2169997723328567 
0.4441080249504976 0.33485698913166645 
0.6565848329660011 0.19034100038219837 
0.0026816765483969607 0.9490737705541524 
0.8280582937807497 0.09053862280854373 
0.0413318443977338 0.7977835185645169 
0.14730303947329138 0.617248913695074 
0.3453701525067919 0.4132814402575767 
0.46691061969511594 0.3173228424624455 
0.2087584311042353 0.5439178665586331 
0.9984691048891832 0.0013367305401828457 
0.4453914028322402 0.3331968668315351 
0.7681471066575069 0.12406468679633062 
0.5889694229024028 0.23324571116243692 
0.5892765902581072 0.2328183676015464 
0.036428315281272994 0.8098899969482816 
