0.6610220113067581
0.6610669175721418
0.6605066213576862
0.6610747215645094
0.6609253309859149
0.6609737345581524
0.6601714416454105
0.6605589837259487
0.6604326426016364
0.6604110114507403
0.6608682879947282
0.6604358524277404
0.6603495616036953
0.6601898886467683
0.6606441584659124
0.6605708114950999
0.6607359698422779
0.6604613041771343
0.6605303436608344
0.6608093853038396
0.6606112035394153
0.6613379239381696
0.6607783163211929
0.6608129344994464
0.6603791201649976
0.6604645148552746
0.6607426549694967
0.6603204259432321
0.6609813111343057
0.6610299313871626
