9.06179666974541E-5
8.836318596136846E-5
9.909710918137776E-5
9.54449941240367E-5
9.025754088618012E-5
9.675336056412802E-5
9.968614683253729E-5
9.323323236049684E-5
9.558008899103228E-5
9.369465742948013E-5
9.799457476024971E-5
9.718923464395168E-5
9.201281914488602E-5
9.847328083261208E-5
9.247750175193568E-5
9.685261785538267E-5
9.36465677489107E-5
9.496638640090576E-5
9.815991334397404E-5
9.558824003914624E-5
9.566603224913407E-5
9.002484909441108E-5
9.453984827617092E-5
9.038802981937938E-5
9.461409363507514E-5
9.44370513529687E-5
9.42320184746715E-5
1.0321016046258297E-4
8.787576826451424E-5
8.966446537933781E-5
