0.323742848354685
0.3255747117301384
0.36472626713465456
0.3383376656744194
0.36470783302545795
0.3729905511509939
0.37890401396557205
0.3391594954667788
0.3503486283802139
0.35214348290429104
0.37801009246296113
0.403281108331895
0.3387882099409061
0.36997161716688315
0.34615968092095345
0.3608479504051272
0.33753497160019935
0.36429307458209204
0.3513314297449972
0.35181541370878
0.334418097035282
0.29386157786506795
0.35569265847168685
0.3304120450537997
0.320576931607561
0.32748353190754187
0.3327755468518653
0.40144758457679597
0.31391725457119724
0.31584042967907194
