0.016091209647882354
0.07221947188972233
0.016752584320403392
0.015449814002272078
0.013812560316915912
0.012906126646897498
0.013439730718665381
0.013482483852082117
0.014332415442314339
0.014056631659718433
0.014413492765046443
0.014603152775361505
0.013617386035017345
0.016758501058893427
0.015319857558206418
0.010659332877008931
0.024015265974009714
0.018059260519109416
0.020546944083838586
0.021500774092637398
0.017068277945811783
0.015601205651934458
0.08843054570926483
0.018312052946995283
0.01685845511628653
0.013775784969399352
0.014246427940603379
0.012650394481916294
0.01567245181191501
0.015736758704168796
