0.0 1.0187142360040298 
0.8408390768237772 0.08916329208044689 
0.12954835445428273 0.6578001741728483 
0.7732839054805567 0.1274903760409478 
0.27229246821442976 0.4928367883647647 
0.7450378676053523 0.14626712933008026 
0.11853252423547557 0.673601493264417 
0.4449127640643067 0.34745922676795343 
0.4603929202365938 0.328599727119409 
0.2987466529726184 0.4679114136996629 
0.15075883139132662 0.6188263179538375 
0.824924021231577 0.1012212289322287 
0.09920578811095443 0.6966601102152593 
0.5284462986395668 0.2786800502057632 
0.0023077310767728723 0.9625074052868718 
0.17102455653883142 0.603048393184681 
0.6861157469994501 0.17782308483544276 
0.7838905553096029 0.12649231807213246 
0.07166042615278193 0.7499477228496156 
0.803386977353594 0.11418881907115688 
0.006044192531234505 0.9314095406809467 
0.1408206435695178 0.6353313227823222 
0.022674037199236496 0.8615031223216291 
0.5418268824596333 0.26953319242190377 
0.5716119625489197 0.2503072538601495 
0.6786655672192572 0.1883959400075863 
0.31185460404744364 0.45355614433611063 
0.33463959076260574 0.4363057403811299 
0.3415112121658479 0.4248602198247351 
0.5151389569177388 0.29033619957413465 
0.3713482454475061 0.40451050085079193 
0.38451078128472466 0.3946983712454755 
0.21787056838929908 0.544002088264311 
0.484684475096138 0.3095190818812129 
0.03168808331425982 0.8326784172860575 
0.8086409305741301 0.10737318710857331 
0.35174241138057827 0.4150947672417352 
0.18224871573278456 0.5899479845680203 
0.6373076590861227 0.20685722977802568 
0.58901546997729 0.24082100092199846 
0.7113749042414352 0.16441230672417242 
0.4036894360169123 0.380462217274469 
0.03844975215035007 0.8127313139368599 
0.5550270195651583 0.26389284773518146 
0.6273973077777171 0.21551985146353947 
0.19806063535677387 0.5712336262075686 
0.0010325051772729354 0.98829405931845 
0.6470693707178355 0.20122066104073305 
0.041028209050587905 0.8085344118345582 
0.36281385338412336 0.41164375490944377 
0.739912242112765 0.15153683724584416 
7.302359861276683E-4 0.994158393675532 
0.58901546997729 0.24082100092199846 
0.6618891556190081 0.19389467961226928 
0.20495156425689376 0.5565736690161224 
0.43030917814820835 0.3584269616161953 
0.41299894788071684 0.36420823216291576 
0.6185775818875568 0.22034312597640301 
0.05055854964562507 0.793764018676383 
0.026459788040299415 0.8552391220408663 
0.08118516354927227 0.7248183188588241 
0.7058869474462832 0.17098776276324998 
0.5074369182776821 0.29434055374730017 
0.012954238363073467 0.9049315060319326 
0.31991845006761704 0.4414472177234395 
0.056121019415265205 0.7722356324636277 
0.015377223178476562 0.8875423140305304 
0.07746585643098164 0.7416374357080815 
0.028923350003545567 0.8390094156901582 
0.2469727202483675 0.511499073364216 
0.7237699755751763 0.1548754195799864 
0.6086387467424951 0.22452494742503876 
0.23816677852028006 0.5216487776690085 
0.4325827899503742 0.35571445176547856 
0.23816677852028006 0.5216487776690085 
0.41112678292048743 0.366981405482642 
0.2510786240077316 0.5084079696995614 
0.08411622312794553 0.7196423695782481 
0.6086387467424951 0.22452494742503876 
0.28295759611773125 0.48265109024906583 
0.172878627781005 0.5947100649227324 
0.015377223178476562 0.8875423140305304 
0.47476484347625525 0.32324933015992957 
0.012954238363073467 0.9049315060319326 
0.10630195614908547 0.6905145414932856 
0.18855306303088093 0.575748575197201 
0.3825842021856786 0.39516439032501016 
0.056121019415265205 0.7722356324636277 
0.6590022531914972 0.1974784613446317 
0.5074369182776821 0.29434055374730017 
0.005749660094369752 0.9444402999323569 
0.484684475096138 0.3095190818812129 
0.05482772428568278 0.7839505753573519 
0.22278083925768055 0.538459566413838 
0.4036894360169123 0.380462217274469 
0.22278083925768055 0.538459566413838 
0.08411622312794553 0.7196423695782481 
0.3163180871114797 0.44512037352524486 
0.14717813730942908 0.6319784621011758 
0.2510786240077316 0.5084079696995614 
