1.3225372033629441E-17 1.0062126109599117 
0.999790266667866 0.004900599844106315 
1.3225372033629441E-17 1.0062126109599117 
0.14688403651231158 0.6263803827588281 
0.08392589798088368 0.7177718036593327 
0.09543627626729845 0.6973916693204577 
0.203971164262512 0.5582809007390126 
0.17165765426095483 0.5940289927512165 
0.017315940293286536 0.8800780535355718 
0.7522348110522862 0.13819409860318596 
0.16181929818748308 0.6077821929711235 
0.0445766193471723 0.7990225163171744 
0.5039290103115855 0.2975558320293657 
0.25257687954863406 0.5046087277108532 
0.07115985597082725 0.7402579078628364 
0.22209337109421023 0.5367817199951025 
0.6098739523823242 0.2233940843123463 
0.10854258768404851 0.6780136811229236 
0.43724838835659424 0.34668667306262013 
0.2609052572104991 0.496660212613431 
0.6810052472445068 0.18134331302851073 
0.1873067039835809 0.5747997798116189 
0.6983357361393357 0.17114657590102442 
0.3756997390939163 0.39502992223761935 
0.5238558741783106 0.28387111210739074 
0.3957928518039222 0.37749188639616893 
0.004336703549758 0.9450076718647688 
0.5985052734805627 0.23393936094894857 
0.5858309203346797 0.24188481819947547 
0.02254258968040332 0.8599901620991597 
0.03083617976600736 0.8343906847439375 
0.8827367678690595 0.06723234230814286 
0.7097089006297755 0.16319355537625438 
0.7732531647388394 0.12639767723479198 
0.00738716328711575 0.9255444651705628 
0.9313298737911755 0.040808787012361035 
0.7906545983965109 0.11624206470613593 
0.491252991593103 0.3069408780592038 
0.2888053093806191 0.47115106270214535 
0.8498925406520974 0.08382517349592934 
0.010418136158623303 0.9060482745191615 
0.33640918941021236 0.42661811974277486 
0.3850154914801871 0.38679081235787416 
0.9802412145001353 0.014592133598019459 
0.9416165615642091 0.03540145104655947 
0.4100095552130292 0.3675738762954731 
0.32300548977705545 0.44260895183189164 
0.29977887157995153 0.4641756315717931 
0.8111701066885094 0.10618116045435523 
0.45191390583417834 0.3342761962448692 
0.5471000291683787 0.26774079224392827 
0.8111701066885094 0.10618116045435523 
0.48109090309702807 0.314246016714311 
0.42207074369945413 0.3581789421725901 
0.5730894514464361 0.25026476934296765 
0.644275586160719 0.2033259859812958 
0.8633415951776624 0.07807331338455271 
0.1179593604465034 0.6647031338363907 
0.8379882990697423 0.09092863779672061 
0.1297707628875135 0.6484768582979376 
0.0252194254727538 0.8469004122032749 
0.1297707628875135 0.6484768582979376 
0.194064312740552 0.569030474343423 
0.5645970779363395 0.25556412509377796 
0.33640918941021236 0.42661811974277486 
0.9687257670428515 0.021064010361559773 
0.3582442372303524 0.4057688451130751 
0.8724739514687587 0.07199015332763913 
0.5533737966385116 0.2628540354234051 
2.4368909103231196E-4 0.990722207000044 
0.9926695566567292 0.007728891276376993 
0.055424899734931046 0.776483374988757 
8.178499297894215E-4 0.9776982553451605 
0.9558294958485986 0.028126738734390457 
0.0567720666317439 0.7718516130088342 
0.2782247953777426 0.4816251699971984 
0.5313293520442041 0.27676129857096243 
0.627410825459333 0.21328207890169537 
0.23554926735748943 0.5243019747880631 
0.8379882990697423 0.09092863779672061 
0.627410825459333 0.21328207890169537 
0.9144024115102092 0.047974396152044484 
0.6684399789226064 0.1887170369358633 
0.03083617976600736 0.8343906847439375 
0.8990422759775949 0.05781577046256851 
0.22774696891772983 0.5307993342001884 
0.04770549759219245 0.7916735840200512 
0.31896712001033567 0.4461558110433106 
0.2782247953777426 0.4816251699971984 
0.8990422759775949 0.05781577046256851 
0.469905601472188 0.32098871040324667 
0.35810691959633384 0.40852876583778497 
0.469905601472188 0.32098871040324667 
0.6538631199999956 0.19792823181232647 
0.3069143916482152 0.45231171624938843 
0.0647518091207518 0.7515524254567872 
0.664401609155088 0.19123856907616338 
0.23554926735748943 0.5243019747880631 
0.11576076508365846 0.6686878451127767 
0.9144024115102092 0.047974396152044484 
