0.0 1.014505496672541 
0.9999426904585718 0.009170079452288812 
0.0 1.014505496672541 
0.2425636391707738 0.5192414363765832 
0.650444568809692 0.20510825782038447 
0.4257258526013843 0.3593410599917354 
0.2863442068028512 0.47672956003178324 
0.4054563103806269 0.3763379299366358 
0.06843524123701569 0.7513583823067784 
0.8724416443562167 0.07658845814117544 
0.08449510397241485 0.7256126239762924 
0.9238231486765982 0.04897853949218883 
0.2750444761376627 0.4870001781166858 
0.5494799983337755 0.26956321040531805 
0.010520824655059074 0.9148222250327165 
0.03834504367130959 0.8228203034977272 
0.9019833401823494 0.0607279006398563 
0.03087523450464988 0.8414166999527628 
0.20852791480731545 0.557782486018822 
0.3058297374919918 0.4585971012585166 
0.015498029698611637 0.8904054792700931 
0.04446469274046097 0.8056165845950534 
0.16518615645259804 0.608465657244115 
0.9378437274091068 0.04146563907576611 
0.026120395957744236 0.8597585078344451 
0.6122141275813516 0.23176260118501796 
0.2271074317823644 0.5358077744031283 
0.19792412816436555 0.5696202678294744 
0.8917979746860973 0.06615975499518091 
0.0888311196568339 0.7141552047205888 
0.35985441447879457 0.4136681704245396 
0.00477771197305249 0.9521476056466361 
0.007563361795316262 0.9327735529704299 
0.8540786045625444 0.0862660284498024 
0.5642170148149578 0.25975162135857355 
0.5084504850698472 0.3008543992845716 
0.534577560823664 0.2809905389749989 
0.17463687353919394 0.5946801610718232 
0.09994362874821233 0.6958389773365068 
0.6309315682600863 0.21746168934964646 
0.8296648525789678 0.09999032301696863 
0.787739921914931 0.12249202586062294 
0.8047790772096091 0.11284787052564763 
0.767527390631846 0.1348271311510014 
0.3732810604610989 0.402299559078945 
0.05914966308723274 0.7707505618223492 
0.7495561974974047 0.1431972139388191 
0.5737902034651581 0.25130304533114317 
0.393262156383094 0.38560013991668207 
0.4598268775255224 0.3343060776584033 
0.38424834067693336 0.3926810469665308 
0.6992679259557932 0.17478839048773068 
0.8447647165727284 0.09183764958953941 
0.477510585778128 0.32247546289050555 
0.0019944816029441315 0.9704906145679272 
0.7343096139543329 0.15642439328019037 
0.12987872780726695 0.6544755749257911 
0.25806915188580215 0.5028282766435642 
0.6253055811826618 0.22091405800007913 
0.14092651227226322 0.6395452135678512 
2.729011652960467E-4 0.9987171166968783 
0.981886879653425 0.01832296162093656 
0.11962650077509368 0.6703990025885057 
0.9737622891121182 0.023747953481799495 
0.25780710504480914 0.5031482311092162 
0.9541018369751064 0.03289203358089165 
0.3314225879984946 0.4358624012916965 
0.5889114951365211 0.24686867550060884 
0.5168875402906579 0.29328002663892383 
0.18803412900232513 0.5827834264332675 
0.7174737810998286 0.16391314352167705 
0.5242878191063753 0.2861894156468016 
9.396986106229577E-4 0.9824304418174341 
0.3123841968919507 0.45405548013878233 
0.06362177499134175 0.7629928940041473 
0.15454533294556277 0.621525836881064 
0.45215696473783273 0.3408610373325597 
0.9947061003496351 0.011812124395070324 
0.5956517649082593 0.23722572038392523 
0.15454533294556277 0.621525836881064 
0.11284406883143 0.6784328789268037 
0.05232621913767316 0.7895629455671848 
0.6678956772718552 0.19373508231202416 
0.7635586938728695 0.1371639660062697 
0.6678956772718552 0.19373508231202416 
0.4797808357998443 0.319616595269894 
0.12811136431408032 0.661534876586051 
0.6951373992878744 0.17717524408133029 
0.14047290479583208 0.6404791100662166 
0.18512780031556222 0.5872992477626495 
0.3640194678390545 0.4110447240722651 
0.7924481235611329 0.11986317411433318 
0.49228225774639967 0.3110721201693235 
0.4396308175150788 0.3507638694082655 
0.717946284359275 0.1630473121527166 
0.6828310564186366 0.18463383509471215 
0.8319889846735496 0.0993065737738326 
0.05232621913767316 0.7895629455671848 
0.9598989722182876 0.02831264235454746 
0.49228225774639967 0.3110721201693235 
