0.9993964208386165 0.007351051764059496 
2.2326503446811318E-17 1.0124193305588676 
0.2930239635680625 0.47023999295518554 
0.8440894586611236 0.08882199594636668 
0.31686136569752843 0.448524227230016 
0.9175151313010059 0.04910036073973396 
0.22385179152880347 0.5395035735711191 
0.5304110865954559 0.2811973083297882 
0.6278433616616841 0.21558686642538 
0.818897875709675 0.10418469020489847 
0.610181508092061 0.2269002480465338 
0.7241811099748259 0.15678180408310333 
0.44801186168326884 0.33952443911982916 
0.6763307879739731 0.18724309188000723 
0.19664425373563224 0.5688584776253469 
0.040843666338938836 0.8110575943383621 
0.0892462632724636 0.7121043027623856 
0.43278022142378625 0.3528521943840518 
0.9422837866701459 0.037598650064747816 
0.5511653813267469 0.26771701765310046 
0.0020640421997373815 0.9988401069837042 
0.46546108385530616 0.32547569823517475 
0.1666162397877301 0.6023101581588081 
0.27170791737114397 0.48836664737329394 
0.744810656976458 0.14542191524070094 
0.07235242751251339 0.7452318923251091 
0.476917508456699 0.31760505104618775 
0.023246802186259408 0.859564326750508 
0.41903810317863927 0.36328069496110954 
0.06410710376844783 0.7582049705495271 
0.7780660303103445 0.12548379320588 
0.37024218730606306 0.3996214339438632 
0.6531633253372541 0.2011705877645981 
0.651009283427374 0.20355866623878985 
0.2563493257940435 0.5040463380855003 
0.3515185885553085 0.41661000795194614 
0.3495403500688785 0.41794123432723584 
0.8816846638146837 0.06845226347973046 
0.05720373212012832 0.7733578982888628 
0.3837442866033883 0.39015218771996196 
0.7953580628652667 0.11570516470183402 
0.4068513016199372 0.3711589319262412 
0.8667583830386546 0.0760032706076009 
0.0026596461646643844 0.9632023412598539 
0.05039941598074438 0.7887688109035028 
0.7553286065001585 0.1382081918730057 
0.98288029053969 0.015541719200762694 
0.23684232922103443 0.5241901685816487 
0.7689127119808559 0.13242543476008245 
0.11861635987996819 0.6663985125549616 
0.5613727671871047 0.26019322738508693 
0.14638092382987358 0.6292425365107374 
0.13810063146948384 0.6400313284459853 
0.9519865276117301 0.03111299484557184 
0.7076370694493149 0.16833993657799887 
0.3303831276572214 0.43442652822191913 
0.591053070363982 0.23978969474028916 
0.1133418257724711 0.6766004267327294 
0.5744445078674238 0.2521317090043577 
0.26742208649728844 0.4948082725354659 
0.4928035038280244 0.3070948320474434 
0.10156857991183299 0.6934909922367805 
0.5121890064257917 0.2930513678080152 
0.3303831276572214 0.43442652822191913 
0.014620095359291707 0.8929047162631686 
0.01880453766631801 0.8767942252784336 
0.03536851119496126 0.8274773608592266 
0.10156857991183299 0.6934909922367805 
0.5121890064257917 0.2930513678080152 
0.9634351639445263 0.025095745977457708 
0.9711905807288911 0.021314421789756212 
0.5900421893316085 0.24000922789887838 
0.0287555077492454 0.8418752640558383 
0.6889532264108771 0.17775043938499185 
0.20614293645564508 0.5584581986967084 
0.20614293645564508 0.5584581986967084 
0.1756969315690957 0.5928920984902509 
0.15077687560391523 0.6186131893841261 
0.894423160613832 0.061932242659262615 
0.08178912419633069 0.7272830061228792 
0.005444281604451484 0.9397693536824118 
0.9956028446340923 0.009359824401202104 
0.08178912419633069 0.7272830061228792 
0.0026596461646643844 0.9632023412598539 
0.3949957482347445 0.3793751799566374 
0.13226787003780408 0.6491495266008666 
0.37459860336395684 0.3977560133486866 
0.17972965280947412 0.5877409027632582 
0.6930360779215333 0.17533890028365268 
0.8686031237501266 0.07497332829389422 
0.051900922387194404 0.7848935661901931 
0.17972965280947412 0.5877409027632582 
0.703835229225604 0.16999840882447934 
0.8985060137171021 0.059810144584859413 
0.572142172680372 0.2537344789197547 
0.15077687560391523 0.6186131893841261 
0.8027041470548748 0.11140279276571209 
0.016559921498491132 0.8826506714391065 
0.24056397708454721 0.5203543823973091 
0.3957577010080044 0.37866129770879037 
