0.9999877987297876 0.004440617584114459 
0.0 1.0091063721345392 
0.025629959596594108 0.8511435406914833 
0.3588950379902466 0.4071850682459424 
0.8400893176618169 0.08822695806935739 
0.5243200052015724 0.27963753256618534 
0.49752629704491147 0.30083113491526847 
0.061450513841266124 0.7611391699915494 
0.6539780889168882 0.1972502850643892 
0.6304542969212534 0.2136530446399368 
0.9335557983431406 0.03845596143942436 
0.3757963754726922 0.39354669858389074 
0.2032556356531835 0.5563046186296431 
0.07612735627311414 0.7318150062654137 
0.0330321188170369 0.8262883962493036 
0.18927443394710367 0.5731015425920084 
0.41125863827344517 0.36266033156245303 
0.7744399665286066 0.12664578536497106 
0.2287050462433771 0.5287306243844989 
0.012341007484421117 0.8972197154926079 
0.5051882070799353 0.2950299566967426 
0.8761942308564923 0.06876502874787499 
0.9049935867683265 0.0532102383627844 
0.2600447104918304 0.4982209901113901 
0.9029559825331089 0.05492962463275387 
0.6931223821810052 0.1727913740859545 
0.3324716694198682 0.4299829014623324 
0.08714427099046282 0.7118603914874342 
0.017116896582168993 0.8776456017127388 
0.6837607822822134 0.18027842238266123 
8.85394675480225E-4 0.979563449995821 
0.006997348647564183 0.9253398915873906 
0.425533684817735 0.35382159924796436 
0.9593246716153183 0.025132703596134013 
0.6106804303757304 0.2239400845405634 
0.7118313516531611 0.1640029000654951 
0.1784075668702776 0.5854847931818138 
0.396660424240843 0.37644363514800366 
0.03900830373867227 0.8104016289286068 
0.12409027026099817 0.6552140294778583 
0.39046771498702915 0.3826641247499457 
0.2922998050300167 0.465680975352214 
0.0454065271334598 0.7981259650258948 
0.7194486366816144 0.15724719401343004 
0.00343424155171837 0.9518157810286532 
0.0490904030250639 0.7828863440392847 
0.11168689576561569 0.6732084219054111 
0.5912031970697821 0.2366636018492424 
0.15640918221463862 0.6124564035270755 
0.25172212395182725 0.5048048676225495 
0.735669013393308 0.14938283630188048 
0.7570463860451979 0.13711249063661488 
0.4563169642399053 0.3328729696783783 
0.27418945238736203 0.4815668248774997 
0.8714050470731143 0.0712899275257692 
0.05655004304824973 0.7729924525365577 
0.5652730344550603 0.25381277760896814 
0.15407545774387318 0.6165429512408772 
0.44170454723592056 0.34131739833218383 
0.813905188994076 0.10512269882181112 
6.119834909649731E-6 1.0068962627430946 
0.0018378090613352938 0.9658761506905691 
0.10147471203679675 0.6889614395828173 
0.8035881371445924 0.11095707269026654 
0.6170385778958251 0.22048332533909118 
0.27418945238736203 0.4815668248774997 
0.0058090089810495515 0.933449339897323 
0.21563669233341848 0.5441905818378148 
0.5757260455831916 0.24716853660657465 
0.46902462631195657 0.3211702872331732 
0.43727773741859133 0.34612567914075537 
0.7581231978400352 0.13679927757017207 
0.13400811347486155 0.6439102100107115 
0.813905188994076 0.10512269882181112 
0.3018985278519447 0.4550090423255088 
0.7884601555492821 0.11692969046120985 
0.17023925547346824 0.5949247428523827 
0.10147471203679675 0.6889614395828173 
0.33966870190007664 0.42394723536157636 
0.853801653328831 0.08085953333651874 
0.30829363331921866 0.4523178404370506 
0.5421895645516545 0.26919548238697616 
0.14076947548397487 0.6343079201696809 
0.0795704842386877 0.7250342892013886 
0.01546108219707399 0.8840925794285777 
0.7346335154533443 0.14995393068687143 
0.33966870190007664 0.42394723536157636 
0.6676181375489227 0.19028015767690298 
0.31650508190357546 0.444689338908106 
0.2417149233772711 0.5152177033304104 
0.2417149233772711 0.5152177033304104 
0.853801653328831 0.08085953333651874 
0.17023925547346824 0.5949247428523827 
0.4617399810004192 0.3265310246118806 
0.6676181375489227 0.19028015767690298 
0.14076947548397487 0.6343079201696809 
0.31650508190357546 0.444689338908106 
0.9737343435353084 0.01778839063681804 
0.5830648790892352 0.2420972048456974 
0.5532362069248201 0.2622578522178436 
