3.2478157874944034E-17 1.0074894145623052 
0.9996829409014857 0.0034475989903706085 
0.26936408218062996 0.4890926941779963 
0.11460694460500923 0.6679668346132245 
0.44465084802947347 0.3375766685636824 
0.005165317493277699 0.9367994315029597 
0.9390157648727548 0.035065886617631804 
0.010606720832861405 0.9054712906528126 
0.09421413492777625 0.6990853423488418 
0.7750782748255793 0.12412870970421515 
0.6913780736265384 0.17288376583764795 
0.3526828172085757 0.41105779453728075 
0.01622959387131717 0.8791426014191984 
0.0309356634274503 0.8311498503426205 
5.192522954335166E-4 0.9855611560585478 
0.06397445904218745 0.7531194790920085 
0.08415833489462907 0.7158841222940663 
0.8163523166996385 0.10076161126822872 
0.8286677855549547 0.09382110285970459 
0.22411419214363895 0.5324341298772194 
0.6396598708599411 0.20468492562511956 
0.5336082787435253 0.2721419533564377 
0.9205591926194778 0.04467319541524627 
0.5703046617525208 0.24997352789725769 
0.8461970052011484 0.08488676716323028 
0.23560888483641224 0.5209630471312997 
0.5206266317263394 0.28304203007462353 
0.12288478138530218 0.6573220145497756 
0.7099512389671745 0.16158030044116384 
0.3144179076249582 0.44518472564883826 
0.4640891645601778 0.32422865718437177 
0.02414019414447699 0.8515337473070458 
0.14865606716251706 0.6220608387838382 
0.03867900066284535 0.8097776353127736 
0.7268095618044966 0.1512700659957192 
0.05312612231850433 0.775888476376088 
0.6207049259731492 0.21606884115206534 
0.3362933287921319 0.425816997367455 
0.4268160686187018 0.3519982951901435 
0.7514382608457398 0.13944644057102776 
0.24912136344387004 0.5057174071131672 
0.6053211720695253 0.22782463884625895 
0.5553057002056744 0.2595095083864048 
0.2026330645787141 0.5526538139501516 
0.6571167655146053 0.19410005549826037 
0.40731619628205035 0.36631224907680393 
0.2954204758086652 0.462184514257765 
0.7928913888256878 0.11347260524326837 
0.12288478138530218 0.6573220145497756 
0.5088397796614674 0.29147334431947536 
0.39045577366425266 0.3803852925443979 
0.3064807141096064 0.45048436163793903 
0.9774290219473435 0.015527409578495016 
0.03867900066284535 0.8097776353127736 
0.49223287296034596 0.30457537145150065 
0.7600711331476625 0.13370839371172155 
0.596861133347457 0.23200692467566272 
0.9918492311886449 0.008001788013434343 
0.5476257012896834 0.26521139420684947 
0.05981903229734281 0.761501602564073 
0.14865606716251706 0.6220608387838382 
0.3644760955047205 0.401619681690893 
0.1834773003826789 0.5789909511143286 
0.013532350691408568 0.890999578951841 
0.21209136399204692 0.5430631676337976 
0.9680268797361071 0.020109594623948658 
0.15537264493580533 0.6150273824157416 
0.3644760955047205 0.401619681690893 
0.6289334915362801 0.2110667073716707 
0.07650330859117602 0.7305958872157374 
0.6955543757826084 0.16812741805780015 
0.49934216995888775 0.29789426170937044 
0.663722216716104 0.18929099490489878 
0.05312612231850433 0.775888476376088 
0.4222266344462748 0.3552994546881467 
0.07650330859117602 0.7305958872157374 
0.002260908135872118 0.9605214196894185 
0.7240806998695111 0.15344298582628488 
0.02562102669291677 0.8461989579237592 
0.09373667811548232 0.7003398550552214 
0.28871997744390054 0.46959516669041773 
0.8780728724217688 0.06781643044494849 
0.28871997744390054 0.46959516669041773 
0.002209032866321977 0.9611374606136724 
0.4119507851517644 0.3649542934524452 
0.24581016338311623 0.5098010328183301 
0.16240715231435898 0.6050196570854884 
0.3875418812566953 0.3826343249575557 
0.8624235712601813 0.07658063652068524 
0.17708717562790852 0.5865432754063156 
0.16240715231435898 0.6050196570854884 
0.9046844976259165 0.0528998088877682 
0.857596597843759 0.07830396724966049 
0.5833401162191727 0.24031241805663828 
0.4694333423268106 0.3197594099635749 
0.4789322319920226 0.31287761819833426 
0.19128497217756843 0.5683603299674534 
0.5820857740308758 0.24166586483592428 
0.9558897500869439 0.02489674611718474 
0.17708717562790852 0.5865432754063156 
