0.0 1.0057807467539703 
0.9998686928291591 0.0029083033068067875 
0.9998686928291591 0.0029083033068067875 
0.11764975518195703 0.6622783993629101 
0.9222719442487298 0.04187783617640739 
0.13096812844237232 0.6422758140086929 
0.20300198522726065 0.5532821321771707 
0.34911215303129917 0.41362854777843794 
0.014932061627922488 0.8828418341904686 
0.2194875971027052 0.5346662218750614 
0.5228205357847123 0.28171277463748845 
0.023237058442796943 0.8534045026805488 
0.538905254513913 0.27041641973161906 
0.04331611020800863 0.8007012717727484 
0.33390999184125514 0.42632590814488036 
0.5910353117907738 0.23450924542478305 
0.2543025572636782 0.5002542722112071 
0.2719659825963249 0.4830058358944799 
0.033520183611644 0.8255471943736158 
0.17072239445397513 0.5913001478784149 
0.5029470161271142 0.2937532604095485 
0.2904644470623288 0.46650051653316765 
0.06678397795037028 0.7477865369704884 
0.3891270268357006 0.3806356373144015 
0.41569882596349117 0.3593816114836388 
0.8941885731798492 0.057158182761190265 
0.654436642235316 0.19490104557574403 
0.9422233480534478 0.031894937364212755 
0.8077574393618494 0.105341237360802 
0.24477251613970358 0.5108283470342232 
0.010912389067153125 0.9016792329928667 
0.05588247350873837 0.7720115673631199 
0.10092476690831684 0.6867028446623961 
0.8490793229515362 0.08127404832084029 
0.04908436737393679 0.7850319962035918 
0.48151130340716797 0.30993260342052364 
0.08791573790294382 0.7098738035678666 
0.8678320659727334 0.07229074831764003 
0.02790140112890821 0.8381771431802832 
0.0023715622320935603 0.9566971473895934 
0.3691605459993508 0.39578074282081327 
0.7239778175613134 0.15209938696926903 
0.18717786562441377 0.5728186977109424 
0.4928838732205096 0.30242390025198107 
0.8738249916886752 0.06786963426849121 
0.1549474501615854 0.6115612971219684 
0.6980739712263551 0.16842649970955878 
0.5776218911629805 0.24417465987649725 
0.10091683543029889 0.6875712549070689 
0.7896045483105376 0.11516174015944114 
0.6666771144612714 0.18915831814904324 
0.3691605459993508 0.39578074282081327 
0.06356434155003343 0.756490684631398 
0.7582316122398266 0.1339475637566292 
0.005916118230621423 0.9292457321176026 
0.6853927454703999 0.17652142344197963 
0.8415940332060627 0.08748055957544842 
0.40693156064806524 0.36746611676731095 
0.43410496257776626 0.3457833191167305 
0.007561720956908408 0.9186240967912735 
0.44846831875506354 0.33455963131100547 
0.47047928400846306 0.31964958076663885 
0.6176067891068746 0.21795915113763095 
0.08015610667881698 0.7229672054326046 
0.6766097753114516 0.18134215637679638 
0.892311602622486 0.059416632685021224 
0.39701624090546866 0.37386754842416076 
0.9621820881057767 0.022088986484741686 
0.003228485433951128 0.94876667075841 
0.6371650437249319 0.20617504191716 
0.9537929612062281 0.02695592783813917 
0.7539496128785385 0.13635802178167689 
0.6298142902128661 0.2096004448237231 
0.44846831875506354 0.33455963131100547 
0.14676973580370972 0.6214677895414304 
0.30845377740139657 0.4497982542066305 
0.30845377740139657 0.4497982542066305 
0.7985640240634875 0.10984949902159999 
5.393055524492429E-4 0.9840485877450679 
0.7079171341535053 0.16221695319770224 
0.8281617547131338 0.09354263932266225 
0.7152682981298649 0.1581949583154749 
0.7759870823365638 0.12340095035151617 
0.47047928400846306 0.31964958076663885 
0.14676973580370972 0.6214677895414304 
0.4343298255583532 0.34497962175428193 
0.8281617547131338 0.09354263932266225 
0.9739712658865857 0.016174870641846285 
0.3198098683744647 0.4395964323497743 
0.08015610667881698 0.7229672054326046 
0.23226839587806306 0.5226128190584947 
0.23226839587806306 0.5226128190584947 
0.3198098683744647 0.4395964323497743 
0.9791108791635041 0.01411692325707563 
0.7759870823365638 0.12340095035151617 
0.6108233917526589 0.22227050335258253 
0.990203937354175 0.0082305225312917 
0.7385277170923866 0.14368848294070286 
5.393055524492429E-4 0.9840485877450679 
0.5599126848272946 0.256332927045721 
