0.0 1.0116633468122984 
0.9980180204345349 0.004947666156970067 
0.31546024852404664 0.44634801661144824 
0.8149605993606797 0.10178761736997928 
0.3344480997683258 0.42760298365687827 
0.7821029533476227 0.11929302764447015 
0.47043607849857394 0.31974851204615423 
0.6268777937415132 0.21669786262262325 
0.021224622911321767 0.8625994539939807 
0.5749358220195183 0.2505676103823082 
0.29184359216958106 0.4660876659146361 
0.37257156056407503 0.3973155447825969 
0.07885644096172603 0.7262077078801442 
0.5919843928127461 0.2357975889957535 
0.00368743324604498 0.9477154489970308 
0.6057333856363419 0.22644410926051253 
0.2512507353272786 0.5054285089887253 
0.06922691622340774 0.744372327511676 
0.6503059390400963 0.2002472030475446 
0.20092383126587937 0.5614343781716894 
0.9354873263508753 0.03691466259479042 
0.754859497707336 0.13726379569213892 
0.0013636240011121181 0.976061858207734 
0.09009295209737303 0.7097059306267489 
0.7740589820306216 0.12484195373969677 
0.701127468219719 0.16965149791915632 
0.8730909338887978 0.06950869386972891 
0.4522838623739216 0.33285434534537406 
0.6740607575871387 0.18435921936543306 
0.5581231732045061 0.2603305297984225 
0.8384122606544027 0.08947042091275663 
0.7310801179549018 0.1486874688497245 
0.36128570846249564 0.4043365932569829 
0.23966493466099953 0.518253113793537 
0.04642989833800204 0.7949546174215082 
0.05714289522074156 0.7688241974137263 
0.6447594495875113 0.20588419385217596 
0.23036005131396037 0.5316590033072119 
0.17414116911048477 0.588677463670643 
0.911653761914848 0.048691168989845206 
0.9617775529893885 0.02266949564605496 
0.6894445331885626 0.1740337637193512 
5.78179900230083E-4 0.9913398845723846 
0.0968941984795478 0.6979632029047643 
0.21213682128273098 0.5470695307532425 
0.14770016314667483 0.6209604393250775 
0.8270560952913748 0.09528762606173385 
0.49501636685522166 0.3008186143228369 
0.7445440103743042 0.14185553759799796 
0.4889863697536372 0.3057567852279922 
0.14141042490930028 0.6340824591583475 
0.029191187637059916 0.8366791418888577 
0.15711021886718263 0.6121012819610113 
0.06048482609971556 0.7615108380139021 
0.17414116911048477 0.588677463670643 
0.8961532569335677 0.0583199155462113 
0.006428793419981066 0.9262672849344067 
0.3947533167962146 0.38080959287472965 
0.8667395298071567 0.0734451599950434 
0.10280518745077127 0.6856891032479996 
0.5479526729782626 0.26683027633436185 
0.1893029687224542 0.5747502620977327 
0.9800907597938077 0.014899155797067949 
0.5392240898597462 0.269945331700193 
0.523717756612246 0.28373079624252734 
0.9803917212016944 0.013108209057340118 
0.5097038305754154 0.2901988257707709 
0.127252827723644 0.6514189413129258 
0.029191187637059916 0.8366791418888577 
0.01528393388057736 0.8844835960551439 
0.127252827723644 0.6514189413129258 
0.717174995381709 0.15688418261605555 
0.008389205456573734 0.9226496036364694 
0.15711021886718263 0.6121012819610113 
0.6769714361311205 0.18339037686161275 
0.21091778174622747 0.5486804862931505 
0.34888619674807053 0.41543811843976575 
0.1893029687224542 0.5747502620977327 
0.4467530866061521 0.3398133934663406 
0.11709863630811847 0.6644716960045648 
0.34888619674807053 0.41543811843976575 
0.045664465294025874 0.7982304709097877 
0.2729306864368928 0.4835438048893187 
0.717174995381709 0.15688418261605555 
0.4285593666243559 0.3528929934529777 
0.010589086587127289 0.9039836388425487 
0.2839885852604658 0.47242970589306205 
0.11709863630811847 0.6644716960045648 
0.4285593666243559 0.3528929934529777 
0.8961532569335677 0.0583199155462113 
0.9077655721401894 0.05069881476785609 
0.23102888348306072 0.5270111536352425 
0.3995456663714678 0.373529584974323 
0.017167068988090117 0.883275317590111 
0.8541910321169774 0.07963340323878294 
0.28023296560430594 0.4777514485907407 
0.8541910321169774 0.07963340323878294 
0.010589086587127289 0.9039836388425487 
0.03614117874797035 0.8173459743635489 
0.3947533167962146 0.38080959287472965 
