0.9994819377861217 0.008950413512250503 
1.2529381811691981E-17 1.017011263503733 
0.12461209115568614 0.6617684197209455 
0.6134602889959214 0.22657160505761917 
0.10151712498984594 0.6963042507996833 
0.23713795992211256 0.5179635292726751 
0.5333554704470738 0.2813528831570388 
0.17899237728590653 0.5917698766419754 
0.9211145260883162 0.046172145124789864 
0.021942537283625593 0.867418699419861 
0.4863165737544218 0.30988105882536815 
0.03188688572746379 0.832381067446553 
0.25655436294787526 0.5069964472511266 
0.9375227700750569 0.04220119035920523 
0.474511269921575 0.323336212306386 
0.2100392350544758 0.5556571470293147 
0.014369361403647127 0.8966013294791144 
0.04947017339289651 0.7938792215205871 
0.40134686259147345 0.3789927854891009 
0.025994833404473228 0.8555719774613072 
0.3780036173594152 0.39226729455988485 
0.14266012839934478 0.6374506982782359 
0.1431484304737768 0.6365494087354711 
0.8764643538241387 0.07473090842409114 
0.5862587338216115 0.24055435456785992 
0.8600040194654399 0.0814136693585498 
0.7955376319766464 0.11805961326614564 
0.6345129443724802 0.21340702956727034 
0.6565031724827095 0.19994568857469802 
0.6934377793160502 0.17372881956385053 
0.8351311777348678 0.0950322839006945 
0.0778294269534976 0.7362403951771371 
0.7576811623475632 0.14091073452111713 
0.16201629109941607 0.6131222078336229 
0.35235375832772714 0.41963135772017496 
0.16201629109941607 0.6131222078336229 
3.053930446887433E-4 1.00044187068737 
0.9894059256134785 0.013505709923916896 
0.6932171289552779 0.1771364702428733 
0.8479923295354466 0.0888220490437565 
0.07381161701856936 0.7457372063036865 
0.037110547367592436 0.8174990325114778 
0.7289643656839894 0.15292163557843355 
0.06197160476542579 0.7587432356925304 
0.5728747740272938 0.2542993193647148 
0.2707580595433169 0.4849063284122864 
0.3994191820976818 0.3816319746062058 
0.22592649917939422 0.5385314402779736 
0.26158364708500403 0.4938293884616006 
0.8887819446690981 0.06659869136761375 
0.04493724664996099 0.8080203670830808 
0.006645004524562223 0.9371704668303124 
0.05753021510479983 0.7752608074375029 
0.7758673658660421 0.12922025795874617 
0.630881781948626 0.21662205457701222 
0.5630629682764636 0.2558310669851573 
0.087360572589336 0.7184772408571386 
0.087360572589336 0.7184772408571386 
0.5528813548718201 0.26743007082785086 
0.36467759831292423 0.40877341788149535 
0.004308474824278791 0.9521330396309503 
0.7576811623475632 0.14091073452111713 
0.4235993199434374 0.3607922854200506 
0.11119819566676892 0.6797640249683358 
0.9738373806144648 0.022325105655685917 
0.37194785563695026 0.39798831022628206 
0.51435817713425 0.2897910270982999 
0.20030397064771044 0.5599178465362173 
0.5039205592984992 0.3017644557804178 
0.012454410195494592 0.904711797326962 
0.282595666963685 0.4781012704299055 
0.4235993199434374 0.3607922854200506 
0.297588150650558 0.4668060646602204 
0.22592649917939422 0.5385314402779736 
0.6720589476192471 0.19099037944942485 
0.8989799694141678 0.06103473753838858 
0.11119819566676892 0.6797640249683358 
0.001638495900093656 0.9784606346323121 
0.5855807575849743 0.24138718763091876 
0.3364966604716877 0.43375885070116954 
0.28461454201875347 0.47012899203126746 
0.7850422175013898 0.12346142986562966 
0.7193610849527455 0.16139417108866946 
0.32377531257514647 0.4424804494834242 
0.1960794709259034 0.5714231062033832 
0.4340323856520094 0.35299306532432184 
0.8989799694141678 0.06103473753838858 
0.9563215844235062 0.03371403735909199 
0.6720589476192471 0.19099037944942485 
0.3364966604716877 0.43375885070116954 
0.001638495900093656 0.9784606346323121 
0.6609433856821508 0.19787733149401268 
0.5528813548718201 0.26743007082785086 
0.9639926921133788 0.027599374083997822 
0.35783327687851707 0.41486210444747057 
0.4536045357083044 0.3332081377273325 
0.8215089364362109 0.1039540889676711 
0.5058482397922909 0.30052497838026615 
0.31989279158622175 0.4431355543633581 
0.7289643656839894 0.15292163557843355 
