0.9999249162583742 0.0029746924046155053 
3.59390838335466E-17 1.0078554432297042 
0.5616343182442134 0.25495189776709865 
0.0031832179984277453 0.9491180648396704 
0.09976605651503878 0.6936971440455897 
0.15161559861328547 0.6192309096952926 
0.509210969948037 0.29193138653953904 
0.9528374498116077 0.02753775064378801 
0.5824213668765172 0.24230297530976933 
0.08572259124469772 0.7162395117207742 
0.055373473381609584 0.7705133420488106 
0.041776041266000596 0.8043659028317985 
0.5286490528498132 0.2762153529162902 
0.542796981075405 0.26976389252904315 
0.5984050559543826 0.23190587337991286 
0.06876565898146114 0.7430582649092635 
0.16730474976458154 0.6047958459842921 
0.9767609527969552 0.01739844168594916 
0.49402473255294144 0.3026240929602545 
0.31999869561888167 0.43925639454550236 
0.24776896386590538 0.5060636465362145 
0.019802721266790446 0.8650990373334916 
0.8506676508726531 0.08224094834059546 
0.46957846051363783 0.32129903387545866 
0.22069161691323264 0.5363949324731555 
0.9130549218141066 0.0507892253829091 
0.13834881154573486 0.637189409700569 
0.008902287348302146 0.913682481140712 
0.07685590132987641 0.7291183888515957 
0.7278967124306672 0.15330730931728545 
0.37749337881074624 0.39373818559477075 
0.4788580227778081 0.3126359802885407 
0.34588744494793855 0.4168023961635592 
0.6620057852825117 0.19031705163639565 
0.7907268461105468 0.11704555132081516 
0.05900792430499319 0.7635045778066285 
0.27340044959782284 0.48235181185303233 
0.03878467059914309 0.810138049681019 
0.9863371166717407 0.009839932832356204 
0.9344921943745969 0.039008358402349196 
0.7587957304225104 0.134583817737135 
0.6418653332209588 0.2019274539816975 
5.550148232729146E-4 0.9847068797308047 
0.13213384555124177 0.6456870518413952 
0.28953989520400514 0.470028901613872 
0.394333022028338 0.37556266697919183 
0.7378767156679414 0.14573002671973043 
0.8696401108263538 0.07043087583257729 
0.030992006142623374 0.8325112664966111 
0.3875343155814728 0.3825372827190622 
0.8824868615310015 0.06383141898208856 
0.11153527897327814 0.6745441547951749 
0.7494533644963584 0.14006755536490417 
0.2643144598284434 0.4923796369564411 
0.014852808214983665 0.8894895956129635 
0.801240576688526 0.1110559812669447 
0.6416426806137057 0.20606778285397334 
0.11036443982478306 0.6773030571685431 
0.303528439232095 0.45567084254864687 
0.8609139699094572 0.07698322231473324 
0.8934290642386944 0.06150347318197338 
0.8194111328606375 0.10030854330325549 
0.1748159673662258 0.591073768561346 
0.303528439232095 0.45567084254864687 
0.9024126991843175 0.05318049991447871 
0.23347491579669744 0.5235993776049179 
0.258820722067582 0.4995968157346706 
0.34213544299154397 0.4232716493222868 
0.6816572544343338 0.18120182397623907 
0.9372350772614797 0.03785292501082974 
0.026215076068713122 0.8504829137202908 
0.015276043281388985 0.8882214884316216 
0.8106991686478313 0.10546367476202068 
0.28367769639369966 0.4712661125641566 
0.19437495642649352 0.5681966403037185 
0.36440313332590574 0.40287036760196204 
0.7738955113104546 0.12530828353938978 
0.8298072348029797 0.09410699296971574 
0.23347491579669744 0.5235993776049179 
0.36440313332590574 0.40287036760196204 
0.21075737819474843 0.5472676814063323 
0.2079843792053406 0.5502526634776113 
0.7117782411290273 0.1630967153401065 
5.550148232729146E-4 0.9847068797308047 
0.12316561554360858 0.6579553795724963 
0.006462076412281248 0.9266637886154535 
0.4148868596933171 0.36222284349948575 
0.7722744703827644 0.1259328630468194 
0.7117782411290273 0.1630967153401065 
0.12316561554360858 0.6579553795724963 
0.6868017702269145 0.17513723875158752 
0.19931851855601931 0.5623628850489795 
0.6152985225600841 0.2224048504544037 
0.6248868245399039 0.21622008146898788 
0.41973230046617743 0.35818578205782964 
0.8298072348029797 0.09410699296971574 
0.3304794162639902 0.4315383091440752 
0.4375524734510835 0.34561341551837865 
0.1852830842221349 0.5791955209310582 
0.44203879415461594 0.34292539157056695 
