0.99963071784728 0.005594933149965701 
0.0 1.0162800644956036 
0.22101534704558776 0.5384475464954726 
0.003976771946640922 0.9518028434940978 
0.6445860700394961 0.2000217896308354 
0.3505778887802351 0.41704951147289426 
0.42697653124207535 0.3577592923601978 
0.49031845171476096 0.3067721480708099 
0.5535276400309052 0.2652270419035079 
0.6211555785677001 0.22192993524480017 
0.8634059918062486 0.07923294398906038 
0.9152488764621215 0.04869794924260325 
0.8429771794301529 0.09047009174771053 
0.07892282518481995 0.7323536879909851 
0.7001609359661352 0.17318921128125872 
0.015511176227134438 0.8871788763711959 
0.5135042954437755 0.29349748289251454 
0.7204018750137555 0.15869969041141385 
0.2705681548085728 0.4887810221501671 
0.48145857627146993 0.3140524565582303 
0.2570001612758181 0.502346636501701 
0.11262383849764691 0.6753915710808592 
0.817346651270627 0.10216442383477269 
0.803234272920405 0.11237100534292767 
0.46653142615237864 0.3279000844309552 
0.6024380081921736 0.23389470816829688 
0.8757722336512934 0.0722283154784478 
2.8468988945220056E-4 0.9941853343737811 
0.062073400096746834 0.7593947414074204 
0.676030331980443 0.1831573335757299 
0.5160344192045723 0.2849047904220587 
0.20420691371906222 0.5605636790106706 
0.23592420170105016 0.5226895010541889 
0.12445623947804749 0.6604903503652391 
0.8924171409038557 0.06358614330939079 
0.7272009315601374 0.15446028176214427 
0.9621391331855229 0.025358670399482995 
0.16934335022016944 0.6009343358291136 
0.7495495944105084 0.1403223887483864 
0.8313702050663748 0.09696796394039253 
0.038305140274116745 0.8196584248913412 
0.053751497236684764 0.782010296293454 
0.57540792818212 0.2514215198947546 
0.03018126596011811 0.8376887762698977 
0.012077714779911305 0.9051140021203112 
0.7463700892406236 0.14578765688391046 
0.9280988407013149 0.04449588228515374 
0.9832625480311898 0.01385076547405745 
0.44509077248088336 0.3414103252939137 
0.9479077731376598 0.03223746563984944 
0.32237486080225425 0.4469708482737627 
0.02211146815517609 0.8666404754794301 
0.10677800646648765 0.6867474082754714 
0.3055719549799656 0.45379332962956825 
0.6915771480565329 0.1783919299784302 
0.1410851830742561 0.6354664411571872 
0.5366446031226337 0.2748151803944584 
0.009329276125723915 0.917856584815288 
0.3963458653925413 0.37923255235202497 
0.32569432670022447 0.4383515781588619 
0.4581109831589551 0.3338302428225937 
0.9756914995605678 0.01805414868622182 
0.07244476713403274 0.744648988110312 
0.1410851830742561 0.6354664411571872 
0.28110370594349304 0.4809569565588086 
0.16029419324578484 0.6122977196024041 
0.7688443844486444 0.13046415395925257 
0.24988024962990515 0.5123393784919502 
0.7688443844486444 0.13046415395925257 
0.6172699439532454 0.22439596911640552 
0.16029419324578484 0.6122977196024041 
0.6654531959091304 0.19416514932418494 
0.41266172386411754 0.3666231888654819 
0.28819721955960115 0.4741991051404469 
0.02211146815517609 0.8666404754794301 
0.13191109806152485 0.6501107017660871 
0.37385441741049874 0.39266411738793416 
0.19324355660624434 0.5743117582809822 
0.3726479919506625 0.40043647058004356 
0.6584926271446523 0.19619414054709716 
0.19324355660624434 0.5743117582809822 
0.7896901985303215 0.11797702253660344 
0.2922116121292083 0.46287066539556126 
0.03018126596011811 0.8376887762698977 
0.7896901985303215 0.11797702253660344 
2.8468988945220056E-4 0.9941853343737811 
0.17773246669164966 0.5914657496113321 
0.8911517220013396 0.06405403792931029 
0.09055594013487894 0.7132038479561946 
0.06769348360845495 0.7534576845579849 
0.17773246669164966 0.5914657496113321 
0.09055594013487894 0.7132038479561946 
0.20280458531197754 0.5619900950735066 
0.5879637154269352 0.23949209964868132 
0.09671660625647299 0.6999442188891369 
0.32569432670022447 0.4383515781588619 
0.5762663148182084 0.250916959841282 
0.2411567141256517 0.5183198302725451 
0.5445242466515193 0.2721982009128226 
0.09856808180801879 0.6966415200653826 
