0.9998361660820962 0.005195733793936542 
0.9998361660820962 0.005195733793936542 
0.0 1.0104570582576713 
0.464520411586631 0.3255324162538583 
0.2562903118517714 0.5024680979828554 
0.5422510207956067 0.2705526284117747 
0.49947145177943886 0.30014089890520956 
0.32318362652501764 0.43971932544497355 
0.7283275197101738 0.1525944067898209 
0.6828980396951168 0.18016288099597985 
0.20042048298011766 0.5601231735469983 
0.7873529192891124 0.1188995760344414 
0.6033369706747429 0.2297198975143066 
0.29759753221803803 0.46276244512296205 
0.7013529643145501 0.16891456313227227 
0.34536109697915746 0.4201666771336854 
0.1843297745789622 0.5792479064233959 
0.8830894219903335 0.06584241073469264 
0.6500139675088548 0.20160540329536258 
0.44889753460896953 0.33725291474330354 
0.06148608846694877 0.7612733937566081 
0.31305757998305395 0.4483720751120781 
0.21444213904889475 0.5451205830943093 
0.04803002290990405 0.7898842884760141 
0.5216659997004574 0.2845095111267297 
0.8471016524306642 0.0858272963419849 
0.006460231847316644 0.9301070875877409 
0.0021998583679904704 0.9638538877840946 
0.7151422057241403 0.16039868480504807 
3.3182606334050506E-4 0.992366161253551 
0.8109720949924144 0.1053255308645049 
0.050933389030569085 0.7833548615725908 
0.1202681575694386 0.6613445055235972 
0.402763341190705 0.3725880205472019 
0.8961533176726432 0.058924071855760526 
0.09506921652142092 0.7012519300235129 
0.1411836510346819 0.6322959256762581 
0.3916592295882555 0.38223499073434564 
0.10566572385562226 0.6837804192852004 
0.28585890512318757 0.4737212188737938 
0.15295574848022753 0.6178343183023544 
0.23985286353175087 0.518761163914321 
0.38069616786095506 0.3904153568112193 
0.753212265291551 0.1383085069401978 
0.7726006523380474 0.12668927447427727 
0.8144006774694839 0.10366485449774238 
0.16277324498009554 0.6050827022801709 
0.5618857206159956 0.25739207722251106 
0.08900817000963879 0.7107299130150351 
0.16277324498009554 0.6050827022801709 
0.07292182300697875 0.7391068750404467 
0.03744432763747935 0.8183377023279297 
0.9631165458291792 0.02422088113487516 
0.753212265291551 0.1383085069401978 
0.06706537186860324 0.7505273619531029 
0.0118777090096287 0.9013473070560839 
0.5658698402520482 0.2545560872737276 
0.5837567739020959 0.24265270780661238 
0.23748206118681742 0.5209105491576009 
0.865324136120727 0.07944630606110005 
0.4189452469273987 0.36047775138874166 
0.4318840881633136 0.3497079374605643 
0.9826188204975435 0.014268437837853596 
0.1879549707275846 0.5749850808657543 
0.0018098276771659483 0.9692590605620723 
0.5834706940276373 0.24283732084518675 
0.2774224687935507 0.48217192543086745 
0.43670437231026293 0.34663266086767885 
0.628021690985931 0.21425940565248972 
0.2774224687935507 0.48217192543086745 
0.5167495579961006 0.2897156937062862 
0.8349650705394625 0.09355330068352563 
0.41432830696701506 0.3638004229849733 
0.10482221581138124 0.6855705933875307 
0.07292182300697875 0.7391068750404467 
0.3578672184779167 0.40928520838929416 
0.14574065605306197 0.6271061099890971 
0.925719623729664 0.04326175434526109 
0.5046383760461814 0.2961047715359256 
0.08900817000963879 0.7107299130150351 
0.01608070359709391 0.8833741415997073 
0.9100999132332142 0.05177617751322884 
0.9668326543602682 0.022315510646917034 
0.628021690985931 0.21425940565248972 
0.865324136120727 0.07944630606110005 
0.9129851382687009 0.05048486438401645 
0.22413720996303999 0.5352174499668235 
0.12822016998364205 0.6502477227990742 
0.03093650485843341 0.8337436115179935 
0.03744432763747935 0.8183377023279297 
0.22413720996303999 0.5352174499668235 
0.7771330160677451 0.1261988469339188 
0.8349650705394625 0.09355330068352563 
0.02573933035524073 0.8490982617594351 
0.015334800502348978 0.8859532828763554 
0.021056606060081362 0.8661098151463849 
0.6658326412755924 0.1905252189372428 
0.021056606060081362 0.8661098151463849 
0.03175475488800361 0.8313661590858618 
0.9389960439240355 0.036224587658811355 
