0.0 1.0103551338301173 
0.9998849928969356 0.004942027314609144 
0.0 1.0103551338301173 
0.16362035482424434 0.6034473698053698 
0.1343086335029473 0.6436467956854445 
0.6764062978310674 0.18536546275388235 
0.5686529990138467 0.25268986426875595 
0.3914958404294059 0.38402959156483846 
7.647533845500654E-4 0.9854070860106963 
0.4353884701572221 0.34863073145461243 
0.05107231225980374 0.786760745935605 
0.8531158545572919 0.08248386603357254 
0.011799760388947221 0.9018773452989073 
0.45617381422336634 0.3332892815696618 
0.17421998307011682 0.5928730865562238 
0.2569453293489383 0.5031974220459349 
0.9613937571207687 0.024289008094294202 
0.006527689215970411 0.9336717317683056 
0.9439684131387508 0.03433973724395601 
0.3414026372798867 0.4247719044330955 
0.5087994415539152 0.2934351189861375 
0.3696772051388329 0.39950160228586007 
0.0032876938153444946 0.9556883413560585 
0.4960212441303269 0.30319099986753106 
0.3517048399310291 0.4163009032112778 
0.920522716074643 0.045808773312212704 
0.07617435426954988 0.7333066707670614 
0.7265011329919394 0.15412195815782972 
0.7086497149524082 0.16606818977934756 
0.5988854230059235 0.2333243622753449 
0.7352405930314221 0.14979541730276377 
0.10961992964513731 0.6796848720723561 
0.5464807509174983 0.2678479699367925 
0.651822335049584 0.1996209006054459 
0.23071816789055094 0.5279374251871051 
0.31479981077996105 0.44724927936387804 
0.02025288760907132 0.8695270419114315 
0.2668772477675784 0.4923766668570059 
0.2125935527459934 0.5498195705055942 
0.6975482201661519 0.17144541754594578 
0.061520595181140225 0.7616259299157389 
0.27792523213567843 0.48493769873373516 
0.2864742774433858 0.47446061067014833 
0.7531125640307814 0.13847934950174598 
0.8233217960063085 0.09930484724318694 
0.9040393541223016 0.05626584345131448 
0.5335091226662528 0.28347441749420876 
0.015040880300454307 0.8865344375860492 
0.0961322148747622 0.6993132697448132 
0.3647501322848735 0.40385794992106977 
0.9840322569464477 0.013344595180421977 
0.03413690128288012 0.8247194445539524 
0.483194622922993 0.31352214285602886 
0.7879378158789343 0.11988385460219678 
0.6328175772821879 0.21201114798827878 
0.0995308278981912 0.6953662419920141 
0.0440457207679357 0.8012845266674453 
0.4030879898765611 0.37377688726807795 
0.8596879746854877 0.07891618041944373 
0.028407328327840486 0.8437244020996343 
0.6513063901243912 0.2004058336459909 
0.4095059379920243 0.3701016565600039 
0.08653332356329779 0.7173975630691241 
0.2955430940165288 0.46504273573188004 
0.8233217960063085 0.09930484724318694 
0.5438562687162247 0.2692088419734484 
0.18871032471258914 0.5757417477468649 
0.6129861768779834 0.22461436253749797 
0.18871032471258914 0.5757417477468649 
0.9525772332974811 0.030005875510341368 
0.42319263405705687 0.3576823311699653 
0.028407328327840486 0.8437244020996343 
0.2955430940165288 0.46504273573188004 
0.758855715984096 0.13647982305856426 
0.2401432999560446 0.5181235085784743 
0.5831381068945465 0.2446654173126869 
0.0860491171263425 0.7192197984355689 
0.1998344751786798 0.5623723953018167 
0.4202979046918349 0.36067004734390923 
0.22146780855883363 0.5391544645751714 
0.47686464449082544 0.3181022654045461 
0.004566121956480762 0.942778180728314 
0.7966173605813389 0.11327381212504306 
0.11591859124841647 0.6697898381417419 
0.7705489940187059 0.12929420545801956 
0.07021361135262902 0.7464948092929375 
0.2401432999560446 0.5181235085784743 
0.9843470225014465 0.012775907255940936 
0.8114413660861558 0.10570557805165832 
0.32639773972977737 0.43838259432144655 
0.11954183710123589 0.6646343657460461 
0.1998344751786798 0.5623723953018167 
0.040547554093728136 0.8085830076707822 
0.5875529313134584 0.24171483750835068 
0.8886126050115778 0.06348766820959403 
0.8733964711520195 0.07111189060008627 
0.03731847559812289 0.8181648768717816 
0.32639773972977737 0.43838259432144655 
0.8886126050115778 0.06348766820959403 
0.8084871759725906 0.10850622255867676 
