0.0 1.0057445215867062 
0.9975237096156808 0.005123355105138774 
0.8395867753307285 0.08655949359905905 
0.15510128622883176 0.6088441258090428 
0.47875581467352796 0.3130365564788129 
0.24753833599495173 0.5071029352758657 
0.1385891167599434 0.6325381307391679 
0.6249066136449424 0.21307032942837323 
0.500610700190468 0.298109914113128 
0.06581280880747409 0.7497756183431749 
0.8204652285086957 0.09847246121322889 
0.10809137499143501 0.6770098105226906 
0.023922219355245078 0.8525684428721634 
0.07960565321944307 0.7233313966182856 
0.7736360867375669 0.1267395202153711 
0.031928266734409266 0.8263459074788643 
0.16908232737878537 0.5955289325258767 
0.28937738454734396 0.46887303711250256 
0.46300877693791176 0.3269769994724144 
0.5390041312090631 0.2722348486935149 
0.5781121296044444 0.2435404769745882 
0.9342085525350664 0.03772940499975667 
0.6828506999261672 0.1772714430413568 
0.18787315754019135 0.5708088874908553 
0.09680297398506432 0.6994270564653688 
0.41517439160350095 0.36301954392295394 
0.6714584153285432 0.18500830118416242 
0.5995784789273684 0.22887132744599106 
0.640369519059048 0.20453717836195118 
0.7336553573132879 0.14771493255137133 
0.21065625238821223 0.5469781480523997 
0.26296317302604294 0.48982785992654265 
0.008992264113014362 0.9142874412941911 
0.3021691166658709 0.4546286353414238 
6.480605206184709E-4 0.9804297937940709 
0.3446474336664398 0.41686465202527573 
0.36444658291220844 0.40183531158089314 
0.9841831412443675 0.010723669391742118 
0.7521199559176045 0.13618558673584208 
0.8755959247296758 0.06845777502796602 
0.907315794580182 0.05060493352423871 
0.27610153931804093 0.4772285854938647 
0.06054260981214052 0.7616466051976185 
0.42856350028220813 0.34782182017395075 
0.524683337857611 0.2777994680508962 
0.01970192067087393 0.8648682487461482 
0.0371889038839337 0.8156352985338452 
0.005068687467361943 0.9360165719974665 
0.3635333732935314 0.40260584110599534 
0.11686748302068314 0.667993183469272 
0.13008986722393018 0.6424453787386846 
0.053893665642885225 0.7757595831757409 
0.2202509656693403 0.5348326034994354 
0.3181659747333686 0.43845958033491045 
0.31087515440290037 0.44918392943844315 
0.6576960272299857 0.19566725036677224 
0.718982832098741 0.15632022569846069 
0.0017347726410285036 0.9662713281127437 
0.5550135075681609 0.2618802275018105 
0.09209831247832811 0.7050574725367428 
0.7003122294567604 0.16682533337958505 
0.08299414850251707 0.7167087652612081 
0.04936334200398433 0.7842544587472952 
0.7843360477313585 0.11821716208662451 
0.01562138215437825 0.8800884097366996 
0.7466972101756313 0.13932897084750057 
0.010923562170973788 0.9006123126141576 
0.8779780112623464 0.06604310828380762 
0.8058947871422392 0.10608513965747542 
0.3923325783941584 0.3801835735574418 
0.42856350028220813 0.34782182017395075 
0.5122205725980419 0.2890927389235736 
0.44994500390024594 0.33277292230453315 
0.6999921284635492 0.1681891930076505 
0.44994500390024594 0.33277292230453315 
0.9512356739995643 0.02630179347849003 
0.9687789659424189 0.01909405974681975 
0.8058947871422392 0.10608513965747542 
0.5550135075681609 0.2618802275018105 
0.19870494182496187 0.5582272787637902 
0.6520201747638703 0.19761264292060088 
0.042281188625728716 0.8012476251605383 
0.3181659747333686 0.43845958033491045 
0.2685899674788415 0.48619757692110377 
0.6032226088738346 0.22535616966805852 
0.013907246073916968 0.8891997197594469 
0.9667801496469273 0.020283873454667815 
0.3397199063005113 0.4197656269573966 
0.003161460965304036 0.9514184126414982 
0.5166814729770134 0.28591529297595447 
0.22631069913547305 0.530026329966163 
0.3857110563991438 0.3842769717683178 
0.3397199063005113 0.4197656269573966 
0.7205864076980257 0.15537378909515054 
0.8944023133561811 0.057399618318237054 
0.1995093278379778 0.5560710031916912 
0.13008986722393018 0.6424453787386846 
0.9512356739995643 0.02630179347849003 
0.1780082365224872 0.5823896570434894 
0.7843360477313585 0.11821716208662451 
