0.9980875785173071 0.002150728975727962 
0.0 1.0016397520645342 
0.07008538357562469 0.7374820445411395 
0.30340423329817306 0.4511277537555937 
0.0063422832576643245 0.9221426576574981 
0.8267609809566705 0.09236337813781582 
0.8035785058084698 0.10448695445160056 
0.2661793220184757 0.4855819750380716 
0.1740277477558748 0.5842301807958087 
0.1440040059342755 0.6227819446773555 
0.9631827188624298 0.01937971596810071 
0.48336894861288177 0.30596413460377453 
0.11692993521005232 0.6597253563973282 
0.5977390146086528 0.22810687924667003 
0.12948896911092145 0.6420078138066697 
0.3228118559490328 0.43314216818188633 
0.650757995789916 0.19452111048812404 
0.44658120871867224 0.33275833881222666 
0.7623360334928448 0.12779715652030865 
0.4275395217591995 0.3478600768333236 
0.05624310401004262 0.7645990651223544 
0.3860497987378023 0.3797622453963586 
0.09678882770778355 0.6908724378658557 
0.09678882770778355 0.6908724378658557 
0.003061222999636126 0.9471242586373181 
0.16274234143427013 0.5982003697992855 
0.6681542948632704 0.18362132023349353 
0.08218137864350183 0.7158001190168791 
0.46553747255991645 0.31876841802929873 
0.35609899057330396 0.4044207604309285 
0.5019907722199022 0.29565636124420824 
0.35609899057330396 0.4044207604309285 
0.7674552945901301 0.12531177983326858 
0.9238752473856087 0.03981913381820576 
0.976233415944528 0.012935008484911862 
0.05414788870170262 0.7687007803075119 
0.04522742332862767 0.7900109330718783 
0.5267480187974676 0.27532389800935925 
0.2893729372567468 0.46381592422260676 
0.2893729372567468 0.46381592422260676 
0.7358266440876748 0.14354066170822077 
0.8668523478129069 0.07046349802159427 
0.5466773792163708 0.2622722757610916 
0.016647843610834392 0.8734751856033893 
0.5141874555079863 0.2845074672988128 
0.08120723000560323 0.7172407020718713 
0.24419943004999145 0.507772961721485 
0.9366818149428583 0.033010865226779484 
0.884506645010563 0.060364326136487276 
0.9875446999306914 0.007160356811404269 
0.7358266440876748 0.14354066170822077 
0.33318726408788485 0.4247561433158277 
0.6211071174532267 0.21309738723609392 
0.8614651120953021 0.07294210756404171 
0.011776896826245109 0.8929967108167594 
0.8444469922832817 0.08268105155821304 
0.7011220736546577 0.16373286031401524 
0.33318726408788485 0.4247561433158277 
0.11971888076616843 0.655401316732428 
0.40146835503966083 0.3681357619077834 
0.6372956242329 0.2032655306313388 
0.7872664122212301 0.11433067902386895 
0.02741670263834059 0.8369882768355003 
0.40146835503966083 0.3681357619077834 
0.02741670263834059 0.8369882768355003 
0.575050273900779 0.2427311401193165 
0.3750782845897604 0.3886388592568274 
0.7192767613695829 0.15280138311255767 
0.03719208117731174 0.808688363403427 
0.8986783000034066 0.052918048763828926 
0.7872664122212301 0.11433067902386895 
0.7181374325370009 0.15424215708590705 
0.8466526679118227 0.08142833603983687 
0.3750782845897604 0.3886388592568274 
0.043215209996731285 0.7937289069600445 
0.9366818149428583 0.033010865226779484 
0.56729208995707 0.24832712962796163 
0.22023120668472224 0.532154438227656 
0.6773480902224696 0.17880530274064538 
0.6099929133286096 0.22015657492474783 
0.22023120668472224 0.532154438227656 
0.021038344095562378 0.8575328246205084 
0.19303605116910488 0.56201837823955 
0.03571104062708569 0.8137401689013468 
0.24144061745172876 0.5104189035481752 
0.013705287965302959 0.8854652135445749 
0.4562687962737183 0.3261472030137062 
0.0016564066875939254 0.96106962203422 
0.24144061745172876 0.5104189035481752 
0.4191711909645143 0.3536363376393485 
0.5062043738585691 0.2896083964480903 
3.2052231191437297E-4 0.9838860550335107 
0.4191711909645143 0.3536363376393485 
0.6984150920357085 0.165340886190293 
0.6773480902224696 0.17880530274064538 
0.575050273900779 0.2427311401193165 
0.2584211380694342 0.49367577860197404 
0.021038344095562378 0.8575328246205084 
0.15519184797099517 0.6080304155382691 
0.2584211380694342 0.49367577860197404 
