0.6505812557310244
0.6526277457672066
0.6519948431026862
0.656752200070683
0.655166666864053
0.6570137800476419
0.6560098995182171
0.6548706573651292
0.6540008129919842
0.6569703136803713
0.6592228244304523
0.6549093727174149
0.6567213562018263
0.6537326231814017
0.6556424071261272
0.6571039524100531
0.6411566074126431
0.6542591944016175
0.6531026233948141
0.6439308155177588
0.6535829303252912
0.6547721714845602
0.6463420517500845
0.6494580877351365
0.6560556186763089
0.6578235526966529
0.6549317253837488
0.6576157724410864
0.6523273187325007
0.6518811126620665
