2.7373692360698523E-4
7.725970458835523E-4
2.434718587252301E-4
2.028201378710679E-4
2.1785988624905387E-4
1.9702271927092847E-4
2.1391131276884482E-4
2.1627372967460376E-4
2.2915935921867856E-4
1.976496441885492E-4
1.983254041955103E-4
2.1492252544038024E-4
1.99877556097109E-4
2.2752423931868978E-4
2.04061794317439E-4
1.872704953430361E-4
4.5734583945190616E-4
2.2207451766158103E-4
2.3344570905327262E-4
3.8432845393594154E-4
2.3303927982032304E-4
2.201106277368174E-4
0.0011308009691352473
2.813428270151914E-4
2.0711975979867365E-4
1.92437275157585E-4
2.1344086044214686E-4
1.9346410661753592E-4
2.4942024619003313E-4
2.5143400131849987E-4
