0.5154436113006486
0.4903184233003686
0.4616635398489748
0.5270370544442401
0.5020132753667949
0.5163596187832891
0.5715835587814856
0.5513627216086097
0.4842930158972655
0.5056614987827752
0.590193993299531
0.5245022813806521
0.4677859082133772
0.4910211726072379
0.43409123442550007
0.47431476097085606
0.5242806483614104
0.45095833194235135
0.4736995002024282
0.4031704739279549
0.5366244857045896
0.5168512132137146
0.5642249272432754
0.41194656128873336
0.4887904541780657
0.5011387814518654
0.4784162245943002
0.520589371691924
0.49021143334361605
0.4920826834002573
