0.9993964208386165 0.002565237236936536 -0.002432463528133034 0.0014499876336804662 -0.001649304267989748 2.8115374847676144E-4 1.3111196414814272E-4 -4.076424342348101E-5 -3.710016728383498E-4 -4.600554253826632E-4 
2.2326503446811318E-17 0.002223566505292594 -0.0023218748088988605 0.0016331186206247938 -9.284281578020671E-4 0.001235186456851608 1.58237506390529E-4 7.1884558489255E-5 -3.415746616131787E-6 5.384276373812999E-4 
0.2930239635680625 0.0026792237238640335 -0.0024445323250291916 0.0015525331254927497 -0.001631403271689623 0.0011917597263964483 -2.5538943012237675E-4 4.859702376300971E-5 -1.5206221946871909E-4 -5.279323802986414E-4 
0.8440894586611236 0.002658407401749457 -0.002593278725519281 0.0014585960711439021 -9.385068494172834E-4 2.18348427968319E-4 7.314326807953664E-5 -7.128624895010669E-4 -2.350886859266584E-4 -4.829520185831457E-4 
0.31686136569752843 0.002631977394540231 -0.002446999682118922 0.0016493615524954305 -0.0016128326958037588 0.001164205281807297 1.6952603349436736E-4 5.998324011602318E-5 -4.725976103723492E-4 -4.91107113437016E-4 
0.9175151313010059 0.002562952122114435 -0.0024378832809073834 0.0014509294522452244 -8.375900623643978E-4 0.0011560061503117721 1.582141629602474E-4 -1.538738546096341E-5 -3.6825597871475134E-6 -4.365142590197687E-4 
0.22385179152880347 0.002611426297784465 -0.0024493552929239254 0.001601854210930019 -8.92737580848714E-4 0.00207300600873186 2.66512062973799E-4 8.081695629214543E-5 -2.5933149519521314E-4 -5.317274129298038E-4 
0.5304110865954559 0.0026178852216118794 -0.002447330449318975 0.0016503282132905744 -0.0016371204317905386 2.8584801887313385E-4 7.688566857213597E-5 7.43632932024535E-5 -4.813566370825969E-4 -5.194270323024323E-4 
0.6278433616616841 0.002632588746813989 -0.0024474758176200808 0.0015963601587385527 -8.860036148661456E-4 2.903410407965395E-4 7.943059492958997E-5 7.16396475435596E-5 -7.28169651404971E-5 -5.196020668985238E-4 
0.818897875709675 0.002611426297784465 -0.002442901142100259 0.0016495985748715544 -8.926591299899521E-4 0.00207300600873186 2.66512062973799E-4 8.081695629214543E-5 -1.525832607650825E-4 -5.317274129298038E-4 
0.610181508092061 0.0026616490115178803 -0.0024802872299840815 0.0014547184074413647 -8.846103115196351E-4 2.1622987342130676E-4 9.832994533516972E-5 7.16396475435596E-5 -4.289238552680016E-4 -5.256760050173989E-4 
0.7241811099748259 0.0026776275451848627 -0.0019844109330890945 0.0016672023451741779 -9.163887696137071E-4 0.0012219296750672992 1.7308819836126243E-4 -7.082071430849672E-4 -1.5667316931144848E-4 5.388676882519515E-4 
0.44801186168326884 0.0023437885028975455 -0.001982229007423513 0.0016313470920261356 -0.0016593295191401722 0.0011295378972451691 2.806835145243147E-4 -1.4182383921123117E-5 -1.5337010293110765E-4 -7.773098437918301E-4 
0.6763307879739731 0.0026178538834928026 -0.0024557928939567676 0.0015937060038768802 -0.0016009652278708346 0.0012633695778093558 7.467283280241422E-5 -1.6513979402787938E-6 8.977290042019478E-4 -5.000036126444129E-4 
0.19664425373563224 0.002678506263145925 -0.002436259943019856 0.0015943028658990848 -0.0016170265998831247 0.0012100101697218708 7.457518232427907E-5 -4.277930109811175E-5 -5.299303127213666E-5 4.8615104174755755E-4 
0.040843666338938836 0.0026183882709684765 -0.0024359633977233887 0.0016493929731394503 -0.00161222060974096 2.5492069688826775E-4 2.817530170466582E-4 -3.8598002004658455E-5 -2.784062423684302E-5 -4.988995522975349E-4 
0.0892462632724636 0.0026166899664592873 -0.0024311706428892382 0.0014483422672948595 -9.132473983248729E-4 2.1804940253751146E-4 2.7527077643864763E-4 -8.388122878632957E-7 -2.3940986261523616E-4 -4.996741555208263E-4 
0.43278022142378625 0.002659429858930736 -0.0024827812673853377 0.001631442813372491 -0.001613904720635431 0.0011635314409940874 1.090417784597515E-4 7.089349680157092E-5 -5.5111135984257744E-5 -5.270340439246632E-4 
0.9422837866701459 0.002613219449154209 -0.0024827812673853377 0.001631442813372491 -0.001613904720635431 0.0013408935584194818 1.090417784597515E-4 7.089349680157092E-5 -5.055812257077727E-5 -5.259925961324574E-4 
0.5511653813267469 0.0026325803140793717 -0.002446999682118922 0.0016497267659653393 -0.0016385851537545422 0.001222390206915491 1.6952603349436736E-4 -1.7328356488369163E-5 -4.725976103723492E-4 -4.941552064952418E-4 
0.0020640421997373815 0.002301597318001028 -0.002335967813311606 0.0015552038074017327 -0.0016280830984151161 2.1146568458420864E-4 -2.197718907854438E-4 1.1378059693596194E-4 0.0064125441089936275 -5.098823970662323E-4 
0.46546108385530616 0.0023326593799436715 -0.002432889874740813 0.0015623859201934023 -8.543811408333379E-4 2.0507992243267066E-4 1.1473631124239925E-4 -4.343203604980332E-5 6.421470454200708E-5 -4.608215547179136E-4 
0.1666162397877301 0.002601429660245061 -0.001952036466373874 0.0015573585571520482 -9.235347982826359E-4 0.001219247271440819 6.190199535516391E-5 -1.4163649307309396E-5 7.414509749900167E-4 -8.789273153505617E-4 
0.27170791737114397 0.002302245035503234 -0.002449871871541448 0.0016043641451570995 -8.595270060017247E-4 0.0011917597263964483 -2.489875072101053E-4 -4.584248875245218E-5 -2.6003508249232155E-4 -5.270610438968293E-4 
0.744810656976458 0.0030567236402610277 -0.0024811259852071444 0.0014473581160257632 -8.927359355646146E-4 2.686561464857484E-4 1.5843044320736275E-4 1.029954265626933E-4 -4.460180725028223E-5 4.909501106842001E-4 
0.07235242751251339 0.002693518411245346 -0.0025187258120352857 -0.001563003936838528 -0.0016347113034708006 0.0013186203774058767 -2.2090209129566705E-4 -4.268133655637636E-5 -4.8376047739221944E-5 -5.084045184402358E-4 
0.476917508456699 0.002340731887242952 -0.0025164503378367377 0.0015623859201934023 -8.543811408333379E-4 2.0643990907219924E-4 1.1473631124239925E-4 -7.261164409238187E-4 6.421470454200708E-5 -4.926334857001071E-4 
0.023246802186259408 0.0026187630506374552 -0.0024451726780681166 0.0015949012200853112 -8.789653565630456E-4 2.6795291554876805E-4 9.570985668945173E-5 8.465807193932447E-5 -6.6126434730732E-5 -4.779927923202697E-4 
0.41903810317863927 0.0025693996033241805 -0.0024827812673853377 0.001631442813372491 -0.001613904720635431 0.0011635314409940874 1.090417784597515E-4 -4.050532767766169E-5 -3.6718719787474366E-4 -5.267414820574297E-4 
0.06410710376844783 0.002618375708825532 -0.002431279385401559 0.001599604981009955 -9.138697322663004E-4 2.1804940253751146E-4 1.666028911489372E-4 4.041915326829005E-8 -2.3940986261523616E-4 4.5636223846166717E-4 
0.7780660303103445 0.0026148122824524917 -0.00245937587926967 0.0017158554218133306 -9.215114803285661E-4 2.695585917923251E-4 -2.9657511356904163E-4 6.426475712481854E-5 -1.3876907448978428E-6 -4.796328914262383E-4 
0.37024218730606306 0.002287487720284175 -0.0019436466605713908 0.00159339435742017 -8.661232237028341E-4 0.0012353245142031014 5.988687312563308E-5 9.914421134277055E-6 8.051698590313826E-4 -4.740365015414988E-4 
0.6531633253372541 0.0023559495276444745 -0.0025144711819149144 0.0015578462314583474 -8.543811408333379E-4 0.002006138395951974 1.775081700447424E-4 -6.895366012919465E-4 6.421470454200708E-5 -4.926334857001071E-4 
0.651009283427374 0.002691340181585599 -0.0024464179032146986 0.001557917666155308 -8.95202677467936E-4 0.002021882616754871 1.780709954770213E-4 7.816629587947273E-5 8.977290042019478E-4 -7.88237879085369E-4 
0.2563493257940435 0.0023036571020058723 -0.0024447736971451 0.0016297943348042416 -0.0016458363918091924 2.600540790736029E-4 1.1442765654536123E-4 -7.372414781950255E-4 -7.108178294752525E-5 -4.919331582422155E-4 
0.3515185885553085 0.002287487720284175 -0.002321911372052516 0.0016331815397924744 -8.708134799130985E-4 0.0012353630210456034 -2.9673118169473337E-4 -7.866698314732645E-4 -4.0662866908091494E-5 -8.790219735798007E-4 
0.3495403500688785 0.002287487720284175 -0.002321911372052516 0.0016331815397924744 -8.708134799130985E-4 0.0012353630210456034 1.7178753398222504E-4 -1.1706138590409005E-5 -2.2569077068318035E-4 -8.790219735798007E-4 
0.8816846638146837 0.002620085486180079 -0.002311839201440737 0.001652942813764092 -9.104840852612922E-4 0.0012346003748921453 2.820339945340481E-4 -7.005137658704095E-7 -1.4693554188065263E-4 -5.229221887938894E-4 
0.05720373212012832 0.0025638616717652946 -0.002445051854628049 0.0016278429407693275 -8.527671134588178E-4 0.0011560061503117721 1.6094079016925637E-4 -1.879752232324852E-5 7.170229745695766E-4 -4.365142590197687E-4 
0.3837442866033883 0.002272312115908298 -0.0023250749957113652 0.0016304030877626096 -8.708134799130985E-4 0.0012353630210456034 -2.022077417216556E-4 -7.844641748066822E-4 8.062834722509917E-4 -8.8863472279852E-4 
0.7953580628652667 0.002596799552164456 -0.0023322993344309715 0.001450640989621484 -8.699184968840469E-4 0.0013152402896472915 2.7825776757807604E-4 9.012444645866905E-5 -3.415746616131787E-6 5.418018590673745E-4 
0.4068513016199372 0.0026759051532288134 -0.002449667442580386 0.0015642360424997163 -8.689634154594595E-4 2.3544786229097052E-4 9.752446702268456E-5 -3.231236594291657E-5 6.657713195354717E-5 -5.211588617400691E-4 
0.8667583830386546 0.002302245035503234 -0.002443417720717782 0.001652108509098635 -8.594485551429629E-4 0.0011917597263964483 -2.489875072101053E-4 -4.584248875245218E-5 -1.5328684806219093E-4 -5.270610438968293E-4 
0.0026596461646643844 0.0026135810679811713 -0.0025859407018337536 0.0016296305581741527 -9.087946956468291E-4 0.0013386571686216883 2.7123927645493256E-4 7.310938706660931E-5 -2.3049670443562058E-4 -5.084045184402358E-4 
0.05039941598074438 0.002692123668512163 -0.0024314688591729945 0.0016460813753427822 -0.00161222060974096 2.5492069688826775E-4 -2.917680774289731E-4 -3.7291578393836304E-5 -1.6465201869853916E-4 -4.988863953814144E-4 
0.7553286065001585 0.0026008277818495074 -0.001952036466373874 0.001555999979505687 -9.235347982826359E-4 0.0012198561504456833 6.190199535516391E-5 -1.4163649307309396E-5 -4.3219115401315147E-4 -8.795154071335697E-4 
0.98288029053969 0.0026596162841829047 -0.0024550320279752764 0.0015947630334941542 -8.474726626432078E-4 2.1493059824739E-4 2.656475811012786E-4 -7.357083928349723E-4 -2.4511408253507605E-4 -5.314156408435743E-4 
0.23684232922103443 0.002620377008071922 -0.002431072383753655 0.0014520417042801217 -0.0016488103782540944 2.3727111876148453E-4 9.886136986374899E-5 -5.889375303426141E-5 -4.386770944851161E-4 -5.105400523945042E-4 
0.7689127119808559 0.002611574713030901 -0.0024351092576697948 0.001601854210930019 -9.235436748540657E-4 0.00207300600873186 2.66512062973799E-4 -1.621873676813765E-5 -2.5933149519521314E-4 -5.317274129298038E-4 
0.11861635987996819 0.002618375708825532 -0.002431279385401559 0.001599604981009955 -9.138697322663004E-4 2.1804940253751146E-4 1.666028911489372E-4 4.041915326829005E-8 -2.3940986261523616E-4 4.5636223846166717E-4 
0.5613727671871047 0.0026135810679811713 -0.0025859407018337536 0.00163042408194365 -9.087946956468291E-4 0.0012889374391109381 2.7123927645493256E-4 7.310938706660931E-5 -2.3313838014460132E-4 -5.084045184402358E-4 
0.14638092382987358 0.0022992101276623003 -0.0024358967900874233 0.001549819517927768 -0.0016280833784678968 0.0013245949397543777 -2.1257508562130443E-4 7.1884558489255E-5 -2.138578959695533E-4 -6.176151835785824E-4 
0.13810063146948384 0.0022992101276623003 -0.002431809412990281 0.001450017032642273 -0.0016485225597007607 0.0013397850899053818 -2.1202265465916637E-4 -5.665396610729717E-5 -3.415746616131787E-6 -4.7179357324689876E-4 
0.9519865276117301 0.002618388997382567 -0.002431154981261118 0.0016491171793357677 -9.548619305207132E-4 2.3727111876148453E-4 8.910385082601734E-5 -3.81986852156906E-5 -2.391687786295649E-4 -4.996197006989797E-4 
0.7076370694493149 0.0026924047932707137 -0.0025192407649500914 0.0015725983406831776 -0.0016279933323071411 0.0013128139665398416 -2.1765095449702984E-4 5.2556207115282555E-5 -2.028079018831342E-4 -5.087706587178068E-4 
0.3303831276572214 0.002298324779572697 -0.0024447736971451 0.0015993855700235013 -9.366976346132743E-4 3.1379650657562506E-4 1.1442765654536123E-4 -7.372414781950255E-4 -7.108178294752525E-5 -9.92073764435708E-4 
0.591053070363982 0.002658349610662536 -0.002482180567984185 0.001650261862334553 -8.800607689446885E-4 2.4047479210050722E-4 1.839431404952918E-4 3.6271788128239034E-6 -2.5221507125803346E-4 -8.551900010543476E-4 
0.1133418257724711 0.002701632343409931 -0.0024350525968635022 0.0015957511963476845 -0.0016128038823679262 0.0011871910876226233 -2.5008268289453096E-4 -4.106797883513977E-5 -1.567295887904778E-4 -5.325611630972141E-4 
0.5744445078674238 0.0025648807403559687 -0.0024431618499182917 0.0017256680632161327 -0.0015579786708711644 0.0011539908605992999 6.223395871373534E-5 -9.273725355586394E-4 -1.704380982902045E-4 -4.992193933994158E-4 
0.26742208649728844 0.0026031482935327623 -0.002448262062188012 0.0016537774348919503 -0.0016280069132477756 0.0013128039890080378 6.234970769673284E-5 5.26409818586699E-5 -4.3714857310072253E-4 -5.107898354746664E-4 
0.4928035038280244 0.002658407401749457 -0.002593278725519281 0.0014585960711439021 -9.385068494172834E-4 2.18348427968319E-4 7.314326807953664E-5 -7.073657415059413E-4 -2.350886859266584E-4 -5.331198873930635E-4 
0.10156857991183299 0.0026190522477829033 -0.002441635341526385 0.001630542964544719 -8.58882169925921E-4 0.0011563288796691195 1.6902897046083208E-4 5.2997375229402116E-5 7.000346210632449E-4 -5.037663650118509E-4 
0.5121890064257917 0.0026131438282193426 -0.0024811259852071444 0.0015955211766125912 -8.69766007816063E-4 2.1543894826703876E-4 9.654421105423282E-5 -7.258909767188671E-4 -5.997463122939566E-5 -5.316650759730981E-4 
0.3303831276572214 0.002298324779572697 -0.0024447736971451 0.0015993855700235013 -9.366976346132743E-4 3.1379650657562506E-4 1.1442765654536123E-4 -7.372414781950255E-4 -7.108178294752525E-5 -9.92073764435708E-4 
0.014620095359291707 0.0022422053362280035 -0.002436595357437249 0.001599700036902047 -0.0016271223273586774 0.0012317181359941347 1.5989423921533455E-4 -7.812887916048448E-4 -2.3656343076060087E-4 -4.692421121144329E-4 
0.01880453766631801 0.0026331316874700357 -0.0024603294434373704 0.0016296305581741527 -9.087946956468291E-4 0.0014305055024148275 2.7123927645493256E-4 7.310938706660931E-5 -2.3049670443562058E-4 -5.084045184402358E-4 
0.03536851119496126 0.0023774243604282328 -0.002494093436002373 0.001712266757503605 -0.0016365364936756065 0.0019681484805076943 2.7919919722910544E-4 -1.4707257921830344E-5 -2.1011575290880505E-5 5.072463835348904E-4 
0.10156857991183299 0.0026190522477829033 -0.002441635341526385 0.001630542964544719 -8.58882169925921E-4 0.0011563288796691195 1.6902897046083208E-4 5.2997375229402116E-5 7.000346210632449E-4 -5.037663650118509E-4 
0.5121890064257917 0.0026131438282193426 -0.0024811259852071444 0.0015955211766125912 -8.69766007816063E-4 2.1543894826703876E-4 9.654421105423282E-5 -7.258909767188671E-4 -5.997463122939566E-5 -5.316650759730981E-4 
0.9634351639445263 0.0026183670167557595 -0.0024312103908232883 0.0015724577301008946 -9.161243421906432E-4 2.3727111876148453E-4 9.813012972580899E-5 -1.56394897699832E-6 -2.391687786295649E-4 -4.996197006989797E-4 
0.9711905807288911 0.0026434790868520657 -0.0024451726780681166 0.0016536368243096672 -8.789653565630456E-4 2.3727111876148453E-4 9.886136986374899E-5 8.465807193932447E-5 -3.726263759991231E-4 -4.779927923202697E-4 
0.5900421893316085 0.002617875626604502 -0.002431367045759701 0.0016550113122920738 -8.860036148661456E-4 2.8945261762361235E-4 7.951960007249543E-5 7.16396475435596E-5 -2.3009963867184888E-4 -5.195456748149381E-4 
0.0287555077492454 0.002564109855531472 -0.0023178527166697696 0.00159869689768819 -9.545749684978461E-4 2.807674480446897E-4 1.6155114307502005E-4 -4.765923138617651E-5 -2.3574009725529192E-4 -4.942084355350359E-4 
0.6889532264108771 0.0026868075080652577 -0.002444437837134234 0.0015949012200853112 -8.789653565630456E-4 1.745368087572118E-4 9.525665085006865E-5 8.465807193932447E-5 -6.659672134671105E-5 -4.779927923202697E-4 
0.20614293645564508 0.0026565478579117434 -0.002480315665371184 0.0014509474808861505 -8.905638018490031E-4 0.0019806488582535444 -3.0188227034599766E-4 7.20203122524954E-5 -1.9313008865532783E-4 -4.984133306107693E-4 
0.20614293645564508 0.0026565478579117434 -0.002480315665371184 0.0014509474808861505 -8.905638018490031E-4 0.0019806488582535444 -3.0188227034599766E-4 7.20203122524954E-5 -1.9313008865532783E-4 -4.984133306107693E-4 
0.1756969315690957 0.002643187138049598 -0.0024896824657816238 0.001591753764354888 -0.001637225570686472 2.378545632097865E-4 2.5634043192101027E-4 6.842727693467902E-5 -5.0241080101592265E-5 -8.625090438215809E-4 
0.15077687560391523 -1.2113859873644694E-4 -0.0024365087678419267 0.0016499830387228347 -8.683105135424586E-4 2.3721711599635474E-4 9.900218908184022E-5 -9.692203407452488E-4 -1.9458224690623943E-4 -6.12675088663327E-4 
0.894423160613832 0.0026866677593563996 -0.0024445323250291916 0.001653740747516482 -8.594485551429629E-4 0.0011996577215155958 8.976685634853047E-5 8.202499720636363E-5 -6.70686263551738E-5 -4.7470288132684307E-4 
0.08178912419633069 0.0026143828227989086 -0.002431809412990281 0.0014290464050041977 -0.0016485225597007607 0.0013397850899053818 -2.1202265465916637E-4 7.197234346752313E-5 -5.135651609668076E-6 -4.7179357324689876E-4 
0.005444281604451484 0.0026138543118696808 -0.0024976754599261787 -0.001733725103586578 -8.970968307471059E-4 2.3173186023302012E-4 -2.2074932121254827E-4 -6.977825910176659E-4 -2.222521758379008E-4 -5.303496420168728E-4 
0.9956028446340923 0.002619379606055559 -0.0024301558080462474 0.0014507330780008773 -0.0016488103782540944 2.3727111876148453E-4 9.886136986374899E-5 -5.749640685735215E-5 -3.710016728383498E-4 -4.600554253826632E-4 
0.08178912419633069 0.0026143828227989086 -0.002431809412990281 0.0014290464050041977 -0.0016485225597007607 0.0013397850899053818 -2.1202265465916637E-4 7.197234346752313E-5 -5.135651609668076E-6 -4.7179357324689876E-4 
0.0026596461646643844 0.0026135810679811713 -0.0025859407018337536 0.0016296305581741527 -9.087946956468291E-4 0.0013386571686216883 2.7123927645493256E-4 7.310938706660931E-5 -2.3049670443562058E-4 -5.084045184402358E-4 
0.3949957482347445 -1.1433252319602836E-4 -0.002436750676516497 0.0016484269808743526 -0.0016414583900905785 0.0013128039890080378 6.017141915393504E-5 -9.72662926339027E-4 -4.3714857310072253E-4 -5.069537412729218E-4 
0.13226787003780408 0.0026290426976017874 -0.002436259943019856 0.0015954633418839668 -0.0016128038823679262 0.0012409445555275867 7.71793730253125E-5 -4.277930109811175E-5 -6.4062837544222E-5 -5.325611630972141E-4 
0.37459860336395684 0.002564109855531472 -0.0023179837578759426 0.0015977475822908723 -9.492107136122706E-4 0.0012421706222601532 2.0928423675752356E-4 -4.765923138617651E-5 -2.3574009725529192E-4 -8.893825627190284E-4 
0.17972965280947412 0.0022992101276623003 -0.002421563948249231 0.0016625533622410065 -0.001663095843612154 0.0013378299972210941 -2.1202265465916637E-4 -5.665396610729717E-5 -3.415746616131787E-6 -4.7179357324689876E-4 
0.6930360779215333 0.0026897951036281126 -0.002444437837134234 0.0015949012200853112 -8.789653565630456E-4 1.6663881363806435E-4 -2.434977127085671E-4 -3.852529520553626E-5 -1.5281494305372818E-4 -5.31222291292068E-4 
0.8686031237501266 0.002302245035503234 -0.002443417720717782 0.0016537375803357401 -8.594485551429629E-4 0.0011917597263964483 8.180773653561449E-5 -4.525635468874282E-5 -1.5328684806219093E-4 -4.993496486905384E-4 
0.051900922387194404 0.002618366290341669 -0.0024360188072855586 0.0015727335239045773 -0.0015734830214108899 2.5492069688826775E-4 2.907792959464498E-4 -1.963265765966178E-6 -2.784062423684302E-5 -4.988995522975349E-4 
0.17972965280947412 0.0022992101276623003 -0.002421563948249231 0.0016625533622410065 -0.001663095843612154 0.0013378299972210941 -2.1202265465916637E-4 -5.665396610729717E-5 -3.415746616131787E-6 -4.7179357324689876E-4 
0.703835229225604 0.002618393079358402 -0.0023243203281393277 0.0015725983406831776 -0.0016280069132477756 0.0013128139665398416 -2.1122720246317386E-4 5.2556207115282555E-5 -2.0365742793376844E-4 -4.987297032417105E-4 
0.8985060137171021 0.0026896553549192546 -0.0024445323250291916 0.001653740747516482 -8.594485551429629E-4 0.0011917597263964483 -2.489875072101053E-4 -4.11583699384971E-5 -1.5328684806219093E-4 -5.279323802986414E-4 
0.572142172680372 0.0026882040656546593 -0.0024431618499182917 0.0017194026504010918 -8.587192207616501E-4 0.0011539908605992999 6.223395871373534E-5 -9.273725355586394E-4 8.956598387867359E-4 -8.257309333188636E-4 
0.15077687560391523 -1.2113859873644694E-4 -0.0024365087678419267 0.0016499830387228347 -8.683105135424586E-4 2.3721711599635474E-4 9.900218908184022E-5 -9.692203407452488E-4 -1.9458224690623943E-4 -6.12675088663327E-4 
0.8027041470548748 0.002654374480745805 -0.001994052116484709 0.0015997881395675645 -8.678165233703829E-4 0.0012320239557523267 1.746692284669119E-4 -7.630489036354307E-4 -2.3846404874679E-4 5.038402793359559E-4 
0.016559921498491132 -9.956154909563416E-5 -0.0024368341667429607 0.0015552038074017327 -0.0015925508995667662 0.001992668626525757 1.8384157677009977E-4 7.1884558489255E-5 -4.3292902640363674E-4 -4.719538525349109E-4 
0.24056397708454721 0.002620377008071922 -0.002431113051057826 0.0014520417042801217 -0.0016488103782540944 2.3727111876148453E-4 9.886136986374899E-5 -5.90363453013047E-5 -4.386770944851161E-4 -5.105400523945042E-4 
0.3957577010080044 -1.1433252319602836E-4 -0.002436750676516497 0.0016484269808743526 -0.0016414583900905785 0.0013134905416477757 6.017141915393504E-5 -8.975701324777723E-4 -3.7057478180987306E-4 -5.069537412729218E-4 
