0.0 5.583244587251679E-4 -0.002258858508956918 7.335400088607618E-4 0.004348999936207005 -6.23589415418839E-5 -0.0037797841409092335 -2.95474904455086E-4 -0.0022616728713895848 -4.6841324276484424E-4 
0.9984167048080428 5.468912289872894E-4 -0.002219047253518358 6.948920649755645E-4 -8.097698518511887E-4 4.5503521323845446E-4 -0.0036319251359934394 -2.579532378859167E-4 1.949609894221502E-6 -2.1851736313025102E-4 
0.0 5.583244587251679E-4 -0.002258858508956918 7.335400088607618E-4 0.004348999936207005 -6.23589415418839E-5 -0.0037797841409092335 -2.95474904455086E-4 -0.0022616728713895848 -4.6841324276484424E-4 
0.9984167048080428 5.468912289872894E-4 -0.002219047253518358 6.948920649755645E-4 -8.097698518511887E-4 4.5503521323845446E-4 -0.0036319251359934394 -2.579532378859167E-4 1.949609894221502E-6 -2.1851736313025102E-4 
0.5395670024648372 5.399435992292502E-4 -0.0022177106415678534 -5.200034929912171E-4 -3.217913953557053E-4 -8.132768172092577E-5 -0.0037634339572496576 1.1541019646647607E-4 -0.0015579097906093166 -0.002867237232618201 
0.06444899723416077 5.469811009130348E-4 -0.002221910577393918 7.462033306781439E-4 -8.60318718033884E-4 -7.986123456037849E-5 -0.00379434518730566 -3.010337418029006E-4 -0.001292899449705732 -0.002977317499151038 
0.49550287987205516 5.583244587251679E-4 -0.002220279231788359 -4.3956310245322344E-4 -9.192979568822812E-4 -5.332757648110795E-5 -0.0037850530848388513 -2.831813855174151E-4 3.267661614176384E-5 -2.732862611669399E-4 
0.6367507967138899 5.500267082171318E-4 -0.0023437483314797305 -4.585562053983134E-4 0.004368257790311464 1.8861313811795058E-4 -0.0038058776413884554 -2.9885567307089193E-4 -0.0017316117147752063 -0.0031730982466245906 
0.39244581223503827 5.500798074346718E-4 -0.002222682579065201 8.396484436613563E-4 -8.65402122929E-4 -8.436519036725662E-5 -0.003788072664402361 1.778293822243879E-4 -0.0015862817588369205 0.0028034040395105023 
0.10371401109558423 5.468889278817551E-4 -0.0022576964221489673 6.936999067537629E-4 -6.216348777617364E-4 -5.443111311460542E-5 -0.0036322029192275953 1.343972527171348E-4 -9.230261142305575E-4 -0.0031706892565580196 
0.5671089822813677 4.203290462337546E-4 -0.002216695391914679 -4.971256769870981E-4 0.004326644675003465 -8.764238211456373E-5 -0.003768664507750604 1.171116009664401E-4 -9.855718651947953E-4 -0.0031012101894497233 
0.2797971391204548 5.467973784202197E-4 -0.002221910577393918 -5.466065440673005E-4 -8.60318718033884E-4 -6.294063520668765E-5 -0.003788520481584464 -3.010337418029006E-4 -0.001292899449705732 -0.0029040152746790306 
0.8150780157178666 5.496350000251916E-4 -0.002261531130286584 6.989403888896704E-4 -4.3675855273339094E-4 -7.622594395524677E-5 -0.0037871288534218357 1.780946184902589E-4 -9.467838426446007E-4 -0.0030900060370120806 
0.2212822321887288 5.494994829644832E-4 -0.0022229940386216535 -4.8275760933691496E-4 -8.59514017157963E-4 -6.308352281165515E-5 -0.003808584424367355 -2.950794962580041E-4 -0.0013312798353170884 -0.0029801873036074157 
0.5864598316259632 4.122751861875034E-4 -0.002213118367704244 -5.354582646496709E-4 -0.0011779878354230017 -6.022081510402386E-5 -0.003808584424367355 1.7683389428741096E-4 -9.716025515872509E-4 -0.002991077195013386 
0.9407859001854475 5.464292313256734E-4 -0.0022614366850418903 -5.326284957671169E-4 -3.888813650669944E-4 -4.711960151747107E-5 -0.0038061550221790835 1.324421705411788E-4 -9.266449888650814E-4 -0.0032008124419542513 
0.3302686201350121 5.475581273737734E-4 -0.002271313471230671 7.335329548109705E-4 -0.0010238660062084437 -6.285659587262801E-5 -0.003784562801811239 1.6732678401182663E-4 -0.0014202666937396585 -0.003066336553307715 
0.7823490284642924 4.2174707910339884E-4 -0.0022614357951968806 -4.946294956762051E-4 -5.944127393073385E-4 -4.761752799420813E-5 -0.0037948148187963524 1.7310783720311457E-4 -0.0012577581298948686 -0.0031588207504236717 
0.30440037274180887 5.581853857248988E-4 -0.0022196462487429434 7.124585853390021E-4 0.004326126886235152 4.456377451474725E-4 -0.0037889580419572235 1.7828851296168438E-4 0.0033915489210423174 -2.912106364502832E-4 
0.21553938117506027 5.554061463901882E-4 -0.002212699884869294 6.984475809046891E-4 0.004279164698593371 -8.362726713604667E-5 -0.0036261096541089916 1.5463922177724973E-4 -0.0015502227834819984 -0.0030713224796559604 
0.427268653711136 4.220749155413464E-4 -0.002219532994991794 7.21082996598519E-4 -7.772367974603074E-4 4.4321887306541694E-4 -0.0037889277999292974 -2.56024248919304E-4 -9.998071170611092E-4 -0.0029899095881252497 
0.8773848077001148 5.468775880840885E-4 -0.002218026494517652 6.973308977970641E-4 -6.225412082485856E-4 -3.231884322194527E-5 -0.003793913100796056 2.1013757604797798E-4 -0.001618675795367816 0.0029572992606913453 
0.11703662597884401 5.38860553939374E-4 -0.0022121179441830104 7.334543302831359E-4 -5.911059022293309E-4 -2.2207134873995923E-5 -0.003778174281866645 -2.7156912178797515E-4 -0.001554707118537605 -0.0029679829061404327 
0.35072061530714693 4.195119973927176E-4 -0.0022610516319911955 6.977129528899229E-4 -5.744264102065787E-4 -5.878197846291E-5 -0.0037895369985463897 1.620421489656837E-4 -0.004891815671707727 -0.0029732243597357434 
0.003229358511708025 4.2053655430063014E-4 -0.0022231138117128025 3.6799536225812484E-4 0.004331839352091869 -2.5403610845705846E-5 -0.003807478896845431 1.5382461278030422E-4 -0.0017721915134438623 -0.002785012055578542 
0.3225808824999661 5.490148161609762E-4 -0.0022140886131783947 7.544538722452267E-4 -6.852035714050553E-4 -4.6940175373333566E-5 -0.003786348350176772 1.3253747833476157E-4 -0.004442920378556425 -0.003170129005576367 
0.652178308846612 5.470931844643154E-4 -0.0022231671456213213 -4.233375955624352E-4 -5.558598508502762E-4 -9.168269921011428E-5 -0.003769242925906748 1.5477851265486425E-4 -0.002313320808013335 -0.0032139933172210576 
0.2610798020309401 5.583236936441185E-4 -0.0022614326147315615 6.971607234412524E-4 -3.8618538579258954E-4 -4.3749190940791814E-5 -0.003788291215082355 1.3381911900299173E-4 -9.389268535455393E-4 -0.003167816301291959 
0.70625565830641 4.1625014362043494E-4 -0.0022168772831696677 -5.200034929912171E-4 0.004389611348114974 -4.740807105051549E-5 -0.003766003884054975 1.168964908765374E-4 -9.926579340324975E-4 -0.002839306410788175 
0.13590397095160978 5.469695163794059E-4 -0.0022179767555069022 7.707838591184932E-4 -8.617717391208624E-4 -7.553081151216815E-5 -0.003807986430267417 -2.8073316465083796E-4 -9.674763873995958E-4 -4.81269609584624E-4 
0.7620005956232022 4.2174707910339884E-4 -0.0022614357951968806 6.978231917066305E-4 -6.96838166533546E-4 -4.761752799420813E-5 -0.0037938075503700973 1.7310783720311457E-4 -0.001263630114639699 -0.003159108947949347 
0.8561987127455097 4.2229561615634334E-4 -0.0022166728697267657 7.216439056097485E-4 -8.272761892260598E-4 -2.3933241232332425E-5 -0.0037889057950009674 1.6353124368049868E-4 -0.0015775310580035413 -0.0030069637254385457 
0.46550542766639313 5.465694179064974E-4 -0.002219532994991794 7.436130177397994E-4 -8.097698518511887E-4 4.89839404006332E-4 -0.0037889300255227578 1.2050684589045356E-4 1.949609894221502E-6 -2.9522253322732746E-4 
0.6881716923736554 5.491198201169427E-4 -0.0022160313802394964 7.088030019856075E-4 -6.596021540291881E-4 2.0321612894436E-4 -0.003788655268489016 1.530875426084521E-4 -0.00232573380990683 -0.0030674181555079244 
0.6034247124119811 4.1404693595919264E-4 -0.0022168772831696677 -5.027179533305191E-4 -9.303146652410287E-4 0.0011759194829073056 -0.003766088583356253 1.1656752666187252E-4 3.2394730924767694E-5 -0.0029916346766060867 
0.23564642539626196 5.410251898371648E-4 -0.0022168772831696677 -4.7151851567693625E-4 -4.664456139479307E-4 -8.132804675937917E-5 -0.0037906553612224135 1.7809127409563184E-4 -0.0015525886793387434 -0.0029678476402343677 
0.23564642539626196 5.410251898371648E-4 -0.0022168772831696677 -4.7151851567693625E-4 -4.664456139479307E-4 -8.132804675937917E-5 -0.0037906553612224135 1.7809127409563184E-4 -0.0015525886793387434 -0.0029678476402343677 
0.8249873386774248 5.409385240126785E-4 -0.002217987191289708 6.686621722379012E-4 -7.725724225854311E-4 -7.857841565717279E-5 -0.0037927394843307906 2.110391788383013E-4 -9.849599223597516E-4 -3.9472190543274506E-4 
0.9794958638889056 5.482835322557092E-4 -0.002219532994991794 6.993961982518718E-4 -8.097698518511887E-4 4.4797726774683405E-4 -0.0037892135018293333 1.8282379091934058E-4 2.7461382923648736E-5 -2.9522253322732746E-4 
0.07646096613420522 5.410251898371648E-4 -0.0022168772831696677 -4.705848566983176E-4 -4.4892784525222987E-4 -7.555882106139641E-5 -0.0038084919844422528 -2.6859933225774596E-4 -0.0015525886793387434 -4.7949553287889273E-4 
0.4591262316610698 5.494994829644832E-4 -0.0022229940386216535 -4.8275760933691496E-4 -7.704711708414801E-4 -6.022081510402386E-5 -0.003808584424367355 1.6620843371398768E-4 -0.0023368359964088398 -0.0029801873036074157 
0.5213216277152717 5.583244587251679E-4 -0.002258812651432683 7.324512082607003E-4 0.004348999936207005 -6.23589415418839E-5 -0.0037797841409092335 -2.936682615727514E-4 -0.0022616728713895848 -4.323664743791397E-4 
0.4520096013596735 5.446999142139087E-4 -0.0022114463782844486 6.983016169046243E-4 0.004323249220192551 -7.996839423710796E-5 -0.0037893517287036055 1.7610661605917024E-4 -9.164297655417449E-4 -0.0030102297679554914 
0.056379198431419295 5.583244587251679E-4 -0.002258858508956918 7.334525015438095E-4 0.004359786001541511 -6.23589415418839E-5 -0.003779843558929851 -2.7067269071629526E-4 -0.0015938022878147805 -4.648010256695309E-4 
0.7347855751984255 5.496350000251916E-4 -0.002261531130286584 6.991616095788524E-4 -4.3675855273339094E-4 -5.162234278191109E-5 -0.0037871691421585457 1.780946184902589E-4 -0.0022992768675061835 -0.0030900060370120806 
0.27965234730345334 4.1779037685537863E-4 -0.002216084761414852 -4.8275760933691496E-4 0.004348316980999997 -6.022081510402386E-5 -0.003783933862043374 1.7682335233422955E-4 0.0033543233708113285 0.003372654755673525 
0.0013205292447070471 4.033984997707753E-4 -0.002261797670388204 6.796153880993947E-4 0.0043489995814954925 -6.745451017592857E-5 -0.0037882759280858775 1.7455764320839623E-4 -0.0017792157090610243 -0.003024782760308063 
0.7584809048185788 5.576552547289701E-4 -0.0022614357951968806 7.324224132981793E-4 0.004416713740693231 -4.751745272090485E-5 -0.0037938075503700973 1.7310783720311457E-4 -0.0022628204203835 -4.295695864640677E-4 
0.08697503836463537 4.2053655430063014E-4 -0.0022231138117128025 3.969500878923093E-4 -4.79010121858752E-4 -2.5403610845705846E-5 -0.0037704853474003785 1.5382461278030422E-4 -0.0017721915134438623 -0.002785012055578542 
0.37669383454079136 5.467036963374861E-4 -0.002223213054062052 -5.094775677206851E-4 -6.506756577884177E-4 -6.227449494415687E-5 -0.003788072664402361 1.778293822243879E-4 -0.0015862817588369205 0.0028061879619748196 
0.314281469043158 5.581853857248988E-4 -0.002271313471230671 7.335329548109705E-4 0.004349000853820267 -6.285659587262801E-5 -0.003784562801811239 1.6732678401182663E-4 0.0033915489210423174 -0.003066336553307715 
0.021478905905500778 5.441782498352568E-4 -0.002258858508956918 7.335400088607618E-4 0.004348999936207005 -6.23589415418839E-5 -0.0037797845841033764 1.7150931554139382E-4 -7.796921125295342E-4 -4.6841324276484424E-4 
0.03066395965643389 4.092129829654282E-4 -0.0022623986688995474 -5.298394083536628E-4 -6.572192997527284E-4 -6.78641017194559E-5 -0.0037796341584338594 -3.0898955823828906E-4 -0.001586223943614226 0.0037801248334764035 
0.8381334054314851 5.409385240126785E-4 -0.0022219314016193076 6.699048650469721E-4 -7.714896176773185E-4 -7.857841565717279E-5 -0.0037927394843307906 2.0981937442985304E-4 -0.0011894083374984733 -3.9472190543274506E-4 
0.01106421214094891 4.1232985031463686E-4 -0.0022132147112655727 -5.551732418936119E-4 -7.630242545366103E-4 -6.25012673141708E-5 -0.003788012870348085 -3.686137037397715E-4 -9.362269152237211E-4 -0.002991240331937756 
0.14904109980770525 5.494620130159954E-4 -0.00222191274679734 7.72026551927564E-4 -8.082209067240994E-4 -4.871248926445219E-5 -0.0037896243663454736 -2.8241856089921514E-4 -0.0011549245149056865 -4.7919747145062127E-4 
0.009958200676320403 5.469256344459704E-4 -0.002261366057084221 -5.463392732577322E-4 -6.436435796399432E-4 -4.6601812744975375E-5 -0.003788265407675229 1.0848015254659888E-4 -0.0012637921041836948 -0.0033689779620335596 
0.16358043810462383 5.469229561868497E-4 -0.002261366057084221 -5.358176804150453E-4 -6.436435796399432E-4 -4.6652575266232924E-5 -0.003788265407675229 1.0848015254659888E-4 -0.0012637921041836948 -0.0033834351389122486 
0.9243982738556858 5.441782498352568E-4 -0.002220316998605083 7.335400088607618E-4 -8.343360984050534E-4 4.591025131236359E-4 -0.0037797845841033764 1.8971429949242818E-4 1.1677737058486188E-4 -3.0391198083671585E-4 
0.04979291642419964 4.1447171854166326E-4 -0.0022130180769196046 8.629824532880962E-4 0.004215408424371973 -6.2329545162534E-5 -0.003809574428512984 1.7683389428741096E-4 -9.716025515872509E-4 -0.002926119861209307 
0.4243628407849678 4.2229561615634334E-4 -0.0022166728697267657 7.216439056097485E-4 0.004348999726100813 -2.408716309625696E-5 -0.0037889057950009674 1.6342678716286304E-4 -9.859698347891022E-4 -0.003158719306817601 
0.03865755509061694 4.1779037685537863E-4 -0.0022613539039275645 -4.8275760933691496E-4 0.004348316980999997 -6.022081510402386E-5 -0.003808584424367355 1.7683389428741096E-4 -9.9256761105496E-4 0.0036524462734121082 
0.503359370678463 4.264605133146266E-4 -0.0022623501972591415 6.978231917066305E-4 -6.96838166533546E-4 -4.761752799420813E-5 -0.0037886160446064937 1.7314995175832807E-4 -0.0017734784263872898 -3.073107929058398E-4 
5.508457222317548E-4 5.582540981248023E-4 -0.0022107198176535936 6.978167906472269E-4 -7.988656976988607E-4 -5.456883020404204E-5 -0.0037879621525176033 -2.83512886330969E-4 -0.004442920378556425 -0.0031706892565580196 
0.09475431537711484 5.410251898371648E-4 -0.0022168772831696677 -4.703358308992557E-4 -4.6589942213057705E-4 -6.0255868731062644E-5 -0.0038084939444091494 -2.778775838974337E-4 -0.0015525886793387434 -0.003037571972350345 
0.19633798063715177 5.490586107589727E-4 -0.0022166440292694 7.543774120465296E-4 0.00434932990082371 -8.764953076943593E-5 -0.0036304035387570975 -2.50952319381912E-4 -9.819459253508724E-4 -0.0030683304018608304 
0.7149712972088342 5.622175776049774E-4 -0.0022183780857479895 -4.7466195221809813E-4 -6.979256344123855E-4 -6.022081510402386E-5 -0.003808584424367355 -3.3137856634544803E-4 -9.9256761105496E-4 -0.00296953484116596 
0.6624227232006308 5.500798074346718E-4 -0.0022231806301973543 6.57552818781896E-4 0.004349035856561868 -4.359920673697173E-5 -0.0037885171630191797 1.762295099328918E-4 -9.820652233298987E-4 -0.00277721377581561 
0.41497926375650773 5.58246464716748E-4 -0.0022614783653362074 6.763229989855784E-4 0.004349028637330259 -4.2526541013807856E-5 -0.003788275431595721 1.763642860907309E-4 -0.0017404376291353554 -0.002906608654437875 
0.6745958428366747 4.1625014362043494E-4 -0.0022168772831696677 7.514064697636913E-4 0.004388789788922617 -6.0215921682346925E-5 -0.0037660320317612923 1.7598395728293513E-4 -9.926579340324975E-4 -0.002839306410788175 
0.7933968582846909 5.550919897930623E-4 -0.0022614326147315615 6.971607234412524E-4 -3.8618538579258954E-4 -4.2522407347357326E-5 -0.0036232056495735018 1.3381911900299173E-4 -9.389268535455393E-4 -0.003066702623089995 
0.19739923173124063 4.220749155413464E-4 -0.002219532994991794 7.21082996598519E-4 -7.772367974603074E-4 -9.793521158631198E-5 -0.0037889277999292974 -2.56024248919304E-4 -0.0010002091171850127 -0.0029899095881252497 
0.906266612527755 5.467973784202197E-4 -0.002221910577393918 -5.327023857645757E-4 -8.622999738257371E-4 -6.294063520668765E-5 -0.0037893682291641416 1.382073218598445E-4 -9.280823593530206E-4 -0.003198106308836692 
0.039556590876662356 5.461671153301251E-4 -0.0022172579042939963 -5.089907175759653E-4 -8.5933785046561E-4 -1.38341501860339E-5 -0.0038066544051429067 1.1383150856111782E-4 -0.002326996671452417 -0.003399460820643573 
0.46550542766639313 5.465694179064974E-4 -0.002219532994991794 7.436130177397994E-4 -8.097698518511887E-4 4.89839404006332E-4 -0.0037889300255227578 1.2050684589045356E-4 1.949609894221502E-6 -2.9522253322732746E-4 
0.6759081977531677 4.1626056464452526E-4 -0.0022168772831696677 -5.122071178089065E-4 -3.222729863727146E-4 -6.388480937137957E-5 -0.003766065341772557 1.7598395728293513E-4 -0.0017843888402745336 -0.002839306410788175 
0.04033702614990503 5.465659703558974E-4 -0.002339649439542912 7.210665554408808E-4 -6.678034088161703E-4 4.5503521323845446E-4 -0.0037889099867862157 1.1865326578543605E-4 1.949609894221502E-6 -2.9522253322732746E-4 
0.18223242110653753 5.58294862240554E-4 -0.002216876842449397 -4.7151851567693625E-4 -4.664456139479307E-4 -8.132804675937917E-5 -0.0037906553612224135 1.780900132917036E-4 -0.0015574356208652607 -0.002986850747301972 
0.5723367575836477 5.468690497305696E-4 -0.002213297201079891 -5.280438716244794E-4 -9.879894906862552E-4 -1.3258917254520866E-4 -0.0038076525661385136 -2.763127659042906E-4 -2.1586979909232122E-4 -0.003152154132028639 
0.6150337112810766 5.456698903956951E-4 -0.0022610293027228406 -4.8275760933691496E-4 -7.133075602189437E-4 -6.022081510402386E-5 -0.003808584424367355 -2.572556300828642E-4 -9.9256761105496E-4 -0.00298957867415368 
0.2610798020309401 5.583236936441185E-4 -0.0022614326147315615 6.971607234412524E-4 -3.8618538579258954E-4 -4.3749190940791814E-5 -0.003788291215082355 1.3381911900299173E-4 -9.389268535455393E-4 -0.003167816301291959 
0.1504186668374619 5.495110683894928E-4 -0.002221912759991197 7.72026551927564E-4 -8.082209067240994E-4 -4.871248926445219E-5 -0.0037896243663454736 -2.8241856089921514E-4 -0.0011549245149056865 -4.791875782257592E-4 
0.16708653187673744 5.500798074346718E-4 -0.0022231806301973543 -5.562187498738317E-4 -7.372495522063177E-4 -4.359920673697173E-5 -0.0037885171630191797 1.0859002678970854E-4 -9.723930229325987E-4 -0.00277721377581561 
0.12055985274858466 4.313339880013322E-4 -0.002339649439542912 -5.348668847649808E-4 -6.678034088161703E-4 4.6107004027788747E-4 -0.0037889099867862157 1.236159380827495E-4 1.949609894221502E-6 -2.9522253322732746E-4 
0.015743304322790752 5.47738784064276E-4 -0.002221839008648574 6.837581069850333E-4 -7.630242545366103E-4 4.714304197628498E-4 -0.0037887116954486728 -3.686137037397715E-4 -9.362269152237211E-4 -0.0029145257395932394 
0.004163670933178501 5.469811009130348E-4 -0.002221910577393918 7.462033306781439E-4 -8.60318718033884E-4 -7.986123456037849E-5 -0.00379434518730566 -3.010337418029006E-4 -0.001292899449705732 -0.002977317499151038 
0.13031963299284194 5.469695163794059E-4 -0.002217715925945895 7.866029227259421E-4 -8.617717391208624E-4 -7.553081151216815E-5 -0.003807986430267417 -2.7407457489811833E-4 -9.674763873995958E-4 -4.7770985319672853E-4 
0.07646096613420522 5.410251898371648E-4 -0.0022168772831696677 -4.705848566983176E-4 -4.4892784525222987E-4 -7.555882106139641E-5 -0.0038084919844422528 -2.6859933225774596E-4 -0.0015525886793387434 -4.7949553287889273E-4 
0.02463883184987481 5.576552547289701E-4 -0.0022227763722978684 -5.906433688630903E-4 -6.222053981773331E-4 -4.751745272090485E-5 -0.0038074419233127405 1.7310783720311457E-4 -0.0022728682180439917 -4.295695864640677E-4 
0.17169947001169916 5.465694179064974E-4 -0.002219532994991794 -5.195188759942752E-4 -8.07989548408886E-4 4.583780596430061E-4 -0.0037889300255227578 1.2050684589045356E-4 1.949609894221502E-6 -2.9522253322732746E-4 
0.3629843252272673 4.2229561615634334E-4 -0.0022166728697267657 6.784147716193345E-4 -4.8273222380448475E-4 -2.3933241232332425E-5 -0.0037933031481343685 -2.7622128081579347E-4 -0.0015738750407337122 0.003037490686938065 
0.8496255082174935 5.368398811934224E-4 -0.0022166728697267657 7.216439056097485E-4 -5.912070147435659E-4 -2.2214612093281274E-5 -0.0037889057950009674 -2.613890233639053E-4 -0.0015775310580035413 -0.0030063644277191492 
0.024028835681299876 4.199607233755091E-4 -0.002262337853813184 -4.5021647267458673E-4 -0.001132025741084895 1.9647588379884207E-4 -0.0037868326706902967 1.3270257198971525E-4 -0.0017787300873328168 -0.0032485706319676354 
0.8880131342474743 5.620109379600167E-4 -0.002263558029605875 -5.30473203520546E-4 -4.278474599642191E-4 -4.1787737086856196E-5 -0.0038073057602518866 1.345278270809497E-4 -0.0017730528013155727 -0.003069718272292028 
0.9605616491928776 4.1420918549086406E-4 -0.0022173012739763235 7.934706253739205E-4 -4.8273222380448475E-4 4.270861918866754E-4 -0.003793496875247639 1.5541217190466575E-4 -0.0010369956866440643 -0.0028711549229346652 
0.12501517583984956 4.37318421168267E-4 -0.0022241764205002813 -5.348668847649808E-4 -6.678034088161703E-4 4.5466231120256496E-4 -0.0037889307187749756 1.236159380827495E-4 -0.0010331404385355626 -2.93563687911252E-4 
0.7933968582846909 5.550919897930623E-4 -0.0022614326147315615 6.971607234412524E-4 -3.8618538579258954E-4 -4.2522407347357326E-5 -0.0036232056495735018 1.3381911900299173E-4 -9.389268535455393E-4 -0.003066702623089995 
0.3601566888084882 5.470616628576406E-4 -0.0022114463782844486 7.335665272213233E-4 0.004348988819135581 -4.880741542978006E-5 -0.0037688884063738597 1.7572104520191864E-4 -9.192354972226838E-4 -0.0030933991641013377 
0.00599880047197246 5.469807398971759E-4 -0.002221910577393918 -5.466065440673005E-4 -8.60318718033884E-4 -6.701572292728347E-5 -0.003808681871162685 -3.010337418029006E-4 -0.0012564691238361634 -0.002991240331937756 
0.7142571595747591 5.624543008131102E-4 -0.002219532994991794 7.210665554408808E-4 -6.983699246260238E-4 4.5503521323845446E-4 -0.0037889288956215908 -3.3014718518188787E-4 -9.998071170611092E-4 -0.0029698657551375297 
