0.9980875785173071 8.430749137602173E-5 -0.0010851807422851884 1.250759446377389E-4 1.883235917520371E-4 0.0010815535778857788 2.6095504032540355E-6 -7.412833456081692E-6 3.3225367658494816E-5 -7.806203547320136E-4 
0.0 1.4025088737886175E-5 -0.0010550111485819213 1.4621731540870485E-4 2.0974768161226195E-4 5.302443230956108E-4 -6.788967190652053E-5 -1.8801362315045128E-6 1.345229717769382E-4 -7.692063710228337E-4 
0.07008538357562469 1.616166728833148E-4 -0.0010053022144236037 1.2394996919059439E-4 -5.65219667068337E-4 0.0011173489243459555 -6.105777440112327E-5 -2.054791406235187E-6 3.283611274085732E-5 -7.80492405939439E-4 
0.30340423329817306 1.3416569389076885E-4 -0.0010126994818956889 -2.5435198269901574E-4 2.3949583601400355E-4 0.0012733386076018123 -4.15745948014677E-5 -5.2637603656438175E-6 -5.6334559036708946E-5 -7.809674481238502E-4 
0.0063422832576643245 2.4727982837497838E-5 -0.0010520431568765292 -2.3303487440342263E-4 2.1038772165535137E-4 5.951667045294106E-4 -3.9494040259148357E-4 -5.631466058996536E-6 1.4391822412175646E-4 -7.806658038845731E-4 
0.8267609809566705 2.0868019083171882E-5 -0.0010758860577787378 -2.0731645719166737E-4 -5.49877267130385E-4 0.0012362434634316088 -3.836382677845239E-4 -5.612128934064799E-6 4.074127578239316E-5 -7.692088932296995E-4 
0.8035785058084698 -1.095584669372899E-4 -0.0010548476746912992 6.510236924475573E-5 2.385787147199293E-4 5.347748665976506E-4 -5.7497898838444994E-5 1.4219020036354419E-5 -7.290063968694778E-5 -7.811105666618571E-4 
0.2661793220184757 1.0203966542217003E-4 -0.0010127129221439522 1.4512056449582725E-4 -6.997320338649062E-4 6.388569876086179E-4 -6.28777401900129E-5 -5.2637603656438175E-6 3.8617522671253344E-5 -7.805909601831233E-4 
0.1740277477558748 1.902968036679443E-5 -0.001074148672460434 -2.26969769327089E-4 1.2863285212259346E-4 6.349941381555857E-4 2.6012031352770404E-5 -1.8515294395073356E-6 1.2767719531605408E-4 -7.677083881439759E-4 
0.1440040059342755 1.02157587345267E-4 -0.001041130717356705 1.3590445281394943E-4 -5.00694449698323E-4 0.001245186769882832 -6.0969539587660176E-5 -2.2281214916668996E-6 3.699166160418042E-5 -7.805869103746383E-4 
0.9631827188624298 -9.623978913182314E-5 -9.394585719236251E-4 -2.0915927925605228E-4 2.1368149790767013E-4 6.369997034924344E-4 -5.5576342708017094E-5 -5.379814046467196E-6 3.9150299568502806E-5 -7.685526739423615E-4 
0.48336894861288177 1.0812332298986238E-4 -0.0010851807422851884 1.250759446377389E-4 1.7637092989980816E-4 6.476853316677706E-4 -2.8713675772997003E-4 -7.412833456081692E-6 3.3225367658494816E-5 -7.806203547320136E-4 
0.11692993521005232 1.199595188743744E-5 -0.001077620443721991 -1.9761609224067767E-4 -4.866421096910499E-4 6.885873908085945E-4 -2.2591019591082617E-4 -1.2035609354322327E-6 3.8589739360582855E-5 -7.696276415047809E-4 
0.5977390146086528 8.050002777522594E-5 -0.0010731683181788398 1.2715236679490034E-4 -5.368696769122313E-4 5.97788057600059E-4 -3.8066193628303246E-4 1.6527585359961697E-5 -6.577268383623682E-5 -7.696041312492999E-4 
0.12948896911092145 1.0337927098443632E-4 -9.807281327298707E-4 1.1709968862458991E-4 1.7975786171336977E-4 0.0011058270468388318 -7.917778590207685E-5 -5.372839313744924E-6 3.952403539489562E-5 -7.806635317189399E-4 
0.3228118559490328 3.303171611848011E-5 -0.0010747629892563007 1.1735159246201098E-4 2.3526107113070442E-4 6.198408694234152E-4 -2.9331152104635465E-4 -6.210394394683437E-6 1.4998405199402435E-4 -7.692049859665812E-4 
0.650757995789916 8.050002777522594E-5 -0.0010731683181788398 1.2715236679490034E-4 -5.368696769122313E-4 6.119574943080952E-4 -3.8066193628303246E-4 1.65655961976667E-5 -6.577268383623682E-5 -7.696041312492999E-4 
0.44658120871867224 2.261731523677154E-5 -8.851348105497205E-4 -2.505008248719516E-4 1.9817871977698297E-4 6.676416696424347E-4 -2.5547691397835988E-5 -5.3702373750381195E-6 1.5338070311515702E-4 -7.69464286739012E-4 
0.7623360334928448 1.3319198737216048E-5 -9.393168600283712E-4 1.1522788215238513E-4 1.6136221548704262E-4 6.988623936348547E-4 -2.2532688533520893E-4 -5.247836587454163E-6 3.349423127977734E-5 -7.700746590640069E-4 
0.4275395217591995 1.5219758572658195E-4 -0.0010923060305662086 -2.1805765116207577E-4 2.087841938248449E-4 0.0011568652205446591 -4.0512041252561786E-5 -5.897049378693628E-6 3.698169781017412E-5 -7.696253025713222E-4 
0.05624310401004262 -9.01731770962931E-5 -0.0010831171557397427 1.2922922797628088E-4 -5.283997885260703E-4 6.168380344647096E-4 -2.1633706416773974E-4 -2.4098228419846906E-6 -7.138178111386584E-5 -7.806138254502938E-4 
0.3860497987378023 -9.662985431994744E-5 -9.421228877605683E-4 -2.1634372691485865E-4 2.635620463864213E-4 6.104576178419745E-4 -5.5576342708017094E-5 -5.386053376052109E-6 -5.711768873706326E-5 -7.809823486543731E-4 
0.09678882770778355 1.616166728833148E-4 -0.0010053022144236037 1.1356312018408812E-4 2.321712562585673E-4 0.0011173489243459555 -6.105777440112327E-5 -2.054791406235187E-6 -5.962400312468471E-5 -7.80058131280264E-4 
0.09678882770778355 1.616166728833148E-4 -0.0010053022144236037 1.1356312018408812E-4 2.321712562585673E-4 0.0011173489243459555 -6.105777440112327E-5 -2.054791406235187E-6 -5.962400312468471E-5 -7.80058131280264E-4 
0.003061222999636126 1.9133206720456922E-5 -0.001092292809946251 1.2898331326264675E-4 2.1038913184197148E-4 0.0011562923672670832 -7.003225165721603E-5 -2.0182026343915702E-6 4.889187701576536E-5 -7.693315256670385E-4 
0.16274234143427013 1.0703483398822374E-5 -0.001077620443721991 -1.9761609224067767E-4 -4.866421096910499E-4 6.885873908085945E-4 -2.2585719552782135E-4 -4.264882907158003E-6 4.395379317608714E-5 -7.696276415047809E-4 
0.6681542948632704 2.516471895279231E-5 -0.0010548333030984886 1.2751822932534552E-4 2.473554747430317E-4 5.451921701881115E-4 -3.083595612700591E-4 -1.9032659794754256E-6 -7.517541529634733E-5 -7.813813373806833E-4 
0.08218137864350183 1.371242539645026E-5 -9.897637165963162E-4 1.279503392667475E-4 1.8723148750442954E-4 0.0013995517575574917 -2.2203861788156344E-4 -3.3374217751332844E-6 4.6666124298989474E-5 -7.808772931527816E-4 
0.46553747255991645 3.194784971665028E-5 -9.883662906818133E-4 -2.0143597161314587E-4 1.162005591817058E-4 6.33137905464318E-4 -9.844348913091018E-5 1.615831991866387E-5 -6.487973104423884E-5 -7.808441778519337E-4 
0.35609899057330396 1.8122745140340435E-5 -9.434318175067331E-4 1.2561419520822672E-4 2.8051614365597483E-4 6.472357322890778E-4 -3.0151603432207724E-4 -1.985119462250807E-6 -7.475289006727968E-5 -7.697809067670817E-4 
0.5019907722199022 -8.570252889152426E-5 -0.0010755537601496927 1.3078576298871728E-4 2.1669390785072104E-4 0.0011277191448250143 -7.030501948720505E-5 -2.8323107635824433E-6 -0.0022465442319012994 -7.8011462946877E-4 
0.35609899057330396 1.8122745140340435E-5 -9.434318175067331E-4 1.2561419520822672E-4 2.8051614365597483E-4 6.472357322890778E-4 -3.0151603432207724E-4 -1.985119462250807E-6 -7.475289006727968E-5 -7.697809067670817E-4 
0.7674552945901301 1.5773092764751913E-4 -0.0010583825287498226 7.093500237065684E-5 2.3247804940981033E-4 0.0011113943915757915 -5.7497898838444994E-5 1.4219020036354419E-5 3.2841255364002974E-5 -7.804794203114249E-4 
0.9238752473856087 1.4388043940979326E-4 -0.0010543706833719788 6.321441643086936E-5 -4.911897482728229E-4 6.707159461230088E-4 -7.003225165721603E-5 -2.265343380849746E-6 1.3606009727349337E-4 -7.691786575151399E-4 
0.976233415944528 -9.186928767528657E-5 -0.0010924469892195023 1.2343805049349984E-4 2.087822948715861E-4 6.552968502566035E-4 -4.04814856164548E-4 1.4203223012519055E-5 -4.472499024993307E-5 -7.702322212666464E-4 
0.05414788870170262 1.0440040700954585E-5 -9.455631820258029E-4 1.245917808482878E-4 2.085421357567979E-4 6.579294118335314E-4 -7.003225165721603E-5 -1.9487551648788647E-6 1.345229717769382E-4 -7.692063710228337E-4 
0.04522742332862767 -1.1247643951550906E-4 -0.0010851807422851884 1.5192324940205626E-4 1.883235917520371E-4 0.0013885356198071897 -5.305103927225632E-5 -6.21997613056156E-6 3.713214189390854E-5 -7.807835373663441E-4 
0.5267480187974676 -1.696295720836586E-5 -9.847665011144444E-4 1.491690058865684E-4 2.063682670112032E-4 6.105402906634379E-4 -3.9430700559003006E-4 -2.8391980037053E-6 -7.260036728278534E-5 -7.816570871983628E-4 
0.2893729372567468 1.0380234309055193E-4 -0.0010127129221439522 1.2638104510724913E-4 1.848856356293536E-4 0.0011515389270597047 -6.154370421574323E-5 -5.2637603656438175E-6 3.978806675083621E-5 -7.805418115914445E-4 
0.2893729372567468 1.0380234309055193E-4 -0.0010127129221439522 1.2638104510724913E-4 1.848856356293536E-4 0.0011515389270597047 -6.154370421574323E-5 -5.2637603656438175E-6 3.978806675083621E-5 -7.805418115914445E-4 
0.7358266440876748 -8.740841706102227E-5 -0.0010127300814808994 1.1239578034494414E-4 2.17854981188322E-4 0.0011251966847740241 -7.198591644832746E-5 -2.8912931460024967E-6 4.021235876723963E-5 -7.806348053676623E-4 
0.8668523478129069 -9.891843484936884E-5 -0.0010769064998051093 1.2643193538640026E-4 1.7914191057523388E-4 0.0012725523863264436 -3.836382677845239E-4 -5.612128934064799E-6 4.074127578239316E-5 -7.692126887963868E-4 
0.5466773792163708 1.521076689713944E-4 -9.958864373262595E-4 -2.1805765116207577E-4 -4.881302232893753E-4 0.001154440181794573 -2.84085422735358E-4 -5.7248559115178716E-6 3.683991894945037E-5 -7.691954378742652E-4 
0.016647843610834392 1.4226563866210208E-4 -0.0010450435474418992 1.2650418434894366E-4 1.3804444611877575E-4 0.0012731142696265224 -6.51871889909203E-5 -1.8873629577086014E-6 1.3565851177421462E-4 -7.692060636173557E-4 
0.5141874555079863 -1.0232505655493326E-4 -0.001012769224860124 4.049682054902414E-4 -7.016580290574294E-4 0.001160351419556667 -2.207202905277389E-4 -2.8381556567593526E-6 3.866976228564454E-5 1.334762603243066E-4 
0.08120723000560323 -1.0192974911643786E-4 -9.904264790239646E-4 1.2819552405123955E-4 1.8583884756335502E-4 0.0012728346347724861 -4.9780244001030455E-5 -3.3414890204428188E-6 5.0213234379628995E-5 -7.691090641202067E-4 
0.24419943004999145 1.0703483398822374E-5 -0.001077620443721991 -1.9761609224067767E-4 -4.866421096910499E-4 0.0010839811709288103 -2.2437802506246072E-4 -4.264882907158003E-6 3.707047436245006E-5 -7.6928864855573E-4 
0.9366818149428583 3.194784971665028E-5 -9.899593397936458E-4 -2.087122559804214E-4 1.1851719866042688E-4 6.319831066622174E-4 -9.747672846145096E-5 1.615831991866387E-5 -6.487973104423884E-5 -7.691374450432117E-4 
0.884506645010563 -1.1168708051569832E-4 -9.380714691347047E-4 6.488947950640357E-5 2.4068116503375627E-4 6.832244436800051E-4 -5.119012369930494E-5 1.4219020036354419E-5 -5.376460126377961E-5 -7.702652520120511E-4 
0.9875446999306914 1.5163259473680152E-4 -9.870467761923887E-4 -2.2464819397298447E-4 2.8051614365597483E-4 6.99442801950872E-4 -2.921444594509774E-4 -2.6191319587686732E-6 -3.903019978358014E-5 -7.696503106906726E-4 
0.7358266440876748 -8.740841706102227E-5 -0.0010127300814808994 1.1239578034494414E-4 2.17854981188322E-4 0.0011251966847740241 -7.198591644832746E-5 -2.8912931460024967E-6 4.021235876723963E-5 -7.806348053676623E-4 
0.33318726408788485 3.303171611848011E-5 -0.0010720636457580417 1.0713595603822714E-4 2.3559848265106842E-4 0.0012729398398805415 -2.9331152104635465E-4 1.5151045386389072E-5 -6.158509062538113E-5 -7.692068004625258E-4 
0.6211071174532267 7.683213506346378E-5 -0.0010107615178932498 8.243312098328046E-5 -5.368696769122313E-4 6.420597437723559E-4 -3.8066193628303246E-4 1.65655961976667E-5 -1.8157832848295693E-4 -7.701243071481921E-4 
0.8614651120953021 -3.0386397782911377E-5 -0.0011060210038552733 -2.523256846371531E-4 1.5636926039029012E-4 7.174117186534565E-4 -3.7442245625707174E-4 1.4597649679864229E-5 3.699555051418458E-5 -7.817755564701628E-4 
0.011776896826245109 1.9182524984380384E-5 -9.434272933166874E-4 1.2647002579977838E-4 1.2824788249157868E-4 6.472357322890778E-4 -3.0083970971191403E-4 -1.8889064777031683E-6 -7.475289006727968E-5 -7.697809067670817E-4 
0.8444469922832817 2.0868019083171882E-5 -0.001080613755674658 -2.1856443583761418E-4 -5.491701480386555E-4 0.0012362434634316088 -3.836382677845239E-4 -5.633461057490699E-6 4.074127578239316E-5 -7.692088932296995E-4 
0.7011220736546577 6.305989624367473E-5 -0.0010541274525477133 6.520740961985663E-5 4.4185375586530874E-4 6.119574943080952E-4 -7.38952467204573E-5 1.4036171245219647E-5 -8.040975866608751E-5 -7.818952764021453E-4 
0.33318726408788485 3.303171611848011E-5 -0.0010720636457580417 1.0713595603822714E-4 2.3559848265106842E-4 0.0012729398398805415 -2.9331152104635465E-4 1.5151045386389072E-5 -6.158509062538113E-5 -7.692068004625258E-4 
0.11971888076616843 4.321435731802429E-5 -0.0010052351379786237 -2.1634372691485865E-4 2.640482900962989E-4 6.356011629179268E-4 -5.5804767384127254E-5 -9.674791514851533E-7 -6.61616943704535E-5 -7.804942506896124E-4 
0.40146835503966083 1.5219758572658195E-4 -0.0010923060305662086 -2.1805765116207577E-4 2.087841938248449E-4 0.0011568652205446591 -4.0512041252561786E-5 -5.897049378693628E-6 3.698169781017412E-5 -7.696253025713222E-4 
0.6372956242329 -1.0192974911643786E-4 -9.90694608936697E-4 1.2821418213609137E-4 2.9285056124882984E-4 0.0012728346347724861 -4.9780244001030455E-5 -3.4341105620847815E-6 4.7216375440681504E-5 -7.696087807413326E-4 
0.7872664122212301 6.866935657980448E-6 -0.0010541785567200323 1.354948078114258E-4 -5.364407173038151E-4 0.001245072417974794 -2.905859254666066E-4 -2.0177262327777012E-6 1.3233588687958843E-4 -7.688066084426964E-4 
0.02741670263834059 2.9934917451089548E-5 -0.0010720445916152363 -2.099797321179E-4 2.367364486386334E-4 0.0012687353936689128 -2.9331152104635465E-4 1.652714358966905E-5 -6.072722644394199E-5 -7.691402782689089E-4 
0.40146835503966083 1.5219758572658195E-4 -0.0010923060305662086 -2.1805765116207577E-4 2.087841938248449E-4 0.0011568652205446591 -4.0512041252561786E-5 -5.897049378693628E-6 3.698169781017412E-5 -7.696253025713222E-4 
0.02741670263834059 2.9934917451089548E-5 -0.0010720445916152363 -2.099797321179E-4 2.367364486386334E-4 0.0012687353936689128 -2.9331152104635465E-4 1.652714358966905E-5 -6.072722644394199E-5 -7.691402782689089E-4 
0.575050273900779 -1.0094198431119883E-4 -9.960861367915102E-4 1.528175984490281E-4 2.2220895573770504E-4 6.339374359422581E-4 -2.680860550135894E-4 -6.23470992848775E-6 3.297417651823854E-5 -7.69750314124049E-4 
0.3750782845897604 1.1523057094259914E-5 -9.419592437650415E-4 -2.0754521051579876E-4 2.1263249550245475E-4 5.302152057231284E-4 -3.0153326263462275E-4 -1.888412587976002E-6 4.6080133601068515E-5 -7.811119299225293E-4 
0.7192767613695829 -9.623978913182314E-5 -9.383416242607051E-4 -2.1003882378421913E-4 2.195671103135602E-4 6.369997034924344E-4 -5.5576342708017094E-5 -5.379814046467196E-6 3.913385041061287E-5 -7.685526739423615E-4 
0.03719208117731174 -9.662985431994744E-5 -0.0010052351379786237 -2.1634372691485865E-4 2.635620463864213E-4 6.35736190206653E-4 -5.5804767384127254E-5 -5.366297777392988E-6 -6.61616943704535E-5 -7.804942506896124E-4 
0.8986783000034066 -1.0537422317425155E-4 -0.0010424983387131129 1.2998988806101704E-4 2.3696072622139848E-4 6.367825926957618E-4 -7.003225165721603E-5 1.6440304990409486E-5 3.097671127516521E-5 -7.692063710228337E-4 
0.7872664122212301 6.866935657980448E-6 -0.0010541785567200323 1.354948078114258E-4 -5.364407173038151E-4 0.001245072417974794 -2.905859254666066E-4 -2.0177262327777012E-6 1.3233588687958843E-4 -7.688066084426964E-4 
0.7181374325370009 2.1747042896982665E-5 -0.0010115742848483063 1.2836099978648277E-4 -5.393958650912076E-4 0.0012651500515193964 -3.782710528054361E-4 -5.612128934064799E-6 3.974527562066299E-5 -7.692088932296995E-4 
0.8466526679118227 -3.0386397782911377E-5 -0.0011060210038552733 -2.54691406367052E-4 -6.218574275120506E-4 0.0011128054987736722 -3.7294328579171113E-4 1.4597649679864229E-5 3.7213239781375607E-5 -7.815811284078727E-4 
0.3750782845897604 1.1523057094259914E-5 -9.419592437650415E-4 -2.0754521051579876E-4 2.1263249550245475E-4 5.302152057231284E-4 -3.0153326263462275E-4 -1.888412587976002E-6 4.6080133601068515E-5 -7.811119299225293E-4 
0.043215209996731285 -9.01731770962931E-5 -0.001083100905003423 1.250759446377389E-4 1.883235917520371E-4 6.168380344647096E-4 -2.1841414263806754E-4 -6.21997613056156E-6 -7.038080850925784E-5 -7.806138254502938E-4 
0.9366818149428583 3.194784971665028E-5 -9.899593397936458E-4 -2.087122559804214E-4 1.1851719866042688E-4 6.319831066622174E-4 -9.747672846145096E-5 1.615831991866387E-5 -6.487973104423884E-5 -7.691374450432117E-4 
0.56729208995707 -1.0094198431119883E-4 -9.960861367915102E-4 1.528175984490281E-4 2.5904088310674397E-4 0.001146619375393345 -2.680860550135894E-4 -6.23470992848775E-6 3.277124376393602E-5 -7.69750314124049E-4 
0.22023120668472224 5.1017383116070386E-5 -0.0010686161609254877 1.520226121744576E-4 4.3620159910339547E-4 6.17536045255623E-4 -2.2253273342028268E-4 -5.329144025916055E-6 -4.096648252728579E-5 -7.701134802447588E-4 
0.6773480902224696 1.5165978060012965E-4 -0.0010542503646151806 1.1082423906053375E-4 3.1356945939568196E-4 0.0014351711080092004 -4.1700583784600316E-5 -4.769198370643055E-6 -6.639152360983345E-5 -7.696057494370772E-4 
0.6099929133286096 1.5907664302954817E-4 -0.0010680376977251198 -2.0915927925605228E-4 2.2560960286462176E-4 6.434839529687232E-4 -3.947393941411493E-4 -5.379814046467196E-6 -4.093052711242736E-5 -7.808537256039762E-4 
0.22023120668472224 5.1017383116070386E-5 -0.0010686161609254877 1.520226121744576E-4 4.3620159910339547E-4 6.17536045255623E-4 -2.2253273342028268E-4 -5.329144025916055E-6 -4.096648252728579E-5 -7.701134802447588E-4 
0.021038344095562378 -9.670136289056442E-5 -0.001045213419761324 -2.156958695342572E-4 2.3708870107305954E-4 0.0012731142696265224 -3.104285473263875E-4 -2.281072817624032E-6 -5.9177974826496996E-5 -7.692060714892002E-4 
0.19303605116910488 5.043654870838923E-5 -0.0010686161609254877 1.520226121744576E-4 1.9615523107784544E-4 6.17536045255623E-4 -2.2253273342028268E-4 1.694461101558948E-5 -4.096648252728579E-5 -7.701134802447588E-4 
0.03571104062708569 -1.1247643951550906E-4 -0.0010851891273873616 1.5192324940205626E-4 1.883235917520371E-4 0.0013885356198071897 -5.305103927225632E-5 -6.21997613056156E-6 3.713214189390854E-5 -7.80780960923604E-4 
0.24144061745172876 -1.0385358618432785E-4 -9.797234620316816E-4 -2.523046797264193E-4 1.5887659033164562E-4 0.0011570805799864898 -3.5917345917918226E-5 -2.260460411588375E-6 3.692494926889519E-5 -7.691884794574585E-4 
0.013705287965302959 1.3416569389076885E-4 -0.0010126994818956889 -2.5435198269901574E-4 2.3949583601400355E-4 0.0012733386076018123 -4.15745948014677E-5 -5.20339885167596E-6 -7.461257161453896E-5 -7.818137299745258E-4 
0.4562687962737183 1.5773092764751913E-4 -0.0010499777705625893 -2.588930250990795E-4 2.3247804940981033E-4 0.0011113943915757915 -5.6913761625182927E-5 1.4219020036354419E-5 1.4830882895122124E-4 -7.692243760994108E-4 
0.0016564066875939254 1.9606803917724276E-5 -0.001092292809946251 1.2900260469918322E-4 2.1038913184197148E-4 6.557722357355942E-4 -7.003225165721603E-5 -1.9484312753289286E-6 4.889187701576536E-5 -7.693295521446194E-4 
0.24144061745172876 -1.0385358618432785E-4 -9.797234620316816E-4 -2.523046797264193E-4 1.5887659033164562E-4 0.0011570805799864898 -3.5917345917918226E-5 -2.260460411588375E-6 3.692494926889519E-5 -7.691884794574585E-4 
0.4191711909645143 -9.662985431994744E-5 -9.421228877605683E-4 -2.1634372691485865E-4 2.635620463864213E-4 6.104576178419745E-4 -5.5576342708017094E-5 -5.386053376052109E-6 -5.711768873706326E-5 -7.809823486543731E-4 
0.5062043738585691 -1.0232505655493326E-4 -0.001012769224860124 -2.3917700818339345E-4 1.5615029306342767E-4 6.008949362583016E-4 -2.192671218241123E-4 -2.8550619573956465E-6 3.41521353218225E-5 -7.80481774985962E-4 
3.2052231191437297E-4 1.9133206720456922E-5 -0.001092292809946251 1.2900260469918322E-4 2.1038913184197148E-4 6.558113601476535E-4 -7.003225165721603E-5 -1.9484312753289286E-6 4.889187701576536E-5 -7.693295521446194E-4 
0.4191711909645143 -9.662985431994744E-5 -9.421228877605683E-4 -2.1634372691485865E-4 2.635620463864213E-4 6.104576178419745E-4 -5.5576342708017094E-5 -5.386053376052109E-6 -5.711768873706326E-5 -7.809823486543731E-4 
0.6984150920357085 8.012684839181535E-5 -0.0010541274525477133 1.246047774112888E-4 1.964286073306701E-4 6.119574943080952E-4 -3.7751571396995513E-4 1.65655961976667E-5 -8.040975866608751E-5 -7.696041312492999E-4 
0.6773480902224696 1.5165978060012965E-4 -0.0010542503646151806 1.1082423906053375E-4 3.1356945939568196E-4 0.0014351711080092004 -4.1700583784600316E-5 -4.769198370643055E-6 -6.639152360983345E-5 -7.696057494370772E-4 
0.575050273900779 -1.0094198431119883E-4 -9.960861367915102E-4 1.528175984490281E-4 2.2220895573770504E-4 6.339374359422581E-4 -2.680860550135894E-4 -6.23470992848775E-6 3.297417651823854E-5 -7.69750314124049E-4 
0.2584211380694342 1.0203966542217003E-4 -0.0010127129221439522 1.4512056449582725E-4 -6.629001064958673E-4 0.0011515389270597047 -6.28777401900129E-5 -5.2637603656438175E-6 3.841458991695082E-5 -7.805909601831233E-4 
0.021038344095562378 -9.670136289056442E-5 -0.001045213419761324 -2.156958695342572E-4 2.3708870107305954E-4 0.0012731142696265224 -3.104285473263875E-4 -2.281072817624032E-6 -5.9177974826496996E-5 -7.692060714892002E-4 
0.15519184797099517 2.8446142598660343E-5 -0.0010571104127825774 1.2754614473966562E-4 1.5062701599501954E-4 0.0011461969626600501 -2.1558100819085181E-4 -5.805909029460689E-6 4.732886959447781E-5 -7.679937193442288E-4 
0.2584211380694342 1.0203966542217003E-4 -0.0010127129221439522 1.4512056449582725E-4 -6.629001064958673E-4 0.0011515389270597047 -6.28777401900129E-5 -5.2637603656438175E-6 3.841458991695082E-5 -7.805909601831233E-4 
