1.3362290236425031E-17 -0.0017829463547194072 1.9237861695329316E-4 5.80978615973674E-4 -4.0285130522474703E-4 4.671390465788151E-4 -4.535336807299196E-4 -3.816435168814765E-4 -0.0013366513570877308 -3.208968411317002E-4 
0.9999967163283546 -0.0018159457154362174 2.279545708060076E-4 9.375116448478354E-4 -3.9034006016953486E-4 4.58298018733079E-4 -2.0025516504310203E-4 -4.4235997645808856E-4 -0.0013024203297336702 -6.456428313256529E-4 
0.2600495850917417 -0.0018063709279095693 4.5981981387623836E-4 5.588765842463443E-4 -7.730750149216118E-4 4.8390310548421353E-4 -1.943465227212506E-4 -4.934782514893456E-4 -0.0012933977646429685 -2.3409415998433363E-4 
0.975612029485406 -0.0018253966876507753 3.592352285697109E-4 5.905936501106334E-4 -7.371285892021555E-4 4.910421646355038E-4 -4.2175271072007693E-4 -4.887256587645226E-4 -0.0013084012865699492 -2.376621423878874E-4 
0.8878280414805395 -0.0018053093050509345 3.690435825941854E-4 6.018628681779754E-4 -7.664432543759573E-4 4.840199125708735E-4 -2.076699387773914E-4 -4.09541893054124E-4 -0.0012952874513675787 -6.314707702991529E-4 
0.022499258501851613 -0.0018062228921991309 3.686852683082354E-4 5.857165403112222E-4 -7.471333576251827E-4 4.770852207829858E-4 -4.5349829467320255E-4 -4.948338379465508E-4 -0.0012894884623811734 -6.185397835314513E-4 
0.41008780774369263 -0.001804906097940843 4.055857162515972E-4 7.591628125687943E-4 -4.4697601568361817E-4 5.929885220007111E-4 -2.3913173042433718E-4 -5.309824533537163E-4 -0.001295583114765979 -3.8488996159292206E-4 
0.7817730623909075 -0.0018055330611920454 3.60576547237581E-4 5.910225903212112E-4 -3.995541335962751E-4 5.811649740729578E-4 -2.1712268438571752E-4 -4.138924845544751E-4 -0.001291924558358707 -3.071057126138067E-4 
0.06323535736633712 -0.001813817480517377 3.169134556344546E-4 5.916028987371987E-4 -4.507812584225475E-4 4.924671707670993E-4 -1.9059921575935847E-4 -4.930953029117804E-4 -0.001345574649917015 -2.670779081804414E-4 
0.01364496455076658 -0.0017829463547194072 5.115561919139908E-4 6.383166487702805E-4 -4.03017217251869E-4 4.6345042227892696E-4 -2.268725932494209E-4 -3.915576551752105E-4 -0.001372087095588824 -3.074007981747754E-4 
0.9558970052485247 -0.0018062574730715552 3.912233346146857E-4 5.914878481753577E-4 -3.6003157824231175E-4 4.938051337909471E-4 -2.0457171449571006E-4 -4.491838886308151E-4 -0.0013104036402546166 -3.303362190677891E-4 
0.07466434765955018 -0.0017847496466911078 4.220896276829611E-4 8.192638938659558E-4 -5.008825983251384E-4 4.596842279221518E-4 -1.7861671216439453E-4 -4.945346351555517E-4 -0.0013410218874346839 -3.498079356655004E-4 
0.43129608930887114 -0.0018188518922325069 3.8536938284525223E-4 5.844779767563143E-4 -7.19323922064453E-4 5.764083080818945E-4 -2.104262238862303E-4 -1.430843165756186E-4 -0.0012906345953188928 -2.5496953443266226E-4 
0.10496326984040816 -0.001782798843012606 3.687756417205275E-4 9.510592199676294E-4 -7.189612314967258E-4 4.6289750452107963E-4 -3.816273717520218E-4 -4.937958408438445E-4 -0.0013464666913113785 -2.54955374129011E-4 
0.1791512486675445 -0.0018067018802805628 3.803501841396286E-4 8.198757904865534E-4 -3.842073598348418E-4 4.758156670661243E-4 -2.2972901938796427E-4 -4.4043016945736324E-4 -0.0013125128424337396 -6.181617526388444E-4 
0.4810234991417025 -0.0018037057949152815 5.138655584677799E-4 5.794069649946086E-4 -4.117753529836457E-4 4.8212852102143044E-4 -2.2060402116576592E-4 -4.997865165432239E-4 -0.0012918090457460364 -3.1080456674218934E-4 
0.19043859581314004 -0.0017810307967984847 3.7374250241543644E-4 8.615281886221982E-4 -7.493128859747553E-4 4.7630961223266377E-4 -4.778510096650624E-5 -1.917675269364457E-4 -0.0013394513236028643 -3.306229407726359E-4 
0.3633004636738193 -0.0018640804218230675 3.327217309866098E-4 7.752106508194859E-4 -4.047830121307488E-4 4.925552220205805E-4 -3.788773782722773E-4 -4.2484102182813334E-4 -0.0012961120609426395 -3.6789919289039185E-4 
0.46880680379366046 -0.0018037057949152815 3.775347333334994E-4 5.824328011872697E-4 -4.117753529836457E-4 4.8212852102143044E-4 -3.783320257294547E-4 -3.886845787138205E-4 -0.0012854773800908908 -3.1080456674218934E-4 
0.5080185179507098 -0.0018176499075994248 3.081474131714125E-4 6.135254600184548E-4 -4.1152703387000713E-4 4.8213084084081006E-4 -2.312888560944372E-4 -4.997865165432239E-4 -0.0013026873864052711 -3.398042377998705E-4 
0.004109951507862725 -0.0018033483233680443 1.7276211471445882E-4 5.760228386525381E-4 -3.802873791410176E-4 5.823763145522921E-4 -4.680372205887257E-4 -4.143043659143142E-4 -0.001316912317343531 -3.2941068578068276E-4 
0.008070278729894992 -0.0018052302410446596 3.83004132254702E-4 5.809820613929671E-4 -4.091793564763474E-4 4.927457477308055E-4 -4.5696257683995004E-4 -5.293246023781663E-4 -0.0013385807988372496 -3.1807574258297213E-4 
0.1669497624825247 -0.0018640804218230675 3.330413258124206E-4 7.937430157237475E-4 -3.8120122537558697E-4 4.925552220205805E-4 -2.358521199503939E-4 -4.250595012144218E-4 -0.001382813584489899 -3.6789919289039185E-4 
0.49852085557078724 -0.001813436384022234 3.081474131714125E-4 6.135254600184548E-4 -4.1152703387000713E-4 4.8213084084081006E-4 -2.312888560944372E-4 -4.997865165432239E-4 -0.0013026873864052711 -3.6264457890072544E-4 
0.22293590144746528 -0.0018031741431417502 4.7100829980510796E-4 5.526182936452322E-4 -4.990083899548874E-4 4.949927718753259E-4 -3.9720125897934716E-4 -1.2285086227409916E-4 -0.0012931454638178703 -2.3839567546628972E-4 
0.5531011504010741 -0.0018161087946949388 3.8530080127867784E-4 5.584454094946761E-4 -3.923734754069696E-4 5.052742330873893E-4 -3.7825847586918544E-4 -3.832271825854454E-4 -0.0013746751707137026 -2.573633689829083E-4 
0.20240384259710678 -0.0017979135495323332 3.8098399612128013E-4 6.01364793036752E-4 -4.0442837200640596E-4 4.516792300237856E-4 -2.384046741120012E-4 -4.2660761499824755E-4 -0.001373031134435504 -3.6926971512839447E-4 
0.09442651237191729 -0.001783949215206217 2.3125660562490946E-4 6.011714205023533E-4 -5.038996939220257E-4 -4.5640664013314877E-4 -5.731622172583401E-4 -4.486837259694938E-4 -0.0013128077190461946 -3.4990696810650656E-4 
0.2114208348008753 -0.0018150748172137087 3.816207308623177E-4 5.909120607560543E-4 -3.7454864316978495E-4 4.519998561412219E-4 -2.308809909664464E-4 -5.222385055872483E-4 -0.0013385524136365558 -3.720651706038443E-4 
0.027608642101932635 -0.001807241960785992 3.6144309470968056E-4 7.869308427478211E-4 -4.7883707729394443E-4 -4.8223978879417644E-4 -2.0818015447196894E-4 -4.910757492584968E-4 -0.001301336794010469 -6.016099894755855E-4 
0.8065739731425317 -0.001785925685254216 3.8264082066835826E-4 6.83906633785838E-4 -4.946911999438872E-4 5.31796350988012E-4 -7.283841658150095E-5 -3.8230246163322844E-4 -0.0014332814060332452 -3.6205929935577744E-4 
0.3867023826331221 -0.001814117179093472 3.9845535837318094E-4 6.136949358464521E-4 -3.8102434139931815E-4 4.8324663345344156E-4 -2.0579531547255798E-4 -4.4847954784817394E-4 -0.0012930707061021259 -3.2344280231166015E-4 
0.6950006033055507 -0.0017840789925896098 4.1736537929077663E-4 5.837227374626633E-4 -3.9797997334935963E-4 5.811649740729578E-4 -2.1388128929322834E-4 -4.143043659143142E-4 -0.0013745297713286155 -3.0789283714497914E-4 
0.05450496856285621 -0.0017830182224438617 3.5830322527631716E-4 5.875081374203844E-4 -3.698126766277983E-4 4.825903660539282E-4 -4.2814846187567426E-4 -4.91163155636923E-4 -0.001337075603597786 -1.9318956511911193E-4 
0.9161123005941691 -0.0018176596154887894 3.9674431693464203E-4 5.524308605879596E-4 -4.0127400595734385E-4 4.8810723829187646E-4 -3.7768878552344457E-4 -9.118506117622193E-4 -0.0013422132182123495 -3.4001752317566427E-4 
0.8520820561917664 -0.0017829196914606312 4.228239188465828E-4 7.885451401270918E-4 -3.6583839428429017E-4 4.91007062776182E-4 -6.975920276899262E-5 -3.9228788406158143E-4 -0.0012942372238657054 -3.3086018933244744E-4 
0.0022558992558708996 -0.001811691216824702 3.495202633056739E-4 5.908085395380994E-4 -7.559821209363437E-4 4.914685090487441E-4 -1.4182798273098176E-4 -5.198665587192747E-4 -0.0013410324143017158 -1.9222062901287255E-4 
0.8089767728897291 -0.001934933482870394 4.2298687418416736E-4 7.885451401270918E-4 -3.6583839428429017E-4 4.91007062776182E-4 -4.860274819566628E-5 -3.919754271541482E-4 -0.0012942372238657054 -3.3086018933244744E-4 
0.655638840995212 -0.001811755986541325 3.495202633056739E-4 5.908085395380994E-4 -5.783918373064622E-4 4.91449099181902E-4 -1.3700213714176675E-4 -5.232406157881344E-4 -0.001340402081792248 -2.1318759764073645E-4 
0.42169575458974906 -0.0017824098269027108 3.7375534714959924E-4 5.837227374626633E-4 -4.0282421778503326E-4 5.811649740729578E-4 -2.3483531071634095E-4 -3.778378789810299E-4 -0.0014323756861794495 -2.5490193598015203E-4 
0.04240910650738472 -0.001813817480517377 3.2225211667040785E-4 5.487818994734271E-4 -3.837416031909793E-4 4.924407528567765E-4 -2.0901242602406277E-4 -1.12354427319607E-4 -0.0013025219932949264 -2.383516050516182E-4 
0.9161123005941691 -0.0018176596154887894 3.9674431693464203E-4 5.524308605879596E-4 -4.0127400595734385E-4 4.8810723829187646E-4 -3.7768878552344457E-4 -9.118506117622193E-4 -0.0013422132182123495 -3.4001752317566427E-4 
0.30480600995239854 -0.0018063431896699598 3.687756417205275E-4 5.909269660107947E-4 -7.189612314967258E-4 4.6251843511109974E-4 -3.9433544986284814E-4 -4.933206186780808E-4 -0.0012914063161161148 -2.54955374129011E-4 
0.4516381963242455 -0.0018037057949152815 5.131334550072357E-4 5.789243368396832E-4 -4.0430664751118004E-4 4.8212852102143044E-4 -2.2060402116576592E-4 -4.287436792950824E-4 -0.0012914708065507048 -3.1080456674218934E-4 
0.9999698511781675 -0.0018159457154362174 2.279545708060076E-4 9.375116448478354E-4 -3.9034006016953486E-4 4.58298018733079E-4 -2.0025516504310203E-4 -4.4235997645808856E-4 -0.0013020097311699614 -6.456428313256529E-4 
8.34105391360463E-4 -0.0017829463547194072 5.115561919139908E-4 6.11167254032688E-4 -4.0285130522474703E-4 4.6231819419044706E-4 -5.98713902185822E-4 -4.8718281859242763E-4 -0.0013143194518680144 -3.4845073691739265E-4 
0.7341699781646883 -0.0018164188319491484 2.244579876443592E-4 9.378851873664032E-4 -4.0417665802495805E-4 4.911245960356072E-4 -4.464787451468206E-4 -4.398790687206899E-4 -0.0012954086490326259 -3.2147758204626137E-4 
0.7128565618304448 -0.0018164188319491484 2.244579876443592E-4 9.378851873664032E-4 -4.486201719146539E-4 4.737614455396124E-4 -4.48757726619606E-4 -5.403640472156205E-4 -0.0012917990131343464 -3.2147758204626137E-4 
0.15821425748050114 -0.0018040089871236844 3.8305194134819696E-4 7.935676804000602E-4 -3.812649570559258E-4 4.8358684670638815E-4 -2.3473665860280417E-4 -4.982762182060908E-4 -0.0013715520803331501 -3.288349401575658E-4 
0.7668967749096597 -0.0018138423617183553 2.244579876443592E-4 9.42141246485746E-4 -4.486201719146539E-4 4.737614455396124E-4 -4.48757726619606E-4 -4.931553391888602E-4 -0.0013463947721208491 -3.2147758204626137E-4 
0.03565411298652399 -0.0018062228921991309 3.317869806232245E-4 5.857165403112222E-4 -7.518391827103412E-4 4.770852207829858E-4 -3.7562795706765144E-4 -4.2361905716671453E-4 -0.0012891193491358839 -6.185397835314513E-4 
0.675342490432236 -0.0018143206959826345 3.979873442736803E-4 5.555174073732507E-4 -3.7314076730238336E-4 5.98227245633127E-4 -2.0457171449571006E-4 -4.1375487503471294E-4 -0.0013429248592279292 -3.094508654586499E-4 
0.010940049518975536 -0.0017859470831465556 3.8264082066835826E-4 6.097185239752682E-4 -4.937563474633661E-4 4.798711360710678E-4 -6.918001655419412E-5 -3.801974756849354E-4 -0.0013754354911824113 -2.581363200209304E-4 
0.8436065323771883 -0.0017829463547194072 5.115561919139908E-4 5.973062011515279E-4 -4.949471326047321E-4 4.623761737022328E-4 -1.908813652941407E-4 -5.733556165400556E-4 -0.0012911970318983973 -3.208754491144155E-4 
0.6181477881738646 -0.0018322125566014957 3.6076694287186993E-4 7.979297588705049E-4 -5.766939318656182E-4 4.911903657356819E-4 -2.256022900580907E-4 -3.783605103399645E-4 -0.0013934111153994088 -7.346109615445073E-4 
0.9386344018867653 -0.0017854692738135467 4.947749217064387E-4 7.896346608351268E-4 -5.165568350736715E-4 -4.3250021001159736E-4 -6.153309580008579E-4 -6.624097281405272E-4 -0.001309866908403081 -3.2973257018833736E-4 
0.1512218407598941 -0.001771129515544103 3.5529166862293174E-4 6.015912802285541E-4 -7.481358904969833E-4 4.8439657946299983E-4 -5.670256755107969E-5 -4.980857803180142E-4 -0.001289412669781068 -3.582634479796412E-4 
0.23370255078286767 -0.0018116106359704085 4.812952023655477E-4 5.847065594950867E-4 -7.559821209363437E-4 4.91646935698933E-4 -1.4182798273098176E-4 -5.254736194355751E-4 -0.0013410324143017158 -1.9222062901287255E-4 
0.6518961969732147 -0.0017844837838235028 3.9635568457563E-4 6.054773800428603E-4 -4.044282103699522E-4 4.814596065612427E-4 -2.2288423887252448E-4 -4.1574962305728896E-4 -0.0013716782726738807 -3.7475076273245464E-4 
0.12825300906491832 -0.0018054191172877745 3.8614832133591594E-4 6.180332136734275E-4 -3.92760507748729E-4 6.179873277923262E-4 -2.2711270676220954E-4 -3.805121331682267E-4 -0.001374560807868345 -3.1953781045753734E-4 
0.11927861938521842 -0.0018135977098842795 3.8255253663272565E-4 7.935957279616272E-4 -3.9968580551448903E-4 -4.317441648023363E-4 -2.261188742508548E-4 -4.3446477048947893E-4 -0.0013385807988372496 -2.5128323620521634E-4 
0.6150135216313971 -0.0018090995463633144 3.2621763371552766E-4 6.34461719343575E-4 -5.763353988915314E-4 4.8105419013070005E-4 -4.2968505820890093E-4 -3.8286426930991254E-4 -0.0013917644392912147 -2.124592369726447E-4 
0.03301949958965544 -0.0018143199713143556 3.9818989018461116E-4 5.584454094946761E-4 -3.629788673300073E-4 5.052742330873893E-4 -3.7825847586918544E-4 -1.3783942675737345E-4 -0.0013435740076673146 -2.573633689829083E-4 
0.6343740443984505 -0.0017829463547194072 5.115561919139908E-4 5.456235463133002E-4 -4.0285130522474703E-4 4.6231819419044706E-4 -1.9088371441538626E-4 -3.816435168814765E-4 -0.001374874312621817 -3.208754491144155E-4 
0.6862206194459974 -0.001786642294368742 3.8264056080575314E-4 7.760960180888779E-4 -7.334323655495599E-4 5.318815708415663E-4 -6.959702148901176E-5 -3.8230246163322844E-4 -0.0013759066271749718 -3.6205929935577744E-4 
0.4521024569672115 -0.0018188518922325069 3.860834679204409E-4 5.846399365652087E-4 -4.948982229152931E-4 5.764083080818945E-4 -2.104262238862303E-4 -1.430843165756186E-4 -0.0012906345953188928 -2.501814620392722E-4 
0.2902833622039459 -0.0018030192684410978 3.804798365822466E-4 5.796574967921133E-4 -3.7947066326827616E-4 5.013333372268545E-4 -4.5289075199693527E-4 -4.1480305447136627E-4 -0.0013442772745213168 -3.123414795567684E-4 
0.7668967749096597 -0.0018138423617183553 2.244579876443592E-4 9.42141246485746E-4 -4.486201719146539E-4 4.737614455396124E-4 -4.48757726619606E-4 -4.931553391888602E-4 -0.0013463947721208491 -3.2147758204626137E-4 
1.777727806321393E-4 -0.0018061838271584308 3.8154139214470744E-4 5.907009684616548E-4 -7.462420248660883E-4 4.907763317005215E-4 -1.3457186049984916E-4 -5.117793348572634E-4 -0.0013445403130440965 -3.208754491144155E-4 
0.3367871558505183 -0.0018031749523914973 4.258044878775646E-4 5.77640150989613E-4 -3.986578547288102E-4 -4.365002133936758E-4 -4.7066081568391817E-4 -4.049802051200232E-4 -0.0013476822661556704 -2.4422148198875547E-4 
0.8310656417465301 -0.0018046560022347698 3.3276213466262264E-4 7.780700694428013E-4 -4.059188325922307E-4 4.5297523924803446E-4 -3.852231269558981E-5 -1.771002119655816E-4 -0.0013138777005713646 -6.200467695475291E-4 
0.9386344018867653 -0.0017854692738135467 4.947749217064387E-4 7.896346608351268E-4 -5.165568350736715E-4 -4.3250021001159736E-4 -6.153309580008579E-4 -6.624097281405272E-4 -0.001309866908403081 -3.2973257018833736E-4 
0.12825300906491832 -0.0018054191172877745 3.8614832133591594E-4 6.180332136734275E-4 -3.92760507748729E-4 6.179873277923262E-4 -2.2711270676220954E-4 -3.805121331682267E-4 -0.001374560807868345 -3.1953781045753734E-4 
0.1443899762809963 -0.0018054191172877745 3.83004132254702E-4 5.808816283488839E-4 -4.972787790044284E-4 4.927434034344613E-4 -2.261188742508548E-4 -5.293246023781663E-4 -0.0013385807988372496 -2.5128323620521634E-4 
0.6364779423307334 -0.0017859944284612822 3.859109500904031E-4 6.488157057909555E-4 -3.7832778359543574E-4 4.630623905555121E-4 -5.687649037548748E-5 -3.8260667851890606E-4 -0.0013897315445210805 -2.342953067216108E-4 
0.08235938598975354 -0.0018141394521203748 3.8305094005837236E-4 6.857868635512668E-4 -8.384700857045563E-4 5.538223558901912E-4 -1.976494871502697E-4 -3.209073412487468E-4 -0.001336860533253273 -2.4675262245988424E-4 
0.7115247419180517 -0.001814117179093472 2.2778073703301447E-4 5.581040656499965E-4 -3.6427220867969214E-4 4.514451122124219E-4 -1.982928055334195E-4 -4.4923527287185725E-4 -0.0012937121026217534 -3.211472617873099E-4 
0.8744688416152608 -0.0019352341293807722 4.238571578045433E-4 8.670830598222629E-4 -4.054520247385949E-4 4.743192760155089E-4 -4.860274819566628E-5 -4.4313781097723716E-4 -0.0013139973218053989 -3.7063940494790743E-4 
0.3367871558505183 -0.0018031749523914973 4.258044878775646E-4 5.77640150989613E-4 -3.986578547288102E-4 -4.365002133936758E-4 -4.7066081568391817E-4 -4.049802051200232E-4 -0.0013476822661556704 -2.4422148198875547E-4 
0.11927861938521842 -0.0018135977098842795 3.8255253663272565E-4 7.935957279616272E-4 -3.9968580551448903E-4 -4.317441648023363E-4 -2.261188742508548E-4 -4.3446477048947893E-4 -0.0013385807988372496 -2.5128323620521634E-4 
0.8696368560112265 -0.0018134460919115986 3.9674431693464203E-4 5.524308605879596E-4 -4.0127400595734385E-4 4.8810723829187646E-4 -3.7768878552344457E-4 -9.118506117622193E-4 -0.0013422132182123495 -3.6285786427651923E-4 
0.09861606899536074 -0.0017827114409316054 5.088312750969464E-4 5.916028987371987E-4 -4.5116922516495983E-4 4.924671707670993E-4 -1.9056058396060092E-4 -4.908493046744989E-4 -0.001345574649917015 -2.6809935806302367E-4 
0.7408405274153149 -0.0018150802149396517 3.8255253663272565E-4 7.935957279616272E-4 -3.744521893700735E-4 4.594419543314909E-4 -2.3081453780489223E-4 -4.3344610360078787E-4 -0.0013385807988372496 -2.495703207744846E-4 
0.23836448641278732 -0.001804437057634488 4.682560101426152E-4 5.846870411698064E-4 -7.78728205658577E-4 4.992264434027113E-4 -4.652032857186912E-4 -1.3812055843667807E-4 -0.0012933892251837968 -2.3839567546628972E-4 
0.23836448641278732 -0.001804437057634488 4.682560101426152E-4 5.846870411698064E-4 -7.78728205658577E-4 4.992264434027113E-4 -4.652032857186912E-4 -1.3812055843667807E-4 -0.0012933892251837968 -2.3839567546628972E-4 
0.537608676859349 -0.001814117179093472 3.9791002998830336E-4 5.581040656499965E-4 -3.6427220867969214E-4 4.8324247109550206E-4 -2.0579531547255798E-4 -4.4833575229004857E-4 -0.0012930707061021259 -3.227035156891431E-4 
0.299054711269777 -0.0018026945463855317 5.080445543567819E-4 6.035389875734942E-4 -4.0339588215506945E-4 4.910745875101194E-4 -3.788773782722773E-4 -4.417134511690197E-4 -0.001295496645513713 -3.215277210927076E-4 
0.08235938598975354 -0.0018141394521203748 3.8305094005837236E-4 6.857868635512668E-4 -8.384700857045563E-4 5.538223558901912E-4 -1.976494871502697E-4 -3.209073412487468E-4 -0.001336860533253273 -2.4675262245988424E-4 
0.5991817872624455 -0.0018090995463633144 3.240676408041907E-4 6.328438424033926E-4 -5.686116786220365E-4 4.820885990669889E-4 -4.2968505820890093E-4 -3.8214375952831225E-4 -0.0013917644392912147 -2.1348334370328465E-4 
0.5841323802968493 -0.0017860490081366394 3.859109500904031E-4 8.330794586029482E-4 -4.84087957975195E-4 4.630623905555121E-4 -5.687649037548748E-5 -3.8260667851890606E-4 -0.0013897315445210805 -2.342953067216108E-4 
0.3560440956275477 -0.0018640804218230675 3.327217309866098E-4 7.777308453098749E-4 -4.047830121307488E-4 4.925552220205805E-4 -3.788773782722773E-4 -4.249349924089695E-4 -0.001382813584489899 -3.6789919289039185E-4 
0.5991817872624455 -0.0018090995463633144 3.240676408041907E-4 6.328438424033926E-4 -5.686116786220365E-4 4.820885990669889E-4 -4.2968505820890093E-4 -3.8214375952831225E-4 -0.0013917644392912147 -2.1348334370328465E-4 
0.3256890426064842 -0.0017717917785630179 5.340091955074123E-4 7.950771494351092E-4 -3.6836124927378975E-4 4.893479748229748E-4 -5.684379085146201E-4 -5.078704145161449E-4 -0.0012948076331437577 -3.236818965669601E-4 
0.1443899762809963 -0.0018054191172877745 3.83004132254702E-4 5.808816283488839E-4 -4.972787790044284E-4 4.927434034344613E-4 -2.261188742508548E-4 -5.293246023781663E-4 -0.0013385807988372496 -2.5128323620521634E-4 
0.8310656417465301 -0.0018046560022347698 3.3276213466262264E-4 7.780700694428013E-4 -4.059188325922307E-4 4.5297523924803446E-4 -3.852231269558981E-5 -1.771002119655816E-4 -0.0013138777005713646 -6.200467695475291E-4 
0.28370426674290616 -0.0018044680326978581 4.6928009991264877E-4 5.846629431257589E-4 -7.730750149216118E-4 4.915997642070938E-4 -4.650370792924052E-4 -4.937162536662923E-4 -0.0012933892251837968 -2.3323468679321705E-4 
0.5646931807509888 -0.0018037057949152815 5.138655584677799E-4 5.794069649946086E-4 -4.117753529836457E-4 4.8212852102143044E-4 -2.2060402116576592E-4 -4.997865165432239E-4 -0.0012918090457460364 -3.1080456674218934E-4 
0.3560440956275477 -0.0018640804218230675 3.327217309866098E-4 7.777308453098749E-4 -4.047830121307488E-4 4.925552220205805E-4 -3.788773782722773E-4 -4.249349924089695E-4 -0.001382813584489899 -3.6789919289039185E-4 
0.04637553694903199 -0.001804906097940843 4.05374113540748E-4 6.075530496735904E-4 -4.0370813439522516E-4 -4.308789303079162E-4 -2.3486933679737766E-4 -5.309824533537163E-4 -0.001295849113114422 -3.8488996159292206E-4 
0.38320840496700853 -0.0017823965238301161 3.735889855866645E-4 6.112252456751134E-4 -4.0282761078681053E-4 4.622692319759135E-4 -2.3508600958269045E-4 -3.78107985176447E-4 -0.001296759540778589 -2.5496602317675346E-4 
