0.9998361660820962 -9.244978102965421E-4 1.6225130372488376E-4 2.881998746156E-4 -0.0017452202275693466 3.699363273444535E-4 9.735893866252829E-5 -3.6023590666037767E-4 -0.0017999278507221928 0.002319093769843226 
0.9998361660820962 -9.244978102965421E-4 1.6225130372488376E-4 2.881998746156E-4 -0.0017452202275693466 3.699363273444535E-4 9.735893866252829E-5 -3.6023590666037767E-4 -0.0017999278507221928 0.002319093769843226 
0.0 -8.328383221050156E-4 1.790751619836287E-4 7.953999277412794E-4 -0.0017455372347865894 3.7713969176555697E-4 3.23774612382558E-5 -3.318906792199332E-4 -0.001779422136183575 0.0023244117186597534 
0.464520411586631 -8.06819932986768E-4 8.651997668339883E-5 9.729802865778975E-4 -0.0017705320571264629 3.846773180639039E-4 1.1005813816873639E-5 -3.473725084621522E-4 -0.0017905161736835914 0.0023175615697276085 
0.2562903118517714 -9.380414596181164E-4 7.771204583219107E-4 9.781960603816098E-4 -0.0017769156217892657 4.3599402692806247E-4 7.258950454726037E-5 -7.25857733540478E-4 -0.001744131659899856 0.002321841211111754 
0.5422510207956067 -8.313396482531392E-4 1.7606960267381423E-4 8.271673961762942E-4 -0.0017683910169500807 3.6643629824197543E-4 -4.5138164231034157E-4 -6.421542075257096E-4 -0.001799054114503028 0.0023089984403847526 
0.49947145177943886 -8.238453289235021E-4 1.5979515958883473E-4 7.955527064362967E-4 -0.0017696136057404044 4.343887709271431E-4 1.2957349324965E-4 -3.602392247258507E-4 -0.0018029267038347733 0.0023179881915441603 
0.32318362652501764 -0.0010184596772838735 3.827686214153235E-4 9.92967355004293E-4 -0.001770797263807199 3.743666896792739E-4 3.0996090943503094E-5 -3.601910744719135E-4 -0.001849863917360216 0.00234481305263904 
0.7283275197101738 -9.288317436856153E-4 3.4257025459635224E-4 2.3676299163321256E-4 -0.0017812851418915188 3.7352871453385323E-4 -5.157375786625726E-6 -3.8235539551204734E-4 -0.001802253011755093 0.002346196374526509 
0.6828980396951168 -8.098721348720582E-4 1.6667189498851688E-4 8.091660544657799E-4 -0.0017444000401742501 4.2892855481112285E-4 5.6935891619255244E-5 -6.369747838506564E-4 -0.0019187275379980622 0.0023266835886456266 
0.20042048298011766 -5.990958219233879E-4 3.5933604677329675E-4 2.602477781195294E-4 -0.0017440221670875502 3.7293433828683133E-4 -5.521663468055726E-6 -3.5019565498919995E-4 -0.0017971250856391053 0.0023717664120235095 
0.7873529192891124 -9.438470615199657E-4 3.531722108749506E-4 0.0011762930512379357 -0.0017466487496100127 3.626032348869069E-4 7.93722766888317E-5 -3.493548791074059E-4 -0.0017145828657535646 0.00234126925288034 
0.6033369706747429 -7.292152311291007E-4 1.7000401337682514E-4 8.100889201528659E-4 -0.0017685946854255068 3.7867228052000966E-4 8.103782894024977E-5 -3.6506740561013587E-4 -0.0017971617066569997 0.002344411516358386 
0.29759753221803803 -6.322446721477548E-4 7.92030544013487E-4 9.836859360639165E-4 -0.001771124907179058 3.632617379650172E-4 7.793575403051281E-5 -6.447106592382746E-4 -0.0017940690830893968 0.0023443879684618965 
0.7013529643145501 -9.263617513466993E-4 1.6672859008074283E-4 8.658386938118198E-4 -0.0017460933494957472 3.7034525504924486E-4 1.2828295302663684E-4 -7.228617749693442E-4 -0.001735858443127501 0.002342938385941896 
0.34536109697915746 -8.102632277605248E-4 2.5028103022041676E-4 0.0010046598065676197 -0.0017693681381911535 3.755973279910895E-4 5.4675667559627504E-5 -6.456393083625841E-4 -0.0017945370093615928 0.002321482190443959 
0.1843297745789622 -9.288317436856153E-4 -6.067308670429345E-5 8.290952758495104E-4 -0.0017450583150037152 3.7652849179234876E-4 -4.356680011429508E-4 -3.8306602062144996E-4 -0.0017999288056630989 0.0023451833060258312 
0.8830894219903335 -9.097994501946419E-4 1.763064317877389E-4 3.1251607317929405E-4 -0.0017692685377759655 3.696864908680589E-4 -4.552503472348451E-4 -3.4585311126529686E-4 -0.0017902634080760908 0.002346623562242768 
0.6500139675088548 0.0018286172937755532 -6.786596339766949E-5 8.280541741240717E-4 -0.0017845604167194534 4.3530370140728566E-4 -4.47959695863206E-4 -6.446710407461595E-4 -0.0017786968172633418 0.0023216878817846716 
0.44889753460896953 -9.237446891388307E-4 7.967304959374332E-4 2.616463438407136E-4 -0.0017440792150741128 3.64635804274835E-4 2.0725859946341135E-5 -6.342806656808869E-4 -0.0018018105046887357 0.002322439332267209 
0.06148608846694877 -9.274313509522808E-4 3.791212415591896E-4 7.627788241739924E-4 -0.001769276871674826 3.649051059840867E-4 7.110614714272667E-5 -3.3616420484506026E-4 -0.0017440762571362728 0.0023075233190601274 
0.31305757998305395 -9.440876755955472E-4 8.651997668339883E-5 9.729802865778975E-4 -0.0017707896857534755 3.846773180639039E-4 1.0944971022635629E-5 -3.6349341212494414E-4 -0.0017905161736835914 0.0023175615697276085 
0.21444213904889475 -7.453080327260748E-4 1.6945616689340005E-4 8.384275753756171E-4 -0.0017694410075867477 3.739216155950898E-4 7.006041811452636E-5 -6.369747838506564E-4 -0.00173840868682842 0.0023443630581228194 
0.04803002290990405 -9.287071307076824E-4 1.6755746688076987E-4 2.755083043834492E-4 -0.0017837930504515894 3.696323935812241E-4 1.737163491079616E-5 -3.6024762949194897E-4 -0.0017421988839038452 0.002321832018890168 
0.5216659997004574 -8.348014083754035E-4 1.5202885469462694E-4 8.074020169086965E-4 -0.0017693074342455346 3.742333151237677E-4 1.1935353247963145E-4 -3.64944045136149E-4 -0.0017882577051348515 0.0023248825451173175 
0.8471016524306642 -8.078387896471523E-4 1.706663564296766E-4 9.92689997722082E-4 -0.0017842573662902891 4.341492393195342E-4 1.0153243901305932E-4 -6.466568407654723E-4 -0.001846955328421384 0.002373759217182773 
0.006460231847316644 -8.326710228055362E-4 1.6770099397222875E-4 8.088978739738524E-4 -0.0017679036993018741 3.7015229970560214E-4 1.3095745374787606E-4 -7.364975976885821E-4 -0.0017935316366570282 0.00232364237562275 
0.0021998583679904704 -9.425118464789534E-4 1.5509581096125594E-4 9.965446946629574E-4 -0.0017602661385632758 4.2793860610922303E-4 9.729948986627728E-5 -3.6813611925277093E-4 -0.001796418919598083 0.002318039539723942 
0.7151422057241403 -9.288317436856153E-4 3.5933604677329675E-4 2.3676299163321256E-4 -0.0017812851418915188 3.7307119449248906E-4 -3.0802659279381217E-6 -3.8534256923256766E-4 -0.0018024665261512644 0.002344735657895106 
3.3182606334050506E-4 -8.150921885355298E-4 3.5388347664923656E-4 8.410104571882997E-4 -0.0017693318233915946 3.759208258964604E-4 6.708012971219984E-5 -3.487223599275231E-4 -0.0017946306123038846 0.0023223764631273946 
0.8109720949924144 -9.237341352831835E-4 -6.46123476008473E-5 2.721382416424209E-4 -0.0017697212271407298 3.629818965937228E-4 7.025920987207488E-5 -6.2575114970341E-4 -0.0018028964924876045 0.0023718201863719623 
0.050933389030569085 -6.18592092521024E-4 3.531722108749506E-4 7.9784684068115E-4 -0.0017695109016436443 3.626032348869069E-4 7.93722766888317E-5 -3.493548791074059E-4 -0.0017156899701649896 0.0023250739074145706 
0.1202681575694386 -6.181258402844069E-4 3.531722108749506E-4 2.6023090170228925E-4 -0.0017466495976995264 3.626032348869069E-4 7.93722766888317E-5 -3.493548791074059E-4 -0.0017145861578815656 0.0023723194102798447 
0.402763341190705 -7.380604771129941E-4 1.7000401337682514E-4 8.092358397444874E-4 -0.0017685946854255068 3.788843689889495E-4 8.103782894024977E-5 -3.6506740561013587E-4 -0.0017971617066569997 0.0023453210472381067 
0.8961533176726432 -8.285532589210673E-4 1.78211417679587E-4 7.95348629937108E-4 -0.001769331699165666 3.8078096826700964E-4 1.0862545496210134E-4 -3.693774520769457E-4 -0.0017853604703362246 0.002324488783646406 
0.09506921652142092 -8.381427582638595E-4 4.574579420670755E-4 8.361054877033924E-4 -0.001769913649096995 3.810447113516041E-4 1.1924190361784463E-4 -6.05188064919017E-4 -0.0019171703303922172 0.002320038546020468 
0.1411836510346819 -5.994487144221781E-4 3.631558430081269E-4 2.6693159346589246E-4 -0.0017445708981081007 3.8636467074762404E-4 9.589189629697335E-5 -3.5056328741559916E-4 -0.00179604052510026 0.002324436942977276 
0.3916592295882555 -8.285247611561004E-4 7.773214912312823E-4 0.0010100321792958769 -0.0017695713978115517 3.748481242194931E-4 5.967726092430392E-5 -6.469801354293276E-4 -0.001846658411467149 0.0023254387109511517 
0.10566572385562226 -7.234124400254896E-4 1.7000401337682514E-4 8.100889201528659E-4 -0.0017708484940708923 3.7438946165208736E-4 8.103782894024977E-5 -3.6506740561013587E-4 -0.0017971617066569997 0.002344411516358386 
0.28585890512318757 -6.179902456317551E-4 8.053492290343409E-4 0.001005000432232617 -0.001770951324815989 3.633060243724073E-4 7.793575403051281E-5 -6.415905561955896E-4 -0.0017941988201579764 0.002346454042922025 
0.15295574848022753 -8.097322414292583E-4 1.6205490495821887E-4 7.936078742435906E-4 -0.0017444000401742501 4.2940288875952654E-4 5.7057925381338275E-5 -6.369747838506564E-4 -0.0019187275379980622 0.0023244349686464003 
0.23985286353175087 -8.097322414292583E-4 1.6630031967172348E-4 8.425414324764823E-4 -0.0017678629094981947 4.347877031413147E-4 5.6720234972208593E-5 -6.400375939150937E-4 -0.0019280668837665376 0.0023244785537558984 
0.38069616786095506 -8.18344689805315E-4 1.5914831710119685E-4 8.170410410719829E-4 -0.0017704481907554045 3.811104232262354E-4 7.518579603588572E-6 -3.47011347654975E-4 -0.001845605054108703 0.002321765177143685 
0.753212265291551 -9.29833046675967E-4 3.9543962690152915E-4 8.43626956613534E-4 -0.0017697310340729832 3.6490088845137896E-4 -4.6745670069858085E-4 -4.3590304284828245E-4 -0.0017363905541213688 0.002318396754360598 
0.7726006523380474 -8.578441276788853E-4 3.5379045081387466E-4 2.630470674996336E-4 -0.0017704874142398504 3.8365389163147196E-4 1.298363027752454E-4 -3.51433902084551E-4 -0.001741468523475715 0.002318972241837577 
0.8144006774694839 -9.237341352831835E-4 3.62779617948524E-4 8.11410893232559E-4 -0.0017697212271407298 3.7926989041989483E-4 8.107343067172926E-5 -6.2575114970341E-4 -0.0017990999306684407 0.002343027821777985 
0.16277324498009554 -8.246708090287818E-4 1.6857758636732145E-4 8.384275753756171E-4 -0.001769440984908474 3.739216155950898E-4 5.5854598873317084E-5 -6.369747838506564E-4 -0.0017412930242019407 0.002321987262320376 
0.5618857206159956 -8.179573533561674E-4 8.286818823520841E-4 8.477516877009743E-4 -0.0017466991177174076 3.641203305425897E-4 9.767490179448536E-5 -6.41795343222467E-4 -0.0017131436881078167 0.0023430295868432606 
0.08900817000963879 -8.187742475205543E-4 3.7940324102975377E-4 8.358575715906003E-4 -0.001747016310770122 3.807613851990408E-4 1.1924190361784463E-4 -4.332006206132792E-4 -0.0017846126778250967 0.002320609978032828 
0.16277324498009554 -8.246708090287818E-4 1.6857758636732145E-4 8.384275753756171E-4 -0.001769440984908474 3.739216155950898E-4 5.5854598873317084E-5 -6.369747838506564E-4 -0.0017412930242019407 0.002321987262320376 
0.07292182300697875 -8.20092491235277E-4 1.5202885469462694E-4 8.044259963085345E-4 -0.001769292847014517 3.7446554491941367E-4 1.1935353247963145E-4 -3.64944045136149E-4 -0.0017905057109308634 0.0023248825451173175 
0.03744432763747935 0.0018286172937755532 -6.786596339766949E-5 8.280541741240717E-4 -0.0017845604167194534 4.3187829581710385E-4 -4.512141081649804E-4 -6.446710407461595E-4 -0.0017791575691253206 0.0023216878817846716 
0.9631165458291792 -7.451168579165504E-4 1.6945236830773953E-4 9.940430205054268E-4 -0.0017694421201390348 3.682740643971163E-4 1.0827535003714463E-4 -3.4838370590165426E-4 -0.0018485346048398882 0.0023448204498042304 
0.753212265291551 -9.29833046675967E-4 3.9543962690152915E-4 8.43626956613534E-4 -0.0017697310340729832 3.6490088845137896E-4 -4.6745670069858085E-4 -4.3590304284828245E-4 -0.0017363905541213688 0.002318396754360598 
0.06706537186860324 -9.244656057146793E-4 3.4137589794392217E-4 8.088307156184745E-4 -0.0017688807305050811 3.633590407441862E-4 -4.4799543498104345E-4 -3.6162364577603496E-4 -0.0017903048377399206 0.0023177774900485786 
0.0118777090096287 -8.326710228055362E-4 1.7844167497748997E-4 8.088978739738524E-4 -0.0017693741770744658 3.7015229970560214E-4 1.2992726045600199E-4 -7.35474783951214E-4 -0.0017935316366570282 0.00232364237562275 
0.5658698402520482 -8.18065545304026E-4 3.7944703064153904E-4 8.091219876873402E-4 -0.0017466991177174076 3.641203305425897E-4 5.685256621605225E-5 -6.367025762814639E-4 -0.0017927457635330483 0.0023430295868432606 
0.5837567739020959 -8.241820721332351E-4 1.78211417679587E-4 8.433448198097931E-4 -0.001769331699165666 3.6500335878008564E-4 1.0862545496210134E-4 -6.227765795571269E-4 -0.0017853604703362246 0.002324488783646406 
0.23748206118681742 -9.29833046675967E-4 3.9543962690152915E-4 8.666113351853202E-4 -0.001746064217459491 3.6490088845137896E-4 -4.698980982386985E-4 -4.3590304284828245E-4 -0.0017358421530428423 0.0023190316101995476 
0.865324136120727 0.003125010099251011 1.607030547827643E-4 8.129079802896748E-4 -0.0017677434342258695 3.7201470544257116E-4 1.2909455861587603E-4 -6.507052405679174E-4 -0.001795891941733294 0.0023260602615303907 
0.4189452469273987 -6.179580026134585E-4 8.053492290343409E-4 0.001005000432232617 -0.001770951324815989 3.632617379650172E-4 7.793575403051281E-5 -6.415905561955896E-4 -0.0017941988201579764 0.002346454042922025 
0.4318840881633136 -9.244978102965421E-4 3.536141401868798E-4 2.6120551330507144E-4 -0.0017445573075882978 3.6946436786208943E-4 9.862216328113948E-5 -3.602474399837222E-4 -0.0017899649276850074 0.0023211161240239554 
0.9826188204975435 -8.313396482531392E-4 1.7611943842814635E-4 8.284917300694545E-4 -0.0017684205305654045 3.6996812877092554E-4 -4.5138164231034157E-4 -6.421542075257096E-4 -0.001799054114503028 0.0023089984403847526 
0.1879549707275846 -9.438470615199657E-4 3.642590676569254E-4 8.361139470709153E-4 -0.0017466487496100127 3.6086701087358275E-4 7.93722766888317E-5 -3.496423575867742E-4 -0.0018002187303633671 0.0023413055640221303 
0.0018098276771659483 0.0015219319014955857 1.6205490495821887E-4 9.95635579087842E-4 -0.0017678629094981947 4.2940288875952654E-4 5.6720234972208593E-5 -3.5630466465226253E-4 -0.0017492334340356137 0.002327661420942667 
0.5834706940276373 -8.241820721332351E-4 1.6747073667432578E-4 8.433448198097931E-4 -0.0017678612213930741 3.6500335878008564E-4 1.0965564825397542E-4 -6.237993932944951E-4 -0.0017853604703362246 0.002324488783646406 
0.2774224687935507 -9.380414596181164E-4 7.8766230026582E-4 9.995536087045718E-4 -0.0017771249933189036 4.3599402692806247E-4 1.2028416703508634E-4 -7.25857733540478E-4 -0.0018585581098396061 0.002321841211111754 
0.43670437231026293 -9.363257292716305E-4 1.60557534334386E-4 9.80444702575714E-4 -0.0017446387621698157 4.314267701371627E-4 1.285699504529473E-4 -6.513255998811222E-4 -0.0017790577040426353 0.0023219133287039947 
0.628021690985931 -7.386976144987468E-4 8.708519328531347E-5 8.166709658067576E-4 -0.0017772121806248148 3.681450797508175E-4 1.1382376689065727E-4 -6.22299499503711E-4 -0.0019167576584621284 0.0023457120247825083 
0.2774224687935507 -9.380414596181164E-4 7.8766230026582E-4 9.995536087045718E-4 -0.0017771249933189036 4.3599402692806247E-4 1.2028416703508634E-4 -7.25857733540478E-4 -0.0018585581098396061 0.002321841211111754 
0.5167495579961006 -0.0022087618830581293 3.5813570963159257E-4 2.5628115865056363E-4 -0.0017704874142398504 3.8461795196049293E-4 2.105372958784919E-5 -4.3000717105194934E-4 -0.0017388960193051302 0.0023076827784505667 
0.8349650705394625 -0.0021939479348144194 3.5379045081387466E-4 2.630470674996336E-4 -0.0017704874142398504 3.8461795196049293E-4 1.3387597950094047E-5 -3.51433902084551E-4 -0.0017899778418614682 0.002318972241837577 
0.41432830696701506 -6.209880013158917E-4 8.053492290343409E-4 8.403006941571293E-4 -0.001770951324815989 3.649330696614328E-4 7.793575403051281E-5 -6.415905561955896E-4 -0.0017344022201728879 0.002346454042922025 
0.10482221581138124 -9.460295874023155E-4 3.531722108749506E-4 0.0011531392452699405 -0.0017460809727268887 3.626675505128538E-4 7.93722766888317E-5 -3.487919379516934E-4 -0.0017145828657535646 0.00234126925288034 
0.07292182300697875 -8.20092491235277E-4 1.5202885469462694E-4 8.044259963085345E-4 -0.001769292847014517 3.7446554491941367E-4 1.1935353247963145E-4 -3.64944045136149E-4 -0.0017905057109308634 0.0023248825451173175 
0.3578672184779167 -0.0010186166996163316 3.4339004458138796E-4 1.80120886415677E-4 -0.001770597801572244 3.743666896792739E-4 -2.6644355377226545E-6 -3.83314141459001E-4 -0.001849863917360216 0.002344824195902903 
0.14574065605306197 -8.313396482531392E-4 1.7606960267381423E-4 8.271673961762942E-4 -0.0017683910169500807 3.731800283497312E-4 -4.516579739662393E-4 -6.421542075257096E-4 -0.0017979922269724972 0.0023087433944748003 
0.925719623729664 -7.390420357629992E-4 8.927131238615642E-5 8.112984021687548E-4 -0.0017702574345014393 3.705676004686521E-4 2.0976237563789926E-5 -3.522688540765429E-4 -0.0017909112543408438 0.0023084015228410936 
0.5046383760461814 -8.667798769447607E-4 3.609727528526889E-4 2.3880654962592647E-4 -0.0017704306115074 3.8455572139486986E-4 2.105372958784919E-5 -3.630054655014278E-4 -0.0017388960193051302 0.0023076827784505667 
0.08900817000963879 -8.187742475205543E-4 3.7940324102975377E-4 8.358575715906003E-4 -0.001747016310770122 3.807613851990408E-4 1.1924190361784463E-4 -4.332006206132792E-4 -0.0017846126778250967 0.002320609978032828 
0.01608070359709391 -8.097322414292583E-4 1.689258043482234E-4 7.943252476446415E-4 -0.0017441663644542562 4.2940288875952654E-4 5.516877153491821E-5 -3.4969624424313286E-4 -0.0019187275379980622 0.0023245252049596166 
0.9100999132332142 -8.244796342192575E-4 1.6857378778166096E-4 9.940430205054268E-4 -0.0017694420974607608 3.682740643971163E-4 1.0827535003714463E-4 -3.4838370590165426E-4 -0.001851418942213409 0.0023220385645060238 
0.9668326543602682 -7.416733010684326E-4 1.6945236830773953E-4 9.940430205054268E-4 -0.0017683900711527875 3.683692710384122E-4 1.0827535003714463E-4 -3.4839227751237516E-4 -0.0018485346048398882 0.0023448204498042304 
0.628021690985931 -7.386976144987468E-4 8.708519328531347E-5 8.166709658067576E-4 -0.0017772121806248148 3.681450797508175E-4 1.1382376689065727E-4 -6.22299499503711E-4 -0.0019167576584621284 0.0023457120247825083 
0.865324136120727 0.003125010099251011 1.607030547827643E-4 8.129079802896748E-4 -0.0017677434342258695 3.7201470544257116E-4 1.2909455861587603E-4 -6.507052405679174E-4 -0.001795891941733294 0.0023260602615303907 
0.9129851382687009 -9.237341352831835E-4 3.62248286280662E-4 0.0010488264815244565 -0.0017833173853312057 4.326528399611795E-4 8.263624253318323E-5 -6.2575114970341E-4 -0.001799070366170816 0.002319030844684286 
0.22413720996303999 -8.100376798988561E-4 2.033566719510601E-4 0.00123637021471785 -0.0017785405294802913 4.344070678883617E-4 3.2914468926591686E-5 -3.5676119651521115E-4 -0.0017947009072803136 0.0023224002455929428 
0.12822016998364205 -6.181258402844069E-4 3.515464969540584E-4 2.6023090170228925E-4 -0.0017703908712112261 3.626032348869069E-4 7.788727972616176E-5 -3.495053760443591E-4 -0.0017967891139772086 0.0023720302265406385 
0.03093650485843341 -8.20092491235277E-4 1.5202885469462694E-4 8.044259963085345E-4 -0.0017692257359434645 3.74329641607371E-4 1.1975993198064045E-4 -3.4495281855319776E-4 -0.0017897989728202955 0.0023248825451173175 
0.03744432763747935 0.0018286172937755532 -6.786596339766949E-5 8.280541741240717E-4 -0.0017845604167194534 4.3187829581710385E-4 -4.512141081649804E-4 -6.446710407461595E-4 -0.0017791575691253206 0.0023216878817846716 
0.22413720996303999 -8.100376798988561E-4 2.033566719510601E-4 0.00123637021471785 -0.0017785405294802913 4.344070678883617E-4 3.2914468926591686E-5 -3.5676119651521115E-4 -0.0017947009072803136 0.0023224002455929428 
0.7771330160677451 -0.0021939479348144194 1.615228211840011E-4 8.104259884892933E-4 -0.0017704874142398504 3.8461795196049293E-4 1.3387597950094047E-5 -3.51433902084551E-4 -0.0017899778418614682 0.002318972241837577 
0.8349650705394625 -0.0021939479348144194 3.5379045081387466E-4 2.630470674996336E-4 -0.0017704874142398504 3.8461795196049293E-4 1.3387597950094047E-5 -3.51433902084551E-4 -0.0017899778418614682 0.002318972241837577 
0.02573933035524073 -8.146464055748358E-4 1.7122555840115144E-4 8.080690434081548E-4 -0.0017318579083183078 4.2955432538547823E-4 1.3104803799022765E-4 -3.5334048783194785E-4 -0.001741503415887025 0.002324482117360251 
0.015334800502348978 -6.659867285570523E-4 3.601222475519605E-4 8.089367774711736E-4 -0.0017436233132267689 3.745656679487494E-4 3.5676758483446733E-5 -3.64944045136149E-4 -0.0018022290951637907 0.0023247895313031294 
0.021056606060081362 0.0015537829292620055 1.6882684288680152E-4 9.987580169807868E-4 -0.0017694452895011068 3.7411567867286173E-4 1.0153243901305932E-4 -3.550584150123176E-4 -0.0017415638194285897 0.0023275418642714897 
0.6658326412755924 -8.358943564592637E-4 1.5900494433779047E-4 0.0012068640979658613 -0.0017461528216369349 4.295559713323747E-4 -7.783469655185161E-7 -3.599170873269709E-4 -0.00171269169024152 0.002325752785190658 
0.021056606060081362 0.0015537829292620055 1.6882684288680152E-4 9.987580169807868E-4 -0.0017694452895011068 3.7411567867286173E-4 1.0153243901305932E-4 -3.550584150123176E-4 -0.0017415638194285897 0.0023275418642714897 
0.03175475488800361 -6.192108499365417E-4 7.847253169349525E-4 2.6567303286627975E-4 -0.0017694421201390348 3.6472513696277417E-4 -4.4875185554406414E-4 -3.8081714571366665E-4 -0.001796567719922498 0.002317653099746952 
0.9389960439240355 -9.287071307076824E-4 1.6755746688076987E-4 2.755083043834492E-4 -0.0017837930504515894 3.754571910885721E-4 1.678755967393336E-5 -3.4477782424415643E-4 -0.0017421988839038452 0.002321832018890168 
