0.0 -0.0027021239497403687 -0.0014817530268691481 -0.001329676184670514 -0.0013246188477657286 -4.634771991268115E-4 -6.834314541053012E-4 -5.119083719250895E-4 3.240517941439887E-4 -8.278305152507414E-4 
0.9980180204345349 0.0016981244620945684 -0.0014819656890571993 -0.0013303969808648398 -0.0013102483706884435 -4.318802502130117E-4 -7.01958656826987E-4 -2.280408396554073E-4 1.6820327973497112E-4 -8.081605436433414E-4 
0.31546024852404664 0.002492330985170408 -0.0014731885697416265 -0.001477759693260084 -0.0013293443879490458 -7.476160242379814E-4 -7.125735943503516E-4 -2.3832659260838738E-4 3.199440481437268E-4 -7.133947857645718E-4 
0.8149605993606797 0.001126634510661948 -0.0015997531069305115 -0.0014666996229896886 -0.00132891066157213 -0.001171156146676743 -7.04178698398106E-4 -4.226464209977527E-4 1.573212953671307E-4 -7.948791206955407E-4 
0.3344480997683258 0.0018568927750548397 -0.0014800719545948918 -0.0013249147172165908 -0.001326404662863343 -4.232305510047847E-4 -6.814480260794195E-4 -2.1188101844804236E-4 1.961302884424047E-4 -8.01094139110567E-4 
0.7821029533476227 8.494484410278084E-4 -0.0014898374282155066 -0.0013554438087981058 -0.0013348285213495275 -4.581810145086613E-4 -6.973106725991284E-4 -4.3286535603794207E-4 3.197674811249625E-4 -8.604586847598386E-4 
0.47043607849857394 0.0019081337452987348 -0.0014768268072751427 -0.0013506925997312865 -0.0013270439493293157 -4.6312996241292724E-4 -6.834355850447819E-4 -2.2766027041296356E-4 1.858236321464511E-4 -8.093677673373664E-4 
0.6268777937415132 -0.003272854281247533 -0.0014768394663367396 -0.001164604794946041 -0.0013270397229425566 -4.4474579877808754E-4 -6.918649424417162E-4 -4.0175937921331273E-4 1.860418965495909E-4 -8.832311908443892E-4 
0.021224622911321767 0.0019108222631415938 -0.0014800948128775699 -0.0014743463408337287 -0.0013292869121014662 -4.2313798619294466E-4 -6.845319127931113E-4 -4.285360750726115E-4 1.9481211925761075E-4 -8.070341662076252E-4 
0.5749358220195183 -0.00313400074610808 -0.0014828067648445197 0.0015916955100305679 -0.0013212898512593133 -4.390378788977547E-4 -6.986545635693324E-4 -5.100479696904013E-4 1.8598136574878078E-4 -8.011190968533865E-4 
0.29184359216958106 0.001906838864066438 -0.0014819726152035075 -0.0013513996451647889 -0.0013254529348070794 -4.627772271210893E-4 -6.831385171053902E-4 -3.9310514817805363E-4 1.688730420591644E-4 -8.082254092671742E-4 
0.37257156056407503 0.002284681742842028 -0.0014819656890571993 -0.0013303969808648398 -0.001300938195803233 -0.0013061231851927094 -6.995953422150826E-4 -4.2869819891222874E-4 3.145237769043519E-4 -8.054254311296104E-4 
0.07885644096172603 0.0017137727330046103 -0.0014796391946327854 -0.0014744922454433958 -0.0013291864875758586 -3.2411768540793393E-4 -6.995571249675589E-4 -2.3527033579232278E-4 1.6855003024160244E-4 -7.641388219793501E-4 
0.5919843928127461 0.0018448172841941859 -0.001478271165472605 -0.001369420273775093 -0.0013292629759661513 -3.842292835224044E-4 -6.816094022291322E-4 -4.236671241006492E-4 1.8650685080996493E-4 -7.903689810324794E-4 
0.00368743324604498 0.0018418288504656304 -0.001653061418535975 -0.0013661466472073953 -0.001325044204653298 -3.097571972456737E-4 -6.996269293417296E-4 -2.3765255661812627E-4 1.8839077451766705E-4 -7.647901509746556E-4 
0.6057333856363419 0.0010030331605398555 -0.0014748055303010026 -0.0013703405041326107 -0.0013292629759661513 -0.001309985259286885 -6.856820300413163E-4 -2.2838304086707326E-4 3.1573741333890186E-4 -7.90362200705912E-4 
0.2512507353272786 0.0019113899007991196 -0.001482412044459278 -0.0014721165345071854 -0.0013254122089271427 -4.310449362540307E-4 -6.831385171053902E-4 -3.9310514817805363E-4 1.688730420591644E-4 -8.082757656026757E-4 
0.06922691622340774 0.0017479681196083527 -0.001480090961293834 -0.0014697996665438008 -0.0013245831490395674 -4.634771991268115E-4 -6.834130111715539E-4 -5.140507259848202E-4 3.240517941439887E-4 -8.26481560204345E-4 
0.6503059390400963 0.002492330985170408 -0.0014730314560684422 -0.0014756544496342544 -0.0013292627436012582 -7.371301752951541E-4 -7.125735943503516E-4 -2.3832659260838738E-4 1.86352394808606E-4 -7.920382995412368E-4 
0.20092383126587937 -0.0029045300123549623 -0.0014817566153379775 -0.0013502601286859456 -0.0013296128372693211 -4.372491155171596E-4 -6.84469659584608E-4 -3.9879321169474554E-4 3.180716515220552E-4 -7.904889848926347E-4 
0.9354873263508753 0.0017140535505218231 -0.001477111663156518 -0.0013529979829037127 -0.0013291912519686785 -4.4040033153891386E-4 -6.986413231901017E-4 -2.3202514849809993E-4 1.9591894414244682E-4 -7.638655541678109E-4 
0.754859497707336 0.002238317944750801 -0.0018118870921884835 -0.0013500589722698808 -0.0013255767551891492 -4.581810145086613E-4 -6.97410176550593E-4 -4.3286535603794207E-4 3.101562865355353E-4 -8.606374789733132E-4 
0.0013636240011121181 -0.0030222217684114034 -0.0014822820768624007 -0.001433692187038888 -0.001324110957171935 -4.4639634240465313E-4 -6.910231297731479E-4 -4.267007995824454E-4 3.134772371605981E-4 -8.01605671762375E-4 
0.09009295209737303 -0.002689465916036567 -0.0014768551801338412 -0.001329676184670514 -0.0013245831490395674 -4.634771991268115E-4 -6.834314541053012E-4 -5.119083719250895E-4 3.240517941439887E-4 -8.26481560204345E-4 
0.7740589820306216 0.001721320268784648 -0.0014825601196898587 -0.0013693360642514812 -0.0013255841686855695 -4.3701548608194235E-4 -6.81651559533403E-4 -4.3436853279691225E-4 3.2548940763990055E-4 -8.586106199574969E-4 
0.701127468219719 -0.0027308794018146973 -0.001653061418535975 -0.00134956816347096 -0.001325049201817118 -3.0359378474632186E-4 -6.903854672243295E-4 -2.3766390436539842E-4 1.854369505978976E-4 -8.601967604159301E-4 
0.8730909338887978 0.0013678153760867849 -0.0014763118449419613 -0.0013524512228253417 -0.0013299086680661895 -4.351070727525466E-4 -7.025094445837283E-4 -4.2008638719007727E-4 3.170179692292397E-4 -8.00721026788798E-4 
0.4522838623739216 0.0016893031217902702 -0.0014693304963894107 -0.0013770567496078807 -0.0013262863860057878 -4.4853425203216245E-4 -7.142399080797744E-4 -4.283894972105149E-4 1.6849763728550292E-4 -8.010543344511515E-4 
0.6740607575871387 0.0019663867731846358 -0.0014939306298517498 -0.0013530553266048065 -0.001324040033118508 -7.57642626730101E-4 -6.993508228427404E-4 -4.293274005439718E-4 1.9128765289760499E-4 -7.357046626007152E-4 
0.5581231732045061 -0.0026781807171874614 -0.0014876839544882433 -0.001331419871902151 -0.0013372227902841009 -7.415341894859515E-4 -7.133159052184564E-4 -4.2729664242147406E-4 3.069691757646094E-4 -8.050885493213423E-4 
0.8384122606544027 0.0018805552304824997 -0.0014846232105586083 -0.0013498771550045936 -0.001325417274371457 -0.0011621818037917 -7.019669529631745E-4 -2.2701319510066466E-4 1.8644402681313894E-4 -8.186834062627977E-4 
0.7310801179549018 8.9209732400706E-4 -0.0014704154167819005 -0.0013490671053402123 -0.0013244444424305763 -4.4546643470240194E-4 -7.030048470745673E-4 -4.0678519701340554E-4 1.8061082631327984E-4 -8.866506717018982E-4 
0.36128570846249564 0.0016275395484687642 -0.0014762922227261623 -0.001349907223432619 -0.0013230906662969658 -4.4354520821847143E-4 -7.017283815449049E-4 -2.2913609876124645E-4 3.148202881770513E-4 -7.269079936134085E-4 
0.23966493466099953 0.002334300544637069 -0.0014880851620256326 -0.0014743849282796379 -0.001326404662863343 -4.232305510047847E-4 -7.132386678349359E-4 -2.1188101844804236E-4 1.961302884424047E-4 -8.373316675262799E-4 
0.04642989833800204 0.002236290434530505 -0.0017892646256082718 -0.0013512038828204075 -0.00132703641040404 -0.0013161414940031215 -7.023014412406629E-4 -2.1047148697883288E-4 1.8653562202774695E-4 -8.297780225463646E-4 
0.05714289522074156 0.0019108222631415938 -0.0014800948128775699 -0.0014743463408337287 -0.0013292869121014662 -4.2313798619294466E-4 -6.845319127931113E-4 -4.285360750726115E-4 1.9481211925761075E-4 -8.070341662076252E-4 
0.6447594495875113 -0.0033370781433421518 -0.001476765737650114 -0.0013492391151105516 -0.0013254748002542074 -4.454707868553504E-4 -6.918462583410521E-4 -5.525656422100754E-4 1.7709670801581046E-4 -8.710306533079156E-4 
0.23036005131396037 -0.003158919408166392 -0.0014907315736164928 0.001590721978644372 -0.001325139027118263 -0.0011742467805272506 -6.997806580136383E-4 -5.254209112938604E-4 1.6925316847632614E-4 -8.079012147315901E-4 
0.17414116911048477 0.0013971949969172016 -0.0014890867624189597 -0.0013518611598125837 -0.0013075350471247254 -7.483482433148277E-4 -7.055285142303632E-4 -2.1427468639422556E-4 3.245752322558642E-4 -7.986469935386776E-4 
0.911653761914848 9.339109714902441E-4 -0.0014670906776364098 -0.0014779989712478602 -0.001329345506751007 -4.194406399460674E-4 -6.85950222161527E-4 -3.822998930321481E-4 2.367885713560127E-4 -7.913316269488344E-4 
0.9617775529893885 9.493827498272307E-4 -0.0014799093029683064 -0.0014769910539119268 -0.001326621224217706 -3.2168392901659316E-4 -7.012408722194486E-4 -2.2085976088482548E-4 1.682021288511204E-4 -8.068689099384081E-4 
0.6894445331885626 0.0015450457757727402 -0.0014781070053507099 -0.0013508804504222859 -0.001332050182891099 -3.78087115275631E-4 -7.12207439417815E-4 -2.2399546308672438E-4 1.63043030778052E-4 -7.234950982624887E-4 
5.78179900230083E-4 -0.0033417776551629827 -0.0014817212520016002 -0.0016561613875509574 -0.0013294148402603337 -7.51273410267769E-4 -6.912716894415316E-4 -4.182079016472554E-4 3.134772371605981E-4 -7.142346217067641E-4 
0.0968941984795478 0.002456964431984227 -0.001601980308022948 -0.0014744128647373271 -0.0013266104717042425 -4.307323703393425E-4 -7.141516806045791E-4 -2.213667580813742E-4 1.6762578063059648E-4 -7.271620384228146E-4 
0.21213682128273098 0.002334300544637069 -0.0014800719545948918 -0.0013249147172165908 -0.001326404662863343 -4.232305510047847E-4 -7.13237138538001E-4 -2.1188101844804236E-4 1.961302884424047E-4 -8.011649328501662E-4 
0.14770016314667483 8.494484410278084E-4 -0.0014817122972243157 -0.0013554438087981058 -0.0013350135736089183 -4.570036908742094E-4 -6.973106725991284E-4 -4.3286535603794207E-4 3.1970145837467376E-4 -8.604586847598386E-4 
0.8270560952913748 0.0011164845090987823 -0.0018433812228529547 -0.0013425198034114356 -0.0013288938881328874 -0.001171156146676743 -7.04178698398106E-4 -4.226464209977527E-4 1.573212953671307E-4 -7.948791206955407E-4 
0.49501636685522166 9.502208229631609E-4 -0.00147197636743174 -0.001466747451650271 -0.0013234301837222833 -4.3415248520091144E-4 -6.820148157025769E-4 -5.124639263393711E-4 2.377660740217289E-4 -7.866249675542644E-4 
0.7445440103743042 0.001721320268784648 -0.0014825601196898587 -0.0013693363099099934 -0.0013255841686855695 -4.3701548608194235E-4 -6.81651559533403E-4 -4.4958029058124796E-4 3.2552220312240097E-4 -8.597860052444996E-4 
0.4889863697536372 0.0015528344238147566 -0.0014767361728779023 -0.0014304106624119866 -0.0013213254949941365 -4.390378788977547E-4 -6.836912922837138E-4 -2.0531081611049933E-4 1.867379667974625E-4 -8.102875326454538E-4 
0.14141042490930028 -0.0029045300123549623 -0.0014817566153379775 -0.0013502601286859456 -0.0013296128372693211 -4.372491155171596E-4 -6.84469659584608E-4 -3.9879321169474554E-4 3.180716515220552E-4 -7.904889848926347E-4 
0.029191187637059916 0.001715302867462287 -0.0014800948128775699 -0.0014743463408337287 -0.0013292869121014662 -4.308736560500962E-4 -6.846113834337531E-4 -3.753112606060476E-4 1.6852703142119984E-4 -7.212883622842078E-4 
0.15711021886718263 0.0021963244983699824 -0.0014817125807288524 -0.0016561613875509574 -0.0013294148402603337 -7.51273410267769E-4 -6.905704432100634E-4 -4.182079016472554E-4 3.194521158653631E-4 -7.142346217067641E-4 
0.06048482609971556 0.0016974617829853358 -0.0014670906776364098 -0.0014779989712478602 -0.001328955722986863 -4.450919844492422E-4 -6.863160812269646E-4 -3.767591637445903E-4 2.5162822055281326E-4 -9.378686391840891E-4 
0.17414116911048477 0.0013971949969172016 -0.0014890867624189597 -0.0013518611598125837 -0.0013075350471247254 -7.483482433148277E-4 -7.055285142303632E-4 -2.1427468639422556E-4 3.245752322558642E-4 -7.986469935386776E-4 
0.8961532569335677 0.0018805552304824997 -0.0014846232105586083 -0.0013500086987581804 -0.0013256654682029991 -0.0011621818037917 -7.019669529631745E-4 -2.2701319510066466E-4 1.8629230083003461E-4 -8.186834062627977E-4 
0.006428793419981066 9.502208229631609E-4 -0.0014819892807353618 -0.001466747451650271 -0.0013293324544096927 -4.3415248520091144E-4 -6.820148157025769E-4 -5.103657217941064E-4 2.377660740217289E-4 -7.118968142355179E-4 
0.3947533167962146 9.719705913101241E-4 -0.001478189031275697 -0.0013493437943895461 -0.001329373279188495 0.002950623865639071 -6.918649424417162E-4 -5.438822302233862E-4 1.7725356040999027E-4 -7.319150051771409E-4 
0.8667395298071567 0.001721320268784648 -0.0014825601196898587 -0.0013693363099099934 -0.001329782982925143 -4.3701469460157624E-4 -6.81651559533403E-4 -4.171310947092013E-4 3.170244091017602E-4 -8.597860052444996E-4 
0.10280518745077127 8.9209732400706E-4 -0.0014831718224809923 -0.0013494195971115806 -0.0013348309409356275 -0.0011818112272934643 -6.838521352932543E-4 -4.0418861293839306E-4 3.2791395662816524E-4 -8.866506717018982E-4 
0.5479526729782626 0.0024050897228689878 -0.0017892646256082718 -0.0013293128548355101 -0.0013248220001680305 -4.3399469521790873E-4 -7.023014412406629E-4 -5.124410246889498E-4 1.8653562202774695E-4 -8.277787906387165E-4 
0.1893029687224542 -0.0029276485793659755 -0.001478271165472605 -0.001369420273775093 -0.0013292629759661513 -4.631411415525104E-4 -7.146404312797113E-4 -2.1914515102638716E-4 1.8660453625390477E-4 -8.292737167621706E-4 
0.9800907597938077 0.001913849807272085 -0.0014766418556097535 -0.0013433237327029727 -0.0014175238642917727 -0.001169725925646428 -7.047564927200956E-4 -2.2925813999038935E-4 1.5703485570043235E-4 -7.948166461865909E-4 
0.5392240898597462 0.0010490339475735836 -0.0014817530268691481 -0.0013279955475519751 -0.0013241239048300299 -4.634853406695596E-4 -6.834314541053012E-4 -5.119083719250895E-4 3.240517941439887E-4 -8.081207831875755E-4 
0.523717756612246 -0.002689465916036567 -0.0014768551801338412 -0.001329676184670514 -0.0013245831490395674 -4.634771991268115E-4 -7.14114642976796E-4 -5.119083719250895E-4 3.2719522118714863E-4 -8.013249010447441E-4 
0.9803917212016944 0.0010142245563189503 -0.0014819656890571993 -0.0013303969808648398 -0.0013102483706884435 -4.4544212510742545E-4 -7.018056014744666E-4 -2.280408396554073E-4 1.8661722619335266E-4 -8.08439013053848E-4 
0.5097038305754154 9.494145553419175E-4 -0.0014887160403923945 -0.0013506925997312865 -0.0013268269502034122 -4.6312996241292724E-4 -6.834355850447819E-4 -2.2766027041296356E-4 1.858236321464511E-4 -8.093677673373664E-4 
0.127252827723644 0.002010815593260216 -0.001481788944519213 -0.0013501886560361893 -0.0013230339309506514 -0.0011710810775901251 -6.971632315822812E-4 -2.285566207896444E-4 1.884892686366082E-4 -8.796540458011143E-4 
0.029191187637059916 0.001715302867462287 -0.0014800948128775699 -0.0014743463408337287 -0.0013292869121014662 -4.308736560500962E-4 -6.846113834337531E-4 -3.753112606060476E-4 1.6852703142119984E-4 -7.212883622842078E-4 
0.01528393388057736 0.0019068096957215387 -0.001480121293517893 -0.0013513996451647889 -0.001329275699809475 -4.627772271210893E-4 -6.831385171053902E-4 -3.9310514817805363E-4 1.7011627321733514E-4 -8.070333454112258E-4 
0.127252827723644 0.002010815593260216 -0.001481788944519213 -0.0013501886560361893 -0.0013230339309506514 -0.0011710810775901251 -6.971632315822812E-4 -2.285566207896444E-4 1.884892686366082E-4 -8.796540458011143E-4 
0.717174995381709 8.9209732400706E-4 -0.0014704154167819005 -0.0013490671053402123 -0.0013243216942932382 -4.4546643470240194E-4 -7.028771097537735E-4 -4.0685980744878543E-4 1.8061082631327984E-4 -8.867338377308292E-4 
0.008389205456573734 -0.0033417776551629827 -0.0014817212520016002 -0.0013041855086913488 -0.0013240922694182612 -7.540986801215911E-4 -6.910231297731479E-4 -4.183999825836084E-4 3.1603473261441854E-4 -8.602366959580806E-4 
0.15711021886718263 0.0021963244983699824 -0.0014817125807288524 -0.0016561613875509574 -0.0013294148402603337 -7.51273410267769E-4 -6.905704432100634E-4 -4.182079016472554E-4 3.194521158653631E-4 -7.142346217067641E-4 
0.6769714361311205 0.0020606398555901195 -0.0017031366139760222 -0.001331419871902151 -0.0013256066381559907 -0.0011666212805700633 -6.823925140656612E-4 -2.305506237152199E-4 1.9293602215325162E-4 -8.052653871781912E-4 
0.21091778174622747 0.002343594961347656 -0.0014818740784671147 -0.001350638159439525 -0.0013263738698523096 -7.506412709491383E-4 -6.837502668070245E-4 -2.2757557829957586E-4 1.6995622714079632E-4 -8.009183872056403E-4 
0.34888619674807053 0.0018982949304817318 -0.001546248207276524 -0.0013249147172165908 -0.0013292759840762697 -4.232305510047847E-4 -7.13237138538001E-4 -2.117192878072024E-4 1.961302884424047E-4 -8.121300360320562E-4 
0.1893029687224542 -0.0029276485793659755 -0.001478271165472605 -0.001369420273775093 -0.0013292629759661513 -4.631411415525104E-4 -7.146404312797113E-4 -2.1914515102638716E-4 1.8660453625390477E-4 -8.292737167621706E-4 
0.4467530866061521 -0.002752673884275936 -0.0017217580069770083 -0.0013303969808648398 -0.001323728577432556 -4.073376220153373E-4 -6.996464291535852E-4 -4.173008025853021E-4 1.6820327973497112E-4 -8.072234479496664E-4 
0.11709863630811847 0.0015570305059315957 -0.001601980308022948 -0.0014681065858799533 -0.0013292641292854007 -4.307323703393425E-4 -6.845672180469347E-4 -2.213667580813742E-4 1.8933300404536102E-4 -7.212883622842078E-4 
0.34888619674807053 0.0018982949304817318 -0.001546248207276524 -0.0013249147172165908 -0.0013292759840762697 -4.232305510047847E-4 -7.13237138538001E-4 -2.117192878072024E-4 1.961302884424047E-4 -8.121300360320562E-4 
0.045664465294025874 -0.003024227356688891 -0.00146731185365459 -0.0014791019357085007 -0.0013349400089061212 -4.2967057254926657E-4 -7.130112151966742E-4 -4.96601353143887E-4 1.712431724945323E-4 -8.015663757464167E-4 
0.2729306864368928 0.0017113964202861084 -0.001478271165472605 -0.001369420273775093 -0.0013292629759661513 -4.317111220178287E-4 -7.147934866322317E-4 -2.187567630106267E-4 1.6819058979552327E-4 -8.289952473516639E-4 
0.717174995381709 8.9209732400706E-4 -0.0014704154167819005 -0.0013490671053402123 -0.0013243216942932382 -4.4546643470240194E-4 -7.028771097537735E-4 -4.0685980744878543E-4 1.8061082631327984E-4 -8.867338377308292E-4 
0.4285593666243559 0.0025250782073940525 -0.001601980308022948 -0.0014759726132565663 -0.0013292641292854007 -4.307323703393425E-4 -6.845672180469347E-4 -2.213667580813742E-4 1.8933300404536102E-4 -7.268349223189446E-4 
0.010589086587127289 0.0012318564493364998 -0.0016025926305739567 -0.0014699418745360072 -0.0013293113271278213 -3.0927301720395266E-4 -6.850205033611872E-4 -2.2088380486887574E-4 1.9097903722123995E-4 -7.207466066055374E-4 
0.2839885852604658 0.001324067023172549 -0.0011047427338176175 -0.0013301710661814514 -0.0013292152468905478 -0.0011587039302355868 -6.906575050315616E-4 -4.2071002674093903E-4 1.9245737165069166E-4 -8.069267903523826E-4 
0.11709863630811847 0.0015570305059315957 -0.001601980308022948 -0.0014681065858799533 -0.0013292641292854007 -4.307323703393425E-4 -6.845672180469347E-4 -2.213667580813742E-4 1.8933300404536102E-4 -7.212883622842078E-4 
0.4285593666243559 0.0025250782073940525 -0.001601980308022948 -0.0014759726132565663 -0.0013292641292854007 -4.307323703393425E-4 -6.845672180469347E-4 -2.213667580813742E-4 1.8933300404536102E-4 -7.268349223189446E-4 
0.8961532569335677 0.0018805552304824997 -0.0014846232105586083 -0.0013500086987581804 -0.0013256654682029991 -0.0011621818037917 -7.019669529631745E-4 -2.2701319510066466E-4 1.8629230083003461E-4 -8.186834062627977E-4 
0.9077655721401894 9.493827498272307E-4 -0.0014798535406400255 -0.0014769910539119268 -0.0013296212520693207 -3.1709576396256615E-4 -7.012408722194486E-4 -2.2083524215120486E-4 1.682021288511204E-4 -8.067554895038286E-4 
0.23102888348306072 0.002334300544637069 -0.0014800719545948918 -0.0013245077347970643 -0.001326697953647966 -4.232305510047847E-4 -7.13237138538001E-4 -4.0836245487238065E-4 3.226110598751784E-4 -8.011649328501662E-4 
0.3995456663714678 0.0017407754784148739 -0.001481747931325732 -0.0013534823448730178 -0.0013299082627497994 -3.952077053051317E-4 -6.994608633452347E-4 -4.2922126311893205E-4 3.123837556489755E-4 -8.007935298354177E-4 
0.017167068988090117 -0.003158919408166392 -0.0014908954062028822 0.001590721978644372 -0.0013371508492623547 -0.0011742467805272506 -6.997806580136383E-4 -5.254209112938604E-4 1.8829938286054408E-4 -8.066360955961634E-4 
0.8541910321169774 0.0013678153760867849 -0.0014763118449419613 -0.0013528582052448682 -0.0013296153772815664 -4.351070727525466E-4 -7.025094445837283E-4 -2.2360495076573903E-4 1.9053719779646598E-4 -8.00721026788798E-4 
0.28023296560430594 0.002161183188456084 -0.001484578770563647 -0.001351430736425296 -0.0013938099108581666 -4.48808227135674E-4 -6.84481569745008E-4 -4.3294702424958795E-4 1.9633771664281244E-4 -8.374377397622231E-4 
0.8541910321169774 0.0013678153760867849 -0.0014763118449419613 -0.0013528582052448682 -0.0013296153772815664 -4.351070727525466E-4 -7.025094445837283E-4 -2.2360495076573903E-4 1.9053719779646598E-4 -8.00721026788798E-4 
0.010589086587127289 0.0012318564493364998 -0.0016025926305739567 -0.0014699418745360072 -0.0013293113271278213 -3.0927301720395266E-4 -6.850205033611872E-4 -2.2088380486887574E-4 1.9097903722123995E-4 -7.207466066055374E-4 
0.03614117874797035 0.001715302867462287 -0.0014800948128775699 -0.0014743463408337287 -0.0013292869121014662 -4.308736560500962E-4 -6.846113834337531E-4 -3.753112606060476E-4 1.6852703142119984E-4 -7.212883622842078E-4 
0.3947533167962146 9.719705913101241E-4 -0.001478189031275697 -0.0013493437943895461 -0.001329373279188495 0.002950623865639071 -6.918649424417162E-4 -5.438822302233862E-4 1.7725356040999027E-4 -7.319150051771409E-4 
