3.2478157874944034E-17 4.5026786756043643E-4 2.9773893577763054E-4 -6.861126097378005E-4 7.996144701726472E-4 -5.005821775774986E-4 -9.161577643832314E-4 0.0012567491959250016 -0.0021126725780130124 9.692953984524951E-4 
0.9996829409014857 6.688167171883264E-4 1.7317496122750737E-4 -1.7324698902966917E-4 -7.45890622876738E-4 -3.171318603378539E-4 -9.884923315415103E-4 0.0011314531981219257 -0.002197258315263546 -2.3809600582341578E-4 
0.26936408218062996 7.637531235074452E-4 1.4501111746025475E-4 -8.195444168543619E-5 7.964660522630005E-4 0.0016728485833568058 -0.0011789568868274568 0.0012392501805948853 -0.002337921515582795 0.0011751487613207196 
0.11460694460500923 6.217412949926367E-4 2.9394847143257965E-4 -6.859378384586772E-4 8.001082339670016E-4 -5.005821775774986E-4 -9.035790066975313E-4 0.0012524743683825657 -0.002118948825741646 0.0010905669319938214 
0.44465084802947347 4.491569576655346E-4 3.014006241880249E-4 -6.564880900709915E-4 8.012939033945508E-4 -2.7100465865094404E-4 -9.165848846898885E-4 0.001242440909371404 -0.002109527696381572 -2.575131484894647E-4 
0.005165317493277699 7.692289610819815E-4 1.0504218658160978E-4 -1.633634374573721E-4 8.496334206758696E-4 -5.175212368074214E-4 -0.0011369062958649404 0.0011552319302952814 -0.0021997754140553006 0.0015130218107732014 
0.9390157648727548 4.5907044934522445E-4 1.7668195668320858E-4 -5.988670218437906E-4 9.659352679142399E-4 -3.8352414111731217E-4 -0.0011360548068956077 0.0011241804335127125 -0.002143433409936777 0.0010948205861760986 
0.010606720832861405 6.812311697637196E-4 0.0013881823181117951 -2.2641718232759245E-4 7.736544774499459E-4 -3.79800417245326E-4 -9.891255803192312E-4 0.001106343518459468 -0.002193277564411517 0.0010408974678404463 
0.09421413492777625 4.5419442152508913E-4 1.749951244752584E-4 -1.6742433763511388E-4 6.767724762482318E-4 -2.963370733814017E-4 -9.163284547263982E-4 0.001119201757357459 -0.0022729255591750147 9.676437745838879E-4 
0.7750782748255793 4.5818616908262927E-4 1.7330720771671008E-4 -6.469506825394797E-4 9.853194670464218E-4 -4.0989358316378976E-4 -0.0011447992674174091 0.0011215988793701304 -0.0021492722258604578 0.0010948205861760986 
0.6913780736265384 4.528943221551688E-4 1.7317430082759933E-4 -6.945268820497277E-4 6.544705173215725E-4 -3.4594305571489806E-4 -9.163284547263982E-4 0.001119201757357459 -0.0022729255591750147 9.676437745838879E-4 
0.3526828172085757 6.230858678233327E-4 1.020448875869845E-4 3.2379563255924184E-4 9.280915099395764E-4 -4.765475136787383E-4 -9.503669399521081E-4 0.0012432996987204491 -0.002180424761828438 -2.575131484894647E-4 
0.01622959387131717 6.363742111588581E-4 1.46787064155139E-4 -2.70866577999571E-4 7.739176994935928E-4 -5.318031614990732E-4 -9.891255803192312E-4 0.0012568085995531963 -0.002188466148308879 -3.20918305441777E-4 
0.0309356634274503 6.812311697637196E-4 1.468087932996183E-4 -2.70866577999571E-4 7.739176994935928E-4 -4.0274185943457366E-4 -9.891255803192312E-4 0.0012568085995531963 -0.002188466148308879 0.0010431165109417156 
5.192522954335166E-4 5.982410730141175E-4 1.5508775857424296E-4 -8.562493781222148E-5 7.964373702109981E-4 -3.230364016729296E-4 -0.0011560614004061077 0.0012303216516780424 -0.00228107657855361 0.001224864429253967 
0.06397445904218745 6.471081446662579E-4 1.0321479528598826E-4 -1.7840869874590043E-4 0.0010275683875895685 -4.6170671158622363E-4 -9.492591576439248E-4 0.0011329644613310144 -0.0021872602420441914 -2.4788019221427593E-4 
0.08415833489462907 5.183450693766158E-4 3.025705318870286E-4 -1.9274156265975556E-4 0.0010264292744238401 -2.947995405749644E-4 -8.970293571299934E-4 0.001132105671981969 -0.0022730167872922736 -2.4788019221427593E-4 
0.8163523166996385 6.809496730980475E-4 3.5812706566252606E-4 -2.2566724695359216E-4 9.773977635069203E-4 -3.9847603630005214E-4 -9.281169301467893E-4 0.0011321504708517768 -0.0022047867387996545 0.0010521570615480977 
0.8286677855549547 5.055625425972104E-4 1.343612342200756E-4 -2.457183688844499E-4 9.835899213981954E-4 -3.97318092648889E-4 -0.0011360548068956077 0.0012390992771798748 -0.002285518642764423 -2.676762358270378E-4 
0.22411419214363895 7.582904610736314E-4 -8.662313596189544E-5 -1.7184786673209363E-4 7.753074547578205E-4 -3.9853631401723936E-4 -0.001128490663379481 0.0011231329598310673 -0.0021977816990544643 9.681314165243622E-4 
0.6396598708599411 6.029540554111552E-4 1.0604224904342546E-4 3.9431454984545323E-4 0.001029317386991899 -5.296820006665053E-4 -9.812157842181912E-4 0.0011540921748036644 -0.00227829035517187 -2.448055688006123E-4 
0.5336082787435253 5.119893193313869E-4 2.966167547850822E-4 -2.6642134563569365E-4 9.835806998637028E-4 -5.103078442972914E-4 -9.886949881779694E-4 0.0012371766708374162 -2.787041940118201E-4 9.985027197312955E-4 
0.9205591926194778 5.149008739735507E-4 1.3501330264162337E-4 -6.561464146402214E-4 9.858173899732379E-4 -6.39258204040952E-4 -9.792682849142505E-4 0.0012390231382021406 -0.0021182531056325982 9.746791580922806E-4 
0.5703046617525208 6.603702427067645E-4 0.0013546559783070289 -1.9706333892746057E-4 9.825973847834176E-4 -4.007885622797539E-4 -9.769616292592792E-4 0.0011074751180210189 -0.0021886896402156875 -2.5266592226042087E-4 
0.8461970052011484 6.580164441170895E-4 2.5868901488216596E-4 -1.751147485259371E-4 7.81680498328552E-4 -0.0010983226794135516 -0.001141511471112895 0.0010906681382313794 -0.0025060895914659305 -2.145309082800524E-4 
0.23560888483641224 5.127066821366221E-4 1.2857880633659706E-4 -2.161378519906517E-4 9.85570947702474E-4 -6.309900532222346E-4 -0.0011386335683956075 0.0012439971435110355 -0.0021944419737388926 0.0011219844461183126 
0.5206266317263394 4.5425729665313523E-4 -8.673290566617633E-5 -1.4913012983519194E-4 7.753074547578205E-4 -5.091381219277169E-4 -9.574428461727625E-4 0.0011232300397155998 -0.00220345389695992 9.68170078658264E-4 
0.12288478138530218 6.688432889052644E-4 0.0010554063507073157 -2.848546146901554E-4 9.243350841346497E-4 -3.0197283477993915E-4 -9.564905515012444E-4 0.0011633676277866883 -0.002236006731713003 -0.0014868945517748308 
0.7099512389671745 7.74759397584293E-4 1.4210826691720319E-4 -1.9513255582900737E-4 7.578037393638757E-4 -4.998851966066665E-4 -9.153256126171472E-4 0.001132944317123984 -0.0023364279941151633 -1.7953209157325434E-4 
0.3144179076249582 4.584789531274111E-4 -8.75234210789503E-5 -2.246752180199734E-4 7.800386876577322E-4 -5.673395970782098E-4 -9.121935063945174E-4 0.0012392618439953584 -0.0023325332781628455 0.0011751487613207196 
0.4640891645601778 7.680372516267788E-4 -8.75234210789503E-5 -2.239143461330952E-4 7.753076268344332E-4 -5.636743225592967E-4 -9.121935063945174E-4 0.0011231436423751432 -0.0023325332781628455 0.0011751487613207196 
0.02414019414447699 5.139504394990537E-4 1.440143476088097E-4 -1.6168015992474395E-4 8.015792145546254E-4 -3.2776751057806927E-4 1.3583253095859763E-4 0.0012428455004427593 -0.002118948825741646 -0.0015344701355430185 
0.14865606716251706 6.197203335921059E-4 0.0010481317774836236 -2.8279489190676806E-4 9.243350841346497E-4 -4.1382565675899836E-4 -9.56973997681267E-4 0.0011048649084975724 -0.00223641278297417 -0.001486059418668274 
0.03867900066284535 6.478912507496482E-4 1.125177383416836E-4 -2.2473913900828153E-4 9.781147768395167E-4 -4.6736089584017266E-4 -9.281169301467893E-4 0.0011329817216951198 -0.002274484364784042 -2.590051214888331E-4 
0.7268095618044966 6.601419924072582E-4 1.8704805188379515E-4 -1.9716740535196027E-4 7.578037393638757E-4 -4.984811200468394E-4 -9.77388477632138E-4 0.00110646634976378 -0.0021892377874376096 -2.5724074482442376E-4 
0.05312612231850433 6.382220745104655E-4 3.581053365180468E-4 -2.2566724695359216E-4 9.773977635069203E-4 -3.991464765377311E-4 -9.281882054008667E-4 0.0011322711942885143 -0.0022752941562457344 -3.118777548353948E-4 
0.6207049259731492 4.488671565897888E-4 2.2454375882259133E-4 -1.6416940748712643E-4 7.540208797322659E-4 -2.1310425303592802E-4 -9.111857890107356E-4 0.0012301359678275829 -0.002202047566865154 -2.8592147582992143E-4 
0.3362933287921319 6.529437608079497E-4 -8.008624866802117E-5 -6.79281473560459E-4 9.353675771629228E-4 -3.2326850219019165E-4 -0.001114308851307251 0.001239671847042462 -0.002328568914812951 -3.415896184782895E-4 
0.4268160686187018 -4.8310131449189856E-4 1.0139397163832923E-4 -7.058788254086493E-4 0.0010093183896290247 -3.4287554438862335E-4 -9.480469624441728E-4 0.0011162689869547698 -0.002185037042348765 0.0010809147460179441 
0.7514382608457398 6.686749004782497E-4 1.468693434706304E-4 -2.7925130463209364E-4 9.177484060552837E-4 0.0016356565567359899 -0.0011760584389690267 0.0011231120237019932 -0.002258863535089779 -0.0014929584177250277 
0.24912136344387004 -4.7080954896660995E-4 9.367488773993481E-5 -1.8466453199623859E-4 8.56516952986435E-4 -3.2571595491391885E-4 -9.598975382894511E-4 0.0011205524960583258 -0.0021872602420441914 -2.92121869549245E-4 
0.6053211720695253 6.201711548363566E-4 0.0013546559783070289 -2.1798772824754625E-4 9.825973847834176E-4 -4.007885622797539E-4 -9.036182989719995E-4 0.0012499735335322348 -0.0022650993545014096 0.001089599599784235 
0.5553057002056744 7.58882177681289E-4 1.7865969257302108E-4 -1.7184786673209363E-4 7.753074547578205E-4 -5.091381219277169E-4 -9.574428461727625E-4 0.0011218195991093815 -0.0022017349322852185 9.699429669439982E-4 
0.2026330645787141 5.157099919192176E-4 1.7330720771671008E-4 -6.476681434472412E-4 8.536724674665005E-4 -4.8070440100133775E-4 -4.231819598589679E-4 0.0012445618470275327 -1.1551379511364748E-4 0.001074858811308572 
0.6571167655146053 4.5753830729690804E-4 1.8110436341441105E-4 -6.944540199544642E-4 9.852379716627842E-4 -4.012889928611073E-4 -9.150788491227797E-4 0.0011189395881228512 -0.0022698845951233367 9.71786232326363E-4 
0.40731619628205035 -4.723467108383894E-4 9.47630439557677E-5 -7.049097114766146E-4 7.835432334985514E-4 -3.406350902747931E-4 -9.269589998351498E-4 0.0011162689869547698 -0.0021808740941440543 -2.8378903023065305E-4 
0.2954204758086652 -4.8310131449189856E-4 1.0139397163832923E-4 -7.058788254086493E-4 0.0010093183896290247 -3.4287554438862335E-4 -9.440643617424242E-4 0.0011162689869547698 -0.002174381520841002 0.0010809738679506476 
0.7928913888256878 6.360927144931861E-4 3.581053365180468E-4 -2.2566724695359216E-4 9.773977635069203E-4 -5.275373383645517E-4 -9.281169301467893E-4 0.0011321504708517768 -0.0022047867387996545 -3.118777548353948E-4 
0.12288478138530218 6.688432889052644E-4 0.0010554063507073157 -2.848546146901554E-4 9.243350841346497E-4 -3.0197283477993915E-4 -9.564905515012444E-4 0.0011633676277866883 -0.002236006731713003 -0.0014868945517748308 
0.5088397796614674 7.582904610736314E-4 -8.662313596189544E-5 -1.7184786673209363E-4 7.753074547578205E-4 -5.091381219277169E-4 -9.574428461727625E-4 0.0011231329598310673 -0.0022016464324394786 9.681314165243622E-4 
0.39045577366425266 7.680372516267788E-4 -8.850132928136227E-5 -2.239143461330952E-4 7.753076268344332E-4 -5.636743225592967E-4 -9.121935063945174E-4 0.0011215894469967277 -0.0021474657045335876 0.0011755237308961406 
0.3064807141096064 6.040402541276058E-4 1.6301768474602686E-4 3.8788620814074915E-4 7.735832814848638E-4 -5.167567866812562E-4 1.0218101030860837E-4 0.00112325513892292 -0.0020873722741836936 -3.4033088148523454E-4 
0.9774290219473435 6.677856396454797E-4 1.717915788393006E-4 -1.9585770939838137E-4 0.0010160478311289044 -3.1989680084757696E-4 -9.864737515899121E-4 0.0011294461488837088 -0.002197258315263546 -0.001305379736168605 
0.03867900066284535 6.478912507496482E-4 1.125177383416836E-4 -2.2473913900828153E-4 9.781147768395167E-4 -4.6736089584017266E-4 -9.281169301467893E-4 0.0011329817216951198 -0.002274484364784042 -2.590051214888331E-4 
0.49223287296034596 7.693135938036476E-4 1.0504218658160978E-4 -6.281327964028384E-4 8.525787948644202E-4 0.0014103852870738535 -9.563256762173386E-4 0.0011541234442752086 -0.00219973858685954 0.001097672625888708 
0.7600711331476625 5.153747346539408E-4 8.710622918871823E-5 3.992460021636958E-4 9.856083843374805E-4 0.001524033549266787 -0.0011360548068956077 0.0012423059624391474 -0.0021484994293744716 0.0010948205861760986 
0.596861133347457 5.132246351289033E-4 9.993668834071028E-5 3.0233322401554966E-4 0.0012007889776661463 -3.240802996714798E-4 -0.001155807339207283 0.001120303752293651 -0.0022014551498374976 -2.632556803813913E-4 
0.9918492311886449 6.68682839849048E-4 1.7317496122750737E-4 -1.7324698902966917E-4 -7.45890622876738E-4 -3.171318603378539E-4 -9.884923315415103E-4 0.0011193417766207471 -0.0021957094885448713 -0.0012797979141332327 
0.5476257012896834 5.125121572862936E-4 1.744270433077554E-4 -1.277526154627257E-4 8.166322833826063E-4 -2.9401129372358544E-4 -9.820151117777396E-4 0.0012391170986768066 -0.0021183855048686738 -0.0015607861466186753 
0.05981903229734281 6.471081446662579E-4 1.0878199475337538E-4 -1.7840869874590043E-4 0.0010275683875895685 -4.6170671158622363E-4 -9.492591576439248E-4 0.0011329644613310144 -0.0021872602420441914 -2.4788019221427593E-4 
0.14865606716251706 6.197203335921059E-4 0.0010481317774836236 -2.8279489190676806E-4 9.243350841346497E-4 -4.1382565675899836E-4 -9.56973997681267E-4 0.0011048649084975724 -0.00223641278297417 -0.001486059418668274 
0.3644760955047205 6.23668099424572E-4 2.9411353181530065E-4 -1.8598659966983312E-4 7.769772959212756E-4 -6.366470274266699E-4 -9.055271726717693E-4 0.0011207236502023224 -0.0022655564117866453 9.677880758171651E-4 
0.1834773003826789 5.219188292682216E-4 0.001036682383785649 -2.1020627268117161E-4 9.303113478778635E-4 -0.001136209905872597 -9.87081455217559E-4 0.0011208067744131734 -0.0020855568754773765 -0.0012920524495367467 
0.013532350691408568 5.149460989085599E-4 1.726176521210607E-4 -1.6168015992474395E-4 0.0012011741510817423 -3.2497651491678894E-4 -9.165845190411531E-4 0.0012388532240773776 -0.0022023172052752856 8.640529520716408E-4 
0.21209136399204692 5.977155071499227E-4 -5.226375740402094E-5 -2.874993278119541E-4 9.81631399200449E-4 -5.843223239217874E-4 -0.0011360548068956077 0.001243078315535974 -2.5457119708206127E-4 0.0011227602287360403 
0.9680268797361071 6.73648080516794E-4 1.7317485202965444E-4 -1.6762759224461996E-4 -7.565688794077353E-4 -4.647742229124983E-4 -9.165129622084454E-4 0.001119201757357459 -0.002195730364269916 -0.0013073841409226407 
0.15537264493580533 6.115096346906019E-4 0.0010554063507073157 -2.8279489190676806E-4 9.243350841346497E-4 0.001608043955685915 -9.56973997681267E-4 0.0011633676277866883 -0.002236006731713003 -0.001486059418668274 
0.3644760955047205 6.23668099424572E-4 2.9411353181530065E-4 -1.8598659966983312E-4 7.769772959212756E-4 -6.366470274266699E-4 -9.055271726717693E-4 0.0011207236502023224 -0.0022655564117866453 9.677880758171651E-4 
0.6289334915362801 6.706880971894307E-4 2.2454375882259133E-4 -1.6689799693979891E-4 0.0012019171267402162 -2.1138356360680727E-4 -4.0643969560006217E-4 0.0012300791685195837 -0.002202047566865154 -2.8592147582992143E-4 
0.07650330859117602 6.217412949926367E-4 2.9394847143257965E-4 -6.859378384586772E-4 0.0010227947617891828 -2.638682609716146E-4 -8.992333095162141E-4 0.0012524743683825657 -0.0022614693457921513 9.989201166536094E-4 
0.6955543757826084 5.981446749863309E-4 1.0560297698045998E-4 -7.172577287061801E-4 7.772877791918047E-4 -3.059386863139906E-4 -9.076638597612228E-4 0.0011230336412022667 -8.347038277486517E-5 9.682585437238223E-4 
0.49934216995888775 7.845861042598868E-4 -8.434461242804134E-5 -1.5559435285157034E-4 8.496542927415232E-4 -4.6678508774122113E-4 -9.371567755203437E-4 0.0012308806146043032 -0.0021938677391885077 -2.6602694779524256E-4 
0.663722216716104 -4.8310131449189856E-4 1.0139397163832923E-4 3.0379616940688175E-4 0.0010110144710283012 -3.249052782117854E-4 -9.494556919992606E-4 0.0011209288756124666 -0.0021872602420441914 -2.911013101818163E-4 
0.05312612231850433 6.382220745104655E-4 3.581053365180468E-4 -2.2566724695359216E-4 9.773977635069203E-4 -3.991464765377311E-4 -9.281882054008667E-4 0.0011322711942885143 -0.0022752941562457344 -3.118777548353948E-4 
0.4222266344462748 6.382220745104655E-4 3.581053365180468E-4 -6.351652324640546E-4 9.773977635069203E-4 -3.991464765377311E-4 -9.565286750812785E-4 0.0011322711942885143 -0.0022752941562457344 -3.154491889133384E-4 
0.07650330859117602 6.217412949926367E-4 2.9394847143257965E-4 -6.859378384586772E-4 0.0010227947617891828 -2.638682609716146E-4 -8.992333095162141E-4 0.0012524743683825657 -0.0022614693457921513 9.989201166536094E-4 
0.002260908135872118 6.379352265258303E-4 1.5508775857424296E-4 -6.368905824046615E-5 7.964373702109981E-4 -3.2560282477383265E-4 -0.0011591130632858106 0.0012303216516780424 -0.00228107657855361 0.0011049728344019259 
0.7240806998695111 7.74759397584293E-4 7.351382129020347E-4 -1.9546828251705366E-4 7.578037393638757E-4 -4.998851966066665E-4 -9.153256126171472E-4 0.001132944317123984 -0.0023359121561017534 -1.7953209157325434E-4 
0.02562102669291677 5.187034062457804E-4 1.029625472863264E-4 3.9431454984545323E-4 0.0010187474124496616 -3.2813605625866616E-4 1.515369017382603E-4 0.0012428710490716575 -0.002119334932360821 9.862729101240406E-4 
0.09373667811548232 6.217412949926367E-4 2.9332751599063533E-4 -6.859378384586772E-4 6.762802189883997E-4 -4.965827601205515E-4 -9.035790066975313E-4 0.0012524743683825657 -0.002118948825741646 0.0010905669319938214 
0.28871997744390054 4.5751781064223016E-4 1.7939041805038947E-4 -6.62455619718211E-4 9.785027568749388E-4 -4.026002672413265E-4 -0.0011152960149495 0.0011347677747647477 -0.002535341979111522 0.0010967304063148405 
0.8780728724217688 4.5751781064223016E-4 1.7658184563088453E-4 -6.59331380403639E-4 9.356307633413014E-4 -3.251220261132953E-4 -0.0011152960149495 0.0011411197419344125 -0.0025379269750261477 9.638688473262297E-4 
0.28871997744390054 4.5751781064223016E-4 1.7939041805038947E-4 -6.62455619718211E-4 9.785027568749388E-4 -4.026002672413265E-4 -0.0011152960149495 0.0011347677747647477 -0.002535341979111522 0.0010967304063148405 
0.002209032866321977 7.653951258003095E-4 1.3917270358470592E-4 3.2489114976867766E-4 7.960897100787168E-4 -5.04677250587754E-4 -9.042643635811334E-4 0.0011209250825669002 -0.0022793562005890677 -0.0012932154943430137 
0.4119507851517644 6.728015182807527E-4 1.0358680375316684E-4 -1.3481928081167854E-4 9.77321447127819E-4 0.001561818736708688 -4.258875756738636E-4 0.0012581926756013574 -0.0023305327004049664 0.0012482653951271917 
0.24581016338311623 6.204801647961962E-4 1.5527221682724344E-4 -6.863069031457499E-4 7.490917366485308E-4 -5.092590475953171E-4 -4.407164474168235E-4 0.001251392695118989 -0.002186682499893966 0.0010768208064205554 
0.16240715231435898 5.125985371087426E-4 0.0010507664243153934 -6.574982079352173E-4 8.586920807620289E-4 -0.0010994174285388057 -0.0011360548068956077 0.0012445625762556292 -0.0022027998602255783 0.0011205747144846024 
0.3875418812566953 4.5425729665313523E-4 -8.673290566617633E-5 -1.4913012983519194E-4 9.719188494248506E-4 -5.142726552790437E-4 -9.574428461727625E-4 0.0011232300397155998 -0.00220345389695992 9.978641023456775E-4 
0.8624235712601813 5.163541040309797E-4 1.468703152078533E-4 -1.3852047347081794E-4 7.90706365270492E-4 -0.0015332710888145496 1.3110495405102953E-4 0.0012343835368663532 -0.00226095567383602 -0.0015592613587101407 
0.17708717562790852 5.219188292682216E-4 0.0010631687450845923 3.179215372694984E-4 9.303113478778635E-4 -0.0011520624661383034 -9.014923296195315E-4 0.0011208924889962153 -0.0020855568754773765 -0.0012920524495367467 
0.16240715231435898 5.125985371087426E-4 0.0010507664243153934 -6.574982079352173E-4 8.586920807620289E-4 -0.0010994174285388057 -0.0011360548068956077 0.0012445625762556292 -0.0022027998602255783 0.0011205747144846024 
0.9046844976259165 5.149008739735507E-4 1.3501330264162337E-4 -6.561464146402214E-4 9.858173899732379E-4 -6.39258204040952E-4 -9.792682849142505E-4 0.001121607203976451 -0.0021185238249433907 9.745221499798865E-4 
0.857596597843759 7.694229986591584E-4 -8.781966154606965E-5 -2.2980427928493335E-4 7.800386876577322E-4 -5.636743225592967E-4 -9.121935063945174E-4 0.0012308220519985887 -0.002197559794884308 0.0012326924860545868 
0.5833401162191727 6.635999302203253E-4 1.0092870068186856E-4 -1.9326807236394773E-4 9.826587014957811E-4 -4.007885622797539E-4 -9.770613616927654E-4 0.0011074751180210189 -0.0021168215158035935 -2.5266592226042087E-4 
0.4694333423268106 6.184884354204275E-4 2.995426405275348E-4 -1.352458979509036E-4 0.001215730933518629 -2.7100465865094404E-4 -9.502284228560504E-4 0.0011210791004670282 -0.002270411856671923 -2.9092045304450725E-4 
0.4789322319920226 6.382220745104655E-4 3.581053365180468E-4 -6.318575475694483E-4 9.773977635069203E-4 -3.991464765377311E-4 -9.564778882370777E-4 0.0011322711942885143 -0.0022752941562457344 -3.118777548353948E-4 
0.19128497217756843 6.024062121426882E-4 1.029625472863264E-4 3.9431454984545323E-4 0.001029317386991899 -4.037724377136623E-4 -9.520113085459403E-4 0.001153775739585925 -0.00227829035517187 -2.8136944813119525E-4 
0.5820857740308758 5.996901019875268E-4 1.7317496122750737E-4 -2.612055964959353E-4 0.0012001305124057962 -2.946870814232731E-4 -9.805607735789597E-4 0.0012297669547324456 -0.00221175503734955 -2.631820992479349E-4 
0.9558897500869439 5.981446749863309E-4 1.0560297698045998E-4 -1.7839766469882626E-4 7.723763202637522E-4 0.0015319303134370484 -9.076342487316309E-4 0.0011230336412022667 -8.347038277486517E-5 9.862673783632746E-4 
0.17708717562790852 5.219188292682216E-4 0.0010631687450845923 3.179215372694984E-4 9.303113478778635E-4 -0.0011520624661383034 -9.014923296195315E-4 0.0011208924889962153 -0.0020855568754773765 -0.0012920524495367467 
