0.0 -6.558354484676579E-4 -0.0018556838233543746 -0.0020600827999521696 -1.0669523089503646E-4 0.0020529874260795896 -0.0021821319473078415 3.108093648919892E-4 -1.9913138220234368E-4 -0.0010523355121601656 
0.9999426904585718 -7.229230242301709E-4 -0.0029628995861336565 -0.002080335880492419 -6.685749952108078E-5 0.0015912434603041039 -0.0021832712312892266 5.100472098035604E-5 -2.446867639151599E-4 -0.001424283112567128 
0.0 -6.558354484676579E-4 -0.0018556838233543746 -0.0020600827999521696 -1.0669523089503646E-4 0.0020529874260795896 -0.0021821319473078415 3.108093648919892E-4 -1.9913138220234368E-4 -0.0010523355121601656 
0.2425636391707738 -7.224894990939747E-4 -0.002962337704016267 -0.0020449528795085893 -9.111432104955E-5 0.0020099394343472514 -7.316133432633959E-5 8.892492408378352E-5 -2.0457170962462308E-4 -0.0014528687151204233 
0.650444568809692 -7.417953882090096E-4 -0.0029624018890667425 -0.002046607737103068 0.0010584692264401139 -0.0019211718108370767 -0.002184761879788364 1.430617408808925E-4 -2.832272684519072E-4 -0.0011537366045849837 
0.4257258526013843 -7.209388837940697E-4 -0.002963124797417538 -0.00206147596189407 -1.4673373678573628E-4 0.001580122033985409 -0.002183795602080537 5.489803762654334E-5 -2.363451406071202E-4 -0.0011162438752140241 
0.2863442068028512 -7.212963067143787E-4 -0.0018892672134683006 -0.0020449468390762826 0.0010166232470051573 -0.0018393626328536195 -0.0021710704017857884 3.2650234904859043E-4 -8.488594304372598E-4 -0.0014802706548419262 
0.4054563103806269 -7.216273212727629E-4 -0.0029619703061771075 -0.0020452525709489335 -2.3113880415589724E-4 0.0020089233661647115 -0.0021361295734870656 5.448080049464869E-5 -2.575233695082906E-4 -0.001430236852985861 
0.06843524123701569 -6.43472668188254E-4 -0.0029620284602779293 -0.002041601809823674 -9.56030383781002E-5 -0.0020518043957809323 1.832785312218775E-5 3.243343740876012E-4 -2.0364544351267935E-4 -0.0010624922738969045 
0.8724416443562167 -7.223379410712426E-4 -0.002962876926016367 -0.0020422418749533084 8.188332826855765E-4 0.002002301507457373 -0.0021795697561200825 3.2650234904859043E-4 -2.644112363254604E-4 -0.001433169770628062 
0.08449510397241485 -7.21987355314858E-4 -0.0029499164721299882 -0.002067877264264834 8.842425254693253E-4 0.001591400193625411 -0.0021798923917291024 7.639497695095237E-4 -8.483459853302847E-4 -0.001107821872102585 
0.9238231486765982 -7.260972802646722E-4 -0.0029538330443648285 -0.002042230952647759 -3.5196538293532796E-4 0.0020064678769945734 -0.0021644976048529607 3.26486676220332E-4 -2.6437413696236826E-4 -0.00146319128113746 
0.2750444761376627 -7.224894990939747E-4 -0.002962337704016267 -0.0020449528795085893 -9.652597155799842E-5 0.0020099394343472514 -7.316133432633959E-5 9.020779079359047E-5 -2.0509941367669455E-4 -0.0014200535856399895 
0.5494799983337755 -7.229230242301709E-4 -0.00290511091601385 -0.0020587927081747613 -1.0667608887257952E-4 0.001600988285622978 -0.002182186715946216 7.743315108942187E-5 -2.0547040765161474E-4 -0.001064294937559633 
0.010520824655059074 -6.406207094889832E-4 -0.002955853359215144 -0.0020449775272866023 -9.941549852917435E-5 0.0017069956500242222 -0.0021821210380392466 3.2864818329992023E-4 -2.046577549311879E-4 -0.0014218570606645672 
0.03834504367130959 -6.49005325271761E-4 -0.0029618799545299 -0.002045293940483956 -1.2545480212230352E-4 -0.0023656193374481512 -0.0021709661164132517 5.32585503064254E-4 -2.040076534541023E-4 -0.0014477650928308397 
0.9019833401823494 -7.428008045037752E-4 -0.002962876926016367 -0.002060261828420066 -7.737837807707913E-4 0.002002301507457373 -0.0021829421579994276 6.332221841669959E-5 -2.6434158526790236E-4 -0.001433169770628062 
0.03087523450464988 -7.236749022734285E-4 -0.0029620886597725416 -0.002081792146892281 -1.6711968656170595E-4 0.002036081140889146 -0.002171783677594926 3.573352145149852E-5 -2.3137030993623423E-4 -0.0010816163991283088 
0.20852791480731545 -7.212963067143787E-4 -0.002955858307017812 -0.0020447263999599113 -9.577881979836167E-5 -0.0018488925022150868 -0.0021713019812482463 2.9995757485725777E-4 -8.498593296462282E-4 -0.0011098585353476434 
0.3058297374919918 -7.235957888545717E-4 -0.001873926814291768 -0.002195036848709962 -9.74636678085493E-5 0.0021159932466789846 -0.002171408063717308 1.3935381886341462E-4 -1.921211417162253E-4 -0.001472129733483089 
0.015498029698611637 -7.235527397777035E-4 -0.0018489189518466544 -0.0020524964541253138 9.73554595899099E-4 0.001968193570258746 -0.002179262852895209 5.253632517180897E-4 -2.0347900132727765E-4 -0.0014304979709857074 
0.04446469274046097 -7.215818188124662E-4 -0.0029537179748464286 -0.002060093201256504 -8.403512393563104E-4 0.0018659796636492987 -0.0020753592416644312 6.088022679878575E-5 -2.656971405320217E-4 -0.0011124659127467425 
0.16518615645259804 -7.222169916513877E-4 -0.002962473625495858 -0.0020464046378653204 -1.6574769923296108E-4 0.002041545243594378 -0.002171783677594926 3.9407249808324916E-5 -2.3150711654317384E-4 -0.0010816163991283088 
0.9378437274091068 -7.235106250767406E-4 -0.0029507876979110855 -0.0020460396751167094 -7.411033654759877E-5 -0.001730578349969493 -0.0021866699878181524 3.3733645717621446E-5 -8.877936656033747E-4 -0.0014690150006670755 
0.026120395957744236 -7.186766342307198E-4 -0.002961511081991199 -0.0020616372861308463 -7.990536260542316E-5 0.0029276705747820105 -0.0021821520794605867 6.650076193603482E-4 -3.1477454658559995E-4 -0.0014093260812861213 
0.6122141275813516 -7.186766342307198E-4 -0.002953958148805107 -0.0020616510657641175 -7.929956965882804E-5 0.0029276705747820105 -0.002183056843040442 6.650076193603482E-4 -3.1477454658559995E-4 -0.001424411264241758 
0.2271074317823644 -7.220366950869186E-4 -0.0029618650166076763 -0.0020779948244185062 -8.645733906643781E-4 0.0020047145669371985 -7.829313905114181E-5 6.179234953776895E-5 -2.6453452412512316E-4 -0.0014324176359697702 
0.19792412816436555 -7.222169916513877E-4 -0.0029620886597725416 -0.002046253238619113 -1.538476718650199E-5 0.002036081140889146 -0.002171783677594926 3.9407249808324916E-5 -2.3137030993623423E-4 -0.0010816163991283088 
0.8917979746860973 -7.414311936739006E-4 -0.0029628968820296277 -0.002041528743725703 8.178674903237407E-4 0.0019994804066661223 -0.0021829421579994276 1.6081722905992283E-4 -2.665986681371378E-4 -0.001433169770628062 
0.0888311196568339 -7.237417036166829E-4 -0.002964487310906996 -0.0020415397370692687 -1.572207395426834E-4 0.0018003020199657597 9.626425091510855E-5 1.0800159519295326E-4 -2.1143773367645103E-4 -0.0011463946573293758 
0.35985441447879457 -7.212963067143787E-4 -0.0029558598318790365 -0.0020447263999599113 -9.577881979836167E-5 -0.0018488925022150868 -0.0021710604655640186 3.2650234904859043E-4 -8.498593296462282E-4 -0.001421524019379445 
0.00477771197305249 -7.202558883626267E-4 -0.0029618799545299 -0.0020505561115176743 -9.636150513095705E-5 -0.0027231291049044843 -0.0021709661164132517 1.455629273301459E-4 -1.9222017012845567E-4 -0.001473312028501239 
0.007563361795316262 -7.414967468888512E-4 -0.0029492644443271667 -0.002045311156330649 9.564277264072223E-4 0.0021687689048073963 -0.002163395852688274 3.108723871682775E-4 -1.891537646641613E-4 -0.0014965118504321612 
0.8540786045625444 -7.212963067143787E-4 -0.002955853359215144 -0.0020447263999599113 -9.576600618289713E-5 -0.0018488925022150868 -0.0021710604655640186 3.2650234904859043E-4 -8.481552250665207E-4 -0.0014218570606645672 
0.5642170148149578 -7.237836567812758E-4 -0.0029628376214921037 -0.002046360073083186 -1.6132765780631903E-4 0.0015742311343998415 -0.0021837972286373737 3.651550889854183E-5 -2.0419439570438814E-4 -0.001099755330916303 
0.5084504850698472 -7.418300956358786E-4 -0.002950930197144452 -0.002046616597864577 -7.53061212264806E-5 0.0026452730181909527 -0.0021822338477496235 1.4781724476502727E-4 -8.875524954241493E-4 -0.0011165249373621586 
0.534577560823664 -7.215907722435535E-4 -0.0029630636840899858 -0.00204483741960165 -8.381338681167068E-4 0.001969953515424794 -0.0021830208040085736 6.088022679878575E-5 -2.6453452412512316E-4 -0.001110734896451423 
0.17463687353919394 -7.235527397777035E-4 -0.0018489189518466544 -0.0020524964541253138 9.73554595899099E-4 0.001968193570258746 -0.002179262852895209 5.253632517180897E-4 -2.0347900132727765E-4 -0.0014304979709857074 
0.09994362874821233 -6.542585935192767E-4 -0.002962476562934502 -2.959938659141282E-4 -1.6564574300610468E-4 0.001617558565859359 -0.0021837252682075673 3.1233948748682236E-4 -2.1939763492150169E-4 -0.0010650729109413601 
0.6309315682600863 -7.40469468160358E-4 -0.0029624018890667425 -0.002041448439017514 0.001106113315431187 0.001935623929990226 -0.002183044521212649 1.0373886988393028E-4 -2.645357704814499E-4 -0.001148676261945985 
0.8296648525789678 -7.402223602038246E-4 -0.002961813637882681 -0.002059939361599197 -3.1983889968445944E-4 -0.0023123515074267905 -0.0021803490944923777 5.2420638203073684E-5 -2.562582884567433E-4 -0.0011247508184167687 
0.787739921914931 -7.4204805927365E-4 -0.002960999779343302 -0.002046360073083186 -1.1183047365990754E-4 0.0015742311343998415 -0.002165119404371664 3.0422076369962682E-5 -2.0403343965615442E-4 -0.0014226971424371759 
0.8047790772096091 -7.418300956358786E-4 -0.00296290757297354 -0.002046616597864577 -6.684579070096179E-5 0.001544727973637427 -0.0021820515301098956 1.4781724476502727E-4 -8.875524954241493E-4 -0.0011163897968144475 
0.767527390631846 -7.40632457130803E-4 -0.0029608423203215497 -0.0020458986322667966 -1.8283326204119108E-4 0.001991818626918565 -0.00217035512568545 -5.764211598988813E-5 -3.214135969106493E-4 -0.001468708468904823 
0.3732810604610989 -7.437373538124773E-4 -0.0029608423203215497 -0.0020459990377026736 -1.845108659601555E-4 0.0018809201177819594 -0.0021849721194030615 -5.764211598988813E-5 -3.199743159818575E-4 -0.0014686431193968832 
0.05914966308723274 -7.235527397777035E-4 -0.0018489189518466544 -0.0020524964541253138 9.73554595899099E-4 0.001968193570258746 -0.002179262852895209 5.253632517180897E-4 -2.0347900132727765E-4 -0.0014304979709857074 
0.7495561974974047 -7.231622630135087E-4 -0.001864506143138277 -0.00219099805765059 -8.677784314452855E-4 0.0019363486153618841 -0.00217055743890424 1.4012443992395365E-4 -8.658895959966183E-4 -0.0010757692521511791 
0.5737902034651581 -6.424413814873382E-4 -0.0029618819687527126 -0.002060068953725985 -1.2986629933526504E-4 0.001770877971836262 -7.316133432633959E-5 3.28663851080786E-4 -2.0364544351267935E-4 -0.0010621186310540427 
0.393262156383094 -7.224580859927296E-4 -0.002873119547751624 -0.002032479237822058 -8.948540051658779E-5 0.0021159932466789846 -0.002170072172399186 1.4567744512856135E-4 -2.5935871033052477E-4 -0.0010843730395966894 
0.4598268775255224 -7.222802719015867E-4 -0.0029561604561847187 -0.002047366705130234 -2.4266859559351003E-4 0.0018903760072459448 -0.0021656685819345348 7.626693278120524E-4 -2.5793228113857205E-4 -0.001129231032770058 
0.38424834067693336 -7.42033112865277E-4 -0.0029627356688769293 -0.0020848882811679154 -9.577901933466644E-5 0.0017990340356661553 -0.002183362719806035 3.1371383851045364E-4 -2.5679706825587167E-4 -0.0010600408504016295 
0.6992679259557932 -7.239697276549918E-4 -0.0029628056773021443 -0.002047366705130234 -3.653832645582251E-4 0.0018871939087967194 -0.0021810548512263416 7.626693278120524E-4 -2.619087216889555E-4 -0.0011228040781700544 
0.8447647165727284 -7.212963067143787E-4 -0.002955853359215144 -0.0020449468390762826 0.0010368933339773324 -0.0018488925022150868 -0.0021710610185007827 3.2650234904859043E-4 -8.481552250665207E-4 -0.0014304585685831794 
0.477510585778128 -6.50338466023349E-4 -0.0029629280992523248 -0.0020465052175708135 -1.325801159866083E-4 0.002515699232059068 -0.002183828858996312 3.5521611966596463E-4 -2.6372570151868383E-4 -0.001147165298155643 
0.0019944816029441315 -7.224894990939747E-4 -0.002962337704016267 -0.0020450132207475167 -9.652597155799842E-5 0.0020099394343472514 -7.316133432633959E-5 9.248689096401529E-5 -2.0509941367669455E-4 -0.0014200535856399895 
0.7343096139543329 -7.186766342307198E-4 -0.002953958148805107 -0.0020616510657641175 -7.929956965882804E-5 0.0029276705747820105 -0.002183056843040442 6.650076193603482E-4 -3.1477454658559995E-4 -0.001424411264241758 
0.12987872780726695 -7.243245710427076E-4 -0.002951549118890446 -0.0020436496312932167 -2.2771394465169746E-4 0.0015683862679340204 -0.0021642501006294466 3.1799619954280434E-4 -2.4103996933447385E-4 -0.0014640076666367521 
0.25806915188580215 -6.558354484676579E-4 -0.0018556838233543746 -0.0020600224587132418 -1.0669523089503646E-4 0.0020529874260795896 -0.0021821319473078415 3.0853026472156433E-4 -1.9913138220234368E-4 -0.0010523355121601656 
0.6253055811826618 -7.229472453899502E-4 -0.0029624018890667425 -0.002041212222702549 -9.134710296765939E-4 -0.0019211718108370767 -0.002206873201508818 3.4639027331007E-4 -2.0239258405550318E-4 -0.0011545207761196733 
0.14092651227226322 -7.236542593859643E-4 -0.0029022640642289398 -0.002047366705130234 -2.4266859559351003E-4 0.0018871939087967194 -0.002182133331477848 7.6023973459223E-4 -2.0004705876928655E-4 -0.0010555040953672918 
2.729011652960467E-4 -7.40469468160358E-4 -0.0018553003751701344 -0.002046358650012902 0.0010584692264401139 -0.0020234535984768316 -0.0021848218940130146 3.108178891278052E-4 -2.638564362875043E-4 -0.0010496196425138857 
0.981886879653425 -7.245689400849077E-4 -0.002963102301602249 -0.002080335880492419 -6.685749952108078E-5 0.0015912434603041039 -0.002183265143599941 5.100472098035604E-5 -2.446867639151599E-4 -0.001424283112567128 
0.11962650077509368 -7.417998125700504E-4 -0.002962216581746439 -0.0020460396751167094 -7.411033654759877E-5 0.0019274073296504579 -0.002186578172724337 7.586146720269304E-4 -2.7323701815852873E-4 -0.0014820124118710553 
0.9737622891121182 -7.418300956358786E-4 -0.002950930197144452 -0.002046616597864577 -6.684579070096179E-5 0.002433805201667437 -0.0021822338477496235 1.4781724476502727E-4 -8.875524954241493E-4 -0.0011163897968144475 
0.25780710504480914 -6.558354484676579E-4 -0.0018556838233543746 -0.0020600224587132418 -1.0651206417235822E-4 0.0020529874260795896 -0.0021821319473078415 3.0813755386594773E-4 -1.733485195013254E-4 -0.0011040605055847752 
0.9541018369751064 -7.24057652574628E-4 -0.0029537700646440337 -0.0020449519145712193 8.95495782078222E-4 -0.001861998142459271 -0.0021711795141871114 3.28901925518556E-4 -2.011927246389594E-4 -0.0011180204131578677 
0.3314225879984946 -7.235719292208138E-4 -0.0018786551721390946 -0.0020449468390762826 0.0010368933339773324 0.002066750060187489 -0.0021710610185007827 3.257603764157403E-4 -2.1281830413754504E-4 -0.0014304585685831794 
0.5889114951365211 -6.516697474299985E-4 -0.002953958148805107 -0.0020459958798424932 -7.929956965882804E-5 0.0029276705747820105 -0.002170644083359088 6.650076193603482E-4 -3.1477454658559995E-4 -0.001424411264241758 
0.5168875402906579 -7.215818188124662E-4 -0.0029537179748464286 -0.00204483741960165 -8.411755242163446E-4 0.001969953515424794 -0.0021830208040085736 6.088022679878575E-5 -2.6453452412512316E-4 -0.001110734896451423 
0.18803412900232513 -7.417035095471191E-4 -0.002950930197144452 -0.0020460396751167094 -7.411033654759877E-5 -0.002234351044288603 -0.002184838537498114 5.560929117110213E-4 -8.877936656033747E-4 -0.0014691420820357591 
0.7174737810998286 -7.251689506547368E-4 -0.0029624404675911166 -0.001990435420701243 -2.564241948142049E-4 0.0017343242092181777 -0.0021706423869428774 3.4770088892278786E-4 -7.47418835327445E-4 -0.0014900006037837546 
0.5242878191063753 -7.224580859927296E-4 -0.0018864105527218883 -0.0020324067642640176 -8.948540051658779E-5 0.0021159932466789846 -0.002170072172399186 1.4567744512856135E-4 -8.23477188144635E-4 -0.0014852791716295172 
9.396986106229577E-4 -7.242583760207242E-4 -0.0018556838233543746 -0.002059423678538991 -1.067228334369439E-4 0.0016008278868868964 -0.0021821990353466827 3.108093648919892E-4 -2.4392548812314158E-4 -0.0010523355121601656 
0.3123841968919507 -7.243245710427076E-4 -0.002951549118890446 -0.0020795270285162617 -8.548775531871623E-4 0.0015681468164358114 -0.0021648042176683337 3.1799619954280434E-4 -2.4103996933447385E-4 -0.0010644433006716145 
0.06362177499134175 -6.498398655138676E-4 -0.002963102945529897 -0.00206147596189407 -1.4673373678573628E-4 0.001580122033985409 -0.00218345679409493 5.489803762654334E-5 -2.0424391966923042E-4 -0.001115877860878039 
0.15454533294556277 -6.489329951400982E-4 -0.002962468452878463 -0.002047366705130234 -1.0647028966147127E-4 0.00188420490752566 -0.0021810548512263416 1.8408788353402393E-5 -2.639807654981816E-4 -0.0011228040781700544 
0.45215696473783273 -6.511778924266E-4 -0.002961764395897266 -0.0020470169592451703 0.0010508644434080376 0.0020529874260795896 -0.0021820202509232793 7.814039772602487E-4 -2.5674456426975776E-4 -0.0010561979446615177 
0.9947061003496351 -6.416756910445502E-4 -0.0029628995861336565 -0.002080335880492419 -6.755962669292894E-5 0.0015907897671909393 -0.0021832712312892266 3.4239789444589727E-4 -2.446867639151599E-4 -0.0014203445606915995 
0.5956517649082593 -6.558354484676579E-4 -0.0018556838233543746 -0.0020600827999521696 -1.0669523089503646E-4 0.0020529874260795896 -0.002184773632241184 1.4650013823856874E-4 -1.9913138220234368E-4 -0.0011575966202904825 
0.15454533294556277 -6.489329951400982E-4 -0.002962468452878463 -0.002047366705130234 -1.0647028966147127E-4 0.00188420490752566 -0.0021810548512263416 1.8408788353402393E-5 -2.639807654981816E-4 -0.0011228040781700544 
0.11284406883143 -7.236618525967867E-4 -0.0028911529905248563 -0.002080130432062442 -1.60203262031561E-4 0.0015876627138423638 -0.002182715646580887 3.164565939980814E-4 -1.9856545472878896E-4 -0.0010711662917641238 
0.05232621913767316 -6.485903468429714E-4 -0.0029617061241263036 -0.002045293940483956 -1.2545480212230352E-4 -0.0023656193374481512 -0.0021709661164132517 5.32585503064254E-4 -2.040076534541023E-4 -0.0014538447355351908 
0.6678956772718552 -6.566163467843407E-4 -0.0029625163007613144 -0.0020803385076644497 -1.3364395895995617E-4 0.0019117646762612543 -0.0021832655865563137 3.487761945568561E-4 -2.448125479303295E-4 -0.0011247396304939125 
0.7635586938728695 -7.40632457130803E-4 -0.0029608423203215497 -0.0020458986322667966 -1.8283326204119108E-4 0.001991818626918565 -0.00217035512568545 3.311841269999289E-4 -3.191539613695804E-4 -0.001468708468904823 
0.6678956772718552 -6.566163467843407E-4 -0.0029625163007613144 -0.0020803385076644497 -1.3364395895995617E-4 0.0019117646762612543 -0.0021832655865563137 3.487761945568561E-4 -2.448125479303295E-4 -0.0011247396304939125 
0.4797808357998443 -6.50338466023349E-4 -0.0029629170798100312 -0.002041399010556579 -1.0666602045922324E-4 0.001961480286240177 -0.002183828858996312 5.807309641311041E-4 -2.318592818431698E-4 -0.001147165298155643 
0.12811136431408032 -7.232239099253242E-4 -0.002956408077660415 -0.002045832112977864 -2.417930914634826E-4 0.0029420322635777983 -0.0021830531406314964 5.763389787369946E-4 -7.47418835327445E-4 -0.0014586838437125982 
0.6951373992878744 -7.418580179954439E-4 -0.0028913987951469772 -0.0020600418401934676 0.0010983851567479357 -0.0018072403668958168 -0.0021711795141871114 4.4651058580545515E-5 -1.9856843493459172E-4 -0.0011126691623882877 
0.14047290479583208 -7.23981635530902E-4 -0.002956179851178152 -0.002047366705130234 -2.4266859559351003E-4 0.0018871939087967194 -0.0021810548512263416 7.626693278120524E-4 -2.5793228113857205E-4 -0.001129231032770058 
0.18512780031556222 -7.235973154133478E-4 -0.0029628827918803135 -0.0020854067307349493 -8.511900715512055E-5 0.0029276705747820105 -0.002183179250810068 3.214003595350785E-4 -2.01114979617139E-4 -0.001061468054076663 
0.3640194678390545 -7.237542068043271E-4 -0.002950946831392022 -0.0020457202372407644 9.8157721082463E-4 0.002056268767753076 -0.0021824388276454683 6.070382889820267E-4 -3.5512483410376594E-4 -0.001461007513085896 
0.7924481235611329 -7.237883520725993E-4 -0.0029628390267458457 -0.002046360073083186 -1.6132765780631903E-4 0.0015742311343998415 -0.002183212619150053 3.600628319976666E-5 -2.0403343965615442E-4 -0.0014301495986277892 
0.49228225774639967 -7.221250429291845E-4 -0.002953451557828527 -0.0020459837809144524 0.0010416087244160173 -0.0018392694063134804 -0.002170316082168579 1.0429983030645139E-4 -8.660835058372526E-4 -0.00114630976851557 
0.4396308175150788 -6.50338466023349E-4 -0.0029629280992523248 -0.0020465052175708135 -1.325801159866083E-4 0.0025259558557883107 -0.002183828858996312 3.550715030890108E-4 -2.6372570151868383E-4 -0.001147165298155643 
0.717946284359275 -7.419215597978373E-4 -0.0029636225278984055 -0.002080130432062442 -2.5909966230763473E-4 0.0017303677515599076 -0.002164622431802498 3.108723871682775E-4 -1.9818844373254812E-4 -0.0010637138355735105 
0.6828310564186366 -7.417953882090096E-4 -0.0029624018890667425 -0.0020464440706338635 0.0010584692264401139 0.0016633798032883737 -0.002184761879788364 4.0488577982020964E-5 -2.2960418103731638E-4 -0.0011582722920093717 
0.8319889846735496 -7.222169916513877E-4 -0.002962898929008939 -0.00205996892331571 -1.6574769923296108E-4 0.0024476269575691247 -0.002171308859404774 3.2863390757920384E-4 -2.3213418740114945E-4 -0.0014331841915687362 
0.05232621913767316 -6.485903468429714E-4 -0.0029617061241263036 -0.002045293940483956 -1.2545480212230352E-4 -0.0023656193374481512 -0.0021709661164132517 5.32585503064254E-4 -2.040076534541023E-4 -0.0014538447355351908 
0.9598989722182876 -6.547714632483256E-4 -0.0018442672897110899 -0.002046616597864577 9.101232942212011E-4 0.0020683551611363205 -0.002181523481842438 1.4781724476502727E-4 -8.875524954241493E-4 -0.0011003185568964433 
0.49228225774639967 -7.221250429291845E-4 -0.002953451557828527 -0.0020459837809144524 0.0010416087244160173 -0.0018392694063134804 -0.002170316082168579 1.0429983030645139E-4 -8.660835058372526E-4 -0.00114630976851557 
