0.0 -6.549874099094148E-4 -0.0016205284239391195 -4.996354399703525E-4 5.892350583016322E-4 6.781527346877197E-4 5.923173899554757E-4 8.026045088581949E-4 -0.0020286979565071256 0.0010663418319488104 
0.9999328452423241 -6.39997050766354E-4 -0.001634159417765369 -3.904580177651558E-4 6.524193884743264E-4 6.16937716168807E-4 7.88172188909338E-4 6.61344483532707E-4 8.73993583144298E-4 0.0010503579356912706 
0.9999328452423241 -6.39997050766354E-4 -0.001634159417765369 -3.904580177651558E-4 6.524193884743264E-4 6.16937716168807E-4 7.88172188909338E-4 6.61344483532707E-4 8.73993583144298E-4 0.0010503579356912706 
0.0 -6.549874099094148E-4 -0.0016205284239391195 -4.996354399703525E-4 5.892350583016322E-4 6.781527346877197E-4 5.923173899554757E-4 8.026045088581949E-4 -0.0020286979565071256 0.0010663418319488104 
0.24538131068237212 -6.615263370082422E-4 -0.0016394749247098156 -3.4047296209131967E-4 5.987637602215034E-4 -1.7491796425722964E-5 7.268842093106471E-4 -1.3136384187872402E-4 7.24822384618183E-4 0.0010357155481650546 
0.22435592709025398 -7.189731674758153E-4 -0.001641123721776257 -3.4156921259598716E-4 6.52441626344417E-4 -1.80146871002418E-4 7.708394496698625E-4 -1.0850855445149182E-4 9.605258422471649E-4 0.0011464973996753796 
0.3578880411949862 -5.798480667155854E-4 -0.001638699408658677 -4.76238434247768E-4 0.001005831150530864 -1.8335871959751472E-4 0.0010554708643660442 -3.7137858091756547E-4 8.635474506907424E-4 -0.0030115088820557006 
0.3390016040058119 -6.849917535364144E-4 -0.001631364670982523 -4.052451210287032E-4 5.834494267900443E-4 -7.859402584451433E-6 5.416458252000403E-4 -2.5518306562727583E-4 -0.0020484009030953447 -0.0024878608311314954 
0.07896751924510273 -0.001540390455075265 -0.0016291939421579935 -1.4456917544785155E-4 5.899092136565081E-4 -9.796813314090136E-5 7.858598019082071E-4 -4.332924023627122E-4 0.0010105435837141985 0.0011923896976038005 
0.5612525136401616 -6.546480929226242E-4 -0.0016396876188072883 -1.567349487325146E-4 8.843724361789326E-4 -6.745182868977612E-5 7.574030514640985E-4 7.041124280220247E-4 -0.0016008120169397056 -0.0024982945343735943 
0.007384102920093019 -0.0016616850705222946 -0.0016397162274048415 -3.9309078091356696E-4 6.060031310609786E-4 -4.2802692567283424E-5 7.739611577839935E-4 -3.741069681163524E-4 8.197795410438658E-4 -0.0025164850746291836 
0.05044553874294336 -4.953850347135518E-4 -0.0016301072077755567 -7.765670562138034E-4 8.695426234970477E-4 -6.913745784160804E-5 8.26543178140588E-4 -2.2490745583538644E-4 9.541522156073189E-4 -0.0026423512102369323 
0.975746251268228 -0.001540390455075265 -0.0016295419431621193 -3.9298990259679386E-4 5.851336380385202E-4 -9.796813314090136E-5 7.877751182615352E-4 6.593173179843144E-4 8.367067854089904E-4 0.0011462340623435718 
0.0393427593152294 -0.0016495941154200913 -0.001653631977191453 -4.550263533957998E-4 6.648355543969411E-4 6.082473930724422E-4 0.00241347749046887 7.133977366385886E-4 7.243036803737518E-4 0.0013470275190716127 
0.3215283873099121 -7.041636597856883E-4 -0.0016300539122084026 -5.175829490659423E-4 7.080629756966608E-4 -9.016400218093807E-5 7.986083733655192E-4 -2.545705870071187E-4 6.461652617969192E-4 -0.002645118757698062 
0.640632478622386 -6.227300975932433E-4 -0.0016306874567286308 -4.834335286250048E-4 5.881114382787993E-4 -9.08556377881205E-5 7.933776462269571E-4 7.042059035803572E-4 8.703250915169017E-4 -0.002528653023415691 
0.6874281941321733 -6.842702397182404E-4 -0.0016333290157183851 -2.513537380892277E-4 6.522030869313332E-4 -8.771838615232694E-5 7.735028855915811E-4 -2.2375833343767524E-4 9.071957194809405E-4 0.0010341672836445513 
0.48798525823750166 -7.274910640149725E-4 -0.001670611873169868 -3.7881455802124883E-4 6.521949800368395E-4 -8.19787077526627E-5 5.829932430620148E-4 -1.9864431771549366E-4 7.317978094600041E-4 0.001148399507499846 
0.7687254987618751 -6.862955286709791E-4 -0.0016340444159637989 -3.49658371108979E-4 3.547464120990366E-4 6.299922334793332E-4 7.737701332101865E-4 6.61344483532707E-4 0.0011584413370207096 0.001054766962547182 
0.002001838704995512 -6.143987780976522E-4 -0.0016311250455523444 -3.980772833818565E-4 5.779525933041168E-4 -6.3483664095512335E-6 8.321686665814844E-4 -2.551696922724262E-4 8.3486629195752E-4 -0.002501131573228146 
0.393704373484538 -6.845657265836524E-4 -0.0016215842178212859 -3.974198546307668E-4 6.544951390685908E-4 -7.777745249138655E-5 7.882807216178996E-4 -4.0405433703523624E-4 -0.002028801422522926 0.0010365145989661368 
0.9264163218684471 -6.38922193777845E-4 -0.001653844330910736 -4.0072785791710316E-4 5.882636823945461E-4 -6.232835893351464E-5 7.706118757185305E-4 -2.0877840189329947E-4 8.323999785891383E-4 -0.0025073628299401513 
5.472013733213432E-4 -6.575327833735542E-4 -0.0016370746236560904 0.0017402970516873914 8.62866560364283E-4 -1.0856798648878471E-4 5.843184480257649E-4 6.420185301440017E-4 -0.0020443004024723634 -0.0026263995452053515 
0.9461441183553829 -5.768176370826114E-4 -0.0016301978423243792 -4.058236307420116E-4 6.477981568727649E-4 -2.252641519347521E-4 0.0010624601576170178 -2.2490745583538644E-4 9.604410120501998E-4 -0.0030107633576535045 
0.4721039236780521 -0.0016581975671096983 -0.001016620818637488 -3.536607629923111E-4 8.641723210855329E-4 -1.0789406465533648E-4 7.495794538674009E-4 5.865920580947152E-4 -0.0019593216246245157 -0.002512162742569767 
0.1662738837845889 -6.846184321839078E-4 -0.00162011031577883 -4.989928213435641E-4 5.890976965189815E-4 -1.8303244798817855E-4 7.320483238987604E-4 -1.0042707228969256E-4 8.603677882706447E-4 0.0011227490149462345 
0.873312071402836 -6.873821834274565E-4 -0.0016215842178212859 -3.719506764791988E-4 6.544951390685908E-4 -7.776985383986442E-5 6.558754155527582E-4 7.11179859808276E-4 6.625317697819366E-4 0.0010365145989661368 
0.43356536605999213 -4.6813809834704773E-4 -0.0016397111123129546 -1.6716288677130937E-4 5.980583709212285E-4 -6.75769860095788E-5 7.571092229250589E-4 5.490614533291303E-4 -0.0014396441319935388 -0.0028482614871243707 
0.14818133046997048 -5.877600348217864E-4 -0.0016385516845339053 -5.175829490659423E-4 7.080629756966608E-4 -1.8199858673170906E-4 8.001906737796691E-4 -2.3662130606794522E-4 8.57453606957396E-4 -0.0025275598591979324 
0.13434635177609427 -6.845215126707673E-4 -0.0016207070297791838 -3.3722480806029425E-4 5.987589758175541E-4 5.537610220593308E-4 7.481419971863978E-4 -1.4110497860766482E-4 8.506231549064468E-4 0.0010051557428499272 
0.7347927396783384 -6.182182730826712E-4 -0.0016539537668333413 -5.362667846175157E-4 6.563218111563618E-4 6.082473930724422E-4 7.933815921707353E-4 7.041128767686301E-4 -7.682559725911589E-4 -0.0024981542682889295 
0.2113635862383702 -4.562665803882447E-4 -0.0016596726679493857 -5.404403312380573E-4 5.979317379240681E-4 -3.6351348271186804E-5 7.576801146907006E-4 -1.8071828072952498E-4 -0.0018987375051490861 -0.002507097738477031 
0.5111559000150299 -4.65468958745504E-4 -0.0016451799516152108 -5.161091621004891E-4 5.849629875980333E-4 -1.841980237945096E-4 0.0021998239086464424 -3.992258792734429E-4 8.552274169628519E-4 -0.002531419147715603 
0.7036855157070971 -6.177884456673353E-4 -0.0016403766300453096 -4.0008157077007687E-4 5.973931506740922E-4 -9.231933175965743E-5 7.933812004773506E-4 -2.09622385380184E-4 9.364306872229901E-4 -0.0025074279253183905 
0.5239850919743453 -6.87713252872049E-4 -0.0016547680998792232 -5.372638057357905E-4 9.003200008788455E-4 6.110990151414887E-4 8.294884669275618E-4 -2.106689691331851E-4 7.253054436229461E-4 0.0010882548402373154 
0.12793740205194348 -5.773398133294279E-4 -0.001633507277548536 0.0017136164867201376 0.001005831150530864 -1.8587965293468653E-4 5.88441918144779E-4 -4.1224932195910163E-4 8.602074629812302E-4 -0.0030115088820557006 
0.027071095370050154 -6.54783422897671E-4 -0.0016209376593943068 -3.481722148177678E-4 5.901818365915134E-4 -6.74329075864336E-5 8.219937337314837E-4 7.989740416420707E-4 -0.002029243352641933 0.001216791200475325 
0.0662041359478804 -6.111745292898266E-4 -0.001641072410281126 -3.748288372299407E-4 6.521949800368395E-4 -8.19787077526627E-5 5.829932430620148E-4 6.35290447661782E-4 9.490274710731014E-4 0.0011497337643649398 
0.7134151699824883 -6.546480929226242E-4 -0.0016396876188072883 -1.567349487325146E-4 8.843724361789326E-4 -6.745182868977612E-5 7.574030514640985E-4 7.041124280220247E-4 -0.0016008120169397056 -0.0024982945343735943 
0.6012400727243714 -0.0016936668940180856 -0.0016543523835955275 -5.27749714904514E-4 6.538424952118456E-4 6.515931162131921E-4 8.310357439088896E-4 7.062653957979611E-4 -0.0016838748282144963 -0.0024985870095671847 
0.661775727451603 -6.575327833735542E-4 -0.0016370746236560904 0.0017402970516873914 8.62866560364283E-4 -1.0856798648878471E-4 5.956250515246475E-4 6.420185301440017E-4 -0.0020443004024723634 -0.0026311348835437384 
0.10146916974378412 -6.847469362194683E-4 -0.0016300673188243643 -3.904580177651558E-4 5.883063507037066E-4 6.185680099201761E-4 7.881838801913418E-4 -3.965300615520936E-4 8.642144993032992E-4 -0.002519578201624029 
0.3751143340870978 -5.798480667155854E-4 -0.0016332844766810087 -4.76238434247768E-4 0.001005831150530864 -1.8335871959751472E-4 0.0010554708643660442 -3.9806883648941496E-4 8.622999330446726E-4 -0.0030115088820557006 
0.44741222795658586 -4.6813809834704773E-4 -0.0016399793440239122 -1.6763559969508262E-4 5.987646989477971E-4 -1.350946845206018E-4 7.273940936326182E-4 5.594207942438399E-4 9.231305007790251E-4 -0.0025080727991542004 
0.02418060819241255 -6.143987759387403E-4 -0.0016310827171923553 -3.980772833818565E-4 8.456367284245872E-4 -1.841354664899918E-5 8.321686665814844E-4 -2.551696922724262E-4 8.3486629195752E-4 -0.002501131573228146 
0.7264499812638046 -6.391018465709095E-4 -0.0016538447878733722 -4.82380577184472E-4 5.882636823945461E-4 -6.232835893351464E-5 7.929754360938838E-4 -4.2267394369799793E-4 8.665101528619216E-4 -0.0025073339818908755 
0.01412871718612458 -0.0016936668940180856 -0.0016543523835955275 -5.27749714904514E-4 6.529666538969525E-4 6.334588392461497E-4 8.310357439088896E-4 7.133977366385886E-4 -0.0016838748282144963 -0.0025029823457098192 
0.8606993155865101 -6.387548603277131E-4 -0.001630117504842035 -3.972902804974461E-4 5.882636823945461E-4 -1.6862371638217544E-4 7.932553619210487E-4 -4.2267394369799793E-4 8.665101528619216E-4 -0.0025072865974217788 
0.7924925529547513 -6.387548603277131E-4 -0.0016319289058781543 -4.8122809075009423E-4 5.882636823945461E-4 -1.677566216716123E-4 7.932553619210487E-4 -4.2267394369799793E-4 8.665101528619216E-4 -0.0025073339818908755 
0.3751143340870978 -5.798480667155854E-4 -0.0016332844766810087 -4.76238434247768E-4 0.001005831150530864 -1.8335871959751472E-4 0.0010554708643660442 -3.9806883648941496E-4 8.622999330446726E-4 -0.0030115088820557006 
0.8874503659561014 -6.855153967186013E-4 -0.0016215842178212859 -1.5950147773291208E-4 6.544951390685908E-4 -6.71686659551996E-5 7.564749714317371E-4 7.133977366385886E-4 9.271541573624207E-4 0.0010365145989661368 
0.10149581024696719 -0.001692552742460384 -0.00164026895757828 -5.300867632762193E-4 6.544891169080537E-4 -6.994777512739266E-5 7.881447798630591E-4 -3.7867691888409516E-4 9.291707346363687E-4 0.0011961447963457442 
0.8063892084444634 -6.108113065394255E-4 -0.0016394443463391885 -3.974063564385209E-4 5.794154228049391E-4 -1.6913195463219306E-4 7.715565537262946E-4 -2.0710361064631892E-4 -0.0018941099652651336 -0.00250798640494378 
0.5349314976939873 -6.387548603277131E-4 -0.0016537093486030494 -5.162147959593625E-4 5.875942466086267E-4 -9.305206096868575E-5 7.932553619210487E-4 -1.9856545203745656E-4 6.432982806238174E-4 -0.002647588911577907 
0.1957037504081448 -4.953850347135518E-4 -0.0016301072077755567 -7.765670562138034E-4 8.695426234970477E-4 -6.913745784160804E-5 0.002146131445985953 -2.2490745583538644E-4 9.605628194944657E-4 -0.0026423512102369323 
0.21446039546162798 -7.104179816090083E-4 -0.0016194443374898484 -3.9564348030770484E-4 8.288352828413283E-4 -9.263011164811985E-5 8.045762740466046E-4 -4.230235049077549E-4 -0.0018995087727909762 -0.0025118616824660015 
0.5747092531417133 -5.764835259488624E-4 -0.001632675178531238 -0.0021651771101505544 8.887188312392798E-4 -5.348057222304542E-6 5.961829608441024E-4 -3.2997162704482197E-4 -0.0013803712242457735 -0.002620979610209006 
0.27280210487164247 -6.546480929226242E-4 -0.0016396876188072883 -5.630541566236701E-4 8.812442357370525E-4 -6.698136177958936E-5 7.52358074417244E-4 7.043821986946593E-4 -0.0016008120169397056 -0.002498803910873399 
0.018375402176181888 -7.211196973291906E-4 -0.0016221287884619988 -4.8265345769223935E-4 5.879928721914295E-4 -9.08556377881205E-5 7.948056350254123E-4 8.054897986566854E-4 8.703250915169017E-4 0.0010771348474329257 
0.05903518955088236 -7.033956894690589E-4 -0.0016300539122084026 -5.175829490659423E-4 7.080629756966608E-4 -9.016400218093807E-5 7.986083733655192E-4 -2.545705870071187E-4 6.461652617969192E-4 -0.0025275598591979324 
0.29434910419353877 -6.372520441584631E-4 -0.001645674506342529 -4.744603851268024E-4 5.94892111616186E-4 -1.804059840116498E-4 7.367403657742567E-4 -3.511844075547207E-4 8.630509752007858E-4 -0.003010627550942409 
0.12109729341418013 -6.842516327738648E-4 -0.0016335342774268942 -3.412998084391501E-4 5.945244400986853E-4 -1.8303244798817855E-4 7.367338678408317E-4 -1.0503240899694478E-4 8.603677882706447E-4 -0.003010627550942409 
0.6106347954337753 -6.542938137454621E-4 -0.0016386710325962193 -1.6447267184532908E-4 5.86314870216957E-4 -4.728183011532456E-5 6.740249167607399E-4 6.603230104276111E-4 -0.002010231622189269 -0.0025072463669517653 
0.9629276002983648 -6.549874099094148E-4 -0.0016205284239391195 -3.2565304392559685E-4 6.53702869002867E-4 -7.722890901420076E-5 5.477340845668602E-4 -3.0670016842581195E-4 -0.0020286994144031304 0.0010073679362772477 
0.1832825698592255 -4.906429173007868E-4 -0.0016385369556389845 -5.22273251332749E-4 8.582939686106483E-4 -9.109094902979222E-5 6.503970102990472E-4 -2.444916624741033E-4 6.875380609168608E-4 -0.002498624696595991 
0.6195190073592849 -4.720665025618507E-4 -0.0016397017960292379 -1.6447267184532908E-4 5.86314870216957E-4 -4.728183011532456E-5 6.740249167607399E-4 6.603230104276111E-4 -0.0014209702081645276 -0.0025072463669517653 
0.8063892084444634 -6.108113065394255E-4 -0.0016394443463391885 -3.974063564385209E-4 5.794154228049391E-4 -1.6913195463219306E-4 7.715565537262946E-4 -2.0710361064631892E-4 -0.0018941099652651336 -0.00250798640494378 
0.788633138339642 -0.0023183662502188366 -0.0016325656731210395 -4.0414704036645534E-4 8.920346657885111E-4 -8.763042325528363E-5 0.002161346704375625 5.981886962527762E-4 -0.002060441383007098 -0.0029821098116409243 
0.7520973678924274 -6.856968919317384E-4 -0.0016340475287180676 -3.897082494474843E-4 6.524193884743264E-4 6.169369095782644E-4 7.737701332101865E-4 6.61344483532707E-4 8.743425112008645E-4 0.0010886623876652259 
0.8317557250420118 -6.391537323452413E-4 -0.001640578861799592 -4.82380577184472E-4 5.882636823945461E-4 -6.312143147231038E-5 7.929754360938838E-4 -4.2267394369799793E-4 7.751944098101991E-4 -0.002507339904494362 
0.14448900544999677 -6.387548603277131E-4 -0.001630117504842035 -3.972902804974461E-4 5.886079829486117E-4 -1.6890015967106452E-4 7.487966983397979E-4 -1.480343889533491E-4 8.665101528619216E-4 -0.0025072865974217788 
0.29434910419353877 -6.372520441584631E-4 -0.001645674506342529 -4.744603851268024E-4 5.94892111616186E-4 -1.804059840116498E-4 7.367403657742567E-4 -3.511844075547207E-4 8.630509752007858E-4 -0.003010627550942409 
0.017877186443768178 -6.542809588611101E-4 -0.001633256100618551 -1.6447267184532908E-4 8.856346602797879E-4 -6.665167324107377E-5 6.711287030476303E-4 6.265846102267025E-4 -0.002010231622189269 -0.0025030053352393146 
0.9087626383355568 -6.855153967186013E-4 -0.0016215842178212859 -5.274755564950486E-4 6.544951281950498E-4 6.234254040453282E-4 7.564749714317371E-4 7.140872889412911E-4 9.271541573624207E-4 0.0010345757132689528 
0.03342227766417627 -6.658183057746316E-4 -0.0016327708037655235 -3.984083793312661E-4 5.779525933041168E-4 -1.0026984400885033E-4 8.321686665814844E-4 -2.551696922724262E-4 8.3486629195752E-4 -0.002501131573228146 
0.05685844484147118 -0.0016936668940180856 -0.0016348577431433678 -5.300867632762193E-4 6.544891169080537E-4 6.326253463790331E-4 7.881447798630591E-4 7.141058963373266E-4 9.279256478747888E-4 0.0011961447963457442 
0.07011357108767385 -6.111745292898266E-4 -0.0016410225123179767 -3.748288372299407E-4 6.450123411237212E-4 -8.19787077526627E-5 5.804902317386423E-4 -3.961180058434487E-4 9.490274710731014E-4 0.0011038976689158422 
0.1832825698592255 -4.906429173007868E-4 -0.0016385369556389845 -5.22273251332749E-4 8.582939686106483E-4 -9.109094902979222E-5 6.503970102990472E-4 -2.444916624741033E-4 6.875380609168608E-4 -0.002498624696595991 
0.5349314976939873 -6.387548603277131E-4 -0.0016537093486030494 -5.162147959593625E-4 5.875942466086267E-4 -9.305206096868575E-5 7.932553619210487E-4 -1.9856545203745656E-4 6.432982806238174E-4 -0.002647588911577907 
0.9578188968332872 -5.774802358255961E-4 -0.001634025971421956 -0.0021569969554216567 6.061750887948903E-4 6.210125887795362E-4 7.858568523360261E-4 6.54573942748317E-4 -0.0022347688454818814 9.186445456461473E-4 
0.5796266220505695 -6.617256776462758E-4 -0.001632675178531238 -3.971421597017569E-4 8.707345774701257E-4 -1.9054273036818914E-5 5.926908950839499E-4 -3.0386083933803157E-4 -0.0013505431165390343 -0.002620979610209006 
0.8441697411459673 -6.387548603277131E-4 -0.001630117504842035 -3.972902804974461E-4 5.882636823945461E-4 -1.6862371638217544E-4 7.932553619210487E-4 -4.2267394369799793E-4 8.665101528619216E-4 -0.0025072865974217788 
0.310390795497469 -6.643316140582244E-4 -0.0016338986874892712 -3.4827708393712084E-4 3.537080353011017E-4 -8.702278359771294E-5 5.885384270362835E-4 5.697783818801507E-4 0.001141099182144575 -0.0026445917134361903 
0.7520973678924274 -6.856968919317384E-4 -0.0016340475287180676 -3.897082494474843E-4 6.524193884743264E-4 6.169369095782644E-4 7.737701332101865E-4 6.61344483532707E-4 8.743425112008645E-4 0.0010886623876652259 
0.1957037504081448 -4.953850347135518E-4 -0.0016301072077755567 -7.765670562138034E-4 8.695426234970477E-4 -6.913745784160804E-5 0.002146131445985953 -2.2490745583538644E-4 9.605628194944657E-4 -0.0026423512102369323 
0.310390795497469 -6.643316140582244E-4 -0.0016338986874892712 -3.4827708393712084E-4 3.537080353011017E-4 -8.702278359771294E-5 5.885384270362835E-4 5.697783818801507E-4 0.001141099182144575 -0.0026445917134361903 
0.5136927629812311 -4.65468958745504E-4 -0.0016451799516152108 -5.161091621004891E-4 5.849629875980333E-4 -1.8724684211145795E-4 0.0021998239086464424 -4.2359653053380107E-4 8.552274169628519E-4 -0.0025309638975503754 
0.2638194156131687 -5.692039873237047E-4 -0.0016302800320512024 -3.603230104044793E-4 6.363500324570991E-4 -1.089437760328425E-4 8.11139116871581E-4 -2.9466083479170183E-4 0.0011002135352637203 -0.0025072371882632885 
0.8527056617063616 -6.856935214513124E-4 -0.0016540901411181987 -5.368149123902535E-4 8.941542384350509E-4 6.16937716168807E-4 7.882786890549108E-4 7.133977366385886E-4 -0.0019166862906025025 0.0010882548402373154 
0.9149841411556947 -6.617256776462758E-4 -0.0016324210896439032 -3.9711724769403027E-4 8.736528152685858E-4 -1.9054273036818914E-5 7.70193180349283E-4 -2.1071918445789988E-4 -0.0013505431165390343 -0.002620979610209006 
0.0038650080538228104 -0.0023916937406057975 -0.001636651897445403 -2.2376750678994084E-4 6.578006238499687E-4 -7.070893512141688E-6 7.719955597817905E-4 6.563237396114823E-4 9.585995990327427E-4 0.0010387120138197247 
0.10146916974378412 -6.847469362194683E-4 -0.0016300673188243643 -3.904580177651558E-4 5.883063507037066E-4 6.185680099201761E-4 7.881838801913418E-4 -3.965300615520936E-4 8.642144993032992E-4 -0.002519578201624029 
0.16441387779295852 -7.029661401579271E-4 -0.0016301072077755567 -4.162956714590159E-4 6.477981568727649E-4 -1.8224736560979777E-4 0.0010624601576170178 -2.2490745583538644E-4 9.604410120501998E-4 -0.0030107633576535045 
0.4022197169726149 -6.575327833735542E-4 -0.0016368787542498135 0.001704818341530581 8.731203981832877E-4 -9.93429588849997E-5 5.843184480257649E-4 6.420185301440017E-4 -0.0020443004024723634 -0.0026263995452053515 
0.2638194156131687 -5.692039873237047E-4 -0.0016302800320512024 -3.603230104044793E-4 6.363500324570991E-4 -1.089437760328425E-4 8.11139116871581E-4 -2.9466083479170183E-4 0.0011002135352637203 -0.0025072371882632885 
0.07616213941119754 -6.856494159384733E-4 -0.0016539537668333413 -5.362667846175157E-4 6.544951390685908E-4 6.082473930724422E-4 7.868560283647081E-4 7.133977366385886E-4 9.268597293317746E-4 0.0011961447963457442 
0.4240308279004279 -6.843348949968302E-4 -0.0016335235156275515 0.001704818341530581 5.877389035678725E-4 -9.93429588849997E-5 5.843184480257649E-4 5.7871979151738E-4 9.086022876681396E-4 -0.0026263995452053515 
0.4214773444814081 -6.573023374259234E-4 -0.0016368787542498135 0.001704818341530581 5.877389035678725E-4 -9.93429588849997E-5 5.843184480257649E-4 6.496279385077177E-4 -0.0020443004024723634 -0.0026263995452053515 
0.11502509608181927 -5.773398133294279E-4 -0.0016332844766810087 -4.7695978681276837E-4 0.001005831150530864 -1.8587965293468653E-4 7.27654844831617E-4 -4.1224932195910163E-4 8.602074629812302E-4 -0.0030115088820557006 
0.45290783651743305 -4.6813809834704773E-4 -0.0016399793440239122 -1.6763559969508262E-4 8.720119173095193E-4 -1.350946845206018E-4 7.36538292853095E-4 5.594207942438399E-4 9.231305007790251E-4 -0.0025210449461526155 
