0.9999877987297876 -6.599434657688406E-4 0.001345950652487628 -8.96470752627748E-4 -0.0023445201235709895 -2.4241785955628602E-4 0.0011381960664255204 4.339686481640766E-4 7.290295074089984E-4 -7.567690467422942E-4 
0.0 -6.217892915043967E-4 0.001446376599717563 -9.188357005422472E-4 -0.002365879165036233 -1.3550517364320424E-4 0.0011388153987715425 4.334240763219878E-4 7.299535412658399E-4 -7.503707167184736E-4 
0.025629959596594108 -6.205328933051821E-4 0.0014333857878904483 -0.0021665700820370395 -0.002365879165036233 -2.4102418692383237E-4 0.001149898480963397 4.569613021817942E-4 7.536596779792095E-4 -7.478331689873229E-4 
0.3588950379902466 -6.340508467892219E-4 0.0013643640044538174 -9.153604304251931E-4 -0.002368358034799274 -2.2245234680449535E-4 0.0011078222323165922 4.372521869362953E-4 7.504718736648067E-4 -7.476682453089799E-4 
0.8400893176618169 -6.220636280056712E-4 0.0013289411097167619 -9.220974648625153E-4 -0.0023463887855566215 -1.010772947544651E-4 0.0011501444924654854 4.75113510993552E-4 7.31718312420248E-4 -7.505084886241945E-4 
0.5243200052015724 -6.053017789857847E-4 0.0013419168051695984 -8.779920194976622E-4 -1.0019436540922486E-4 -2.148605329709671E-4 0.0017357024754253454 4.4311227158101105E-4 7.495309364465285E-4 -7.99142008564948E-4 
0.49752629704491147 -6.203434332901537E-4 0.0016609952298554536 -8.666683875774224E-4 -0.0023442093940857687 2.324667499048229E-5 0.001154284097688031 4.676021135580461E-4 7.492809494847644E-4 -7.554907885759024E-4 
0.061450513841266124 -6.604230922530042E-4 0.0014197151888054186 -8.190645019569698E-4 -0.002359484286336246 -2.3919157086288028E-4 0.0016990693164156312 4.5810250585750676E-4 7.419647354301845E-4 -8.010925262739241E-4 
0.6539780889168882 -6.531684307898833E-4 0.0017973609672974932 -8.918141117689302E-4 -0.0023261530216174596 -2.0889577088381879E-4 0.0011862930259791407 4.6599885701546296E-4 6.933100026901817E-4 -7.615034533536528E-4 
0.6304542969212534 -6.235141342609975E-4 0.0013689048768985661 0.0023587062972189763 -0.0023658186444808836 -2.3126967183004384E-4 0.0010802854852278768 4.5719376006700635E-4 7.426135755080408E-4 -8.009055656883806E-4 
0.9335557983431406 -6.513925353407252E-4 0.0014228318639520165 -8.964536100670633E-4 -0.0023660010015142544 -2.208377455155803E-4 0.0010716160167040926 4.726512698698077E-4 7.315956908254792E-4 -7.623659887432086E-4 
0.3757963754726922 -6.215488700975589E-4 0.0015789460035021124 -8.90506884632079E-4 -0.0023658389654443728 -2.0670018265771977E-4 0.0011179284903908165 4.825754915950809E-4 7.31513096939997E-4 -7.99881992160243E-4 
0.2032556356531835 -6.580873939509939E-4 0.0014730449390901647 -0.0010399556105665413 -0.0023505261766426574 -1.8983858162556274E-4 0.0010771824424450022 4.5764827260271536E-4 6.929336729595702E-4 -7.501851425482265E-4 
0.07612735627311414 -6.235141342609975E-4 0.0013352880114853854 -9.698042222277153E-4 -0.0023657750578427407 -2.3268332326778276E-4 0.0010802854852278768 4.591045713192103E-4 7.42861455474475E-4 -8.009055656883806E-4 
0.0330321188170369 -6.544937556649757E-4 0.0014187873243618123 -6.792733548980439E-4 -0.002359137982879786 2.2951082825573935E-4 0.0011348868464434768 4.7231228682339616E-4 7.536596779792095E-4 -7.606967380764982E-4 
0.18927443394710367 -6.061223427181459E-4 0.0013414892962422909 -9.759447427427604E-4 -0.0023431385690530866 -1.9525108676683614E-4 0.0017700359318460045 4.4280183649605823E-4 7.502553128986563E-4 -7.998309117531542E-4 
0.41125863827344517 -6.21143486833386E-4 0.001344949160746573 -0.0010321261547932064 -1.831975607150657E-4 -1.928147568771123E-4 0.0016463297826059976 4.4280148178462233E-4 6.955841002597285E-4 -7.985869146925127E-4 
0.7744399665286066 -6.233860935980898E-4 0.0017427264366377013 -0.0018685810878877422 -0.0023435741684283704 1.4561339846161085E-5 0.0011447396936351915 4.337666591932708E-4 7.462033431145039E-4 -7.506711716305087E-4 
0.2287050462433771 -6.217865686401785E-4 0.001575098291811325 -6.746093864896734E-4 -0.002365935451043688 2.4886784849871167E-4 0.0011356071160725262 5.031778739442528E-4 6.909723945302707E-4 -7.504883740495282E-4 
0.012341007484421117 -6.218139583691481E-4 0.0013599486785161698 -9.181426279271731E-4 -0.00236857194961281 -1.3928129678297135E-4 0.0010862974468123705 4.388984315257282E-4 6.911215289278259E-4 -7.546289257021876E-4 
0.5051882070799353 -6.196326110272033E-4 0.0013428432593021412 -9.181693459136658E-4 -0.002369408518690056 -2.2238289366361216E-4 0.001160647821887372 4.721277331466066E-4 7.292696185180389E-4 -7.509985719362167E-4 
0.8761942308564923 -6.331701898410158E-4 0.0014186509759825984 -6.478596449644301E-4 -0.002368265527616177 -2.4407090247287083E-4 0.0011072538845941303 7.105857417100221E-4 7.476304710411517E-4 -8.009112086861243E-4 
0.9049935867683265 -6.573907139703648E-4 0.0017002274246075526 -0.0021169724945259553 -1.5524714980106745E-4 -1.9422893729313754E-4 0.0011379864088389984 7.286453488299022E-4 7.451713773675753E-4 -7.998939925174008E-4 
0.2600447104918304 -6.604720019255225E-4 0.0014197295432046377 -0.0018364849846428933 -0.002356387360582348 3.0232579243910505E-5 0.0010706347044654823 4.721372975182356E-4 7.307137306391849E-4 -7.564587568828133E-4 
0.9029559825331089 -6.578450763662328E-4 0.0016925427242029574 -9.181517397874625E-4 -0.0023687247294382026 -2.4412741260335815E-4 0.0011380932190469943 4.4145133892559054E-4 7.477817394573428E-4 -7.556781336140951E-4 
0.6931223821810052 -5.738304216085924E-4 0.001665063295833496 -6.750743387156713E-4 -0.0023509243281686853 2.180542366621783E-5 0.0010761615623167073 5.014914798676084E-4 6.909807706850361E-4 -7.498215218732991E-4 
0.3324716694198682 -6.534483984250313E-4 0.0014728908809961067 -9.152340876626773E-4 -0.002359177998035205 -2.3855875678215966E-4 0.0011719628436578158 4.734063433471725E-4 6.926278355860605E-4 -7.495416085373968E-4 
0.08714427099046282 -6.234151956059696E-4 0.0015746645879071888 -0.002128214907217301 -2.2993058003486946E-4 -1.9087545480150732E-4 0.0011243304417145555 7.286453488299022E-4 7.451713773675753E-4 -7.998939925174008E-4 
0.017116896582168993 -6.209922704370917E-4 0.0014342180100282418 -8.399538192525274E-4 -0.0023656296383274566 -2.232006206610802E-4 0.001151944056236145 4.736764123849179E-4 7.536608576117547E-4 -7.473947010924139E-4 
0.6837607822822134 -6.529190143161586E-4 0.0014183833586110426 -0.0021665700820370395 -0.002365879165036233 -2.3813444157536992E-4 0.0011498839782759394 4.569613021817942E-4 7.536596779792095E-4 -7.478331689873229E-4 
8.85394675480225E-4 -6.217892915043967E-4 0.0015764440370318253 -9.244695899318343E-4 -0.0023684159665694625 -2.4162926195147856E-4 0.001148993105584714 4.583364084053989E-4 6.914782576795127E-4 -7.505189756468338E-4 
0.006997348647564183 -6.224490942497708E-4 0.001578159886087584 -9.186171369709028E-4 -0.0023445201235709895 -2.2224418925666426E-4 0.0011501161956683735 4.3204434383317225E-4 7.257764298043541E-4 -7.503876351789945E-4 
0.425533684817735 -5.738304216085924E-4 0.001665063295833496 -6.876048250768018E-4 -0.0023509243281686853 -1.9357782808251725E-4 0.0010761615623167073 4.447809847631084E-4 6.909807706850361E-4 -7.498215218732991E-4 
0.9593246716153183 -6.499830948643721E-4 0.0014516780294941542 -9.232892134162095E-4 -0.0023278940343322355 -2.3193350705699793E-4 0.0010716160167040926 4.725130662017055E-4 7.288230540370301E-4 -7.623659887432086E-4 
0.6106804303757304 -6.220636280056712E-4 0.0013289411097167619 -9.220974648625153E-4 -0.0023509243281686853 -9.780825185489314E-5 0.0011544041765566494 4.75113510993552E-4 7.31718312420248E-4 -7.505084886241945E-4 
0.7118313516531611 -6.218309520541285E-4 0.0015769135689290758 -0.0021288097193782355 -0.0023312412797225407 -8.194187974158075E-5 0.0016285305387033168 4.3893668964381646E-4 7.440794808913158E-4 -7.55249500503882E-4 
0.1784075668702776 -6.584243508765547E-4 0.0013208704714770649 -6.63769417555404E-4 -0.0023431385690530866 2.790335800884965E-4 0.0017244314995510874 5.013726081742186E-4 7.502126534978686E-4 -7.964165533118766E-4 
0.396660424240843 -5.738304216085924E-4 0.001665063295833496 -6.876048250768018E-4 -0.0023509243281686853 -1.9357782808251725E-4 0.0010761615623167073 4.447809847631084E-4 6.909807706850361E-4 -7.498215218732991E-4 
0.03900830373867227 -6.206715047491483E-4 0.0014187873243618123 -6.792733548980439E-4 -0.002359137982879786 2.2951082825573935E-4 0.0011348868464434768 4.284805631918922E-4 7.536596779792095E-4 -7.601342807787385E-4 
0.12409027026099817 -6.202502933664259E-4 0.0013592877325261145 -9.412781243027149E-4 -0.0023694525969138237 -1.0048641043588222E-4 0.001160467593830813 4.3283645911026004E-4 7.474286664449087E-4 -8.009563107105231E-4 
0.39046771498702915 -6.594123786027217E-4 0.001343915267910813 -0.001830528145665938 -0.0023563847533847474 -2.1333641320377743E-4 0.0011554754503809845 4.3797239241366223E-4 7.505548804475243E-4 -7.56046949757013E-4 
0.2922998050300167 -6.538710855517144E-4 0.0013199111609467865 -6.676562543500705E-4 -0.002355903185360602 2.3421079509648517E-4 0.0011935987029903841 4.6011246990733677E-4 7.315750762908164E-4 -7.55144755912577E-4 
0.0454065271334598 -6.606965312769468E-4 0.0016945310828266416 -0.0020986392753507407 -0.002370255586260757 -2.624529039707418E-4 0.0010735349193170113 4.7213240741598344E-4 7.301174024487056E-4 -7.506802432583354E-4 
0.7194486366816144 -6.217892915043967E-4 0.0015764440370318253 -9.182060395455613E-4 -0.002365879165036233 -2.4162926195147856E-4 0.0011524444707598884 4.5804927457406984E-4 6.923228398478134E-4 -7.504819068192263E-4 
0.00343424155171837 -6.30654577686976E-4 0.001688049722276463 -9.811855240985752E-4 -0.002326511802552423 -2.496118309940146E-4 0.0016030493872819334 4.5001660408387073E-4 7.440858699518187E-4 -7.513450642827216E-4 
0.0490904030250639 -6.20385643358792E-4 0.0015717594819846178 -8.387123176613752E-4 -2.5861077051457515E-4 -1.8776925060529448E-4 0.001132283797902497 4.3893668964381646E-4 7.440794808913158E-4 -7.998939925174008E-4 
0.11168689576561569 -6.204272724572671E-4 0.0013347873209499754 -8.572574271333584E-4 -0.002368324335943151 -2.4162614950045606E-4 0.0011623994433360655 4.443155008633424E-4 7.474758409035046E-4 -7.511169763756502E-4 
0.5912031970697821 -6.19170202428792E-4 0.0014223436938957327 -6.398009558445705E-4 -0.0023519900322441765 -5.255498061792278E-6 0.0013104026130991437 4.326529883622597E-4 7.234346279989517E-4 -7.978549745513618E-4 
0.15640918221463862 -6.598833089342636E-4 0.0013509125739463064 -8.979400865455355E-4 -0.0023471137710538697 1.3724866520039878E-5 0.0016155999249150075 4.731610894500804E-4 7.312313705453916E-4 -7.557238481246252E-4 
0.25172212395182725 -6.539891204334026E-4 0.0013210052150668446 -6.776179975631384E-4 -0.0023673425801356324 2.4089786908488973E-4 0.0011609632743657683 5.030003405884199E-4 6.921550276368647E-4 -7.962774818581569E-4 
0.735669013393308 -9.778956474288027E-4 0.0014179732418636314 -0.002122700283381497 -0.002343582332707533 -2.1468327658644295E-4 0.0011499734473540302 4.6716041900014024E-4 7.496196448533465E-4 -7.499839442284089E-4 
0.7570463860451979 -6.205091073710859E-4 0.001722720157966904 0.002116221621651705 -0.002344554854721438 8.501393783653443E-5 0.0011933270211950445 4.419127805266909E-4 7.463156515680035E-4 -7.502989739452325E-4 
0.4563169642399053 -6.243274140918923E-4 0.001418452959797727 -0.002345155433836634 -0.002350980617470757 2.0891726651629358E-5 0.0010869104328040165 4.575280707797967E-4 7.327603244607797E-4 -7.967908923105461E-4 
0.27418945238736203 -6.214623434994313E-4 0.0015743017687835238 -0.001833025631045066 -1.8601691053638045E-4 -1.3533631738638796E-4 0.0011549896796451211 4.386053202899594E-4 7.310057698368317E-4 -7.504641422415833E-4 
0.8714050470731143 -6.216323032175337E-4 0.001416810934886165 -9.132134789553164E-4 -0.002327592361566351 5.107020328113464E-6 0.0011550020817966296 4.737153190006551E-4 7.313313826069003E-4 -7.614684204488112E-4 
0.05655004304824973 -6.596852272664159E-4 0.0014197544183864362 -0.002114673711643335 -0.0023512285811775175 -2.379293277704493E-4 0.0013073113533879407 4.6593521848923615E-4 6.909090176989934E-4 -7.619976347683458E-4 
0.5652730344550603 -6.192082785203581E-4 0.001422370280317704 -6.406547746085797E-4 -0.002352614112714415 -6.0014609677319885E-6 0.0013104026130991437 4.75827437199257E-4 7.234346279989517E-4 -7.978549745513618E-4 
0.15407545774387318 -6.541530977730534E-4 0.00142616989548721 -0.0018632871311525965 -0.0023444698523702725 -2.2190162611497762E-4 0.001191093762423926 4.782367050751449E-4 7.496022032723486E-4 -7.564848435682247E-4 
0.44170454723592056 -6.220636280056712E-4 0.0013289411097167619 -9.220974648625153E-4 -0.0023509243281686853 -9.780825185489314E-5 0.0011544041765566494 4.7500532813647385E-4 7.31718312420248E-4 -7.623462805889064E-4 
0.813905188994076 -6.306023370699791E-4 0.0017427264366377013 -0.0018685810878877422 -0.00231883527210946 1.1455135649948229E-5 0.0017631279742260566 4.703571196160969E-4 7.462033431145039E-4 -7.506449778281155E-4 
6.119834909649731E-6 -6.217892915043967E-4 0.0015802445872574648 -9.186395603277687E-4 -0.002365879165036233 -1.3550517364320424E-4 0.0011388153987715425 4.3291719332204907E-4 6.90289259908687E-4 -7.505147737676215E-4 
0.0018378090613352938 -6.202721823942228E-4 0.0013599486785161698 -9.714523968121155E-4 -0.002368615197803384 2.8782416347700163E-4 0.001085318337113957 4.388984315257282E-4 7.026658654903258E-4 -7.547123152991375E-4 
0.10147471203679675 -6.542587498566567E-4 0.0014181809963852382 -6.884582520242625E-4 -0.002359177998035205 -2.3820499039181503E-4 0.0011698821650674414 4.7333920921493544E-4 7.31513096939997E-4 -7.968745399133435E-4 
0.8035881371445924 -6.59332586242558E-4 0.0017427264366377013 -0.0018685459372139322 -0.002343794141057997 1.4561339846161085E-5 0.001765322692944362 4.3733528011651366E-4 7.505274820882263E-4 -7.506449778281155E-4 
0.6170385778958251 -6.599434657688406E-4 0.0017384321185958437 -8.96470752627748E-4 -0.002350996176635619 -2.1897251477399248E-4 0.0011543758797595376 4.341066967629557E-4 7.492284475904871E-4 -7.503532074583729E-4 
0.27418945238736203 -6.214623434994313E-4 0.0015743017687835238 -0.001833025631045066 -1.8601691053638045E-4 -1.3533631738638796E-4 0.0011549896796451211 4.386053202899594E-4 7.310057698368317E-4 -7.504641422415833E-4 
0.0058090089810495515 -6.23625178446108E-4 0.001688049722276463 -9.811855240985752E-4 -0.0023692059015469145 -2.496118309940146E-4 0.0010802854852278768 7.397252632699565E-4 7.451777664280783E-4 -7.513450642827216E-4 
0.21563669233341848 -6.604230922530042E-4 0.0014197151888054186 -0.0018364849846428933 -0.002359484286336246 -2.3903934396752642E-4 0.0011737493766185735 4.5810250585750676E-4 6.917368704991456E-4 -7.562632411294125E-4 
0.5757260455831916 -6.203181378817762E-4 0.0016633679590839355 -8.666683875774224E-4 -0.00234355032981895 2.324667499048229E-5 0.001154284097688031 4.673326887219042E-4 7.492809494847644E-4 -7.5571423632796E-4 
0.46902462631195657 -6.537348156773375E-4 0.0013684239188901577 -9.129061849032509E-4 -0.0023157871177514134 -2.0869172443377647E-4 0.0013171078103931836 4.378591867730632E-4 7.328672142902018E-4 -7.558021029262313E-4 
0.43727773741859133 -6.219706856321493E-4 0.0014231715704007347 -0.001817808282824168 -0.002359806671012262 -2.3903934396752642E-4 0.0011722066303992333 4.3761658484951576E-4 6.907954187282797E-4 -7.561775710903476E-4 
0.7581231978400352 -6.53775527475732E-4 0.0017427264366377013 -0.0018685810878877422 -0.0023188896540757924 1.1455135649948229E-5 0.0017631279742260566 4.703571196160969E-4 7.329246782642734E-4 -7.506631034484251E-4 
0.13400811347486155 -6.529190143161586E-4 0.0014183833586110426 -0.0021665700820370395 -0.002365879165036233 -2.3813444157536992E-4 0.001149898480963397 4.569613021817942E-4 7.536596779792095E-4 -7.478331689873229E-4 
0.813905188994076 -6.306023370699791E-4 0.0017427264366377013 -0.0018685810878877422 -0.00231883527210946 1.1455135649948229E-5 0.0017631279742260566 4.703571196160969E-4 7.462033431145039E-4 -7.506449778281155E-4 
0.3018985278519447 -6.19557846321845E-4 0.0014395694339121594 -0.0010594363779134906 -2.1957666872744904E-4 -1.3268885660918346E-4 0.0017026943563546288 4.366002752619773E-4 6.929164262037061E-4 -7.504852473369294E-4 
0.7884601555492821 -6.206715047491483E-4 0.0014187873243618123 -6.792733548980439E-4 -0.002359137982879786 -1.349530750847483E-4 0.0011190206459041109 4.284805631918922E-4 7.536596779792095E-4 -8.008162411008867E-4 
0.17023925547346824 -6.536189912846759E-4 0.0015764440370318253 -9.186381006505849E-4 -0.002365879165036233 -2.4953310882441185E-4 0.0011484500581251012 4.5804927457406984E-4 6.914782576795127E-4 -7.506259066738736E-4 
0.10147471203679675 -6.542587498566567E-4 0.0014181809963852382 -6.884582520242625E-4 -0.002359177998035205 -2.3820499039181503E-4 0.0011698821650674414 4.7333920921493544E-4 7.31513096939997E-4 -7.968745399133435E-4 
0.33966870190007664 -6.536427062409219E-4 0.0015789460035021124 -9.210248994629091E-4 -0.002365948819672456 -2.0670018265771977E-4 0.0011179284903908165 4.7333920921493544E-4 7.31513096939997E-4 -7.968745399133435E-4 
0.853801653328831 -6.331701898410158E-4 0.0014198674287298446 -6.478596449644301E-4 -0.002368265527616177 -2.4407090247287083E-4 0.0011076653963334481 7.105857417100221E-4 7.476304710411517E-4 -8.005754843832165E-4 
0.30829363331921866 -6.541530977730534E-4 0.0018003068651798867 -0.001057049185576722 -0.0023651804466132353 8.789409327075796E-5 0.0011902634278553243 4.6680127036271846E-4 7.488237191034308E-4 -8.008356338147803E-4 
0.5421895645516545 -6.539891204334026E-4 0.001318390743153864 -6.776179975631384E-4 -0.0023673425801356324 2.4089786908488973E-4 0.0011609632743657683 5.030003405884199E-4 7.318804221809511E-4 -7.968381681852694E-4 
0.14076947548397487 -6.606965312769468E-4 0.001347870312477695 -0.0020986392753507407 -0.0023707857283503126 -1.8971677486853466E-4 0.0010735349193170113 4.7179881706753033E-4 7.301593693136091E-4 -7.488207186565241E-4 
0.0795704842386877 -6.234151956059696E-4 0.0015746645879071888 -0.002128214907217301 -2.2993058003486946E-4 -1.9087545480150732E-4 0.0011243304417145555 7.286453488299022E-4 7.451713773675753E-4 -7.998939925174008E-4 
0.01546108219707399 -6.228541154300849E-4 0.0014327710055959016 -8.960417670082356E-4 -0.002365879165036233 -2.4103380163562995E-4 0.0010767130959527186 4.312501746943178E-4 7.537854161679933E-4 -7.505189756468338E-4 
0.7346335154533443 -9.739064530792695E-4 0.001445881516718465 -0.0021226663454896075 -0.0023282362236589855 -2.1132582933846092E-4 0.0011506054254229758 4.671405083254797E-4 6.942909732382895E-4 -7.494356422616751E-4 
0.33966870190007664 -6.536427062409219E-4 0.0015789460035021124 -9.210248994629091E-4 -0.002365948819672456 -2.0670018265771977E-4 0.0011179284903908165 4.7333920921493544E-4 7.31513096939997E-4 -7.968745399133435E-4 
0.6676181375489227 -6.605291356069724E-4 0.0013450576777231517 0.002271477368343723 -0.0023631385804498556 -1.8211791987482755E-4 0.0011420440801428507 4.4280037796407326E-4 7.30646523991887E-4 -8.056411190648306E-4 
0.31650508190357546 -6.54110250267286E-4 0.0014181809963852382 -6.680131438815869E-4 -0.0023633484333393314 2.482621637721928E-4 0.0017022361942041272 5.036188225326717E-4 6.907169869204686E-4 -7.968745399133435E-4 
0.2417149233772711 -6.217865686401785E-4 0.001575098291811325 -6.736000717317229E-4 -0.002365935451043688 -4.407108790996001E-6 0.0011356071160725262 5.031778739442528E-4 6.909723945302707E-4 -7.504883740495282E-4 
0.2417149233772711 -6.217865686401785E-4 0.001575098291811325 -6.736000717317229E-4 -0.002365935451043688 -4.407108790996001E-6 0.0011356071160725262 5.031778739442528E-4 6.909723945302707E-4 -7.504883740495282E-4 
0.853801653328831 -6.331701898410158E-4 0.0014198674287298446 -6.478596449644301E-4 -0.002368265527616177 -2.4407090247287083E-4 0.0011076653963334481 7.105857417100221E-4 7.476304710411517E-4 -8.005754843832165E-4 
0.17023925547346824 -6.536189912846759E-4 0.0015764440370318253 -9.186381006505849E-4 -0.002365879165036233 -2.4953310882441185E-4 0.0011484500581251012 4.5804927457406984E-4 6.914782576795127E-4 -7.506259066738736E-4 
0.4617399810004192 -6.537348156773375E-4 0.0013687435264843955 -9.129061849032509E-4 -0.0023157871177514134 -1.9535906795995793E-4 0.0013171078103931836 4.378953077088197E-4 7.321409350090635E-4 -7.558767863430241E-4 
0.6676181375489227 -6.605291356069724E-4 0.0013450576777231517 0.002271477368343723 -0.0023631385804498556 -1.8211791987482755E-4 0.0011420440801428507 4.4280037796407326E-4 7.30646523991887E-4 -8.056411190648306E-4 
0.14076947548397487 -6.606965312769468E-4 0.001347870312477695 -0.0020986392753507407 -0.0023707857283503126 -1.8971677486853466E-4 0.0010735349193170113 4.7179881706753033E-4 7.301593693136091E-4 -7.488207186565241E-4 
0.31650508190357546 -6.54110250267286E-4 0.0014181809963852382 -6.680131438815869E-4 -0.0023633484333393314 2.482621637721928E-4 0.0017022361942041272 5.036188225326717E-4 6.907169869204686E-4 -7.968745399133435E-4 
0.9737343435353084 -6.51349411897416E-4 0.0014238261892070632 -8.964536100670633E-4 -0.00236590021935283 -2.4195627697839282E-4 0.0010716160167040926 4.727594527268858E-4 7.315956908254792E-4 -7.505281967784966E-4 
0.5830648790892352 -6.538710855517144E-4 0.0014227190682857091 -9.181517397874625E-4 -0.0023561299739049226 -2.1384714608068623E-4 0.001185140235093223 4.6011246990733677E-4 7.315750762908164E-4 -7.556750684085225E-4 
0.5532362069248201 -6.536427062409219E-4 0.0015789460035021124 -9.210248994629091E-4 -0.002365948819672456 -2.0670018265771977E-4 0.0011617284288130305 5.01248290219118E-4 7.31513096939997E-4 -7.968331104230422E-4 
