0.9994819377861217 -4.922305852132221E-5 -4.8184628260815765E-4 0.004159428703748427 -3.106337455256893E-4 4.570978575662161E-4 -4.7119143676211935E-4 -3.3539675179341594E-4 1.1368198612409357E-4 0.0019245454363358994 
1.2529381811691981E-17 -5.709907367095105E-4 -5.769863273270273E-4 0.004090886885184552 -1.613279346860933E-4 2.9797692562881175E-5 -2.967487936001334E-5 0.0014108893812443172 1.184450195506523E-4 0.0014473526440934715 
0.12461209115568614 -7.559273132492128E-4 -5.754360614502338E-4 0.004202063558157747 -2.2682759900828764E-4 3.4586861064514745E-5 -6.784782628907913E-5 0.0013904057927842702 1.1849606558452356E-4 0.001452446737735669 
0.6134602889959214 -1.9257524030474827E-4 -4.94315086391181E-4 0.004164163800894934 -2.2001680952300024E-4 4.5503536433430677E-5 -2.5387729519000916E-4 -3.6681077033381406E-4 -6.504967296528107E-5 0.001571632428018226 
0.10151712498984594 -2.580772830546282E-5 -5.935686192552454E-4 0.004181906598520206 -2.2998216559415004E-4 3.3240596510226495E-5 -2.5395226661845165E-4 0.0014085640907167507 -1.522616502838035E-4 0.0015715810298782488 
0.23713795992211256 -7.448247457708025E-4 -5.037406762804129E-4 -0.0014834464800371904 -2.3103773431344145E-4 -2.5606126560870516E-5 -9.220869252908163E-5 0.0015780984186828215 -1.4525348484259958E-4 0.0016305298248820701 
0.5333554704470738 -4.922305852132221E-5 -4.8184628260815765E-4 0.004159428703748427 -3.1276316411008704E-4 4.570978575662161E-4 3.2546028717187695E-5 0.0012749011230499818 1.1368198612409357E-4 0.0019245454363358994 
0.17899237728590653 -0.0010032341537092025 -4.914450820066907E-4 0.004153026865681047 -1.402965276242951E-4 -1.0633363835942474E-4 1.5528778273456956E-4 0.0016049369522689815 1.1262665194718333E-4 0.0016279728922285787 
0.9211145260883162 4.5460871001999355E-5 -4.920028320363551E-4 -0.003055323642756665 -9.174808988955084E-5 4.2716727297962545E-4 1.1278638058238096E-4 0.0014319133046134169 2.938136323893594E-4 0.0015619538451041681 
0.021942537283625593 -0.0010139485135163685 -4.8051561811021117E-4 0.00409054638482644 -1.1320385681659544E-4 -4.639081227582182E-5 -4.0863273218318715E-5 -3.54263540770811E-4 2.3001728009997848E-4 0.0017467945678862008 
0.4863165737544218 -4.346960276846256E-4 -4.838336876293005E-4 -0.0030245808705068175 -1.0831038696570073E-4 -1.2867689856634805E-4 -7.3335119378982E-5 0.00141047383826785 1.2301002672448458E-4 0.0015625659020494802 
0.03188688572746379 -7.557217048064945E-4 -5.759698345908484E-4 -0.0030332127011635287 -2.068801749375085E-4 1.2012525762418675E-6 -1.0433315573632521E-4 0.0015984359821817646 2.3037879333085695E-4 0.0015622474123261146 
0.25655436294787526 -7.837437768523956E-4 -4.90256816220634E-4 0.004090473663064933 -2.05433445029449E-4 -9.661611364448762E-5 1.5504371070747627E-4 0.0014098717858157645 2.5904282125421374E-4 0.0017703481400602949 
0.9375227700750569 -7.826399439862037E-4 -4.902563872072326E-4 0.004142886603680887 8.601985358389041E-4 4.193952812295843E-4 1.0522767030294115E-4 0.001577907984709585 -5.623576931181866E-5 0.002023157415325055 
0.474511269921575 -5.748498132030127E-4 -4.923664679560757E-4 0.0042657807297159355 -1.085638705106821E-4 -1.1892558856616404E-4 -2.346247301025496E-5 0.0014104757935147877 1.3917907733938743E-4 0.0016283370829545227 
0.2100392350544758 -7.470175007698727E-4 -4.950871634045708E-4 0.004161986808157538 -2.3295867655559295E-4 -2.5606126560870516E-5 1.0536283345900156E-4 0.001419098166818213 1.2314260132116647E-4 0.0016299321179319818 
0.014369361403647127 -7.499198874476398E-4 -6.005653319915114E-4 0.004090886885184552 -2.2613390761416693E-4 3.634185743003024E-5 -2.2917019863887866E-5 0.0014155008617808666 1.3238816573040232E-4 0.0015592762401553419 
0.04947017339289651 -7.499305830332582E-4 -5.044263435831859E-4 0.004179942628303171 -1.6043582530513226E-4 3.763842513283312E-5 7.894260572493286E-6 0.0013313081784611556 2.4417556483170713E-4 0.0017430653919991825 
0.40134686259147345 5.026468150540279E-5 -7.178954526184855E-4 0.00409140022387505 -3.140614968318016E-4 -3.6453259636091006E-5 -9.307496648294116E-5 0.0015740951919234515 4.766100426785012E-4 0.0017460701271802934 
0.025994833404473228 -3.0272486007364898E-5 -4.943290304877078E-4 0.00422254995944031 -2.349189939556894E-4 3.522938522910368E-5 1.1363498890001181E-4 0.0014035224908853314 1.0690461510366977E-4 0.0017276291674689556 
0.3780036173594152 -7.527449249421596E-4 -4.851742378988785E-4 -0.0028118000160063175 -1.4308522380468495E-4 4.2669667192200916E-5 -4.512507134515533E-4 -2.4759773520939066E-4 1.0734455806491505E-4 0.0019807373744130485 
0.14266012839934478 -7.805506852582496E-4 -4.914362417090805E-4 0.004142978613926228 -1.3475385192029634E-4 -1.0502146830492013E-4 1.552434242703293E-4 0.0015791626786396916 -6.000396353870929E-5 0.0017449942210962597 
0.1431484304737768 -7.015214432155589E-4 -4.887873507614093E-4 0.004093821079000435 -1.6074461545956514E-4 4.6626007074731836E-5 -2.2832020198903992E-5 0.0016275424570860845 1.1425196247806006E-4 0.0017439383157632036 
0.8764643538241387 -6.58964953750813E-4 -4.998049968981122E-4 0.0042856991112117 -2.331618737291318E-4 4.5194035001670346E-4 -4.5607268511778875E-4 0.0016019596962677984 3.060034378254956E-4 0.0019231960289003808 
0.5862587338216115 -2.652593025619604E-4 -4.918327530379186E-4 -0.0027484617028206066 -1.0041049408380085E-4 4.1901414143189365E-4 -4.6237695815518325E-4 0.0014245083352569577 -1.3779905489155812E-4 0.0015605297605578259 
0.8600040194654399 -5.723065259250162E-4 -4.950878884916897E-4 0.004164352924803968 -3.1306328373494443E-4 5.4199126045933105E-5 -8.65909551907326E-5 -3.5978753759045097E-4 -4.7705459549885496E-5 0.001574653099893495 
0.7955376319766464 -6.725071678166546E-4 -4.950575847821084E-4 0.00416044675234856 -2.3006077789375262E-4 4.799149266097367E-5 -4.4174639728634545E-4 0.001416558124973522 -5.041395492139326E-5 0.0015689854990672606 
0.6345129443724802 -0.0010140662287440175 -5.681564081685891E-4 0.004094834667184452 -1.1025359569738266E-4 4.069180513416881E-4 -4.272964653062172E-5 -3.406691861552052E-4 1.3937513343337547E-4 0.0015723744639157449 
0.6565031724827095 -2.4669123317362564E-5 -6.002710334974424E-4 0.004090969027586237 -3.3173930855170193E-4 4.1797520317164407E-4 -8.194747148552786E-5 0.001331028931665901 2.3525089506909442E-4 0.0015502070885757707 
0.6934377793160502 4.5460871001999355E-5 -4.920028320363551E-4 -0.0029830868821057325 -9.174808988955084E-5 4.263952701706126E-4 1.1406156271613244E-4 0.0014484083160415024 2.938136323893594E-4 0.0015619538451041681 
0.8351311777348678 -5.723065259250162E-4 -4.950878884916897E-4 0.004164352924803968 -3.1306328373494443E-4 5.4199126045933105E-5 -8.65909551907326E-5 -3.5978753759045097E-4 -4.7705459549885496E-5 0.001574653099893495 
0.0778294269534976 -2.4669123317362564E-5 -4.8406691766733303E-4 0.00408916940651917 -3.4884743920929914E-4 4.002725866330793E-4 -3.0580760913703515E-4 0.0015950935330754183 1.0340156482989635E-4 0.0015727412980509304 
0.7576811623475632 0.002093026726418608 -4.8501641709783767E-4 0.004206178927078623 -1.6814873856553983E-4 4.5303680551920123E-4 -4.387291441845843E-4 -3.4743847126087954E-4 2.382036432354027E-4 0.0015613743162339981 
0.16201629109941607 -7.805654617889992E-4 -4.998204892054953E-4 0.004198510779733761 -1.8223332038315822E-4 3.721914118807398E-5 -1.0266608847640808E-4 0.0015864481862881805 -5.0130403039324926E-5 0.0019190215498228684 
0.35235375832772714 -8.586779472301424E-4 -5.959022779416645E-4 0.004149183594583261 3.4823717735842346E-5 4.073745077821901E-5 6.286951480101624E-5 0.0015506834704721913 1.9784053759790577E-5 0.0017398311645777692 
0.16201629109941607 -7.805654617889992E-4 -4.998204892054953E-4 0.004198510779733761 -1.8223332038315822E-4 3.721914118807398E-5 -1.0266608847640808E-4 0.0015864481862881805 -5.0130403039324926E-5 0.0019190215498228684 
3.053930446887433E-4 -7.528616833093146E-4 -4.943812820131554E-4 0.00409462444817065 -3.487485653481744E-4 4.042358858327721E-5 -2.410601968428822E-5 0.0014186119055321692 1.0338934233097556E-4 0.0017727134777730286 
0.9894059256134785 -7.078109582015407E-4 -5.966673420341013E-4 0.003799706514997172 -3.137603640694296E-4 -9.592916150352221E-5 1.434121256024612E-4 0.0016369530770921747 -4.340838994926152E-5 0.0015613761554790525 
0.6932171289552779 5.4214754172763864E-5 -4.8519351662276613E-4 0.004210502964089545 -1.710958436844016E-4 4.2617245303550646E-4 -4.563357859370828E-4 -3.4743847126087954E-4 2.9709393453635413E-4 0.0015619538451041681 
0.8479923295354466 -5.722353499245557E-4 -4.950871634045708E-4 0.004162378719454469 -2.30143798266896E-4 4.799149266097367E-5 9.149385458145675E-5 0.0014166799455927325 -5.041395492139326E-5 0.0016299741106845813 
0.07381161701856936 -0.00100475964779082 -4.902563872072326E-4 0.0041529348554357045 -3.517098601441756E-4 4.180831111750797E-4 1.1319973751487056E-4 0.0016038994385177683 1.0959161059705344E-4 0.002022482647577598 
0.037110547367592436 -7.471375991751079E-4 -4.901102080004903E-4 -0.002894908363490787 -2.0625867907926598E-4 4.4198624912811213E-4 6.705260752092933E-6 0.0015992425592261266 2.3855148386163564E-4 0.001469305776249633 
0.7289643656839894 -9.109067174017942E-4 -4.99816487619679E-4 -0.0028118000160063175 -1.748380512638677E-4 4.2740219955911457E-5 5.9459011323449E-5 0.0013428937173030559 1.0776629860181601E-4 0.0019886852470230704 
0.06197160476542579 -7.38310427441676E-6 -5.928360172658307E-4 -0.0023165254893917106 -3.1477616039358476E-4 1.166577771563937E-5 -3.2330885069201744E-4 0.001639199940249902 1.2943431591930986E-4 0.0015727391603443885 
0.5728747740272938 -7.514948383667447E-4 -5.994320788239697E-4 0.004202063558157747 -2.2682759900828764E-4 4.07291466872577E-5 -3.826049675182372E-5 0.0013929975490865483 1.320286704501887E-4 0.001452446737735669 
0.2707580595433169 -6.679009175780513E-4 -5.039327671554297E-4 -0.0016891242663801568 -2.2838742629240554E-4 6.537054868197966E-5 -9.125933641134545E-5 0.001574202225346777 3.042284910147319E-4 0.0016682619519632668 
0.3994191820976818 5.026468150540279E-5 -4.976052184347455E-4 0.00409140022387505 -0.001526262385881525 3.6996136873198515E-5 -9.307496648294116E-5 0.0015741305907002823 4.735566611997045E-4 0.0017657228815863945 
0.22592649917939422 -8.007621772547229E-4 -5.670509267043667E-4 0.004225575258324199 -2.2906687842088304E-4 3.300678110912084E-5 9.650634501220698E-5 0.0013944491593791968 -7.817869960969703E-5 0.0014556255485228763 
0.26158364708500403 -6.679009175780513E-4 -5.037216162336374E-4 -0.0016891242663801568 -2.3226120230519036E-4 6.537054868197966E-5 -9.566890010073335E-5 0.001574202225346777 3.042284910147319E-4 0.0016674912340864097 
0.8887819446690981 3.196210168185371E-5 -5.935686192552454E-4 0.004162861894874536 -2.3103504419121068E-4 3.316627867206665E-5 -2.77622987627782E-4 0.0014093795485568546 -1.4916277876730145E-4 0.0015715810298782488 
0.04493724664996099 -9.967750187864731E-4 -4.98958066736372E-4 0.004197368037010359 -1.0890234045513143E-4 4.3637507781942134E-4 -2.796043629185339E-5 0.001593588023484856 -5.0146925845118376E-5 -0.002585451152942551 
0.006645004524562223 -8.1824052730533E-4 -7.149354087602278E-4 0.0040931602906852296 -2.7789067325841536E-4 5.3208020812074594E-5 6.630951299014631E-5 0.0015943997563890543 1.090555306024494E-4 0.002016965967433494 
0.05753021510479983 -2.4669123317362564E-5 -6.002710334974424E-4 0.004090041135537879 -3.3986755183967E-4 4.002725866330793E-4 -3.1800315136603014E-4 0.0013317346068163227 2.3525089506909442E-4 0.0015560164962789733 
0.7758673658660421 2.1247990586255772E-5 -5.669947462551675E-4 0.004087367881121309 -2.260606943431537E-4 4.058599498935536E-4 -2.943550138134253E-4 0.0013763423692236799 -1.521382605341499E-4 0.0018444633180313991 
0.630881781948626 -3.0272486007364898E-5 -4.943290304877078E-4 0.00422254995944031 -2.349189939556894E-4 4.1234513062568426E-4 1.1363498890001181E-4 0.001426336671630507 -1.3090645678857338E-4 0.0015646840725164145 
0.5630629682764636 -2.4669123317362564E-5 -4.838336876293005E-4 -0.0027916181505819276 -2.327712335886181E-4 -1.2205462131198262E-4 -7.3335119378982E-5 0.00141047383826785 1.1587107688294707E-4 0.0015625659020494802 
0.087360572589336 -6.614707385257984E-4 -5.928360172658307E-4 0.003814473035709444 -3.1477616039358476E-4 -1.0412655089924456E-4 1.7493488635982014E-4 0.0016357752026833305 1.322285187967459E-4 0.0016316882094165074 
0.087360572589336 -6.614707385257984E-4 -5.928360172658307E-4 0.003814473035709444 -3.1477616039358476E-4 -1.0412655089924456E-4 1.7493488635982014E-4 0.0016357752026833305 1.322285187967459E-4 0.0016316882094165074 
0.5528813548718201 -5.803642169140248E-4 -4.923664679560757E-4 0.00409416018347815 -2.4851411323022936E-4 -1.1892558856616404E-4 -2.346247301025496E-5 0.0014104757935147877 1.3917907733938743E-4 0.0016275415275894159 
0.36467759831292423 -7.466373312707415E-4 -4.660868785061958E-4 0.004090261964697109 -3.565209511660235E-4 -2.5833990589619217E-5 -3.1800315136603014E-4 0.0016157474985939147 3.3350379221929355E-4 0.0015627349192722383 
0.004308474824278791 -9.11345814214211E-4 -4.943008011061952E-4 0.004019082938080733 -1.3227400908726286E-4 3.551789766604236E-5 1.0557205763574816E-4 0.0014240364267481534 1.0869941124159108E-4 0.0019863188247690915 
0.7576811623475632 0.002093026726418608 -4.8501641709783767E-4 0.004206178927078623 -1.6814873856553983E-4 4.5303680551920123E-4 -4.387291441845843E-4 -3.4743847126087954E-4 2.382036432354027E-4 0.0015613743162339981 
0.4235993199434374 -2.6361488533443566E-4 -5.764956539538033E-4 0.004095403778028177 -3.373853751512424E-4 3.5792769497422906E-5 -6.893580661312542E-5 0.001407278049499441 1.1771075280476363E-4 0.0015786463183008082 
0.11119819566676892 -6.751417765532113E-4 -4.837205016826216E-4 0.003816153510547006 -2.3771850025805697E-4 3.209718627987656E-5 -4.494974513334132E-4 0.0014088362753829297 3.205061721442355E-4 0.0015707949937087144 
0.9738373806144648 -5.78947338499537E-4 -4.807115075172862E-4 0.004140742598641191 -1.7101000112945528E-4 4.102266191803065E-4 -4.5636580291010746E-4 0.0014108605710979197 1.160710632428663E-4 0.0016272950978486402 
0.37194785563695026 -7.527449249421596E-4 -5.737727774334933E-4 -0.0028118000160063175 -1.4308522380468495E-4 4.2669667192200916E-5 -4.550636537917704E-4 0.0016769090346362245 1.0734455806491505E-4 0.0015617312439818712 
0.51435817713425 -8.586779472301424E-4 -4.874728356998728E-4 -0.0028031664770871404 3.4823717735842346E-5 3.717084779644806E-5 6.198262045588866E-5 0.0013333026600458263 1.9784053759790577E-5 0.0017679608405893263 
0.20030397064771044 -7.470175007698727E-4 -4.918625261333687E-4 -0.0025351220185509792 -2.3109585287722081E-4 4.145907648086699E-4 1.0536283345900156E-4 0.0014238599691207368 -1.4089702636118742E-4 0.0016299321179319818 
0.5039205592984992 -8.755603709507592E-4 -4.985208980711997E-4 0.004094867578664648 -2.2897839276078035E-4 3.7363901117848954E-5 5.5162205222458654E-5 0.0013449406246871928 -5.286571546430069E-5 0.0017656932948349972 
0.012454410195494592 -7.471269035894897E-4 -6.005653319915114E-4 0.004090886885184552 -2.2606730256286576E-4 3.634185743003024E-5 -2.2832020198903992E-5 0.0014155008617808666 1.3244665291845976E-4 0.0014564893387966722 
0.282595666963685 -9.90217501788721E-4 -4.900343361106514E-4 -0.002976810586877393 -1.5427209172470978E-4 2.6816240629270235E-5 6.00091305713933E-5 0.00159923416529154 -5.6853958750593794E-5 0.002004904657717783 
0.4235993199434374 -2.6361488533443566E-4 -5.764956539538033E-4 0.004095403778028177 -3.373853751512424E-4 3.5792769497422906E-5 -6.893580661312542E-5 0.001407278049499441 1.1771075280476363E-4 0.0015786463183008082 
0.297588150650558 -0.0010140662287440175 -4.948374815351656E-4 0.004164615268023065 -1.0638920730864042E-4 4.069180513416881E-4 -4.272964653062172E-5 -3.406691861552052E-4 1.373419715831798E-4 0.0015723744639157449 
0.22592649917939422 -8.007621772547229E-4 -5.670509267043667E-4 0.004225575258324199 -2.2906687842088304E-4 3.300678110912084E-5 9.650634501220698E-5 0.0013944491593791968 -7.817869960969703E-5 0.0014556255485228763 
0.6720589476192471 -2.580772830546282E-5 -4.897079773905895E-4 0.004184705819915969 -1.7399619670314487E-4 4.044726488776131E-4 -2.765296469885045E-4 0.0015929146272932006 1.2108610696400345E-4 0.0015715810298782488 
0.8989799694141678 -0.0010421061359081876 -4.874077047543531E-4 0.0041612410908642905 -3.178523027364915E-4 2.7882081670709538E-5 1.5504371070747627E-4 -3.1167300148540506E-4 -4.0373814037937604E-5 0.0017703481400602949 
0.11119819566676892 -6.751417765532113E-4 -4.837205016826216E-4 0.003816153510547006 -2.3771850025805697E-4 3.209718627987656E-5 -4.494974513334132E-4 0.0014088362753829297 3.205061721442355E-4 0.0015707949937087144 
0.001638495900093656 -9.510023254029228E-4 -5.047441935569092E-4 0.004189655106212147 -1.0538673067564202E-4 1.5985784111090988E-5 7.198626330432298E-5 0.0016209260125148528 -5.258164470089013E-5 0.0017589160229234437 
0.5855807575849743 -2.343399998970828E-4 -4.8500530332928806E-4 -0.0028409591693014345 -1.0040613559723472E-4 4.1869592909020274E-4 -1.7179198306182977E-5 0.0014293742580779578 -1.3773182807533897E-4 0.0017123956579785534 
0.3364966604716877 0.0013983025284809096 -4.912104642592244E-4 0.0040947435048301626 -1.731064101866049E-4 5.08132576890023E-5 -2.9642855466031602E-5 0.0016031280778279543 1.1830308917782971E-4 0.0017426450077466333 
0.28461454201875347 -5.723065259250162E-4 -4.950878884916897E-4 -0.0017178994308579072 -3.1210059739569747E-4 5.419152776056665E-5 -9.107243977865987E-5 -3.6775328554159857E-4 -4.7705459549885496E-5 0.0015732823488747748 
0.7850422175013898 6.809348925144204E-5 -4.998049968981122E-4 0.004095879768521387 -1.7254478489723887E-4 4.5674501834874553E-4 1.7253569874655064E-4 0.0013115028356183206 1.1543637443369624E-4 0.0015639057544488168 
0.7193610849527455 -0.0010140662287440175 -5.681564081685891E-4 0.004094834667184452 -1.1025359569738266E-4 4.069180513416881E-4 -4.272964653062172E-5 -3.406691861552052E-4 1.3937513343337547E-4 0.0015723744639157449 
0.32377531257514647 -2.032072869548433E-4 -4.911371750332704E-4 0.004164163800894934 -2.198269609554321E-4 4.621014949648662E-5 -2.8518508173706593E-5 -3.6681077033381406E-4 -6.853839850586644E-5 0.0015738620959325927 
0.1960794709259034 -7.534600622375063E-4 -5.739084582316011E-4 0.004088775087964776 -2.0592526810707536E-4 -2.76949517168627E-5 -4.3836652438622795E-4 0.001430498122322215 2.3037879333085695E-4 0.0017734841860314026 
0.4340323856520094 -2.5555026195719945E-5 -4.8406691766733303E-4 0.00408916940651917 -3.486928619393158E-4 4.019962483770817E-5 -3.062846063719904E-4 0.0015957389178168778 1.0317960041997057E-4 0.0015786540159135728 
0.8989799694141678 -0.0010421061359081876 -4.874077047543531E-4 0.0041612410908642905 -3.178523027364915E-4 2.7882081670709538E-5 1.5504371070747627E-4 -3.1167300148540506E-4 -4.0373814037937604E-5 0.0017703481400602949 
0.9563215844235062 6.595017665749015E-5 -6.112365123923478E-4 0.00409139537051372 -3.1353872023055296E-4 4.5005287569916405E-4 1.5747157501968178E-4 0.0013931579893333755 2.267845436854249E-4 -0.003033929671766565 
0.6720589476192471 -2.580772830546282E-5 -4.897079773905895E-4 0.004184705819915969 -1.7399619670314487E-4 4.044726488776131E-4 -2.765296469885045E-4 0.0015929146272932006 1.2108610696400345E-4 0.0015715810298782488 
0.3364966604716877 0.0013983025284809096 -4.912104642592244E-4 0.0040947435048301626 -1.731064101866049E-4 5.08132576890023E-5 -2.9642855466031602E-5 0.0016031280778279543 1.1830308917782971E-4 0.0017426450077466333 
0.001638495900093656 -9.510023254029228E-4 -5.047441935569092E-4 0.004189655106212147 -1.0538673067564202E-4 1.5985784111090988E-5 7.198626330432298E-5 0.0016209260125148528 -5.258164470089013E-5 0.0017589160229234437 
0.6609433856821508 -2.580772830546282E-5 -4.898730944229792E-4 0.0041826440353494474 -2.3103504419121068E-4 4.229621088447028E-4 -2.851762606074379E-4 0.0015934126887065575 -1.5455654877200513E-4 0.0015715810298782488 
0.5528813548718201 -5.803642169140248E-4 -4.923664679560757E-4 0.00409416018347815 -2.4851411323022936E-4 -1.1892558856616404E-4 -2.346247301025496E-5 0.0014104757935147877 1.3917907733938743E-4 0.0016275415275894159 
0.9639926921133788 -6.645929226816608E-4 -4.902011622673001E-4 0.004152691331967972 -2.4011888849336882E-4 3.209718627987656E-5 -4.494974513334132E-4 0.0016026023039810056 3.3198897417997797E-4 0.0015707949937087144 
0.35783327687851707 -7.499305830332582E-4 -5.109141295113968E-4 0.004148984042811689 -1.6043582530513226E-4 4.088738087440221E-5 7.894260572493286E-6 0.0015340995600038629 2.4417556483170713E-4 0.0017429364862790418 
0.4536045357083044 -7.450421485828313E-4 -4.884371608752052E-4 -0.002700412057255388 -2.3109585287722081E-4 -2.5606126560870516E-5 6.176926016417152E-5 0.0014033066280751206 1.0706424469796018E-4 0.0016299321179319818 
0.8215089364362109 -7.830557999060132E-4 -4.998087685737379E-4 0.0040911391812502255 -1.7643545788189143E-4 3.721914118807398E-5 -2.7241442971733356E-5 0.00157420181517568 -5.259542170114769E-5 0.0019190215498228684 
0.5058482397922909 -8.755603709507592E-4 -7.188111322549398E-4 0.004094867578664648 -3.2563709713069925E-4 -3.608549539144057E-5 5.5162205222458654E-5 0.0013449052259103618 -4.981233398550401E-5 0.001746040540428896 
0.31989279158622175 -0.0010028565710516108 -4.900001398629183E-4 -0.002976810586877393 -1.54298248069758E-4 4.715341636986366E-4 6.00091305713933E-5 0.0015986724528832615 1.0363706368895646E-4 0.0015651197954736976 
0.7289643656839894 -9.109067174017942E-4 -4.99816487619679E-4 -0.0028118000160063175 -1.748380512638677E-4 4.2740219955911457E-5 5.9459011323449E-5 0.0013428937173030559 1.0776629860181601E-4 0.0019886852470230704 
