0.0 2.8171880812503697E-4 0.0011191034639668608 8.466928800866206E-4 0.0010813040496667917 1.6776437353544838E-4 5.902665848258092E-4 0.0010614945643160117 -0.0028050240554425713 7.140491460640389E-4 
0.9998849928969356 2.7284578026321116E-4 0.0010286112268257338 8.024075367455473E-4 0.001046046088301261 1.2281697084021278E-4 6.006181878111022E-4 0.0010916301007026937 -0.0027153579670415014 7.183063949446251E-4 
0.0 2.8171880812503697E-4 0.0011191034639668608 8.466928800866206E-4 0.0010813040496667917 1.6776437353544838E-4 5.902665848258092E-4 0.0010614945643160117 -0.0028050240554425713 7.140491460640389E-4 
0.16362035482424434 8.733953356641269E-5 0.001100112394570359 7.62918010753105E-4 0.001056688332679648 -2.972976570637731E-5 5.657265792591785E-4 0.0010671080461724166 -0.0028044533632109263 5.944802443601218E-4 
0.1343086335029473 8.336132530079615E-5 0.001076939818243669 0.0012625506323145153 0.0018010407027671607 -3.161313223601519E-5 5.558426725191042E-4 0.0010664341227728414 -0.0027786658157076946 7.091926299256893E-4 
0.6764062978310674 2.608026125834877E-4 0.001076939818243669 0.0012271704379310515 0.0017715412863854327 -2.8089845217824754E-5 9.633385028075955E-4 0.0012359955152572342 -0.002808003177119756 7.186604568294997E-4 
0.5686529990138467 3.1349240876755703E-4 0.0012963257636222452 8.560936432438323E-4 0.0010782161739783238 -5.626521670966699E-5 9.995568561306767E-4 0.0010677157300839244 -0.0027237912114052415 7.149003656938419E-4 
0.3914958404294059 4.5551938624821856E-4 0.001010899729835851 0.0012479951468660957 0.0010726292041255423 -2.955395157492526E-5 5.904484162856199E-4 0.0011105644102809762 -0.0031161020179232848 0.0016266289231504803 
7.647533845500654E-4 2.83232599895122E-4 0.0010735889059013614 0.0012217897308704755 0.0010807913982636686 -5.6026662774136485E-5 0.0010360873966025056 0.0010882513116405273 -0.002805647083120071 0.0016513576207632494 
0.4353884701572221 4.5876003621194783E-4 0.0010963370691380295 7.593246377758818E-4 0.001931045438724176 -2.9816350776117443E-5 9.79376845379959E-4 0.0010729702563068019 -0.0027484179803237345 7.635476916353082E-4 
0.05107231225980374 3.2786328290669575E-4 0.0015243095129089629 0.001255341188849437 0.0019764702424573117 -5.1865714319245E-5 9.493448582717667E-4 7.561361379655441E-4 -0.002900785678161102 6.125780661864724E-4 
0.8531158545572919 2.5508947423384367E-4 0.00115939276106511 0.0012138512063933034 0.0010872764969752733 -8.879220273136869E-5 0.0010033266311819486 -9.768599087480018E-4 -0.002805210915948792 6.803548197608104E-4 
0.011799760388947221 2.6852664738393416E-4 0.0013826609993172934 8.174731943386736E-4 0.0010958275036352747 1.2973828736840865E-4 9.712677734988884E-4 7.621886311752067E-4 -0.0027097714424812224 0.001145182687119208 
0.45617381422336634 3.1397504260973527E-4 0.0011922945986637952 0.0012311582665336645 0.0019200836286345992 -2.031374286364623E-4 6.105024373501929E-4 0.0010231873460673465 -0.0028168093207401627 6.807537690956205E-4 
0.17421998307011682 3.2321176456052427E-4 0.001109779486396439 0.0012450644270933656 0.002031234235019716 -5.295452633114095E-5 9.496639085579093E-4 7.630579727524082E-4 -0.0027478580614891013 5.947427638404852E-4 
0.2569453293489383 3.1536254566596816E-4 0.001521988023603808 0.0012452190654729342 0.0010135893736979997 -1.1759245962709857E-4 5.903739645163144E-4 0.0010627176135374233 -0.0031841274913817744 6.800474793254E-4 
0.9613937571207687 2.7284578026321116E-4 0.0010286112268257338 8.024075367455473E-4 0.001046046088301261 1.2281697084021278E-4 6.006181878111022E-4 0.0010916300567340156 -0.0027153579670415014 2.52357023837681E-4 
0.006527689215970411 2.8203994236031347E-4 0.0011308125399537095 8.287961587447912E-4 0.002015275723796459 -4.262522350417773E-6 5.329625739191822E-4 0.0010614918126380301 -0.002899242235479427 0.0017730479749281916 
0.9439684131387508 4.575521840003711E-4 0.001104105909087522 0.001244693634875497 0.001046046088301261 1.9698946901645405E-4 0.0010091988429136857 0.001083243030696479 -0.002805409985692166 5.931340199442375E-4 
0.3414026372798867 2.585194540313176E-4 0.0010937065209717203 0.0012447192752932587 0.0015533129019676061 -7.406899650633932E-5 9.728613870425331E-4 0.0010023517023441835 -0.0029411009536352527 5.944859833068275E-4 
0.5087994415539152 4.552871945026675E-4 0.0010819711692480467 8.313752218949169E-4 0.0010179171815111936 -2.999809402795382E-5 8.909664389187247E-4 0.0010879319438512902 -0.0028398206156306956 2.816949177143384E-4 
0.3696772051388329 7.485802804326502E-5 0.00119369612391865 7.89504057792806E-4 0.0010874886854181207 -1.1581579497977541E-4 0.0010033171840140866 0.0010595175664511484 -0.0028062866955748346 6.195677784500111E-4 
0.0032876938153444946 3.231783783700417E-4 0.0010392829443031243 0.0012451662034579157 0.0018250236886602938 2.0205257003357377E-4 9.998689277211867E-4 7.428804115220667E-4 -0.002845160933064206 0.0011001820953573719 
0.4960212441303269 2.667209764538355E-4 6.711633437604719E-4 0.001290030214460093 0.0015653012161891153 1.7014609772598551E-4 9.719063454238819E-4 0.0010632350446815807 -0.0027155806144294145 6.824836201215375E-4 
0.3517048399310291 3.2348440082193285E-4 0.0010934495040823204 0.0012450644270933656 0.002031234235019716 -5.295452633114095E-5 9.496639085579093E-4 0.001000379171601423 -0.0027478580614891013 5.947369643680901E-4 
0.920522716074643 4.55208436726336E-4 0.0010829331511917112 8.037211580059432E-4 0.0010179794740029435 -1.1764068814017531E-4 9.895372214406507E-4 7.205780066607429E-4 -0.0028429532474865205 2.6932128111939707E-4 
0.07617435426954988 3.1538699229646057E-4 0.0010671069115416206 0.0012318105700494944 0.0010363329041879767 -1.5135239644171257E-6 0.0010167739645282428 7.410278177962448E-4 -0.002767463488626345 7.589589605069495E-4 
0.7265011329919394 9.91930301076992E-5 6.506951735551317E-4 7.667366858546197E-4 0.00180189850568109 -2.8462850777843252E-5 5.86476303994957E-4 0.001076660540193525 -0.002897979359144303 2.618433738987357E-4 
0.7086497149524082 3.1536254566596816E-4 0.0015225088762695683 0.0012452190654729342 0.0010459701614255917 -1.034261205674992E-4 5.802581496375732E-4 0.0010545618089438475 -0.0031841274913817744 7.174723711532772E-4 
0.5988854230059235 2.728738874036549E-4 6.711633437604719E-4 0.001290030214460093 0.0015653012161891153 1.7032373244021848E-4 0.0010032724999458832 0.0010696120197951557 -0.002815464244332633 2.933836516128499E-4 
0.7352405930314221 9.565145343013725E-5 6.341337540827927E-4 0.0012625506323145153 0.0018010407027671607 -3.157828203290552E-5 0.0010159424597959875 0.0012376694860125488 -0.002778155014258158 7.069751729304444E-4 
0.10961992964513731 2.5323135357875024E-4 0.0010977405584239083 0.0012470789195654266 0.001971663531961188 -1.9591225412510013E-4 5.779093708938767E-4 0.0010677364634448447 -0.002784857062309187 5.853497961011846E-4 
0.5464807509174983 8.495875601697355E-5 8.270293497086872E-4 0.0012693664359795702 0.0015538869036642556 -5.289926476105064E-5 6.143971263446661E-4 7.689011129072539E-4 -0.0028271622497220076 7.250804703424372E-4 
0.651822335049584 1.5761017194648958E-5 0.0010829385750716568 0.0012744584237753976 0.0010519509442664503 0.0012979751824211887 5.665794349981992E-4 0.0010098989547513782 -0.002716080054648071 6.80263779031915E-4 
0.23071816789055094 2.4547689075099993E-4 0.001100112394570359 7.937505217060001E-4 0.0010158980343843234 -1.1628091948049737E-4 0.0011562620695066072 0.00109089723127892 -0.00281189029276454 6.119262088863023E-4 
0.31479981077996105 2.8245227827445804E-4 0.001068197757103574 8.467306028690151E-4 0.0010804900246327315 0.0013047553154785715 5.922440930863442E-4 0.001010949054224462 -0.0028144388684033434 7.140707779816416E-4 
0.02025288760907132 3.1472006985979286E-4 0.0013899910210213346 8.041419020296402E-4 0.0018310250308087288 -1.0998968379520692E-4 9.496665722222049E-4 7.618787972116809E-4 -0.0028429952997748036 7.163479440238664E-4 
0.2668772477675784 1.0360558101211652E-4 0.001521988023603808 0.0012452190654729342 0.0010154395823209121 1.3615181182813476E-4 5.903739645163144E-4 0.0010627047334569645 -0.0029017367590179585 6.866726734231141E-4 
0.2125935527459934 3.2321176456052427E-4 0.0015140967062371286 0.001242833112663888 0.0020346895164733755 -8.55161422631044E-5 0.0011583077077444647 7.403854138790964E-4 -0.002750205207225746 5.962579018689018E-4 
0.6975482201661519 1.0536291264729266E-4 0.0010497769107942255 0.0012455412181092743 0.0010320063637572771 -5.24291276139481E-6 5.902665848258092E-4 0.0010614918183535044 -0.002805026549167834 0.0011479669498036765 
0.061520595181140225 2.6362098992414185E-4 0.0010272562820818302 8.346642544097575E-4 0.0015658035938968175 1.7032373244021848E-4 9.920769976738272E-4 0.0010702361578835131 -0.002715927032916838 3.6805123334256065E-4 
0.27792523213567843 2.728738874036549E-4 0.002170108784952107 0.0012673630517862774 0.0015653012161891153 1.7032373244021848E-4 0.0010033139339740405 0.0014558424259174137 -0.002895866021459263 6.43888274923535E-4 
0.2864742774433858 7.485802804326502E-5 0.0011868649507754845 8.235433517669172E-4 0.0016460727756181604 -1.1602205576771622E-4 0.0010019334878814848 0.0014501051451526299 -0.002900785678161102 6.214613574745256E-4 
0.7531125640307814 2.826240496248504E-4 0.0010642712065168953 0.0012718002318669052 9.345277173901896E-4 -9.105752339433725E-5 9.991393143035016E-4 -9.231963053765365E-4 -0.002820616829683373 7.280913678968634E-4 
0.8233217960063085 2.8328649307081486E-4 0.001068197757103574 8.466928800866206E-4 0.0010804900246327315 0.0013047553154785715 5.922440930863442E-4 0.0013686691763389355 -0.002806557476874913 7.140707779816416E-4 
0.9040393541223016 6.190113915146921E-5 0.001075421022039882 7.973191076550168E-4 0.0020245630621418906 1.651832052335404E-4 0.0010014923524543089 0.0010625406161410343 -0.0029076378841767993 7.086580688042868E-4 
0.5335091226662528 3.125300501752971E-4 0.002112763012961418 0.0012686776300159215 0.0018198136832570295 -1.294370543281011E-4 0.0010071390054492463 0.0010971201507178666 -0.003606918141083673 0.0016942963612230255 
0.015040880300454307 2.730035653491578E-4 0.0010286112268257338 8.024075367455473E-4 0.0010461195941787746 1.2534663291199379E-4 5.902965949227437E-4 0.0010903555913056274 -0.0028038481029290982 2.796114150165668E-4 
0.0961322148747622 2.73361281172349E-4 7.020789557850475E-4 0.0012452776101457546 0.0010878170277654276 2.5146029500333633E-6 0.001004616994005045 0.001074655835338106 -0.002841807544637329 6.868310261347607E-4 
0.3647501322848735 7.485802804326502E-5 0.0011864346560925111 7.923230041348238E-4 0.0010165462074306847 -1.1602205576771622E-4 0.0010019334878814848 0.0011111700618661891 -0.002900785678161102 6.195677784500111E-4 
0.9840322569464477 3.16776258473769E-4 8.281976208834035E-4 8.015094252095186E-4 0.001540646737150536 1.975874689350713E-4 0.0010102695832190122 0.001013099499222703 -0.0027148278021966324 2.846151473449546E-4 
0.03413690128288012 1.1236303833629899E-4 0.001030519102688384 7.736435062835152E-4 0.0010457719851642453 -1.3277240418869838E-4 9.752110047535354E-4 0.0013592623522371374 -0.0027156841759895627 5.029022474512501E-4 
0.483194622922993 4.65457214186735E-4 0.0011098075552428788 0.0012473263376644767 0.0019295969657031956 -5.25025547811763E-5 9.719832763622339E-4 0.0010738854879904555 -0.002747472887993683 5.947531651104357E-4 
0.7879378158789343 2.587762544120991E-4 0.0010799204630157766 0.0012714121285096053 9.587867287437681E-4 0.0013569135701378362 9.991401396057498E-4 0.0014219118560819296 -0.002820617560429982 7.231973580929324E-4 
0.6328175772821879 2.629396791086873E-4 0.0010829385750716568 0.0012135416680124893 0.0010664760289551766 2.1231740973545263E-4 5.665794349981992E-4 0.0010188046391406086 -0.0031658468541107695 6.803509033634273E-4 
0.0995308278981912 2.7532624198961265E-4 7.000718410713889E-4 0.001290030214460093 0.001937722892606161 -4.524082236816489E-5 9.998521206477059E-4 0.0010739312195096413 -0.0028403160152895997 2.84006232322977E-4 
0.0440457207679357 9.92677452300674E-5 0.0012661365528603657 7.729223080261214E-4 0.0016397329632462574 1.2097186726653499E-4 9.79823016722373E-4 0.0013592623522371374 -0.0027902832479058523 5.029022474512501E-4 
0.4030879898765611 2.672049734691737E-4 0.0010826722178476963 0.0012082964505126825 0.001828897259291726 -8.986525182721111E-5 5.372352676387194E-4 0.0010790013868862097 -0.002819870748451379 7.628481662590817E-4 
0.8596879746854877 2.5519421569813257E-4 0.00115939276106511 0.0012170269464104873 0.0010872764969752733 -8.879220273136869E-5 0.0010033266311819486 -9.768599087480018E-4 -0.002805210915948792 6.803548197608104E-4 
0.028407328327840486 7.840026801919918E-5 0.0015872153160538382 7.973191076550168E-4 0.0018366102119887692 1.654614657808303E-4 5.616179612723946E-4 0.0010690702664912673 -0.002906781678980678 6.886798517048041E-4 
0.6513063901243912 3.1621111900449376E-4 0.0010829385750716568 0.0012135416680124893 0.0010581973291813721 1.9791611086359206E-4 5.665794349981992E-4 0.0010188046391406086 -0.0031658468541107695 6.803509033634273E-4 
0.4095059379920243 2.6712260397064786E-4 0.00182139570293155 0.0012724358386503255 0.0011062444261373014 1.8865372378562692E-4 5.544924353160763E-4 0.0010744956664893866 -0.0028997574039082395 0.0015761886644277026 
0.08653332356329779 3.1536254566596816E-4 0.001521988023603808 0.0012452190654729342 0.0010459701614255917 -9.621495656199607E-5 5.828673662724776E-4 0.0010627176135374233 -0.0031841274913817744 6.800474793254E-4 
0.2955430940165288 4.622703160601938E-4 0.0010793842023121517 0.0012248327869286335 0.0015717385503685069 -5.5276286121392384E-5 0.0010025940879814237 7.407548767653194E-4 -0.0027724407731307115 6.870535045462586E-4 
0.8233217960063085 2.8328649307081486E-4 0.001068197757103574 8.466928800866206E-4 0.0010804900246327315 0.0013047553154785715 5.922440930863442E-4 0.0013686691763389355 -0.002806557476874913 7.140707779816416E-4 
0.5438562687162247 8.57358021763692E-5 8.270293497086872E-4 0.0012693664359795702 0.0010179763526506245 -5.1861849806127164E-5 0.001001556824942605 7.646048603608931E-4 -0.002822275796478193 6.78918638475994E-4 
0.18871032471258914 3.2321176456052427E-4 0.0011100432408214706 0.0012450644270933656 0.0020346895164733755 -2.0344661927537878E-4 5.921062286905448E-4 0.0010243946354279816 -0.002750205207225746 5.962579018689018E-4 
0.6129861768779834 2.743736613247266E-4 0.0012553257618721702 7.704572817995247E-4 0.001563151674720282 -1.3277240418869838E-4 0.0010037214307846013 0.0013592623522371374 -0.0028008338611204458 5.053773254473386E-4 
0.18871032471258914 3.2321176456052427E-4 0.0011100432408214706 0.0012450644270933656 0.0020346895164733755 -2.0344661927537878E-4 5.921062286905448E-4 0.0010243946354279816 -0.002750205207225746 5.962579018689018E-4 
0.9525772332974811 2.585194540313176E-4 0.0010937065209717203 0.0012447192752932587 0.0010169974773653117 -7.462945353283675E-5 9.728276041819848E-4 0.0010023517023441835 -0.0029411009536352527 5.881840421025152E-4 
0.42319263405705687 2.6136888964945864E-4 6.730671013654478E-4 0.00128818407778529 0.0018124118950498867 1.7000911942544243E-4 6.118408802176706E-4 0.0010565714587304445 -0.0028079994236479785 7.134005922720152E-4 
0.028407328327840486 7.840026801919918E-5 0.0015872153160538382 7.973191076550168E-4 0.0018366102119887692 1.654614657808303E-4 5.616179612723946E-4 0.0010690702664912673 -0.002906781678980678 6.886798517048041E-4 
0.2955430940165288 4.622703160601938E-4 0.0010793842023121517 0.0012248327869286335 0.0015717385503685069 -5.5276286121392384E-5 0.0010025940879814237 7.407548767653194E-4 -0.0027724407731307115 6.870535045462586E-4 
0.758855715984096 2.673775295444693E-5 0.0010642712065168953 0.0012718002318669052 0.0019749415734465862 -8.999537448858295E-5 9.991393143035016E-4 -9.231963053765365E-4 -0.002820616829683373 7.280913678968634E-4 
0.2401432999560446 2.4547689075099993E-4 0.001100112394570359 7.937505217060001E-4 0.0010158980343843234 -3.0395963891655104E-5 0.001155911819895257 0.0010887363898407028 -0.0028044533632109263 5.944802443601218E-4 
0.5831381068945465 2.6387628565020316E-4 0.001079857607454863 8.215341687844068E-4 0.0019541968672370674 1.7047967688172785E-4 5.953836204583437E-4 0.0013779227278030003 -0.002909343701644466 6.885399128840556E-4 
0.0860491171263425 8.730317100282419E-5 8.029193168162459E-4 7.629850355743044E-4 0.0020280210001604885 -1.01014550096528E-4 5.664019194438378E-4 0.0010675523159095629 -0.0029034814530152974 0.0018333300335154241 
0.1998344751786798 2.846991971144797E-4 0.0010392829443031243 8.246462024046768E-4 0.0010863943154851463 1.7040694487290838E-4 9.998521206477059E-4 0.0013775108794803084 -0.002843588357123088 0.001126175914937473 
0.4202979046918349 2.607975550698637E-4 0.0011660609942494085 0.001228774787103146 0.0018236045530072651 -5.470975163961178E-6 9.990005788156095E-4 0.001055992702130685 -0.0028079994236479785 7.134005922720152E-4 
0.22146780855883363 3.1536254566596816E-4 0.0010766199130059543 0.0012452190654729342 0.0010423242032814807 -9.621495656199607E-5 5.828673662724776E-4 0.0010627176135374233 -0.003207898161906121 6.800474793254E-4 
0.47686464449082544 4.65457214186735E-4 0.0011100663539429093 0.0012415066581629157 0.0019295969657031956 -5.25025547811763E-5 9.611117146765175E-4 0.0010738854879904555 -0.002747472887993683 5.947531651104357E-4 
0.004566121956480762 2.448894280435669E-4 0.0010933644972200235 8.325123563876712E-4 0.0010407797396330934 -5.311260322693882E-5 0.0010471447639473907 0.0011075065573868048 -0.0027991182197105325 5.985321988487659E-4 
0.7966173605813389 2.826240496248504E-4 0.0010984513515710926 7.717682597123078E-4 9.345277173901896E-4 -9.441217543683139E-5 0.0010072446116929992 -9.878093083040686E-4 -0.002820616829683373 7.280913678968634E-4 
0.11591859124841647 8.733992492221999E-5 8.029193168162459E-4 7.629850355743044E-4 0.0010550769529862813 -1.01014550096528E-4 5.664019194438378E-4 0.0010675600497759225 -0.002906787183865682 0.0018333300335154241 
0.7705489940187059 5.6140424850025204E-5 0.0010674247953193598 0.0012082042246516517 0.001828897259291726 -8.986525182721111E-5 9.813312749907227E-4 7.208971234392296E-4 -0.002820569269269525 7.628481662590817E-4 
0.07021361135262902 3.2253329026101185E-4 0.00108001712369539 0.0012318105700494944 0.002043557749208169 -9.99652841217498E-5 0.0010252812119782553 7.38914875139928E-4 -0.0027727989042236347 6.79944765117496E-4 
0.2401432999560446 2.4547689075099993E-4 0.001100112394570359 7.937505217060001E-4 0.0010158980343843234 -3.0395963891655104E-5 0.001155911819895257 0.0010887363898407028 -0.0028044533632109263 5.944802443601218E-4 
0.9843470225014465 2.7284578026321116E-4 0.0010286112268257338 8.139792355213845E-4 0.0010460475071960005 -9.075547443305563E-5 5.823895443919571E-4 0.0010916301007026937 -0.0027153579670415014 7.183063949446251E-4 
0.8114413660861558 3.262435456364571E-4 0.0010780581576423963 0.0012099579214772333 0.0011634112516955431 2.9179738328198026E-4 0.0010144915655507937 0.0010900522598900522 -0.002839419459418193 6.983031143852164E-4 
0.32639773972977737 3.1536254566596816E-4 0.001532839353408651 0.0012753258765369714 0.001058628663664487 1.98923047070634E-4 5.827964225147074E-4 0.0010188046391406086 -0.003173266627327279 6.800474793254E-4 
0.11954183710123589 2.679321667416819E-5 8.064810853913884E-4 0.0012477360620033835 0.0019723444220585426 -2.3573617253206042E-4 5.953821456342705E-4 0.0010677364634448447 -0.002785276484700167 6.802073303938085E-4 
0.1998344751786798 2.846991971144797E-4 0.0010392829443031243 8.246462024046768E-4 0.0010863943154851463 1.7040694487290838E-4 9.998521206477059E-4 0.0013775108794803084 -0.002843588357123088 0.001126175914937473 
0.040547554093728136 9.87252997323235E-5 0.0010392829443031243 8.023653132683076E-4 0.0010441518138805009 -8.996659930253764E-5 9.99579985285394E-4 0.0013776224060176303 -0.002788861350027717 6.93458189354959E-4 
0.5875529313134584 3.183778419255104E-5 0.0010665172614018757 8.215341687844068E-4 0.0019541968672370674 1.7047967688172785E-4 5.953836204583437E-4 0.0013779227278030003 -0.002909343701644466 6.907779789702598E-4 
0.8886126050115778 6.314725376869637E-5 0.0010933088235204726 7.963612383231E-4 0.0010133320867151475 1.8340980745628396E-4 9.332665539307849E-4 0.001063321081534738 -0.00290760790656335 0.0011526599974600808 
0.8733964711520195 2.6358332757736396E-4 0.001106210556991449 0.0011902630435286637 0.0010603915868849475 1.267814907815954E-4 0.0010070374988187503 0.0010622123369662493 -0.0027157989186772083 2.476488986416218E-4 
0.03731847559812289 2.7532624198961265E-4 7.000718410713889E-4 0.001290030214460093 0.001937722892606161 -4.524082236816489E-5 9.998521206477059E-4 0.0010749167231905935 -0.0027668112310651966 2.878757020398228E-4 
0.32639773972977737 3.1536254566596816E-4 0.001532839353408651 0.0012753258765369714 0.001058628663664487 1.98923047070634E-4 5.827964225147074E-4 0.0010188046391406086 -0.003173266627327279 6.800474793254E-4 
0.8886126050115778 6.314725376869637E-5 0.0010933088235204726 7.963612383231E-4 0.0010133320867151475 1.8340980745628396E-4 9.332665539307849E-4 0.001063321081534738 -0.00290760790656335 0.0011526599974600808 
0.8084871759725906 3.262435456364571E-4 0.0010780581576423963 0.0012099579214772333 0.0011634112516955431 2.963409495739454E-4 0.0010144915655507937 0.0013619571593147762 -0.0031657419724183114 6.983031143852164E-4 
