0.0 -0.0018221088207107865 -2.3860190809296035E-4 -7.725556280945147E-6 -0.0022466381766553163 0.001655542981016146 9.632461877514931E-4 -7.930296494424087E-5 -0.0053723863825243575 0.00336811911981435 
0.0 -0.0018221088207107865 -2.3860190809296035E-4 -7.725556280945147E-6 -0.0022466381766553163 0.001655542981016146 9.632461877514931E-4 -7.930296494424087E-5 -0.0053723863825243575 0.00336811911981435 
0.985201698751448 2.302258557736566E-4 -1.6373803681627726E-4 5.315610474655506E-4 -0.0022540594268098185 -9.144076037079524E-4 9.227312032443846E-4 -3.6554233527284915E-5 -8.96654718434899E-4 7.204692869348212E-4 
0.2665876442835906 1.1581778474979126E-4 -8.684920741746234E-5 6.143594851144505E-4 -0.002373906535595529 -9.033335090467885E-4 0.0012048109217656418 -7.043302090523113E-5 -0.0054164631255843075 0.0034535069834023425 
3.0084111556669124E-4 1.9598769947807977E-4 -3.3770333965810786E-4 5.293618466573715E-4 -0.002253045557455586 -8.536766260397952E-4 0.0012709482314117837 4.010853176219609E-4 -0.0010862683443401472 -0.0028171301056270116 
0.01639515127899177 1.3073273119862646E-4 -6.153885165370938E-4 5.701128201646608E-4 -0.0022492666612839987 -9.417680688756559E-4 0.0011798952390203086 -7.043302090523113E-5 -8.850415233876011E-4 0.003378675313217858 
0.3176547575665981 3.6625155335002953E-5 -3.240952660406224E-4 4.295227706673226E-4 -0.002439298764872494 0.00165597406464938 0.002198338563047784 -1.4591032647381785E-5 -0.0011298779010299144 0.003408683508721081 
0.34571624924756617 4.2810550442811386E-5 -3.240952660406224E-4 4.295227706673226E-4 -0.002440965705193575 0.00165597406464938 0.0012631487035840478 -1.4591032647381785E-5 -0.0011298779010299144 0.003408683508721081 
0.3669946648885365 -1.9121330043499158E-5 -6.36038401224133E-4 2.554574970117313E-5 -0.0022523336059869542 -9.143699083592475E-4 0.002183979156512992 1.0875410990273475E-4 -0.001063617370582649 0.0033897162455017392 
0.9440506396829488 2.821737043929094E-5 -2.935495725225382E-4 -3.6602724032585134E-5 -0.0022328209287457673 -0.002796238257357803 0.001179080570568162 -2.3634760635397032E-5 -0.005373289172003868 0.0033185149890027025 
0.2510367962861852 2.5981972999488355E-4 -6.488524288152943E-4 -1.4100172628413148E-5 -0.002239794852610314 -8.946131354108492E-4 9.38594207493278E-4 -7.361270433763365E-4 -0.005361689849387438 0.00336795247700829 
0.5747206857439239 4.1472044290852045E-5 -2.0870675908978795E-4 4.910003567524699E-4 -0.002254676380770753 0.0014309635260996466 0.003318185862717416 -1.5362623202288273E-5 -8.850415233876011E-4 0.0034089974856018716 
0.03910340296400311 1.8295648321683643E-4 -6.557167447961773E-4 5.347232731365782E-4 -0.002239665654777136 -9.34345655691507E-4 0.0011849748475245205 -3.8041243973275844E-5 -0.0010802487845787854 0.003323466963960071 
0.7239971130839813 1.9684328027918196E-4 -1.6853690419539065E-4 -4.149229695349496E-6 -0.002271765004286623 0.001653182874012576 9.602740857230189E-4 -3.635670695039812E-5 -8.96654718434899E-4 0.0035465496078910027 
0.5707245245208058 -5.841050472087378E-5 -6.412968476970808E-4 -2.8239749891215853E-5 -0.002404524060609247 -8.958582815563259E-4 0.0012731599791683595 1.4376717480587664E-4 -0.005450826665248125 0.003416937751723435 
0.7881646959672002 -0.0017411605284994476 -0.0014132277164631368 4.94741821456842E-4 -0.0022719210312350884 -0.002509240296339979 0.0011456626483341626 -6.801279207396427E-4 -7.330451772561909E-4 0.0034554274540018553 
0.5226153832817171 2.7610997585887664E-5 -2.935495725225382E-4 4.21835226474841E-6 -0.0024320622740269314 -8.360634350300137E-4 0.0011804497885029794 -2.3634760635397032E-5 -0.005373289172003868 0.0033186597268837514 
0.6032826049986051 2.9189081551455548E-5 -1.9657225475676045E-4 5.2793392215868E-4 -0.0022524709022137615 -8.707329188430196E-4 0.0021306097637068906 3.73924507708389E-4 -0.005355711785620681 0.0033083276565928754 
0.8906940591135926 1.1030917970608579E-5 -2.0666260332682313E-4 -3.7230647026085075E-5 -0.002405003137683428 -9.367834510893719E-4 9.800457962525918E-4 3.776060938535704E-4 -0.005384971264996138 0.00337014887434638 
0.44571150320219366 1.2531126010106712E-4 -2.3625820918834534E-4 4.94853627796E-4 -0.002246591912802343 0.0016556029727522433 9.634567644698958E-4 -7.980087430899405E-5 -0.005373634462675106 0.0033140266528774924 
0.40321882269858156 1.9597514703779736E-4 -6.436584560066448E-4 5.324637765335915E-4 -0.002397316379130965 -8.470083853367821E-4 0.0021913528235826085 3.8757702511872877E-4 -0.005352869348774654 -0.0031093069865410134 
0.29047834849498794 -7.461026344874493E-5 -1.1089838574337403E-4 1.9074524580912184E-5 -0.0022531430721583145 -9.137038949583571E-4 8.981834206967097E-4 4.77090042081664E-5 -0.001078841080175786 0.00337882637620222 
0.048557370497017305 2.3148271916121092E-4 -2.1548603697850747E-4 5.315610474655506E-4 -0.0022540594268098185 -9.144076037079524E-4 9.227312032443846E-4 -3.648256782387918E-5 0.0013817212237724678 0.0032977387199818143 
0.4218632168430037 4.2810550442811386E-5 -1.1947425533882996E-4 5.268272629339605E-4 -0.0022547990570932503 0.0014149779826939232 0.0032857340756231018 -1.505467843588429E-5 0.0028239570744461088 -7.985390170783336E-4 
0.18410383880574793 2.7610997585887664E-5 -2.935495725225382E-4 5.273077482636198E-4 -0.0022297447170931185 -8.360634350300137E-4 0.0011804497885029794 -2.3634760635397032E-5 -0.005373289172003868 0.0033185149890027025 
0.2183869219737274 6.024353763060133E-5 2.2832337343050804E-4 4.931731550974356E-4 -0.0022373465243493242 0.0013224555026721612 0.0021332104512458536 -1.2063063823208338E-5 -0.005447555145704806 0.003365460327929586 
0.004424078619148425 1.8295648321683643E-4 -6.557167447961773E-4 5.347232731365782E-4 -0.002239665654777136 -9.506978504359613E-4 0.0011848293829756923 -3.771391464084495E-5 -0.0010802487845787854 0.0035657977035842203 
0.41911562261295404 4.2810550442811386E-5 -1.157183936129175E-4 5.430758260804602E-4 -0.0022519970875646477 0.0017296654153880508 0.0010589170810951299 -6.96790161361773E-5 -0.005372340310748858 0.0034081671316887265 
0.49255490216089914 1.9684328027918196E-4 -6.437338366856288E-4 -5.0237634969210905E-5 -0.0022539789934524464 0.0016556035596209425 9.823005968237443E-4 4.760823038506978E-6 -0.0053541581078439225 -0.003222596187028029 
0.23819541766649105 4.129507856827525E-5 -3.302871408934923E-4 -2.5458081829352118E-5 -0.0022297447170931185 -8.360634350300137E-4 0.0011919273447583397 -2.3634760635397032E-5 -0.005373289172003868 0.0033185149890027025 
0.28942953225567475 4.3608209377240826E-5 -1.2683462906995545E-4 -2.6122772514147773E-5 -0.0022406564006035054 -8.949569478430878E-4 0.0021253108725617 1.4368682883193437E-4 -0.005437161699533976 0.0034164163782000054 
0.6756769564207885 -2.433351581218278E-5 -3.289829434976989E-4 -6.92564516203974E-5 -0.0022637273221901366 0.0016209537264135917 0.0021284953256925404 1.0627574731924072E-4 -0.005365296175217747 0.003454061906104265 
0.8202652109777999 -8.024603658394883E-5 -6.454138572602693E-4 5.56549495342059E-4 -0.002239758997358465 0.0017295190642582085 0.0010614620742079156 -6.98235946742822E-5 -0.005389226320947304 0.0034565912038623005 
0.010467741207037251 8.17578726949994E-6 -6.157983016827177E-4 5.763971353574003E-4 -0.0024307203074512267 0.0016946890922442033 0.0012157011798711766 -1.1505037241603999E-5 -0.005437055011061024 0.0032850844867163965 
0.9769179158032484 -0.001702250428436175 -2.1460591758833199E-4 4.951198410879464E-4 -0.002234439928313264 -0.0024378355884361563 0.0011183555333258762 5.567149970425381E-5 -0.0053737008612866856 0.0033622487387315833 
0.03357253429187762 -0.0017242898888953995 -2.1555071754961755E-4 5.013168118010203E-4 -0.0022526985313761415 -9.506978504359613E-4 9.665395228030484E-4 -4.492809494554672E-5 -0.0010802487845787854 0.003370423853764924 
0.02506693560649559 2.500325459717039E-4 -2.3101911280390134E-4 1.8323687028389522E-5 -0.0022529834104522166 0.0014725874843303163 0.0015014971197929534 3.916229722179204E-4 0.002959796227813112 0.003378018902677195 
0.6833167729208686 1.3071228223578892E-4 -2.137093121939016E-4 4.89312808468462E-4 -0.002249420380906687 -9.417680688756559E-4 0.0011798952390203086 -7.043302090523113E-5 -8.850415233876011E-4 0.0033781835423114287 
0.8063646278164224 1.3006447497079132E-4 -2.1370840024135233E-4 4.94853627796E-4 -0.0022494569316664774 0.0014739537614209643 0.0021202384146968545 -6.87482252666214E-5 -0.00511018653298786 0.0033780078217108484 
0.13112044676794643 1.6902385505449362E-4 -6.458250567491601E-4 2.007131667636252E-5 -0.002244253209961579 -9.30386727094073E-4 0.0011983133990195434 -6.791481684666445E-5 -0.0010802487845787854 0.003456827802754953 
0.6976253551461582 1.320712373505858E-4 -1.194362806397889E-4 5.251397146499527E-4 -0.002249389337606496 -9.577536122813794E-4 0.0011474434519259946 -7.012507613882715E-5 0.0028239570744461088 -8.293529603687767E-4 
0.08721829471696135 1.7716327855496056E-5 -1.6433419663492221E-4 4.3466807909301245E-4 -0.002272577488035828 0.0017304898127935532 9.211745389954328E-4 -6.558743009577956E-5 -0.005377418156292598 0.0034700943067986242 
0.34381500346439664 4.2810550442811386E-5 -3.240952660406224E-4 4.295227706673226E-4 -0.002440965705193575 0.00165597406464938 0.0010865347614270446 -1.4591032647381785E-5 -0.005376288660444565 0.003408683508721081 
0.15098613756331464 1.6851503668369433E-4 -6.355904864940832E-4 -1.0959558720952914E-6 -0.002141058103634925 -9.493271150815065E-4 0.0011983133990195434 -6.835837468618722E-4 -0.005373008360380615 0.003455505791939872 
0.11227694809135577 3.3036725667629483E-4 -1.9814231322482504E-4 5.319221732570454E-4 -0.0024247379297869247 0.0015924014772535652 0.0020862595529719296 -6.783028172576272E-5 -0.005450000876205724 0.003388433860454045 
0.5497173593936228 4.3794198032074816E-5 -1.269870291248772E-4 -2.847844772467165E-5 -0.0022406564006035054 -8.794649465936595E-4 0.0021255695653671362 7.384151499679175E-5 -0.005437161699533976 0.0034167990138330557 
0.07413616105932463 -4.238813577346818E-5 -1.1089838574337403E-4 2.5527418240760724E-5 -0.0022532781894087027 -9.138214288475695E-4 9.963765749764844E-4 4.720418347297033E-5 -0.0011966021905951388 0.00337882637620222 
0.6439007734717738 1.2513886618209318E-4 -6.554895835636583E-4 -1.6587659808518188E-5 -0.002373906535595529 -9.417680688756559E-4 0.0012048109217656418 -7.043302090523113E-5 -8.850415233876011E-4 0.0033143546343810805 
0.5335181410204286 1.7708061227288024E-5 -1.6433419663492221E-4 4.332259982344711E-4 -0.002272577488035828 0.0018917679625648793 9.383979501606755E-4 -4.180163768982897E-5 -0.005441139186836981 0.0033677352234535536 
0.9175432212253971 8.225887479395784E-6 -6.376968130200264E-4 5.769409352535802E-4 -0.0022529920007197815 0.00147719385740457 0.001261902496792804 9.664784521452521E-5 -0.005370157225465175 0.0038108120793504375 
0.8914548953366412 1.9678468587667463E-4 -2.2692850572525103E-4 -9.324357310371185E-7 -0.0024058200951526235 -9.612766155885573E-4 0.001026989302468475 -3.451938924214657E-5 -7.99634757684296E-4 0.0035393867446379852 
0.12291962609725954 -1.4610929744520167E-5 -2.1977176636275652E-4 -4.1043012277040705E-5 -0.0023928147071079625 -8.506617269375722E-4 0.0011850309015581286 -7.042443382541068E-5 -0.005372818072945245 -0.0030926354469611676 
0.7323320680054661 1.9684328027918196E-4 -1.6463272972864102E-4 5.141129345866079E-4 -0.0022718904564216144 0.0015822034398006233 0.001026989302468475 -3.635670695039812E-5 -8.96654718434899E-4 0.0035393867446379852 
0.9447263101633507 1.9684328027918196E-4 -6.45827792214461E-4 5.315610474655506E-4 -0.002253045557455586 -9.144076037079524E-4 0.0012620162275741235 -7.073678014183728E-5 -0.0010862683443401472 0.0033897162455017392 
0.3236979143056691 -0.0017242898888953995 -2.1555071754961755E-4 5.305868647716911E-4 -0.00238642788722298 -9.506978504359613E-4 9.971062648471527E-4 3.65843551258112E-4 -9.795512784251319E-4 0.003371505215461656 
0.2004835106932561 -0.0017808096053777687 -6.087471160279332E-4 5.90755974436347E-4 -0.0022574218590665713 -0.0027173194404175385 0.0021394385764383988 4.760823038506978E-6 -0.0053541581078439225 -0.003222596187028029 
0.9666529349334757 -0.001702250428436175 -2.2709668694570606E-4 4.951198410879464E-4 -0.002232272103817299 0.0014688753988757583 0.0011197650226570813 5.567149970425381E-5 -0.0053737008612866856 -0.00278577522121243 
0.39114496667184084 1.9597514703779736E-4 -6.436584560066448E-4 5.324637765335915E-4 -0.0024055236889106465 -8.328665780072189E-4 9.91089208808917E-4 3.869953052998218E-4 -0.005352869348774654 -0.0031093069865410134 
0.46307259391632705 1.7533898600866668E-4 -2.506149425837285E-4 5.681438570687666E-4 -0.0022449032802310045 -9.505070783512649E-4 0.0011848687834534698 -3.339192045818154E-5 -0.005372430940422773 0.003324597050017853 
0.7743975540856936 -1.2291073045931052E-4 -1.4830027249163117E-4 5.368029286937541E-4 -0.0022651847985141155 -8.046683947449402E-4 0.0012418989779026657 -4.485838365823659E-5 -0.005364694474025543 0.003458408848190243 
0.8537429488468049 3.198537861250137E-5 -2.9703673353159287E-4 -1.963463196820003E-5 -0.002397504196003162 0.0016262915996619707 0.002188987348523979 1.4293754983246752E-4 -0.005373343176693685 0.0033181323533696522 
0.08987839317582924 1.3455135225708828E-4 -6.153885165370938E-4 5.701128201646608E-4 -0.0022492666612839987 0.001747064234979129 0.001181977408758638 -6.570249793200291E-5 -8.850415233876011E-4 0.0033720654007087787 
0.6169156065269795 4.2810550442811386E-5 -1.194362806397889E-4 5.268272629339605E-4 -0.0022547990570932503 0.0014149779826939232 0.0032857340756231018 -1.505467843588429E-5 0.0028239570744461088 -7.985390170783336E-4 
0.3834545606187805 1.9618410447975562E-4 -6.444090378856542E-4 5.324637765335915E-4 -0.0024055236889106465 -8.328665780072189E-4 9.91089208808917E-4 -4.879788153091822E-5 -0.005352869348774654 -0.0032182768873702805 
0.45599072904300536 1.9684328027918196E-4 -2.373962163125193E-4 4.94853627796E-4 -0.002244856705119992 0.0016556035596209425 9.634567644698958E-4 -7.980087430899405E-5 -0.005373634462675106 0.0033140266528774924 
0.47897680822294375 1.7544067404183286E-4 -2.8189351647219505E-4 -1.392924412383119E-5 -0.0023986837693199614 -0.0025849361518846484 8.414585492418809E-4 3.523753706039589E-4 -0.005373235209513586 0.0033127354730151824 
0.5066667786252756 1.8068588666603192E-4 -2.8265005623945316E-4 -1.392924412383119E-5 -0.002396719432806434 -0.0027347052032584665 0.0021753607318362234 -5.944094297925739E-4 -0.005373343176693685 0.0033189776653289897 
0.7574990492249981 6.0883494855480486E-5 2.479414277626147E-4 -6.816289665235836E-5 -0.002239953607638433 -8.586342571370505E-4 0.0020974556844897702 -6.75675990784703E-6 -0.005437025644810348 0.003362051148897557 
0.17648421624422328 -0.0018221088207107865 -2.3860190809296035E-4 -7.725556280945147E-6 -0.0022466381766553163 0.001655542981016146 9.632461877514931E-4 -7.930296494424087E-5 -0.0053723863825243575 0.00336811911981435 
0.8671158066514572 1.9572565911068465E-4 -6.427432066346519E-4 -4.025786506112178E-5 -0.002405003137683428 -9.367834510893719E-4 9.800457962525918E-4 3.776060938535704E-4 -0.00537101794415983 0.0033191674781641867 
0.010817468288251031 1.8316544065879472E-4 -6.564673266751867E-4 5.347232731365782E-4 -0.002244253209961579 -9.506978504359613E-4 0.0011848293829756923 -6.791481684666445E-5 -0.0010802487845787854 0.003456827802754953 
0.13387523076460306 1.832575027552596E-4 -6.557167447961773E-4 5.016602126938913E-4 -0.002244253209961579 -9.501164628977187E-4 0.0011848293829756923 3.678783699840756E-4 -0.0010802487845787854 0.0035657977035842203 
0.12291962609725954 -1.4610929744520167E-5 -2.1977176636275652E-4 -4.1043012277040705E-5 -0.0023928147071079625 -8.506617269375722E-4 0.0011850309015581286 -7.042443382541068E-5 -0.005372818072945245 -0.0030926354469611676 
0.15850851630202234 -4.084819573337135E-5 -1.1089838574337403E-4 2.5527418240760724E-5 -0.002253119853482202 -9.929074136900092E-4 9.973090321820591E-4 -6.659086954314949E-4 -0.005373469050619644 0.00337882637620222 
0.8290709062701231 8.937482075560435E-5 -3.291680442235565E-4 5.289433426936068E-4 -0.0022641445199851036 0.0014547660994568847 0.00128836547590861 -7.07506668480316E-5 -0.001159548865576297 0.0033683627658468184 
0.059960038439577035 1.9684328027918196E-4 -2.1427999426281894E-4 4.94853627796E-4 -0.002253119853482202 0.0016556035596209425 0.0010503557412978287 -7.074970413454399E-5 -0.005373634462675106 0.003359721589816448 
0.6796219025830705 2.8450108830906378E-5 -3.289829434976989E-4 4.238018294297961E-4 -0.0022637273221901366 0.001454389390611521 8.830996229156125E-4 3.9401219045986273E-4 -0.005365867227700438 0.003454061906104265 
0.9175432212253971 8.225887479395784E-6 -6.376968130200264E-4 5.769409352535802E-4 -0.0022529920007197815 0.00147719385740457 0.001261902496792804 9.664784521452521E-5 -0.005370157225465175 0.0038108120793504375 
0.7552468916386351 4.473141922063574E-5 2.479414277626147E-4 -7.34994995997866E-5 -0.002239953607638433 -8.909010536712586E-4 0.0010684666245636039 -7.534231985832532E-5 -0.005437025644810348 0.0034084953673803086 
0.5488227966082627 4.2845160865786656E-4 -1.2266408850752388E-4 -6.068470484536678E-5 -0.0022409383235685292 -0.002504037836513658 0.0020860041670072048 1.3908441581057208E-4 -0.005450795747760515 0.003374223917532987 
0.17648421624422328 -0.0018221088207107865 -2.3860190809296035E-4 -7.725556280945147E-6 -0.0022466381766553163 0.001655542981016146 9.632461877514931E-4 -7.930296494424087E-5 -0.0053723863825243575 0.00336811911981435 
0.15850851630202234 -4.084819573337135E-5 -1.1089838574337403E-4 2.5527418240760724E-5 -0.002253119853482202 -9.929074136900092E-4 9.973090321820591E-4 -6.659086954314949E-4 -0.005373469050619644 0.00337882637620222 
0.09257059157377118 -0.0017576724643898743 -2.164454104619813E-4 5.013168118010203E-4 -0.0022712588513684505 -9.506978504359613E-4 9.665395228030484E-4 -4.492809494554672E-5 -0.0010802487845787854 0.003360927753447018 
0.8280256136936677 -0.001702432534106997 -3.242249315336327E-4 4.95890310128604E-4 -0.00225285481200411 0.0014703558370098289 0.0012620162275741235 -7.07506668480316E-5 -0.0010862683443401472 0.0033683627658468184 
0.0721737064233102 1.9891796117266924E-4 -6.61716084694626E-4 -2.856601470732623E-5 -0.002239541393429203 -9.505070783512649E-4 0.0012153516820285776 -8.507976267483106E-5 -0.005372736271196439 0.003325059125939728 
0.23869995232112062 3.2064377676349243E-5 -2.936775341044179E-4 -2.9888801512557167E-5 -0.0022297447170931185 -8.360634350300137E-4 0.0011804497885029794 -2.3634760635397032E-5 -0.005373289172003868 0.0033185149890027025 
0.0016725754606009002 1.9684328027918196E-4 -3.3770333965810786E-4 5.293618466573715E-4 -0.002253045557455586 -9.144076037079524E-4 0.0012620162275741235 -7.073678014183728E-5 -0.0010862683443401472 0.0033683627658468184 
0.6431812391667069 1.2513886618209318E-4 -6.554895835636583E-4 -1.6070627456969574E-5 -0.002373906535595529 -0.0025124111821999166 0.0012048109217656418 -7.043302090523113E-5 -9.218689192511359E-4 0.0033143546343810805 
0.47748510117233645 1.8078217708690083E-4 -2.8265005623945316E-4 -1.392924412383119E-5 -0.0023986837693199614 -0.0025125376625144786 0.0021753607318362234 -5.918733986052169E-4 -0.005373165709460301 0.0033189776653289897 
0.7743975540856936 -1.2291073045931052E-4 -1.4830027249163117E-4 5.368029286937541E-4 -0.0022651847985141155 -8.046683947449402E-4 0.0012418989779026657 -4.485838365823659E-5 -0.005364694474025543 0.003458408848190243 
0.010817468288251031 1.8316544065879472E-4 -6.564673266751867E-4 5.347232731365782E-4 -0.002244253209961579 -9.506978504359613E-4 0.0011848293829756923 -6.791481684666445E-5 -0.0010802487845787854 0.003456827802754953 
0.6974583807087522 1.251593151449307E-4 -6.504870304595445E-4 -1.6587659808518188E-5 -0.0023737528159728408 -9.417680688756559E-4 0.0012048109217656418 -7.043302090523113E-5 -8.850415233876011E-4 0.0033143546343810805 
0.6290275645307974 -7.484757605254086E-5 -1.157183936129175E-4 5.454625786228487E-4 -0.00225312015997386 0.0017296654153880508 0.0010602934078496166 -6.96790161361773E-5 -0.0010772080645677163 0.0034081671316887265 
0.20779112975085434 6.024353763060133E-5 2.4542297996289547E-4 4.92656122745887E-4 -0.002237360828806758 -9.409252551815997E-4 0.0021332104512458536 1.1427628403565989E-4 -0.005410697562999816 0.0033617256162007756 
0.6169156065269795 4.2810550442811386E-5 -1.194362806397889E-4 5.268272629339605E-4 -0.0022547990570932503 0.0014149779826939232 0.0032857340756231018 -1.505467843588429E-5 0.0028239570744461088 -7.985390170783336E-4 
0.0016725754606009002 1.9684328027918196E-4 -3.3770333965810786E-4 5.293618466573715E-4 -0.002253045557455586 -9.144076037079524E-4 0.0012620162275741235 -7.073678014183728E-5 -0.0010862683443401472 0.0033683627658468184 
0.8671158066514572 1.9572565911068465E-4 -6.427432066346519E-4 -4.025786506112178E-5 -0.002405003137683428 -9.367834510893719E-4 9.800457962525918E-4 3.776060938535704E-4 -0.00537101794415983 0.0033191674781641867 
0.8568246140783824 1.956694963021014E-4 -6.427432066346519E-4 -4.732830954808759E-5 -0.002405003137683428 -9.508631640290936E-4 9.800457962525918E-4 -5.2358811855418005E-5 -0.00537101794415983 0.0033149327992996686 
0.6032826049986051 2.9189081551455548E-5 -1.9657225475676045E-4 5.2793392215868E-4 -0.0022524709022137615 -8.707329188430196E-4 0.0021306097637068906 3.73924507708389E-4 -0.005355711785620681 0.0033083276565928754 
0.2162165859025913 6.024353763060133E-5 2.4542297996289547E-4 4.951133075794666E-4 -0.0022373465243493242 0.0014037911561604567 0.0011303720638874105 -1.0741753358584192E-5 -0.005448079601171986 0.003361453787224719 
