0.0 -1.1072020854164971E-6 -7.713379070396277E-4 4.573927220284595E-4 -2.5681280251240997E-4 9.240516107152314E-4 5.422988102085605E-4 0.0012272077438533573 -5.245800986693929E-4 0.0018620463663516086 
0.9975237096156808 -2.034143728201257E-5 -6.353435271854381E-4 3.920337973312319E-4 -2.561528370136238E-4 0.0018325579124827916 6.304133105333746E-4 0.0011902616899906737 -3.753791735029192E-4 0.0019645939535853055 
0.8395867753307285 -3.456869104793827E-5 -5.106286326561033E-4 3.915165986149602E-4 -3.4529924669025403E-4 8.629389307273064E-4 4.332178136027402E-4 0.0011653888906201033 -5.273267165245287E-4 0.0018817499166131075 
0.15510128622883176 -1.0193810325675208E-5 -6.640513856727935E-4 4.612355504433779E-4 -2.754819873974226E-4 8.618367012527223E-4 3.581056767910211E-4 0.001450292201545443 -3.1183492488729705E-4 6.389728959522262E-4 
0.47875581467352796 -6.604598130511582E-5 -6.451007454308236E-4 3.87621918982359E-4 -2.530799409480492E-4 0.0018297143199598165 6.262914672617061E-4 0.0012215835612133968 -2.601777773348508E-4 0.0019093057166336264 
0.24753833599495173 -4.909238629257899E-5 -5.801980037347912E-4 3.94823685449578E-4 -2.557430101192477E-4 8.330461121974911E-4 5.629890670414286E-4 0.0014913631517418427 -3.735346211914107E-4 0.0019662103732171568 
0.1385891167599434 -6.147616645281126E-5 -5.087118891411258E-4 4.6431850305706695E-4 -2.544812282423244E-4 8.851863346858861E-4 5.246863923994722E-4 0.001461083546112852 -3.0404431982931397E-4 0.0019105714454327443 
0.6249066136449424 6.141088558916396E-4 -7.700915497069108E-4 3.835869699406647E-4 -2.454633128089775E-4 9.094436864988035E-4 4.6528020980257927E-4 0.0011902344370458224 -5.27919139382178E-4 0.0018883925234530283 
0.500610700190468 -9.457079402422033E-5 -0.0014303210984129928 3.8349782551336476E-4 -2.5524178529130986E-4 0.001791922796076587 7.384861592195616E-4 0.0011896675671333773 -3.2401174733721254E-4 0.0018707271016348648 
0.06581280880747409 -6.92839289467689E-5 -6.246395547725058E-4 4.5827090576815497E-4 -3.3490399747024676E-4 8.709527866425247E-4 6.12058521552054E-4 0.00130140471624016 -3.7943680404530546E-4 0.0023397364234971135 
0.8204652285086957 -6.915764198493277E-5 -7.64963448710542E-4 5.978274916717375E-4 -2.8562960240824E-4 0.001792445001337558 6.387441627066861E-4 0.0014731787421705038 -5.317120237330528E-4 -0.0016580167398795444 
0.10809137499143501 -6.746981277783724E-5 -0.0014594400862462963 3.835796717055489E-4 -3.359439471490683E-4 9.453218110344189E-4 4.6528020980257927E-4 0.0011902344370458224 -3.7770207682622653E-4 0.0019199990426778937 
0.023922219355245078 -3.618721670216527E-5 -6.822985046277699E-4 3.895374527434241E-4 -3.1936779405839725E-4 0.0018093914621028367 4.984167262813036E-4 0.001485672874037455 -3.086237553384359E-4 0.0018368924946536767 
0.07960565321944307 -7.005928998811847E-5 -6.241238500636994E-4 4.5827090576815497E-4 -2.551788738736256E-4 8.709527866425247E-4 6.144529953485366E-4 0.0014948910901202827 -3.7943680404530546E-4 0.001969348772459042 
0.7736360867375669 -3.562281610614714E-5 -7.687613560492729E-4 3.881982435262331E-4 -3.3201524499678226E-4 0.0018093914621028367 4.994725380706597E-4 -0.0025220623406793244 -3.082814896746986E-4 0.0018368924946536767 
0.031928266734409266 -5.508627468516392E-5 -7.618015008190925E-4 3.822906390454078E-4 -2.51279011700349E-4 9.536818908271152E-4 5.361540846429262E-4 0.0011921623148050198 -3.799329629962317E-4 0.0018525010374767416 
0.16908232737878537 6.596277990988003E-4 -7.648899896894204E-4 3.833839040126586E-4 -2.8588265195560864E-4 9.946914245928117E-4 -0.0017677673549880179 0.0011899400000179073 -5.31444321902715E-4 0.0019081862997735754 
0.28937738454734396 -5.952932298822718E-5 -0.00141546044282685 3.8554975226305394E-4 -2.7775689309765013E-4 0.0017991986910275968 7.361699710320759E-4 0.0014704757587582983 -3.235847207581957E-4 0.001869979075556501 
0.46300877693791176 6.65670292254438E-4 -6.580245938320316E-4 4.5754575711428566E-4 -3.187563729782698E-4 0.0020520398286701072 -0.001993831287270048 0.001107268569680707 -3.1326396022231435E-4 0.0018753079558315672 
0.5390041312090631 -3.3692597310520966E-5 -6.358750134108981E-4 4.508924279881815E-4 -2.825422506906372E-4 0.0018392320046155329 5.002804438906156E-4 0.0016626454067765956 -3.0526158337247276E-4 0.002366690662553131 
0.5781121296044444 -6.080219819995312E-5 -5.799714413659222E-4 4.5820389484365053E-4 -6.504769032397231E-4 9.162320570170054E-4 3.5748242034690225E-4 0.0015004281168729207 -3.4333789300325076E-4 0.0018962413405744967 
0.9342085525350664 -6.26202576554671E-5 -5.162364786910449E-4 3.903409149202898E-4 -3.1536146634648883E-4 0.001837612038758292 4.297213363219217E-4 0.001634578888506185 -3.486776044529505E-4 0.0018883246466270846 
0.6828506999261672 -1.3312860493971935E-5 -5.754388368141021E-4 3.8944015852930233E-4 -6.504769032397231E-4 9.142348457761458E-4 3.614768593686295E-4 0.0015004281168729207 -2.7256124592306863E-4 0.0018960540882463487 
0.18787315754019135 -6.84313255838286E-5 -5.295204239604807E-4 3.9395166286892763E-4 -2.5664488156529114E-4 0.001012899083365662 4.846472793726884E-4 0.0012216594282504463 -3.2417662493385225E-4 0.0018708459582881286 
0.09680297398506432 6.65670292254438E-4 -0.0014320897437723776 3.69083745648774E-4 -3.187563729782698E-4 0.0020520398286701072 -0.0020061119622578672 0.001107268569680707 -3.1326396022231435E-4 0.0018753079558315672 
0.41517439160350095 -3.9376868986979526E-5 6.198321903921932E-5 3.915171728295581E-4 -2.5776125913665583E-4 0.0018477923672201527 -0.0018585464933082686 0.0016259999710698738 -3.796080575508162E-4 0.001958495638512815 
0.6714584153285432 -1.855504340425392E-5 -7.686557786089678E-4 4.6416925952492413E-4 -2.585779172516487E-4 0.0018389487609193032 5.28063113284451E-4 0.0012298080732762412 -2.870828942512807E-4 0.0018331794311628345 
0.5995784789273684 -1.4522766032806938E-4 -7.699743673195063E-4 4.609738541453576E-4 -2.56943299954075E-4 9.673890202795618E-4 -0.0016200082569736937 0.0012092930657859639 -5.210858479044738E-4 6.359283885227185E-4 
0.640369519059048 -6.219733188327874E-5 -5.195450181374757E-4 3.832615834189817E-4 -3.3702991954613404E-4 0.001837612038758292 4.372817600681799E-4 0.0015004894002694944 -3.486776044529505E-4 0.0018883246466270846 
0.7336553573132879 -5.0203606403124574E-5 -6.940473006690745E-4 4.610843323910116E-4 -2.795480584498465E-4 0.0018298326176796678 5.520349789650413E-4 0.0011120927633591657 -2.990018861320274E-4 0.001907853128556286 
0.21065625238821223 -4.049324176380475E-5 -7.738198301236221E-4 3.868563747692273E-4 -2.5579990284947684E-4 0.0017920791858575414 6.961815311506337E-4 0.0015009225191002246 -5.296654313197147E-4 0.0016490674952353767 
0.26296317302604294 -1.0751241771422014E-5 -7.573443833525775E-4 4.6062405498145746E-4 -2.752483394878972E-4 9.197808109456064E-4 3.552656237534404E-4 0.0014446260915635166 -3.2855806911660004E-4 6.626041930127997E-4 
0.008992264113014362 6.188790082412554E-4 -6.355454866851226E-4 3.9000877820700037E-4 -2.5630503536195893E-4 0.0018403192868119732 -0.0016072530122919462 0.0012161034916419828 -3.6706181888743455E-4 0.0018746026391714549 
0.3021691166658709 -1.743770988423948E-5 -6.935102510398712E-4 4.73264318782555E-4 -2.755257176900008E-4 0.002157734400280263 2.5786051318714117E-4 0.001210713661077697 -3.1883797584282867E-4 6.886288711237043E-4 
6.480605206184709E-4 -5.1729950653254067E-5 -7.610473503919898E-4 4.59282589119543E-4 -2.45814864107353E-4 9.547293120962271E-4 7.679170167230666E-4 0.0011795181962589388 -5.287949916488194E-4 0.0018753835274101043 
0.3446474336664398 -3.545904176475837E-5 -6.335452833774416E-4 4.7662615917115034E-4 -2.5579990284947684E-4 0.0018037091850847012 4.358833222862953E-4 0.0014772547489420563 -3.747463510453217E-4 7.576428741685001E-4 
0.36444658291220844 -3.934719268023952E-5 -6.822985046277699E-4 3.895374527434241E-4 -3.1750321021799743E-4 0.0018093914621028367 5.85805774011505E-4 0.001485672874037455 -3.1015504958977933E-4 0.0018357355438998527 
0.9841831412443675 -2.378962052241581E-5 -6.437760126586059E-4 3.9395166286892763E-4 -2.5617557435015E-4 0.001012899083365662 4.854298833455782E-4 0.0012216594282504463 -2.657307959476879E-4 0.0018753941421230267 
0.7521199559176045 -5.5974625754886136E-5 -6.822985046277699E-4 3.8421832330947845E-4 -2.732960969698747E-4 9.661501603604799E-4 5.449524707956294E-4 0.0014930421908972307 -3.746668326033831E-4 0.0018357355438998527 
0.8755959247296758 -5.814411826834953E-5 -7.681574892523624E-4 3.827129502167059E-4 -2.549360024001397E-4 8.424893075373357E-4 -0.0017681402511706982 0.001189390837688174 -5.317335303224878E-4 0.0018989793610865958 
0.907315794580182 -4.866220330890493E-5 -5.799714413659222E-4 4.61372486976194E-4 -2.5636640763069814E-4 9.376888715517295E-4 3.5748242034690225E-4 0.0015014098181984215 -3.45285489451118E-4 0.0018885513514345952 
0.27610153931804093 -6.887758468970175E-5 -7.560697132023556E-4 4.7297405303818997E-4 -3.3389925390510367E-4 9.773109756209407E-4 6.087871625836905E-4 0.00130140471624016 -3.8196114010961434E-4 7.235346707740721E-4 
0.06054260981214052 -3.9086137540742445E-5 -5.752804301981137E-4 4.6492825378062984E-4 -3.159190439243423E-4 9.932741164959667E-4 -0.00189126106580539 0.0014505983511443029 -3.8304969478363454E-4 0.0019082259322012968 
0.42856350028220813 1.882998992206318E-6 -7.642399024724458E-4 4.6069133553185376E-4 -2.545117707602796E-4 9.363609627986701E-4 4.5293011787696496E-4 0.0014611114699691887 -3.249912114593788E-4 6.768458282012317E-4 
0.524683337857611 6.456486364094418E-4 -6.433075297721566E-4 3.833935545264584E-4 -2.554457279598315E-4 8.467428236746526E-4 5.451021284674304E-4 0.0012096255030205657 -5.279165713593503E-4 6.799868639749717E-4 
0.01970192067087393 -7.038114222754168E-5 -6.249833919108918E-4 4.5827090576815497E-4 -3.351770485236767E-4 8.709527866425247E-4 4.283239282068206E-4 0.0013205736525688332 -3.7943680404530546E-4 0.001889150403837002 
0.0371889038839337 -2.1211873728514504E-5 -6.475469481950488E-4 4.629846713113033E-4 -2.5663297578353635E-4 0.0018269098995554386 -0.0016063249113337547 0.0011966637205373862 -5.206483355835717E-4 0.0018833466255902145 
0.005068687467361943 -1.0466041152683227E-5 -6.897552361399065E-4 3.873186847592464E-4 -2.7782096410104956E-4 0.0018679534733595916 5.520349789650413E-4 0.0011120927633591657 -2.903982978394697E-4 0.001907853128556286 
0.3635333732935314 -5.585754796212724E-5 -6.822985046277699E-4 3.822880848844334E-4 -3.1750321021799743E-4 0.0018093914621028367 5.863565528765008E-4 0.0014933095545471649 -3.1015504958977933E-4 0.0018357355438998527 
0.11686748302068314 6.683073760861371E-4 -0.0014785302327349583 3.8350318922202714E-4 -3.368052741750177E-4 0.0017943421420396595 -0.0017497318939759762 0.0014987041580678145 -3.437113065528772E-4 0.0018665478786885601 
0.13008986722393018 -1.0801644844813255E-5 -7.642399024724458E-4 4.6069133553185376E-4 -2.545117707602796E-4 9.621904164624405E-4 5.882789474694829E-4 0.0014577292149730847 -3.249912114593788E-4 6.768458282012317E-4 
0.053893665642885225 -2.1295884764794735E-5 -6.483556959088261E-4 3.7699401552864544E-4 -2.5663297578353635E-4 0.0018269098995554386 -0.001448967305694097 0.0011966637205373862 -5.206483355835717E-4 0.0018833466255902145 
0.2202509656693403 -9.753249141564058E-6 -6.368249315202724E-4 3.8981793865932945E-4 -2.543342778369852E-4 9.480446592302885E-4 4.6385676944350545E-4 0.0011918986295175464 -3.7225080379782053E-4 0.0018833392529575953 
0.3181659747333686 -3.4041934755684486E-5 -5.082727513089605E-4 4.64111242900267E-4 -3.436445865135633E-4 8.625253514219302E-4 4.329605976416326E-4 0.0014876072658024802 -3.052820024339637E-4 7.813700799587126E-4 
0.31087515440290037 -5.952932298822718E-5 -0.0014313029891400053 3.8554975226305394E-4 -2.7775689309765013E-4 0.0017991840940382153 7.361699710320759E-4 0.0014704757587582983 -3.235847207581957E-4 0.001869979075556501 
0.6576960272299857 2.1515349322957265E-5 -0.0014580488237355704 3.8498111597746955E-4 -2.3527437770085057E-4 0.001794297224409574 6.851662339132139E-4 0.001644251515530847 -3.9462735525834926E-4 0.002290990013039179 
0.718982832098741 -3.976907256003091E-5 -6.899064736003719E-4 3.931590464924108E-4 -2.7867435267344705E-4 0.0018314988751059246 5.520349789650413E-4 0.0011065611818423407 -2.903982978394697E-4 0.001907853128556286 
0.0017347726410285036 -5.08834712051018E-5 -0.0015166229847122447 3.8114787801533186E-4 -2.51220557833108E-4 9.214994144721263E-4 4.2492305007566997E-4 0.0016746518975932995 -5.23531923294575E-4 0.0019011054058134175 
0.5550135075681609 -5.0796818244002346E-5 -0.0015166229847122447 3.629546629826473E-4 -2.51220557833108E-4 0.002114123199670356 4.2492305007566997E-4 0.0016726502605898808 -5.23531923294575E-4 0.0019006056228822903 
0.09209831247832811 -1.890295784526435E-5 -6.232377542341283E-4 3.830938487114516E-4 -2.805941921002198E-4 0.0018357608616157808 4.238639031701487E-4 0.0017177779380931108 -5.295998829893576E-4 0.0023078710964169204 
0.7003122294567604 -3.4878487577103814E-5 -6.822985046277699E-4 3.89745251503017E-4 -3.341277634497514E-4 8.925987087933759E-4 5.879220252305958E-4 -0.0016290176080844682 -3.7328345510394875E-4 0.0018198523962107771 
0.08299414850251707 6.658855619312452E-4 -7.691114040804205E-4 3.833862148849246E-4 -2.457311805500984E-4 0.0017919205858498105 6.774133726653361E-4 0.0011968316838421955 -5.279165713593503E-4 6.799868639749717E-4 
0.04936334200398433 -7.021066382330464E-5 -6.246395547725058E-4 4.5827090576815497E-4 -3.3389925390510367E-4 8.709527866425247E-4 6.12058521552054E-4 0.00130140471624016 -3.7943680404530546E-4 0.002337777500767743 
0.7843360477313585 1.736669970995457E-5 -6.961830505924837E-4 5.81762931210211E-4 -2.57100039280818E-4 9.37999142484096E-4 7.203422041477044E-4 0.0016432641553611048 -3.722875519865462E-4 0.001894535847379294 
0.01562138215437825 -5.508627468516392E-5 -6.080892780587918E-4 3.822906390454078E-4 -2.51279011700349E-4 9.536818908271152E-4 5.361540846429262E-4 0.001190108735518311 -3.804992789163098E-4 0.0018722423444081028 
0.7466972101756313 -3.543862008202268E-5 -6.843319455784465E-4 3.841294045427345E-4 -2.7348579300012733E-4 9.36470867965329E-4 5.4473601240151E-4 0.0015128873919883368 -3.7478867881689655E-4 0.0018357726001681741 
0.010923562170973788 -5.508627468516392E-5 -6.080892780587918E-4 3.822906390454078E-4 -2.5135905686909823E-4 9.536818908271152E-4 5.361540846429262E-4 0.0011900782296928587 -3.7862359552680953E-4 0.0018722423444081028 
0.8779780112623464 -6.585757057884122E-5 -7.681574892523624E-4 3.827129502167059E-4 -2.549360024001397E-4 8.815115793385188E-4 5.87327621583112E-4 0.001189390837688174 -5.440589090410029E-4 0.0018990287203952071 
0.8058947871422392 1.736669970995457E-5 -6.961830505924837E-4 5.798002278332058E-4 -2.7488515939059615E-4 9.559905839892902E-4 6.959871657122147E-4 0.0016401573609497993 -3.722875519865462E-4 0.001894535847379294 
0.3923325783941584 -5.952932298822718E-5 -0.0015164949743806863 3.8554975226305394E-4 -2.7775689309765013E-4 0.0017922805517048418 7.361699710320759E-4 0.0014704757587582983 -3.235847207581957E-4 0.001869979075556501 
0.42856350028220813 1.882998992206318E-6 -7.642399024724458E-4 4.6069133553185376E-4 -2.545117707602796E-4 9.363609627986701E-4 4.5293011787696496E-4 0.0014611114699691887 -3.249912114593788E-4 6.768458282012317E-4 
0.5122205725980419 -6.922932381143034E-5 -7.433578459862358E-4 4.6510051311055424E-4 -3.332343872043013E-4 0.0017799197442502758 3.5555667055603115E-4 0.001198059874874271 -3.2284727597087486E-4 0.001924670788750395 
0.44994500390024594 1.6729973257367326E-6 -6.764029142475186E-4 3.803299725929551E-4 -2.7534873754562247E-4 9.357655859354846E-4 4.52281769225319E-4 0.0012141071083201886 -3.7337789686388805E-4 0.0018398096119890115 
0.6999921284635492 -3.563695543717668E-5 -6.822985046277699E-4 3.89745251503017E-4 -3.1958135708932674E-4 0.0018298326176796678 5.879220252305958E-4 -0.0016290176080844682 -3.7328345510394875E-4 0.0018198523962107771 
0.44994500390024594 1.6729973257367326E-6 -6.764029142475186E-4 3.803299725929551E-4 -2.7534873754562247E-4 9.357655859354846E-4 4.52281769225319E-4 0.0012141071083201886 -3.7337789686388805E-4 0.0018398096119890115 
0.9512356739995643 1.6729973257367326E-6 -7.578164643070399E-4 4.749172666789344E-4 -2.7554312789015225E-4 9.198996494037984E-4 4.3117544002453396E-4 0.0012249234700597955 -3.725046456427135E-4 6.610553831766663E-4 
0.9687789659424189 -5.2005815478125295E-5 -6.95071554637192E-4 5.753282719419738E-4 -2.57100039280818E-4 9.2323082169154E-4 5.60803654972713E-4 0.0016432641553611048 -3.722532433093601E-4 0.0018617752968964447 
0.8058947871422392 1.736669970995457E-5 -6.961830505924837E-4 5.798002278332058E-4 -2.7488515939059615E-4 9.559905839892902E-4 6.959871657122147E-4 0.0016401573609497993 -3.722875519865462E-4 0.001894535847379294 
0.5550135075681609 -5.0796818244002346E-5 -0.0015166229847122447 3.629546629826473E-4 -2.51220557833108E-4 0.002114123199670356 4.2492305007566997E-4 0.0016726502605898808 -5.23531923294575E-4 0.0019006056228822903 
0.19870494182496187 -3.8269671509211865E-5 -6.330025841498356E-4 4.589926426491177E-4 -2.588664896402384E-4 0.0017962106120782255 4.278452548668593E-4 0.0013204736550942256 -3.2757508153859877E-4 7.436858569172994E-4 
0.6520201747638703 -1.0907673899691905E-5 -7.820788012991493E-4 3.8356348605246603E-4 -2.5700196023163685E-4 0.0017993710999526884 5.50810936775761E-4 0.0016432479152526825 -4.0239292742529537E-4 0.0018855427942875622 
0.042281188625728716 -5.2903939659988306E-5 -7.686557786089678E-4 4.645865044584453E-4 -2.4589721517662876E-4 0.0018389487609193032 5.28063113284451E-4 0.001229808715312102 -5.316368737292111E-4 0.0018331794311628345 
0.3181659747333686 -3.4041934755684486E-5 -5.082727513089605E-4 4.64111242900267E-4 -3.436445865135633E-4 8.625253514219302E-4 4.329605976416326E-4 0.0014876072658024802 -3.052820024339637E-4 7.813700799587126E-4 
0.2685899674788415 -1.0451148153104807E-5 -6.908734732845585E-4 3.874431729642173E-4 -2.768239225553291E-4 8.618367012527223E-4 4.151782843888078E-4 0.0015043210773330075 -2.9146180891713024E-4 0.0019062793869459571 
0.6032226088738346 -1.3978537456457886E-4 -7.712623524614063E-4 4.609738541453576E-4 -2.56943299954075E-4 9.673890202795618E-4 4.4859628847311714E-4 0.0012208349368693914 -5.210858479044738E-4 6.359283885227185E-4 
0.013907246073916968 -1.3388198345852526E-4 -6.074395863203202E-4 4.649040524411252E-4 -2.514071710740765E-4 9.670086382558155E-4 -0.0017229499714671455 0.0011901095268971964 -3.0238127987786335E-4 0.0018718123441218823 
0.9667801496469273 -5.094786226046924E-5 -6.95071554637192E-4 5.753282719419738E-4 -2.57100039280818E-4 9.369466181043755E-4 5.60803654972713E-4 0.0016432641553611048 -3.722532433093601E-4 0.001965662853407948 
0.3397199063005113 -3.5415359632456795E-5 -7.683111254838253E-4 4.7662596685581036E-4 -2.544031029193632E-4 8.564575159243223E-4 4.357293416709547E-4 0.0014811741002196607 -3.7473887333906253E-4 7.316633753744171E-4 
0.003161460965304036 -5.08834712051018E-5 -0.0014155884531584083 3.8114787801533186E-4 -2.51220557833108E-4 9.284175537948815E-4 4.2492305007566997E-4 0.0016746518975932995 -5.23531923294575E-4 0.0019011054058134175 
0.5166814729770134 -6.921478017160159E-5 -5.311472799757548E-4 4.6510051311055424E-4 -3.1716027085300764E-4 0.001827019619103971 3.5555667055603115E-4 0.001198059874874271 -3.2342825312064343E-4 0.001924670788750395 
0.22631069913547305 6.188790082412554E-4 -6.355454866851226E-4 4.612515507087366E-4 -2.5581118611537034E-4 0.0018403192868119732 3.4810811603485444E-4 0.0011213408679889441 -3.6801380951801587E-4 0.0018889180977167226 
0.3857110563991438 -4.982144884915724E-5 -6.894918754015438E-4 3.8983079854741306E-4 -2.559927542143775E-4 0.0018477923672201527 4.926191852286595E-4 0.001198654135020237 -3.894936094584528E-4 0.001958495638512815 
0.3397199063005113 -3.5415359632456795E-5 -7.683111254838253E-4 4.7662596685581036E-4 -2.544031029193632E-4 8.564575159243223E-4 4.357293416709547E-4 0.0014811741002196607 -3.7473887333906253E-4 7.316633753744171E-4 
0.7205864076980257 -3.956644707075752E-5 -6.897552361399065E-4 3.914316257851621E-4 -2.7867435267344705E-4 0.0018298326176796678 5.520349789650413E-4 0.0011120927633591657 -2.903982978394697E-4 0.001907853128556286 
0.8944023133561811 -6.26202576554671E-5 -6.346279446631331E-4 3.903409149202898E-4 -2.585425627509713E-4 0.001837612038758292 4.297213363219217E-4 0.001634578888506185 -3.486776044529505E-4 7.180844203821152E-4 
0.1995093278379778 -3.803057606170478E-5 -6.452437047828422E-4 3.8983262787506184E-4 -2.555389376517984E-4 8.413296622595877E-4 5.472160002579032E-4 0.0014669224638033137 -3.272818978901417E-4 7.436858569172994E-4 
0.13008986722393018 -1.0801644844813255E-5 -7.642399024724458E-4 4.6069133553185376E-4 -2.545117707602796E-4 9.621904164624405E-4 5.882789474694829E-4 0.0014577292149730847 -3.249912114593788E-4 6.768458282012317E-4 
0.9512356739995643 1.6729973257367326E-6 -7.578164643070399E-4 4.749172666789344E-4 -2.7554312789015225E-4 9.198996494037984E-4 4.3117544002453396E-4 0.0012249234700597955 -3.725046456427135E-4 6.610553831766663E-4 
0.1780082365224872 -6.914773249876329E-5 -5.301258427893008E-4 3.888548392298978E-4 -3.3686528408341385E-4 9.449100108939814E-4 3.550287641085626E-4 0.001221752225338263 -3.7813766274264393E-4 0.0019198334655893762 
0.7843360477313585 1.736669970995457E-5 -6.961830505924837E-4 5.81762931210211E-4 -2.57100039280818E-4 9.37999142484096E-4 7.203422041477044E-4 0.0016432641553611048 -3.722875519865462E-4 0.001894535847379294 
