0.7963449328381103
0.7956078618008178
0.016990959644317627
0.012920677661895752
0.7960090606648009
0.022105097770690918
0.7955279915768187
0.7951944439846557
0.01645338535308838
0.014206171035766602
0.014756321907043457
0.7951350181538146
0.01904618740081787
0.018438100814819336
0.015790969133377075
0.7956719367939513
0.7950134842831176
0.7950237958866637
0.7958512275654357
0.019304871559143066
0.7950915067631286
0.022105813026428223
0.016655802726745605
0.014100193977355957
0.017760038375854492
0.7962855070072692
0.01832440495491028
0.014869451522827148
0.7955962388950866
0.7948026030499022
