3.769268514588475E-4 3.9994189739227295 
1.3904896974563599 0.795368492603302 
0.8331237435340881 1.5937714576721191 
1.290901780128479 1.5936429500579834 
0.7355363368988037 2.3882718086242676 
0.3921269476413727 2.3904101848602295 
0.10763124376535416 3.1809864044189453 
0.3032967746257782 3.1803247928619385 
0.04178604111075401 3.8953328132629395 
0.8009247183799744 1.6902586221694946 
0.09729443490505219 3.204850673675537 
0.3526502251625061 2.565394878387451 
0.3677367866039276 2.4569091796875 
1.341913104057312 0.9966561794281006 
0.3604099750518799 2.5035037994384766 
1.3807848691940308 0.8029782772064209 
0.7473587393760681 2.2246382236480713 
1.294198989868164 1.5454026460647583 
0.07177507132291794 3.4539921283721924 
0.8120018839836121 1.6362513303756714 
0.004585276357829571 3.8954989910125732 
0.7783266305923462 1.8653810024261475 
0.7815090417861938 1.8365193605422974 
0.3231376111507416 2.900027275085449 
0.049417804926633835 3.7956185340881348 
0.31740856170654297 2.9782285690307617 
0.7691203951835632 1.9590070247650146 
0.7874350547790527 1.7855563163757324 
0.33773013949394226 2.718179225921631 
1.3115254640579224 1.3131505250930786 
1.317300796508789 1.2429641485214233 
1.3210428953170776 1.2002731561660767 
0.052820511162281036 3.744354009628296 
0.34271517395973206 2.6624655723571777 
1.2993266582489014 1.4730567932128906 
0.32020220160484314 2.9399807453155518 
0.7530930042266846 2.1511683464050293 
0.3302420675754547 2.808316469192505 
0.7938846945762634 1.735408902168274 
0.7499974966049194 2.1908369064331055 
0.3045225143432617 3.1627016067504883 
0.7604750394821167 2.058992624282837 
1.314205527305603 1.2799726724624634 
0.740706205368042 2.316608190536499 
1.345947504043579 0.9652271866798401 
1.36581289768219 0.8471109867095947 
0.38155248761177063 2.4024908542633057 
1.3313571214675903 1.0917330980300903 
0.056570135056972504 3.687424421310425 
0.04625147953629494 3.8385396003723145 
1.3502122163772583 0.934359073638916 
1.3242945671081543 1.1646440029144287 
1.2998226881027222 1.4662144184112549 
1.335360050201416 1.0541653633117676 
0.0801902785897255 3.344761371612549 
0.33552464842796326 2.7437973022460938 
0.07593858242034912 3.3983957767486572 
0.08347482979297638 3.310159921646118 
0.30844151973724365 3.1065404415130615 
1.3039947748184204 1.4102972745895386 
0.7574566602706909 2.0957534313201904 
0.3141016960144043 3.0244719982147217 
0.8236961960792542 1.607525110244751 
0.05482993274927139 3.7141592502593994 
0.7558583617210388 2.1146841049194336 
0.06800475716590881 3.5079729557037354 
0.7430798411369324 2.2828197479248047 
0.36380383372306824 2.480811357498169 
0.07618352025747299 3.395207643508911 
0.0694897323846817 3.4885478019714355 
1.3541239500045776 0.9079376459121704 
0.08858887106180191 3.2614047527313232 
0.7634415626525879 2.024423360824585 
0.059112802147865295 3.6464834213256836 
0.08644513040781021 3.280555009841919 
0.3490925133228302 2.5975775718688965 
0.34476324915885925 2.641153335571289 
1.3588401079177856 0.8809409141540527 
0.06281275302171707 3.5890567302703857 
0.7669933438301086 1.982750654220581 
0.3106444478034973 3.0772488117218018 
1.3040778636932373 1.409083604812622 
1.3077906370162964 1.3606542348861694 
0.06566589325666428 3.543529748916626 
1.3077906370162964 1.3606542348861694 
1.2928999662399292 1.5652806758880615 
0.8162436485290527 1.621086597442627 
0.32677721977233887 2.8544185161590576 
0.3475600481033325 2.6136631965637207 
0.32696080207824707 2.852480173110962 
0.06484280526638031 3.5573322772979736 
0.06150154769420624 3.6087698936462402 
0.04690547287464142 3.830988645553589 
0.7783266305923462 1.8653810024261475 
1.3655346632003784 0.8483991026878357 
0.7647854685783386 2.008091449737549 
6.69962028041482E-4 3.958249092102051 
1.326844573020935 1.1384520530700684 
1.3352851867675781 1.0544962882995605 
0.7691203951835632 1.9590070247650146 
