1.3899495601654053 0.7950795888900757 
9.913575922837481E-5 4.000018119812012 
9.913575922837481E-5 4.000018119812012 
1.3899495601654053 0.7950795888900757 
1.2906099557876587 1.5923187732696533 
0.8332445621490479 1.593440294265747 
0.39155563712120056 2.390134572982788 
0.7352941632270813 2.3881454467773438 
0.10763435065746307 3.1806468963623047 
0.30315127968788147 3.1787593364715576 
0.34422409534454346 2.643810987472534 
0.004329356364905834 3.8952014446258545 
0.3348434567451477 2.7481818199157715 
1.3066719770431519 1.3700098991394043 
0.31141170859336853 3.058182716369629 
1.3122007846832275 1.3003512620925903 
0.35153627395629883 2.5726537704467773 
0.04151744395494461 3.895160675048828 
0.306049108505249 3.136758804321289 
0.09586658328771591 3.2099502086639404 
1.2949299812316895 1.5299177169799805 
0.36789512634277344 2.4544575214385986 
0.7499904036521912 2.1870110034942627 
0.7971906661987305 1.7114496231079102 
0.7466219663619995 2.2315359115600586 
0.810379683971405 1.6408090591430664 
1.302356481552124 1.427385926246643 
0.822689414024353 1.603389859199524 
0.31410032510757446 3.0198631286621094 
0.3257257342338562 2.8610970973968506 
1.3505151271820068 0.9295815825462341 
0.05182622745633125 3.7557787895202637 
0.7575473785400391 2.089838981628418 
0.07180006802082062 3.450071096420288 
1.2974870204925537 1.493747591972351 
0.07471060752868652 3.4097235202789307 
0.08880605548620224 3.257207155227661 
0.060198161751031876 3.6242525577545166 
0.7636808156967163 2.017357349395752 
0.7904570698738098 1.7588424682617188 
1.3284921646118164 1.1167157888412476 
0.07738084346055984 3.3749005794525146 
0.08676827698945999 3.274653434753418 
0.3604510426521301 2.501044750213623 
1.321673035621643 1.1893203258514404 
1.317758560180664 1.2332338094711304 
0.32212620973587036 2.908719778060913 
0.08178577572107315 3.3237526416778564 
1.315768837928772 1.2570720911026 
0.7760565876960754 1.8844767808914185 
0.7392171621322632 2.332573413848877 
1.300397276878357 1.4535771608352661 
0.058278560638427734 3.655545949935913 
0.05408969148993492 3.7207725048065186 
0.056053537875413895 3.690478563308716 
0.7706478834152222 1.9396300315856934 
0.3555467128753662 2.5383636951446533 
1.3329250812530518 1.0734776258468628 
0.3171863257884979 2.9767251014709473 
0.753393828868866 2.1415367126464844 
0.7883172631263733 1.7753806114196777 
0.7800112962722778 1.8470364809036255 
0.06745010614395142 3.531914234161377 
0.7400854825973511 2.319998025894165 
1.344803810119629 0.9704182744026184 
0.04866480454802513 3.8005588054656982 
0.7733770608901978 1.9111440181732178 
0.7836386561393738 1.814022183418274 
0.04432086646556854 3.860675811767578 
0.7353438138961792 2.387558937072754 
0.3313002586364746 2.7911744117736816 
0.08032754808664322 3.3398561477661133 
0.7545836567878723 2.1265790462493896 
1.321673035621643 1.1893203258514404 
1.3284921646118164 1.1167157888412476 
0.8056445121765137 1.6628305912017822 
0.32058265805244446 2.9299025535583496 
0.7435667514801025 2.272324323654175 
0.31863370537757874 2.9582247734069824 
0.0630468800663948 3.58090877532959 
0.7670661807060242 1.9784876108169556 
1.3680567741394043 0.8363204598426819 
0.0459585003554821 3.839848279953003 
1.3549643754959106 0.9010691046714783 
1.3800601959228516 0.8032498955726624 
0.3328457176685333 2.7712292671203613 
0.7435667514801025 2.272324323654175 
0.30422669649124146 3.1634175777435303 
0.3585839569568634 2.514943838119507 
0.06918056309223175 3.487734079360962 
0.37438881397247314 2.4238412380218506 
0.06890445202589035 3.491987466812134 
0.7676542401313782 1.9719921350479126 
0.38169655203819275 2.401014566421509 
0.760917067527771 2.0494472980499268 
0.0476294569671154 3.8159635066986084 
0.3285504877567291 2.824535608291626 
1.337152123451233 1.0342884063720703 
1.3596819639205933 0.8741984963417053 
0.8019440174102783 1.6825144290924072 
