2.001763343811035 0.0019583608955144882 
0.0010421647457405925 3.992983102798462 
1.3897156715393066 0.7960002422332764 
1.916273593902588 0.7820808291435242 
1.2922413349151611 1.5816224813461304 
0.8344888091087341 1.5943306684494019 
0.39242005348205566 2.3908605575561523 
0.7361444234848022 2.3901546001434326 
0.3044762909412384 3.1710519790649414 
0.10746163129806519 3.1815199851989746 
0.3162190020084381 3.007153272628784 
0.062373701483011246 3.6210274696350098 
0.3101329207420349 3.0898256301879883 
0.7474434971809387 2.23340106010437 
0.8191760182380676 1.6148602962493896 
0.806530237197876 1.684941053390503 
0.7884103655815125 1.77947199344635 
1.9278714656829834 0.5981631278991699 
0.00628688046708703 3.8970813751220703 
0.7770573496818542 1.8891299962997437 
1.3450151681900024 0.9764090776443481 
1.3394873142242432 1.0269004106521606 
0.7682888507843018 1.9879872798919678 
1.3576453924179077 0.8992777466773987 
0.7512606382369995 2.183506965637207 
0.3303259611129761 2.83357572555542 
1.9209359884262085 0.698308527469635 
1.9242069721221924 0.6508663296699524 
0.32589033246040344 2.8676693439483643 
1.3075206279754639 1.369086503982544 
0.0767810270190239 3.3975508213043213 
0.0886802077293396 3.2646756172180176 
1.9460376501083374 0.37816476821899414 
0.7419936656951904 2.3041069507598877 
1.9634861946105957 0.19431090354919434 
0.04904141277074814 3.8103644847869873 
1.9492971897125244 0.3239215314388275 
1.3773419857025146 0.8113113045692444 
0.0704544335603714 3.480057954788208 
1.3165563344955444 1.2593427896499634 
0.35796675086021423 2.5347869396209717 
0.7611315250396729 2.0618083477020264 
0.32213371992111206 2.9310920238494873 
0.06396956741809845 3.5746445655822754 
1.3032946586608887 1.4277757406234741 
0.08350788056850433 3.317774772644043 
1.9325724840164185 0.541307806968689 
1.3675824403762817 0.8562177419662476 
0.33760955929756165 2.725759983062744 
0.04541178047657013 3.8619062900543213 
0.07515756040811539 3.413761854171753 
1.957671880722046 0.2397952675819397 
1.9173352718353271 0.7512287497520447 
0.3079776465892792 3.1317076683044434 
0.057158276438713074 3.7051727771759033 
0.79594486951828 1.7260804176330566 
0.09416297823190689 3.2231273651123047 
1.3317985534667969 1.0914130210876465 
1.9414727687835693 0.4175240993499756 
0.3197861909866333 2.9572839736938477 
1.3011082410812378 1.4570033550262451 
1.321185827255249 1.2022125720977783 
0.7636923789978027 2.0290067195892334 
1.313738226890564 1.3131756782531738 
0.3642916977405548 2.4884257316589355 
0.3525608479976654 2.5680630207061768 
0.06729670614004135 3.5300111770629883 
1.9388600587844849 0.4531998634338379 
0.7564181089401245 2.1349844932556152 
0.04239756613969803 3.896150827407837 
0.0024465839378535748 3.9422414302825928 
0.053168680518865585 3.75174880027771 
0.3338499963283539 2.7682063579559326 
0.34227949380874634 2.6886353492736816 
1.2947312593460083 1.5456931591033936 
0.3642916977405548 2.4884257316589355 
1.2977937459945679 1.5038081407546997 
1.967710256576538 0.1536729782819748 
1.935556411743164 0.48460400104522705 
0.37672847509384155 2.4203381538391113 
1.9899592399597168 0.031053056940436363 
1.9802228212356567 0.0759124681353569 
1.3264003992080688 1.1485204696655273 
1.3106813430786133 1.3288578987121582 
0.7392036318778992 2.3466219902038574 
0.10032873600721359 3.1966679096221924 
0.3511759638786316 2.600344181060791 
0.05196722596883774 3.7696545124053955 
1.3195228576660156 1.2211171388626099 
1.9528003931045532 0.28660112619400024 
0.08374834805727005 3.314148187637329 
1.9348258972167969 0.5158771276473999 
0.7998956441879272 1.7109030485153198 
0.7794843316078186 1.859009027481079 
1.3427778482437134 0.9923307299613953 
1.3316586017608643 1.1007556915283203 
0.3433678150177002 2.6653616428375244 
1.9700316190719604 0.13638512790203094 
0.7572932243347168 2.118382453918457 
0.782778263092041 1.8301371335983276 
