2.000739812850952 7.568796281702816E-4 
2.000739812850952 7.568796281702816E-4 
8.202165481634438E-4 3.9883673191070557 
8.202165481634438E-4 3.9883673191070557 
1.91489839553833 0.7937337160110474 
1.3893365859985352 0.7958117723464966 
1.2914141416549683 1.5919487476348877 
0.8329367637634277 1.5940920114517212 
0.7363511919975281 2.38198184967041 
0.39183056354522705 2.3909285068511963 
0.10920682549476624 3.181659698486328 
0.30412736535072327 3.177591562271118 
0.07192801684141159 3.461655378341675 
1.3128525018692017 1.3000891208648682 
1.941384196281433 0.42117777466773987 
0.0668167769908905 3.538722276687622 
1.3078583478927612 1.363357663154602 
1.3314942121505737 1.0938307046890259 
0.056804049760103226 3.7104904651641846 
1.3034461736679077 1.425246000289917 
0.7523928284645081 2.1642420291900635 
0.07583849877119064 3.403179883956909 
0.34104058146476746 2.686047077178955 
1.367997407913208 0.8402847647666931 
0.37875881791114807 2.4169704914093018 
1.945167064666748 0.37006717920303345 
1.29655122756958 1.5201821327209473 
1.3576234579086304 0.9009107947349548 
0.09017536789178848 3.264058828353882 
0.09757167100906372 3.2058424949645996 
0.32115861773490906 2.9393153190612793 
0.08065242320299149 3.346651792526245 
1.9190304279327393 0.7235357165336609 
0.7619900703430176 2.04862642288208 
0.3166888654232025 2.994143486022949 
1.924139142036438 0.6518504023551941 
1.2991831302642822 1.4853465557098389 
0.06413611769676208 3.59102201461792 
1.9278782606124878 0.5908072590827942 
0.7437328100204468 2.2799999713897705 
0.04802805930376053 3.8273098468780518 
1.9354727268218994 0.49774259328842163 
0.08474189043045044 3.3022074699401855 
0.3660593032836914 2.4700441360473633 
0.3246457576751709 2.891043186187744 
0.31092461943626404 3.0762507915496826 
0.3493380844593048 2.599637508392334 
0.06059807538986206 3.6343045234680176 
0.3139544427394867 3.0404767990112305 
0.35649460554122925 2.5489354133605957 
0.004926649387925863 3.8958609104156494 
1.3513127565383911 0.9290999174118042 
1.3237342834472656 1.1762508153915405 
0.04964139685034752 3.798577308654785 
0.33639636635780334 2.740570068359375 
0.7564385533332825 2.1144304275512695 
0.058838408440351486 3.6747140884399414 
0.7722749710083008 1.9312843084335327 
1.9217392206192017 0.6901618838310242 
1.3186697959899902 1.2361855506896973 
0.33109501004219055 2.8019938468933105 
1.9507044553756714 0.31236088275909424 
1.9534730911254883 0.2770271599292755 
0.7777019739151001 1.8755171298980713 
0.0429869145154953 3.8953397274017334 
0.36636096239089966 2.468101978302002 
0.8136575222015381 1.6313304901123047 
1.9763025045394897 0.09087684005498886 
0.04328744858503342 3.8929429054260254 
0.7586113214492798 2.0891191959381104 
0.784225344657898 1.8176074028015137 
0.0011062208795920014 3.9588985443115234 
0.7473249435424805 2.2309441566467285 
1.340461015701294 1.012058138847351 
0.34687528014183044 2.6294660568237305 
0.7668552994728088 1.9896131753921509 
1.3190451860427856 1.2307052612304688 
1.3237342834472656 1.1762508153915405 
0.35649460554122925 2.5489354133605957 
0.7713741064071655 1.9458458423614502 
1.3354229927062988 1.0567179918289185 
0.7403123378753662 2.327453851699829 
1.3456227779388428 0.9697326421737671 
1.9584182500839233 0.23658503592014313 
1.9895756244659424 0.02751779370009899 
1.9691234827041626 0.14072725176811218 
0.32769834995269775 2.8519158363342285 
1.9628956317901611 0.18960027396678925 
1.377734899520874 0.8096680641174316 
1.9691234827041626 0.14072725176811218 
0.789899468421936 1.7688474655151367 
1.983622670173645 0.05220160260796547 
0.7936458587646484 1.7409889698028564 
0.30846643447875977 3.1272833347320557 
0.7473249435424805 2.2309441566467285 
0.8047529458999634 1.6709760427474976 
0.7825090289115906 1.8300009965896606 
0.32898399233818054 2.8366122245788574 
1.9309083223342896 0.5574315786361694 
0.8046950101852417 1.6723172664642334 
