7.135917549021542E-4 3.995609998703003 
2.00099778175354 0.0011386810801923275 
7.135917549021542E-4 3.995609998703003 
1.3893927335739136 0.7963966727256775 
1.915285587310791 0.7930583953857422 
0.835567057132721 1.5943695306777954 
1.2921735048294067 1.5923525094985962 
0.3916158378124237 2.3910820484161377 
0.7363854050636292 2.390268564224243 
0.304532915353775 3.179354429244995 
0.10920793563127518 3.1817450523376465 
0.31754791736602783 2.9882991313934326 
0.004826005082577467 3.8957550525665283 
1.3251640796661377 1.1645594835281372 
1.9370877742767334 0.47458240389823914 
0.37688037753105164 2.4213027954101562 
0.7979480028152466 1.7140260934829712 
1.3030738830566406 1.4362220764160156 
1.3416520357131958 1.0091392993927002 
0.3649679124355316 2.483003616333008 
1.9706896543502808 0.17694821953773499 
0.7467567324638367 2.248657703399658 
0.049690186977386475 3.8053085803985596 
0.7919878959655762 1.7565678358078003 
0.8095260858535767 1.652213454246521 
1.9290481805801392 0.5831495523452759 
0.32495975494384766 2.888018846511841 
1.9757057428359985 0.09811867028474808 
1.9331297874450684 0.5260506272315979 
1.299778699874878 1.4898141622543335 
1.9252939224243164 0.6404083371162415 
1.3328964710235596 1.0870784521102905 
0.05299094691872597 3.7551088333129883 
0.08891589194536209 3.270212173461914 
1.2961338758468628 1.5463703870773315 
0.06416276097297668 3.5764355659484863 
1.3608529567718506 0.8776689171791077 
0.30730417370796204 3.1377060413360596 
0.3368985056877136 2.7423489093780518 
1.9915333986282349 0.025513727217912674 
0.07869362086057663 3.3749911785125732 
0.8175276517868042 1.6214001178741455 
7.346756174229085E-4 3.9912469387054443 
1.3736212253570557 0.8223292231559753 
0.3317471742630005 2.797152042388916 
1.9216175079345703 0.6912258267402649 
0.31227725744247437 3.065093517303467 
0.04307055473327637 3.890328884124756 
1.9801075458526611 0.06991921365261078 
0.7785515785217285 1.875425100326538 
0.06946194916963577 3.5175299644470215 
0.7713294625282288 1.9475992918014526 
0.7392800450325012 2.3474321365356445 
0.04531911760568619 3.872171640396118 
1.9617607593536377 0.20489060878753662 
1.3130284547805786 1.309055209159851 
1.319578766822815 1.231225609779358 
1.9441418647766113 0.387685626745224 
0.32941141724586487 2.8347113132476807 
1.957586407661438 0.24864211678504944 
0.3393753468990326 2.7018187046051025 
1.3504325151443481 0.9385815858840942 
0.7844933271408081 1.8192284107208252 
0.07452327013015747 3.4295830726623535 
1.9488884210586548 0.3331850469112396 
0.7745391726493835 1.9153445959091187 
0.3113420903682709 3.0808722972869873 
1.3654707670211792 0.8563048839569092 
0.3595603406429291 2.522287607192993 
1.3504325151443481 0.9385815858840942 
1.3080706596374512 1.3678929805755615 
0.34941521286964417 2.6140618324279785 
0.05657419562339783 3.6996443271636963 
0.35639235377311707 2.5461106300354004 
0.06062026694417 3.6422204971313477 
0.07126719504594803 3.489389419555664 
0.06195146590471268 3.617130756378174 
0.7627973556518555 2.058332681655884 
0.7666395902633667 1.9981122016906738 
0.08373679965734482 3.3213412761688232 
1.3148367404937744 1.2836276292800903 
0.7604504227638245 2.0706710815429688 
0.7528282999992371 2.1653876304626465 
1.3080706596374512 1.3678929805755615 
0.783406138420105 1.8301475048065186 
0.7659212350845337 2.0089471340179443 
1.3372554779052734 1.0483806133270264 
0.07322414219379425 3.45185923576355 
0.7567583322525024 2.1166064739227295 
1.9182335138320923 0.7320589423179626 
0.7433977127075195 2.3059656620025635 
1.9476183652877808 0.34520336985588074 
0.3259904384613037 2.8791658878326416 
0.751488447189331 2.189196825027466 
1.3180581331253052 1.2478801012039185 
0.34560588002204895 2.655409097671509 
1.957586407661438 0.24864211678504944 
0.09490586072206497 3.224743604660034 
0.3439599871635437 2.6643412113189697 
0.7553470730781555 2.126641273498535 
