1.3894004821777344 0.795412003993988 
5.095638916827738E-4 3.9801084995269775 
1.3894004821777344 0.795412003993988 
0.8334323167800903 1.5937429666519165 
1.2914502620697021 1.5900044441223145 
0.7358139753341675 2.3887810707092285 
0.39173591136932373 2.3904056549072266 
0.3035329282283783 3.1802501678466797 
0.10796954482793808 3.181053876876831 
0.3569159209728241 2.532733917236328 
1.3220856189727783 1.1916285753250122 
0.3496171832084656 2.594604969024658 
0.04188913851976395 3.895658254623413 
0.741692066192627 2.3068418502807617 
0.7460208535194397 2.245527505874634 
1.341526985168457 1.0017777681350708 
0.08160226792097092 3.3325116634368896 
0.0601932555437088 3.634982109069824 
1.3097211122512817 1.338766098022461 
0.3628882169723511 2.4891223907470703 
1.318458080291748 1.2322593927383423 
0.7654598951339722 2.003425121307373 
0.31383633613586426 3.030754566192627 
0.004939198028296232 3.895718812942505 
0.37528541684150696 2.4223790168762207 
0.056356851011514664 3.692626476287842 
0.7389000654220581 2.3452162742614746 
0.3699507713317871 2.460143566131592 
0.7535948753356934 2.1461615562438965 
1.3710861206054688 0.8279647827148438 
0.09674319624900818 3.209207057952881 
0.792243480682373 1.7498632669448853 
1.3278676271438599 1.1291424036026 
0.8151696920394897 1.6250072717666626 
0.07143182307481766 3.4624738693237305 
0.8084767460823059 1.6512033939361572 
0.8025346398353577 1.6821244955062866 
7.758751744404435E-4 3.9556546211242676 
1.314744472503662 1.2771260738372803 
0.04446927830576897 3.867434024810791 
0.05192212387919426 3.762765645980835 
0.7684059739112854 1.9713687896728516 
0.054733119904994965 3.718714714050293 
1.3568150997161865 0.8927118182182312 
0.06554096192121506 3.5522730350494385 
1.329168677330017 1.1158918142318726 
0.0688914880156517 3.4989912509918213 
0.32188141345977783 2.919175863265991 
0.08842647075653076 3.2647769451141357 
0.7486670613288879 2.2104530334472656 
1.3344045877456665 1.0650217533111572 
0.3343256115913391 2.760638952255249 
0.7508695721626282 2.1801493167877197 
0.3301425278186798 2.8110456466674805 
1.3476167917251587 0.9545267224311829 
0.07416245341300964 3.424225091934204 
0.3070892095565796 3.1283183097839355 
0.7714220881462097 1.9366687536239624 
0.31621381640434265 2.9993183612823486 
1.3839937448501587 0.7985337972640991 
0.05163678526878357 3.7921407222747803 
1.3127936124801636 1.3007919788360596 
0.8247066140174866 1.6015502214431763 
0.3256618082523346 2.8707094192504883 
1.3058664798736572 1.3885999917984009 
0.3843441307544708 2.3966619968414307 
0.003035135567188263 3.903393268585205 
0.3378874957561493 2.718783140182495 
1.3043136596679688 1.4056967496871948 
1.3360928297042847 1.0493947267532349 
0.784309446811676 1.8111761808395386 
0.08526468276977539 3.292137861251831 
0.7611028552055359 2.0539684295654297 
0.7572218775749207 2.1005265712738037 
0.31022608280181885 3.0846798419952393 
0.7773752808570862 1.8763049840927124 
1.3652141094207764 0.8503305315971375 
1.3462477922439575 0.9622241258621216 
0.06691307574510574 3.5289995670318604 
0.346164733171463 2.6292340755462646 
0.30554312467575073 3.150850534439087 
1.294748067855835 1.539620041847229 
0.07759268581867218 3.379929542541504 
1.291532278060913 1.5873396396636963 
0.3254963755607605 2.871626853942871 
0.062449656426906586 3.5986945629119873 
1.3007798194885254 1.4568783044815063 
0.3207545280456543 2.9374606609344482 
0.33255141973495483 2.7823526859283447 
1.2979899644851685 1.4950120449066162 
1.3547637462615967 0.9065325856208801 
0.34474462270736694 2.643930435180664 
1.2951303720474243 1.5363179445266724 
0.3391611874103546 2.7029552459716797 
0.3101043999195099 3.086459159851074 
0.7580767869949341 2.0920157432556152 
0.0761110708117485 3.398042678833008 
0.7975561022758484 1.711591362953186 
0.7806338667869568 1.8469020128250122 
0.047383468598127365 3.827206611633301 
