0.0013650793116539717 4.000550270080566 
2.0010619163513184 0.0010700023267418146 
1.3909605741500854 0.7960939407348633 
1.9148623943328857 0.7931302785873413 
1.291721224784851 1.5937724113464355 
0.8342612385749817 1.5943268537521362 
0.3919898271560669 2.390909433364868 
0.7375701665878296 2.3799636363983154 
0.30446869134902954 3.1790027618408203 
0.10866144299507141 3.181579113006592 
1.9278861284255981 0.595405638217926 
0.7491013407707214 2.2194247245788574 
1.921701431274414 0.6834074258804321 
0.7418088316917419 2.3094518184661865 
0.3178231418132782 2.9815433025360107 
0.3137470781803131 3.0464510917663574 
1.9343215227127075 0.5059579014778137 
1.3160202503204346 1.2733657360076904 
0.32410281896591187 2.9004290103912354 
0.754872739315033 2.1458046436309814 
0.07925993204116821 3.363662004470825 
1.3280987739562988 1.134752631187439 
0.7883898615837097 1.788807988166809 
1.2953346967697144 1.5458828210830688 
0.09584537148475647 3.2191243171691895 
1.299705147743225 1.4820085763931274 
0.30882948637008667 3.1172828674316406 
1.309015154838562 1.3501123189926147 
0.04309878125786781 3.892897367477417 
0.07449318468570709 3.425132989883423 
1.9874552488327026 0.03681014105677605 
0.77708500623703 1.8941787481307983 
1.9661914110183716 0.16975000500679016 
0.004508033860474825 3.9009580612182617 
0.08430267125368118 3.307537794113159 
0.7632577419281006 2.033069610595703 
1.9529200792312622 0.28389665484428406 
0.32820838689804077 2.84189510345459 
1.334020733833313 1.077254056930542 
0.7698450088500977 1.9631890058517456 
1.3567492961883545 0.8980342149734497 
1.9507430791854858 0.3286372423171997 
0.3345189392566681 2.7638156414031982 
1.3198814392089844 1.2287496328353882 
1.3408738374710083 1.012792706489563 
0.3614415228366852 2.505559206008911 
1.9777934551239014 0.08421412110328674 
1.34658944606781 0.9633896946907043 
0.3406776487827301 2.6921322345733643 
0.05482277274131775 3.7301411628723145 
0.825891375541687 1.626943588256836 
1.9462615251541138 0.3719298839569092 
0.35144442319869995 2.58247447013855 
0.05720463767647743 3.6985483169555664 
0.0515277162194252 3.7802093029022217 
1.3025439977645874 1.4367936849594116 
1.9170043468475342 0.755782425403595 
1.3505749702453613 0.935015082359314 
0.005744668655097485 3.8964924812316895 
0.3753150403499603 2.424745559692383 
0.7685947418212891 1.9833028316497803 
0.3662647306919098 2.470013380050659 
0.06787138432264328 3.52695631980896 
0.8118205666542053 1.6395889520645142 
0.35381805896759033 2.5618984699249268 
0.7950480580329895 1.7385690212249756 
1.9433974027633667 0.40406563878059387 
1.9587273597717285 0.22916659712791443 
0.7578690052032471 2.097475051879883 
0.737697422504425 2.3707966804504395 
1.3377219438552856 1.045487880706787 
1.9382835626602173 0.46282562613487244 
0.7602882981300354 2.0769362449645996 
0.34557655453681946 2.64310359954834 
0.33773866295814514 2.724890947341919 
0.06500035524368286 3.575549840927124 
0.3057902753353119 3.1533706188201904 
0.06006980687379837 3.6522603034973145 
1.304919958114624 1.4047938585281372 
1.9396027326583862 0.43879568576812744 
0.08843117952346802 3.2690417766571045 
0.32684534788131714 2.858335018157959 
1.9580323696136475 0.23329578340053558 
0.07198358327150345 3.469144582748413 
0.8004672527313232 1.6996370553970337 
0.10815420746803284 3.1822376251220703 
1.9978868961334229 0.0062220413237810135 
1.3071461915969849 1.376832127571106 
1.3783698081970215 0.8119350075721741 
1.9695826768875122 0.13644888997077942 
0.7803878784179688 1.8668830394744873 
0.3450700342655182 2.644801616668701 
1.32281494140625 1.1859883069992065 
0.04611136391758919 3.855039358139038 
0.06570018082857132 3.5539302825927734 
0.7822288870811462 1.8407204151153564 
1.32281494140625 1.1859883069992065 
0.061597857624292374 3.6178035736083984 
0.04963750019669533 3.8075873851776123 
0.8081359267234802 1.672997236251831 
