5.61343680601567E-4 3.997945547103882 
2.000762939453125 7.688787300139666E-4 
5.61343680601567E-4 3.997945547103882 
1.9142892360687256 0.7932066917419434 
1.3902850151062012 0.7955358028411865 
1.2910113334655762 1.5921975374221802 
0.8337041139602661 1.5938670635223389 
0.39193788170814514 2.390536308288574 
0.7355999946594238 2.3900439739227295 
0.3036082983016968 3.178955316543579 
0.10857202112674713 3.1812188625335693 
1.312092661857605 1.3073586225509644 
1.9345840215682983 0.49784034490585327 
0.30919957160949707 3.09893798828125 
1.9288628101348877 0.5738645195960999 
0.31686460971832275 2.989655017852783 
0.0885566845536232 3.2626430988311768 
0.369867742061615 2.4473628997802734 
1.3013862371444702 1.4492026567459106 
1.3191354274749756 1.2236411571502686 
1.9258710145950317 0.6171002388000488 
0.08142436295747757 3.3330025672912598 
1.9188158512115479 0.722195029258728 
0.07367508113384247 3.4318222999572754 
0.050325922667980194 3.784139394760132 
1.3386420011520386 1.0279924869537354 
0.061125099658966064 3.617760419845581 
1.9577200412750244 0.23421597480773926 
1.9642105102539062 0.17701932787895203 
1.343765377998352 0.9841607809066772 
1.980924367904663 0.06424135714769363 
0.07867802679538727 3.367572784423828 
0.04689614474773407 3.8338239192962646 
0.7956534028053284 1.724945068359375 
0.054335616528987885 3.7263643741607666 
0.8098556399345398 1.6462727785110474 
0.7506678700447083 2.1840014457702637 
0.07068300247192383 3.474015951156616 
0.06456415355205536 3.566044330596924 
0.0671580359339714 3.5244498252868652 
0.7402252554893494 2.3248684406280518 
1.9434173107147217 0.3867114782333374 
1.9918416738510132 0.019601022824645042 
0.7853201627731323 1.8044991493225098 
0.0038698124699294567 3.8976540565490723 
0.7884779572486877 1.7780503034591675 
0.35602909326553345 2.5390591621398926 
0.8185858726501465 1.6151080131530762 
0.35212913155555725 2.573125123977661 
1.9689459800720215 0.13891901075839996 
1.350319504737854 0.9343410134315491 
0.3405200242996216 2.6884801387786865 
1.2974185943603516 1.504638671875 
0.32337233424186707 2.899559736251831 
0.32914912700653076 2.826164484024048 
1.3056758642196655 1.3911726474761963 
0.7599405646324158 2.0676302909851074 
0.3622038662433624 2.4931302070617676 
0.04242747649550438 3.8916852474212646 
0.7436352372169495 2.2769346237182617 
0.3347756564617157 2.755175828933716 
1.321294903755188 1.199497938156128 
0.3227775990962982 2.90692400932312 
0.004855562001466751 3.8957035541534424 
0.311972975730896 3.058337688446045 
0.09543142467737198 3.2258007526397705 
1.3627538681030273 0.8618361353874207 
0.779094934463501 1.8622101545333862 
1.9537379741668701 0.2740020155906677 
1.3266147375106812 1.144223690032959 
0.7640514969825745 2.019442081451416 
0.05774480104446411 3.673255205154419 
1.9392682313919067 0.4377731680870056 
0.33409440517425537 2.7635931968688965 
0.7371448874473572 2.368191719055176 
0.7482041716575623 2.2167117595672607 
1.3319697380065918 1.086881399154663 
0.3296789228916168 2.819427728652954 
1.3323923349380493 1.0832042694091797 
1.9213865995407104 0.6840620636940002 
1.3056758642196655 1.3911726474761963 
0.7552730441093445 2.1237361431121826 
1.9380040168762207 0.4528521001338959 
0.3470735549926758 2.619384288787842 
0.7458736896514893 2.2479779720306396 
0.34187349677085876 2.6732211112976074 
0.7695668339729309 1.956519365310669 
1.2974185943603516 1.504638671875 
0.04317739978432655 3.8837203979492188 
1.325730800628662 1.1523723602294922 
0.7552730441093445 2.1237361431121826 
1.3861974477767944 0.797174334526062 
0.34602755308151245 2.6303200721740723 
1.3581184148788452 0.8862950205802917 
1.3543486595153809 0.908705472946167 
0.7730472087860107 1.9201494455337524 
0.36581167578697205 2.469759941101074 
1.3724939823150635 0.8243139386177063 
0.056873615831136703 3.6866579055786133 
0.7746230363845825 1.9036657810211182 
