1.3892029523849487 0.795290470123291 
2.8323789592832327E-4 3.993863344192505 
0.8329824805259705 1.5935791730880737 
1.2908765077590942 1.5919829607009888 
0.7354899048805237 2.388817071914673 
0.3914724588394165 2.3902499675750732 
0.303155779838562 3.180837869644165 
0.1077599972486496 3.1808533668518066 
0.7879314422607422 1.781013011932373 
1.317767858505249 1.2361961603164673 
0.004670550115406513 3.8954992294311523 
1.357668399810791 0.8870211839675903 
0.3139972686767578 3.0261495113372803 
0.3256366550922394 2.8675243854522705 
1.3484869003295898 0.9455453753471375 
0.06141386553645134 3.61102557182312 
0.7671115398406982 1.988114833831787 
0.7432852387428284 2.286102771759033 
0.7697437405586243 1.9528992176055908 
0.3475416898727417 2.627589702606201 
1.344498634338379 0.9752768874168396 
0.04177503287792206 3.8948917388916016 
0.06576579064130783 3.5404183864593506 
1.3310354948043823 1.0947433710098267 
0.8039351105690002 1.6727372407913208 
0.001242231810465455 3.932617664337158 
0.7618026733398438 2.0421409606933594 
1.3013410568237305 1.4441180229187012 
0.7464966773986816 2.242297410964966 
0.3206750452518463 2.9313299655914307 
0.0522804781794548 3.751065731048584 
0.3074273467063904 3.1190428733825684 
0.3288722634315491 2.8256876468658447 
1.327469825744629 1.1288763284683228 
1.3238993883132935 1.1670256853103638 
0.3564720153808594 2.5337111949920654 
1.2928801774978638 1.562608003616333 
1.3207494020462036 1.2020825147628784 
0.33476772904396057 2.750655174255371 
0.8076067566871643 1.6538702249526978 
0.05689939111471176 3.680879592895508 
1.3390214443206787 1.020639419555664 
0.08932337909936905 3.2541627883911133 
0.05499585345387459 3.710911750793457 
1.3638558387756348 0.8551639318466187 
0.3085765838623047 3.103848934173584 
0.7959104180335999 1.7215139865875244 
1.3113733530044556 1.3122942447662354 
0.8167128562927246 1.619369626045227 
1.2958240509033203 1.5199519395828247 
0.09382480382919312 3.2234485149383545 
0.047758009284734726 3.817594289779663 
0.7804489135742188 1.8457177877426147 
0.049781959503889084 3.788978338241577 
0.044913627207279205 3.8550264835357666 
0.09877382218837738 3.1981422901153564 
0.3197720944881439 2.944298267364502 
0.3604896068572998 2.503711462020874 
0.7750291228294373 1.8975907564163208 
0.3429366648197174 2.6596107482910156 
0.3707737326622009 2.441072463989258 
0.3812415301799774 2.4044370651245117 
0.7804489135742188 1.8457177877426147 
0.08150684088468552 3.3294713497161865 
1.3749463558197021 0.817651629447937 
0.07050573080778122 3.471465826034546 
0.7395738959312439 2.3289942741394043 
0.7742220759391785 1.905035138130188 
0.7962170243263245 1.7198476791381836 
0.35185572504997253 2.571420907974243 
0.0776134729385376 3.3757760524749756 
0.7531759738922119 2.159674644470215 
4.018158360850066E-4 3.9775867462158203 
0.8212208151817322 1.6072999238967896 
1.3707940578460693 0.83689284324646 
0.37523403763771057 2.42205810546875 
0.7603974342346191 2.0644454956054688 
0.0665813535451889 3.5286858081817627 
0.0739118829369545 3.4240915775299072 
1.3074287176132202 1.3647478818893433 
0.3160519003868103 2.9953677654266357 
0.7575421929359436 2.092839241027832 
0.7486351132392883 2.2077488899230957 
1.304510235786438 1.4011712074279785 
0.7395738959312439 2.3289942741394043 
0.3314899802207947 2.7916975021362305 
1.3350967168807983 1.0540947914123535 
0.3655623197555542 2.469933271408081 
0.7545826435089111 2.129500150680542 
0.33827832341194153 2.709807872772217 
1.3040987253189087 1.4095869064331055 
0.07110753655433655 3.463735580444336 
0.3381388187408447 2.712158679962158 
0.33225923776626587 2.781559467315674 
0.35185572504997253 2.571420907974243 
1.3100391626358032 1.3321306705474854 
0.04419665038585663 3.885854482650757 
0.08572518825531006 3.2860324382781982 
0.07461494952440262 3.4133760929107666 
0.0826149582862854 3.318237781524658 
