2.0016090869903564 0.001683067879639566 
8.573258528485894E-4 3.989057779312134 
1.9143424034118652 0.7926291823387146 
1.3901625871658325 0.7957615256309509 
1.2915146350860596 1.5908235311508179 
0.8343585133552551 1.5939472913742065 
0.3910982012748718 2.3908438682556152 
0.736016035079956 2.3801064491271973 
0.3048720359802246 3.1624035835266113 
0.10943953692913055 3.1816630363464355 
1.3432111740112305 0.9885940551757812 
0.7510313391685486 2.1864750385284424 
0.31343957781791687 3.0391204357147217 
0.06533242762088776 3.5633318424224854 
0.05942707136273384 3.65067195892334 
1.9551101922988892 0.2571665942668915 
1.2983269691467285 1.4927446842193604 
1.923396348953247 0.6616696119308472 
1.9419341087341309 0.4219108819961548 
0.33716925978660583 2.7283031940460205 
1.9262884855270386 0.6134899854660034 
0.10035660117864609 3.1929690837860107 
1.3548994064331055 0.9071080684661865 
1.3369868993759155 1.0417441129684448 
0.738187849521637 2.3571174144744873 
1.3155227899551392 1.2681562900543213 
0.7902937531471252 1.763845682144165 
1.9509196281433105 0.30383750796318054 
1.2942074537277222 1.5499871969223022 
0.32101163268089294 2.933532476425171 
0.7574760913848877 2.0970547199249268 
1.9179736375808716 0.7337316274642944 
0.774653971195221 1.903303861618042 
0.32733094692230225 2.863994598388672 
0.3425232172012329 2.6683735847473145 
9.880049619823694E-4 3.9618027210235596 
0.8057937026023865 1.6657050848007202 
0.3337349593639374 2.779963970184326 
0.7690443396568298 1.9687381982803345 
0.3300645351409912 2.814370632171631 
0.08878893405199051 3.2640419006347656 
1.3260663747787476 1.1468278169631958 
1.302757740020752 1.4284677505493164 
1.980112075805664 0.07713926583528519 
1.9362621307373047 0.5037021636962891 
0.07720191031694412 3.3831253051757812 
0.7435055375099182 2.279360294342041 
0.05936933308839798 3.6926064491271973 
1.3215268850326538 1.2025707960128784 
0.8265808820724487 1.5985864400863647 
0.04242135211825371 3.8930299282073975 
0.06798633933067322 3.5225837230682373 
1.306053638458252 1.3869884014129639 
0.05421477183699608 3.7308192253112793 
0.08878893405199051 3.2640419006347656 
0.7674897909164429 1.9868165254592896 
0.783974826335907 1.818248987197876 
0.30738532543182373 3.1230790615081787 
0.07001747190952301 3.484370470046997 
0.7978482246398926 1.7106101512908936 
0.32329970598220825 2.902639150619507 
0.36102283000946045 2.50266170501709 
0.08147682994604111 3.3369994163513184 
1.3637385368347168 0.8584719300270081 
0.34577643871307373 2.643873453140259 
1.9639041423797607 0.1890077292919159 
0.37085390090942383 2.4504811763763428 
1.9714771509170532 0.1227978765964508 
0.005265268497169018 3.8959782123565674 
0.07270029932260513 3.447988271713257 
1.9432729482650757 0.3838313817977905 
1.319511890411377 1.2235859632492065 
1.3125108480453491 1.3228058815002441 
1.3099573850631714 1.3345139026641846 
1.930817723274231 0.5485408902168274 
0.047139156609773636 3.83475399017334 
0.0047355289570987225 3.896167278289795 
0.07515840232372284 3.416409969329834 
0.05203548073768616 3.763704776763916 
1.3287631273269653 1.1213667392730713 
0.7821208834648132 1.831930160522461 
0.3651124835014343 2.4755921363830566 
0.7618905901908875 2.0400209426879883 
0.3561403155326843 2.5394175052642822 
0.812005341053009 1.6380398273468018 
0.7952675223350525 1.7279777526855469 
0.043241433799266815 3.883282423019409 
1.9886478185653687 0.03497655317187309 
1.356961965560913 0.8957188725471497 
1.916782021522522 0.7552127838134766 
0.3101328909397125 3.088686227798462 
1.9697295427322388 0.14238131046295166 
1.9639041423797607 0.1890077292919159 
0.08147682994604111 3.3369994163513184 
0.7616273164749146 2.045644521713257 
0.7583777904510498 2.0930256843566895 
0.7468702793121338 2.235659122467041 
1.9833194017410278 0.05308324843645096 
1.9957892894744873 0.010685318149626255 
1.9467196464538574 0.35257717967033386 
