1.389410138130188 0.7953007817268372 
4.914958844892681E-4 3.9961390495300293 
1.389410138130188 0.7953007817268372 
1.2908920049667358 1.5922588109970093 
0.8327330350875854 1.5937833786010742 
0.39151307940483093 2.3905529975891113 
0.7356241941452026 2.389688014984131 
0.3034129738807678 3.1806023120880127 
0.10815075784921646 3.181055784225464 
0.004813677631318569 3.8956010341644287 
1.3249603509902954 1.1560105085372925 
1.3182258605957031 1.2320823669433594 
0.7921562790870667 1.751650333404541 
0.7584407329559326 2.0867435932159424 
0.042047396302223206 3.8934898376464844 
0.33144015073776245 2.793670892715454 
0.31010767817497253 3.0832724571228027 
1.3553991317749023 0.901163637638092 
1.3677462339401245 0.8392167687416077 
0.753189742565155 2.1517174243927 
0.7840628027915955 1.814113974571228 
0.797417163848877 1.7125626802444458 
0.06903699040412903 3.494507312774658 
0.37841150164604187 2.4118034839630127 
1.3828624486923218 0.7999966740608215 
0.7399336099624634 2.3286311626434326 
0.3410193920135498 2.681593656539917 
0.05455167591571808 3.7200541496276855 
1.2932382822036743 1.558281660079956 
0.33556458353996277 2.7441091537475586 
0.3177427649497986 2.9753949642181396 
1.3614764213562012 0.8674319386482239 
1.3430259227752686 0.9882827997207642 
0.7513177394866943 2.183077335357666 
0.052738092839717865 3.746823787689209 
0.7432258129119873 2.282029628753662 
0.7474965453147888 2.225522518157959 
0.8133325576782227 1.6313456296920776 
0.3561072051525116 2.5373499393463135 
0.7615609765052795 2.0459136962890625 
0.3241696357727051 2.886692523956299 
0.08121518790721893 3.3343653678894043 
0.34764984250068665 2.613044023513794 
0.37071290612220764 2.4414591789245605 
0.33765822649002075 2.719313144683838 
0.8039703369140625 1.6738765239715576 
0.737947940826416 2.363255262374878 
1.3085755109786987 1.348213791847229 
0.32162514328956604 2.9221925735473633 
1.3010647296905518 1.4504581689834595 
1.3151482343673706 1.2701561450958252 
1.2998981475830078 1.4670850038528442 
0.047959908843040466 3.8185415267944336 
0.3273192048072815 2.8466084003448486 
0.0657842606306076 3.544518232345581 
0.07164984941482544 3.4568631649017334 
1.3077763319015503 1.3996353149414062 
0.3143293857574463 3.0229787826538086 
1.3288441896438599 1.117361068725586 
0.07825952023267746 3.3706319332122803 
0.36124733090400696 2.4985475540161133 
0.7451508045196533 2.254251003265381 
1.3041300773620605 1.406280755996704 
0.04956303909420967 3.7949671745300293 
0.767893373966217 1.9744646549224854 
0.8209866285324097 1.6083232164382935 
0.8068049550056458 1.6591870784759521 
0.36701786518096924 2.460968255996704 
0.35211798548698425 2.57094407081604 
0.3198072910308838 2.9472806453704834 
0.764132022857666 2.0177090167999268 
0.061031490564346313 3.617797613143921 
0.05785596743226051 3.6669256687164307 
0.08415732532739639 3.303227663040161 
0.08706486225128174 3.27540922164917 
0.09145469963550568 3.2391133308410645 
0.07660302519798279 3.3908770084381104 
0.3060341477394104 3.1430728435516357 
0.3143293857574463 3.0229787826538086 
0.05785596743226051 3.6669256687164307 
0.34450817108154297 2.6432714462280273 
0.7792955040931702 1.85723876953125 
0.09881061315536499 3.1986892223358154 
1.2965483665466309 1.513806700706482 
0.30701884627342224 3.1271255016326904 
1.296767234802246 1.5107189416885376 
1.3304169178009033 1.1013309955596924 
0.07432305812835693 3.4192862510681152 
0.04455701634287834 3.862780809402466 
0.7741611003875732 1.9102802276611328 
1.3387348651885986 1.023923635482788 
1.337043285369873 1.0375051498413086 
0.3630073368549347 2.486870050430298 
1.3117375373840332 1.30863618850708 
0.7716818451881409 1.9332818984985352 
0.06280771642923355 3.593263626098633 
1.3557099103927612 0.8993657231330872 
0.326673299074173 2.8524179458618164 
1.310034155845642 1.3339426517486572 
1.3133702278137207 1.291203498840332 
