1.391013741493225 0.7965624928474426 
0.00173304439522326 3.9998104572296143 
1.391013741493225 0.7965624928474426 
1.2928047180175781 1.5942152738571167 
0.8348994255065918 1.5952223539352417 
0.3930043876171112 2.3919029235839844 
0.7371442914009094 2.3860013484954834 
0.1091989129781723 3.182295560836792 
0.30464211106300354 3.1822381019592285 
0.3595522344112396 2.5257861614227295 
0.3468732237815857 2.6338915824890137 
0.7712627053260803 1.9546146392822266 
0.005991082638502121 3.8968288898468018 
0.33095526695251465 2.8163492679595947 
0.7648506760597229 2.024998664855957 
0.34135302901268005 2.695357084274292 
0.0030091749504208565 3.9248580932617188 
1.3018243312835693 1.4634186029434204 
0.7745246291160583 1.92100191116333 
1.3633922338485718 0.8652971386909485 
0.7832416296005249 1.833389401435852 
0.08827687054872513 3.27667498588562 
0.7801085710525513 1.8641494512557983 
0.04318730905652046 3.8958969116210938 
1.375715732574463 0.8180696964263916 
1.3112488985061646 1.333318829536438 
0.09234552085399628 3.243323802947998 
0.33448636531829834 2.775153160095215 
0.7513999938964844 2.1955859661102295 
0.31851524114608765 2.9826793670654297 
1.35357666015625 0.9239335060119629 
0.7898339629173279 1.7774614095687866 
0.32752442359924316 2.8757917881011963 
0.06741710007190704 3.5439395904541016 
0.3216395080089569 2.9393470287323 
0.10036574304103851 3.1990280151367188 
0.7481403946876526 2.2359459400177 
0.33845260739326477 2.7292535305023193 
1.3373216390609741 1.0486125946044922 
1.325539231300354 1.1697584390640259 
1.3420968055725098 1.0089093446731567 
0.7450659275054932 2.27740740776062 
0.7549711465835571 2.147761344909668 
1.3062236309051514 1.3982347249984741 
0.8124259114265442 1.6407347917556763 
0.8050989508628845 1.6750651597976685 
1.294607400894165 1.568025827407837 
0.37711092829704285 2.4269156455993652 
1.3204041719436646 1.2255748510360718 
1.2980766296386719 1.5189307928085327 
0.04810912534594536 3.8339998722076416 
0.08311450481414795 3.329850196838379 
0.0503440760076046 3.8026671409606934 
0.35279086232185364 2.579453468322754 
0.7631857395172119 2.051363945007324 
1.3336018323898315 1.0834808349609375 
1.3591984510421753 0.8896787762641907 
0.7595347166061401 2.094724416732788 
0.0017332177376374602 3.999537706375122 
0.32459113001823425 2.899651050567627 
0.366342157125473 2.4762020111083984 
0.3164860010147095 3.0287041664123535 
0.36783137917518616 2.4680910110473633 
0.04500199109315872 3.8744704723358154 
0.8005701899528503 1.703866958618164 
0.3143042027950287 3.048431396484375 
0.7964590191841125 1.7283862829208374 
0.055985260754823685 3.718141555786133 
1.3479925394058228 0.9626868963241577 
0.3515791893005371 2.589857816696167 
1.322743535041809 1.2028746604919434 
1.3163772821426392 1.2750717401504517 
1.3298507928848267 1.1257140636444092 
0.74333655834198 2.3173015117645264 
0.7925346493721008 1.7566044330596924 
1.299179196357727 1.4939093589782715 
0.07662012428045273 3.409858465194702 
0.7573785781860352 2.1173553466796875 
0.05765572562813759 3.6940181255340576 
0.07312393188476562 3.456972599029541 
1.3163772821426392 1.2750717401504517 
1.3089731931686401 1.364208459854126 
0.8193755149841309 1.61750066280365 
1.3462731838226318 0.975776731967926 
0.07041990011930466 3.4955849647521973 
0.3072635531425476 3.1434905529022217 
0.8235814571380615 1.6064804792404175 
0.3086884319782257 3.1323022842407227 
1.3828864097595215 0.8031933903694153 
0.05348702892661095 3.763235330581665 
0.31113919615745544 3.0888092517852783 
1.330841064453125 1.1156529188156128 
0.05379074066877365 3.754394054412842 
0.7396336793899536 2.3530657291412354 
0.31096675992012024 3.0944225788116455 
0.08165077865123749 3.3447887897491455 
0.06031173840165138 3.6530678272247314 
0.3805730938911438 2.4100453853607178 
0.0650528073310852 3.5810980796813965 
0.07952196151018143 3.3705973625183105 
