1.390710711479187 0.7959489226341248 
9.82830417342484E-4 3.985556125640869 
1.390710711479187 0.7959489226341248 
0.8332288265228271 1.5942332744598389 
1.2913978099822998 1.5940322875976562 
0.7361950874328613 2.389631509780884 
0.3921474516391754 2.3909404277801514 
0.10790180414915085 3.181492805480957 
0.304210901260376 3.1755623817443848 
0.3376739025115967 2.7247724533081055 
0.795072615146637 1.7317432165145874 
0.005245427135378122 3.8960602283477783 
0.30938342213630676 3.1010401248931885 
0.3144734799861908 3.027613401412964 
0.34360021352767944 2.6597230434417725 
0.7659705877304077 2.001352071762085 
1.313324213027954 1.2979824542999268 
1.3094199895858765 1.3480464220046997 
0.8101819753646851 1.6466883420944214 
0.33324477076530457 2.7772302627563477 
1.2931560277938843 1.5687075853347778 
1.3276317119598389 1.1352739334106445 
1.325308084487915 1.188126802444458 
0.779417097568512 1.858129620552063 
1.317094087600708 1.2523236274719238 
0.3587420880794525 2.520329713821411 
0.3220008313655853 2.923208475112915 
0.7859957218170166 1.8015680313110352 
0.7709401845932007 1.9420770406723022 
0.3166617751121521 2.9987356662750244 
0.042389877140522 3.8958358764648438 
1.3367818593978882 1.042801022529602 
0.32029327750205994 2.9458186626434326 
0.7584829330444336 2.0893001556396484 
1.3559229373931885 0.9008091688156128 
0.052378274500370026 3.7617900371551514 
1.3763128519058228 0.8137534260749817 
1.320190191268921 1.2162622213363647 
0.07560734450817108 3.4453840255737305 
0.06694427132606506 3.534163236618042 
0.7429162859916687 2.3100972175598145 
1.3057749271392822 1.3938969373703003 
0.7625016570091248 2.0410830974578857 
0.7771052718162537 1.884140133857727 
0.0017244371119886637 3.9354569911956787 
1.2975513935089111 1.5056947469711304 
0.7506567239761353 2.1876420974731445 
0.3825571537017822 2.402214765548706 
0.06135404482483864 3.622455358505249 
0.7729478478431702 1.9219292402267456 
0.7855995893478394 1.8057606220245361 
0.8024619221687317 1.6861380338668823 
0.7454847097396851 2.2580785751342773 
0.3264591097831726 2.8634800910949707 
1.331111192703247 1.0995100736618042 
0.35541990399360657 2.5471322536468506 
0.0821821466088295 3.3306355476379395 
1.3503106832504272 0.9376530647277832 
1.3481152057647705 0.9500120282173157 
0.04622978717088699 3.8471004962921143 
0.07812651991844177 3.380782127380371 
0.0585424043238163 3.6670873165130615 
1.3435949087142944 0.9887129068374634 
0.09945861250162125 3.2116477489471436 
0.8185216188430786 1.6161401271820068 
0.3070424199104309 3.1365807056427 
0.8005706071853638 1.6958706378936768 
0.7544495463371277 2.141188383102417 
0.07002554833889008 3.4869704246520996 
0.08588024973869324 3.290905714035034 
0.7404426336288452 2.3276865482330322 
1.3011106252670288 1.457082986831665 
0.07860267907381058 3.3729419708251953 
0.3300057053565979 2.8175265789031982 
0.05559847131371498 3.7113070487976074 
0.3752446174621582 2.4247939586639404 
0.04271401837468147 3.8917994499206543 
0.760070264339447 2.0666794776916504 
0.35223403573036194 2.5744144916534424 
1.3606804609298706 0.8742538094520569 
0.8212723731994629 1.6078394651412964 
0.346690833568573 2.6269733905792236 
0.06412997841835022 3.577200412750244 
0.7542704939842224 2.1420795917510986 
1.2992995977401733 1.4815616607666016 
0.07273220270872116 3.4504647254943848 
0.06900428980588913 3.502988576889038 
1.3633075952529907 0.861850917339325 
1.3387467861175537 1.0284781455993652 
0.3265427052974701 2.8623852729797363 
0.37242576479911804 2.4365952014923096 
0.3677476644515991 2.460880756378174 
0.36558157205581665 2.473461151123047 
0.001160378335043788 3.9644575119018555 
1.3419135808944702 1.0009044408798218 
1.3782159090042114 0.809125542640686 
0.747520923614502 2.2263247966766357 
0.3505015969276428 2.5919253826141357 
0.06445273011922836 3.5742204189300537 
1.3030134439468384 1.4298185110092163 
