0.5514876396903086
0.5519826605618551
0.5569369903710399
0.5567606642292088
0.5516448728081037
0.5569808763677419
0.5519143866986443
0.552189048270748
0.5569097408422526
0.5567049377504671
0.5566906657864912
0.5522641947246141
0.5566956689453679
0.555972100769129
0.5566120681585318
0.5519376567865425
0.5523759153831997
0.55228553969036
0.5517591390517123
0.5566085108545816
0.5522810137006148
0.5567875425209508
0.5559166991060611
0.5564953203859764
0.5570341663056929
0.5514439481605009
0.5570061049808415
0.5568364378299313
0.5520067481729726
0.552493399991378
