1.9999759713782916 3.9999655327206596 2.101500979458507 2.801747012584384 3.5293145599277995 4.181042631868837 
0.001309143773580601 0.020988707734282436 2.101599381704835 2.801974707475791 3.5107941654173436 4.206375857404403 
1.9653099261716218 3.8493654128649704 2.1016721035680748 2.8020482621728444 3.509651160955844 4.208245282793643 
1.2390101021593305 3.941739575025921 2.1015679287612112 2.8019838831740427 3.510810154974732 4.207347558752164 
1.2167296177257916 3.719949442298834 2.101764751378809 2.8018061797959084 3.510947993887811 4.205880771809944 
0.4439612608466739 3.9413282601255673 2.1016224576327955 2.801993924357816 3.4955383864382155 4.207712090811017 
1.2390101021593305 0.758012870499861 2.1016224345572923 2.8019845746166925 3.509892871083462 4.206123326475676 
1.9568683583634225 0.6010033864312206 2.1017149433911233 2.801999883189088 3.498383956660426 4.202983385350632 
1.1614143864237727 0.522836649582163 2.101709346280876 2.8022882847178416 3.509663240449738 4.208247629382787 
0.6473993176249461 0.39108391966616285 2.101635882856848 2.802015808171612 3.51158907738615 4.208231616107516 
1.2296511056874406 3.8345391916627527 2.101507326931695 2.801980963831395 3.509949390205549 4.206508039345746 
0.2917052735498744 3.977738846722141 2.1016661075024743 2.8093312305284424 3.497510804466865 4.207126124952431 
1.329748954514441 0.2268597435196522 2.101602317159157 2.801933296476811 3.509869357716001 4.206847082512446 
0.2917052735498744 0.7090928432861123 2.1016661075024743 2.809310142907681 3.4994945823570447 4.2073612520132055 
0.44772496399393846 0.33903561266451276 2.1014996879762795 2.8022260941791237 3.5119760993312013 4.205160234376791 
1.9636828342500783 3.957215451085428 2.1014621759093806 2.801989244071235 3.496972093595769 4.206099371885617 
1.161348075602923 3.8493717056240686 2.1016224576327955 2.8023070440057767 3.5112332493730976 4.2081888524722695 
1.9615675662925502 3.8786968854821726 2.1016078149649515 2.797009949391666 3.5113935717352596 4.206770794575891 
1.999974875959707 3.847081765148037 2.101463574331333 2.8019449784281667 3.4858169291929237 4.2072888979606144 
1.2340231863968434 0.5288400614654497 2.1016224345572923 2.802244229270421 3.5099770697879333 4.205919286179291 
1.9702238217731192 3.8697400796488286 2.1016721035680748 2.8028190052786903 3.509651160955844 4.2061524505268935 
0.40919328808850663 0.7982802404429843 2.1016358671852133 2.801589515886037 3.4975650391349054 4.206147604073501 
1.2451096731179847 3.8345391916627527 2.1014997141566316 2.802296011978846 3.5124061148855907 4.206782550175988 
1.1614143864237727 3.9541867393294683 2.1017102378005745 2.8022879260298823 3.5103175811394647 4.20806283641274 
0.35491045900442664 3.810345030711302 2.101612344821104 2.8042111866455794 3.4955362764971194 4.206118728122046 
1.1387918731613205 3.9413282601255673 2.1016224576327955 2.8023070440057767 3.510357574981608 4.207713589001111 
0.35762329320539554 3.974529519608672 2.101511603012796 2.8020435460868303 3.4956606745702272 4.206895002720897 
1.9916634833972517 3.8897165212445204 2.1017111106458035 2.8023072470695127 3.5103175811394647 4.208063420269827 
1.095672779057643 3.9697133103745927 2.1017102378005745 2.8022879260298823 3.5103175811394647 4.20806283641274 
1.1572868382810915 0.6074256733198116 2.1017102378005745 2.8020460205661766 3.5103367157268957 4.208242322819274 
0.37610900811911907 3.831702131237284 2.1016661075024743 2.8021061381401586 3.495553090226734 4.207710581413639 
1.9262641428570801 3.9370399335334803 2.1016713000010934 2.801996155156908 3.495789033645529 4.207730560683181 
0.3485040680702429 3.942615499602905 2.10150888015774 2.8020157176351494 3.495663854356123 4.207670526485978 
1.22792532467132 0.49079484684972186 2.1016226231165605 2.801979702295207 3.53244057578327 4.178945850680911 
1.2390101021593305 0.5433776509024066 2.1016224345572923 2.802240213965131 3.509877133181754 4.20592096894232 
0.001309143773580601 0.07720595271730796 2.101599381704835 2.801972224369682 3.5095827910924693 4.206395191749378 
1.9903064755639297 0.758012870499861 2.1016224349461265 2.8019749674324026 3.509919292952269 4.206123326475676 
1.225590565628525 0.5261010584167595 2.1015099415085357 2.801998122119865 3.484878364990638 4.181481920403906 
1.9615675662925502 0.6966073149431098 2.1016078149649515 2.797188945901047 3.5113935717352596 4.208197713405085 
1.222121558473856 0.5199385200972573 2.1016358594105338 2.8020019225715296 3.5098549942796 4.205920823894606 
0.5555034068928321 0.40428186038069236 2.1015562851554415 2.802224124586172 3.511450742590165 4.205150692231203 
1.176487364334187 3.8949919999877434 2.101741305507997 2.802324157466125 3.4959506069865625 4.206070165565384 
1.121730095206943 3.941295253000526 2.1015257850544007 2.801830485214307 3.4955740671485294 4.20767029438938 
1.999974875959707 3.9443571528408317 2.101463574331333 2.801941600538784 3.485911245144141 4.2072888979606144 
1.9954559470153905 3.839901807356046 2.1016016486071756 2.8019740127042168 3.5092951456859764 4.176602414724032 
0.5920395240423276 0.2303752052307877 2.10167049574093 2.8023070440057767 3.496095249009551 4.206756631604181 
0.35491045900442664 3.828557256076647 2.101622633369792 2.802044215079489 3.4955383864382155 4.2081336047217 
0.33934570101196254 0.5288400614654497 2.101612747380229 2.7844910353298773 3.5110090317471925 4.206118883634551 
1.154284981791829 3.925700940956843 2.1030039579497233 2.802306073813938 3.5123103598359946 4.206511861797951 
0.4754725559738493 3.853653739425706 2.101623261199777 2.8020460313737527 3.5094005137485307 4.208226812921479 
0.2490536099398099 0.5425475314251624 2.1017111152028924 2.802050476081413 3.5103367157268957 4.206268357913896 
0.4818215489673124 0.3556070260966995 2.101614170204434 2.7969475917030966 3.512102013583869 4.206787794811536 
1.1195368330265025 3.9541867393294683 2.1017102378005745 2.8023090136506434 3.5103175811394647 4.208063420269827 
0.36328339468733445 0.4521435412644811 2.1016110881376258 2.8020706071895947 3.5114342499487554 4.2061042127454344 
0.5555034068928321 0.40428186038069236 2.1015562851554415 2.802224124586172 3.511450742590165 4.205150692231203 
0.46534254249741824 3.6837939618722624 2.101614170204434 2.7969475917030966 3.5113935717352596 4.206787794811536 
1.9641384218538611 0.7404264677467922 2.1016360744989115 2.80184879632494 3.510974240833027 4.206155592604573 
1.125555049676146 0.6074256733198116 2.10171023476439 2.8020482085097673 3.497073589660057 4.208242322819274 
0.3684035252149965 0.6074256733198116 2.1017102378005745 2.8020459467392946 3.5101311134202247 4.208242322819274 
0.44272442120412064 3.82835136596897 2.1016661075024743 2.8021029766141226 3.4955108617543473 4.207144266447736 
1.194653882627178 0.5433776509024066 2.101620765735578 2.802240213965131 3.509877133181754 4.20592096894232 
1.197387216175915 0.7096409069793523 2.101504895370222 2.801791838061068 3.5109555128941206 4.206766541943041 
0.5555034068928321 0.33903561266451276 2.1014996879762795 2.802216506350572 3.5119760993312013 4.205150692231203 
1.2088103622657074 3.9311631482994205 2.1016447355415084 2.802033488309725 3.511653470443306 4.208087161298508 
1.1552515540132444 0.721854433104171 2.1016661075024743 2.809310142907681 3.5124269695192307 4.2073612520132055 
1.9519308863517235 3.9999655327206596 2.101719556138873 2.801747012584384 3.5293145599277995 4.181048848996435 
1.19287519544086 0.756940509521578 2.1016190883817316 2.8019845746166925 3.485909897641297 4.206708590364759 
1.9702238217731192 3.9848529793681524 2.1016721035680748 2.8028190052786903 3.509651160955844 4.2061524505268935 
0.001309143773580601 0.3364007938320813 2.101599381704835 2.801974707475791 3.5107941654173436 4.206375857404403 
0.6473993176249461 0.07408239192312704 2.101635882856848 2.802015808171612 3.51158907738615 4.206771025222151 
1.955194022473629 3.9443571528408317 2.1014598514380847 2.801941600538784 3.498274669584262 4.203026269662397 
1.1973466368797117 3.8345391916627527 2.1014997141566316 2.802296011978846 3.5123103598359946 4.206508039345746 
1.2429715489954238 3.7211794210733373 2.10176405354837 2.80174866897423 3.510947993887811 4.18126245709499 
1.2032838128480465 3.797708511153466 2.101712310532694 2.8022650793421855 3.4954964492294707 4.208162486486416 
1.9966024362313324 3.828753816656302 2.1017023141070252 2.801972173267105 3.5096207590897857 4.208189496977651 
0.5314277397406754 0.03402022609835187 2.101654152722646 2.7983168759305426 3.5110292549630597 4.206774538314827 
0.10398104033149491 0.11022997947265156 2.1015679287612112 2.8019743876440124 3.5108235783493873 4.206406392019606 
0.5920395240423276 0.2067971313709991 2.10167049574093 2.8023070440057767 3.496095249009551 4.216750922207787 
0.5555034068928321 0.04337679743676354 2.1016358455020114 2.8020706071895947 3.5114342499487554 4.206731713238825 
1.1614143864237727 3.9318236387007888 2.1014638770308127 2.8022882847178416 3.5103367157268957 4.206099146101591 
0.4838648747209905 3.695922663075626 2.1016661075024743 2.8021029766141226 3.495878952121911 4.207126124952431 
1.197300634553595 0.7278248202253741 2.1016358594105338 2.8017881719190014 3.510955310778213 4.206140325715024 
1.9991021170924932 0.6010033864312206 2.1017139348136697 2.801999883189088 3.498383956660426 4.202983385350632 
1.1624361711049036 0.758012870499861 2.1016224349461265 2.8019749674324026 3.509919292952269 4.206123326475676 
0.4439612608466739 3.8700659959352475 2.1016224695933303 2.801994187338113 3.511745307837119 4.207712090811017 
0.35491045900442664 3.995681838822863 2.101612344821104 2.801802291836213 3.4955362764971194 4.206118728122046 
0.24732480560671363 0.5562469031330977 2.1017111152028924 2.802050476081413 3.5103367157268957 4.206268357913896 
1.9834728053886794 3.9999655327206596 2.101500979458507 2.801747012584384 3.5293145599277995 4.181042631868837 
1.1864731740109458 3.956965616740559 2.1029561538132744 2.802306073813938 3.5123103598359946 4.206508039345746 
1.948173444403484 3.8897165212445204 2.1017111106458035 2.8023072470695127 3.5103175811394647 4.208063420269827 
1.3215615181631917 0.2268597435196522 2.101599871049957 2.8019346126395166 3.5116531668763193 4.206847082512446 
1.9593616178568891 3.9999655327206596 2.101719556138873 2.8022349515588307 3.529088958162861 4.181048848996435 
1.9519308863517235 3.9999655327206596 2.101719556138873 2.801747012584384 3.5293145599277995 4.181048848996435 
0.5555034068928321 0.33903561266451276 2.1014996879762795 2.802216506350572 3.5119760993312013 4.205150692231203 
1.9991021170924932 0.5995117953983652 2.1017139348136697 2.801999883189088 3.498383956660426 4.20687667057353 
0.35491045900442664 3.875304188117965 2.101612344821104 2.802044215079489 3.5147832820132265 4.20611317603463 
0.3600902915450437 3.828753816656302 2.1017023141070252 2.801972173267105 3.5098005110425414 4.2077221499316835 
1.9966024362313324 3.9624073743964727 2.1017023141070252 2.801972173267105 3.5096207590897857 4.2067840353766845 
1.999974875959707 3.986520083943766 2.1014621759093806 2.809260359179221 3.497556008922287 4.206099371885617 
1.9653099261716218 3.9311631482994205 2.1016447355415084 2.8035075370969014 3.511653470443306 4.208087161298508 
