0.00261481637449118 2.2481155571073353E-7 2.0976647198062666 2.8057292142099146 3.5027576165367056 4.197827493428689 
1.9999978444622122 3.9999978746493436 2.0976079856733536 2.806231284760358 3.5059279565940233 4.197484967552253 
0.00261481637449118 2.2481155571073353E-7 2.0976647198062666 2.8057292142099146 3.5027576165367056 4.197827493428689 
1.890060393657919 3.999768866835891 2.098179970613603 2.8063001378445063 3.504221911451222 4.1970917626216275 
1.2176269261059698 3.9854392300416737 2.09770089858559 2.805795282390519 3.5040305060598023 4.1974923759668545 
1.1149470965345352 3.9231874163883997 2.0983233314545933 2.8043208061166345 3.502785364840249 4.1975576356780815 
1.910229665247303 1.0068277327639965 2.0982720788154534 2.8056141278971602 3.5028277755779187 4.197828629039204 
1.1416384873835725 0.9572688718616139 2.0976953356678045 2.805780883036368 3.5027640467064063 4.197818843159786 
0.27074812174146656 3.971021681255733 2.0976582224779645 2.8057381619728834 3.504063782490546 4.197393335201562 
0.222090541694137 2.396005188524772 2.097497780820018 2.8062298471836122 3.502793181740825 4.197805475116021 
0.38176485326732085 0.9172506526048392 2.098403653834201 2.80564072915662 3.5044003798069125 4.197208667791407 
1.1864026415861275 3.8373457695418227 2.0976986536746423 2.80582307324614 3.5040038887053533 4.197484880919797 
1.9897226322972803 3.852119463764836 2.0986405024960937 2.8060847928503656 3.502868549997878 4.197372976798425 
0.2969935936225565 2.272544852217898 2.0976234968993244 2.805738421730135 3.5053601681033864 4.197207699869819 
1.9639021398892424 3.8894725169733495 2.097959294538263 2.80575155879278 3.5040494073267587 4.197479536031811 
0.2969935936225565 2.3089014985565246 2.0976069347442365 2.805738399460753 3.5053601681033864 4.19720345221145 
0.27870087466153726 0.9589621751820474 2.097700862208131 2.805779860243788 3.502766519402164 4.197818288543754 
1.114521627729391 0.9151695911000628 2.0986570250268883 2.806250044694187 3.502768998510663 4.1978328781203125 
1.9073199876730045 2.365987543233897 2.09890901318736 2.806380129982072 3.5041727750488447 4.19720549013681 
1.117085947336167 3.9949672250703965 2.0981649789338275 2.80582307324614 3.5040038887053533 4.197484880919797 
1.9946748906367602 3.820170257666788 2.0980015284212556 2.805618510102785 3.505044148492722 4.197109453910424 
0.2762653572747808 0.9004252528941026 2.097680255080273 2.8056271376318462 3.504060216020742 4.197525750657295 
1.9428022649182346 3.905892247223928 2.098253850971156 2.805618482157469 3.5050365895609454 4.197048503400393 
0.23758666958020883 0.9047108818659123 2.098738554205287 2.806230601340243 3.504081215443917 4.197525750657295 
0.3243023483475824 0.48980049094669886 2.097623451783702 2.8063489533690538 3.5027766168409222 4.198157265285957 
1.9629960711994536 2.355232472593 2.098902445508412 2.806381138686005 3.505827899731951 4.197208716652626 
0.31727343285478943 0.6216754341738056 2.0976976076664675 2.805831319395127 3.5040305060598023 4.197591256158546 
1.9459408672656928 3.9988214690560278 2.097698631007557 2.806341918235483 3.504004649847954 4.197537750597489 
1.9922965509455839 3.9225656166217697 2.0986973153144013 2.8060759128173234 3.5028161714968484 4.197829130606729 
1.2211430511294632 3.853050798646814 2.0979901801275407 2.805884112103138 3.5058320631153737 4.197498914579902 
1.9754872737893077 3.9988214690560278 2.0976322874831257 2.8063416966155024 3.504094765135827 4.197537750597489 
0.22021657088339774 0.9857443522390358 2.0982435380681577 2.8062437396650624 3.5051816463651737 4.197811537163848 
0.38176485326732085 0.3339063212711363 2.098403653834201 2.80564072915662 3.5044003798069125 4.197208667368539 
1.2176269261059698 2.2716379595165272 2.0979668838197134 2.805793480713789 3.5040305060598023 4.1974923759668545 
0.24272779323226895 0.6963546998278254 2.0982329139245386 2.805727565847585 3.5053756936383724 4.197644992270512 
1.9735364544432872 0.8045678619181924 2.0976400183009134 2.8013157767445596 3.504094765135827 4.19752852724354 
0.28970667858243826 3.9822256787129433 2.097662587531969 2.8063414483684617 3.504043216581582 4.197873571607539 
0.3162208708802158 0.7186940616684043 2.098738554205287 2.806230601340243 3.504080859735685 4.197494102789415 
0.2969935936225565 0.6963720482804494 2.098240391733407 2.8057300460200465 3.5053756936383724 4.197225871266399 
0.23758666958020883 0.8424130214972341 2.097596349904522 2.8058384773363296 3.504081215443917 4.197525750657295 
0.2639273261716616 3.999768866835891 2.0976951281715204 2.8058428819291525 3.5040294222567474 4.197209680105436 
1.9651895285407175 3.9238209906204475 2.097958301968506 2.806344136486518 3.5040507511480743 4.197612738546397 
1.9976707327396532 3.9822256787129433 2.097662587531969 2.8063414483684617 3.504043216581582 4.1978767121637 
1.9795474440429655 0.7146362668050894 2.098156858074652 2.805618510102785 3.503790076569653 4.197109601188622 
0.09079593586266727 0.10944197326125549 2.0982519080299844 2.8057760832841856 3.5028526695415323 4.1978017199287905 
1.1459156500246648 2.3921520093527775 2.097700240617027 2.805795282390519 3.5041951294972487 4.1975133780212 
1.1409689252721007 0.8010684183714065 2.097664746994764 2.8063597360254504 3.503036907765374 4.197561760131482 
1.191610121631234 2.396005188524772 2.0986754372447702 2.806157878392313 3.502823249963635 4.197210087139174 
1.1297180549330785 0.8057027156422187 2.09872864610177 2.8062320526797975 3.504252630762037 4.197211178378563 
1.9984664737558229 3.9225656166217697 2.097696633047482 2.805763073522838 3.5028155336225244 4.197829130606729 
1.2090252301997548 3.8953352246833166 2.0976193730827917 2.8063494501682267 3.502763874359646 4.197812786432277 
1.114521627729391 0.7838708566008572 2.0986570250268883 2.805780883036368 3.502762929301804 4.1978328781203125 
1.9878812566593012 2.193984643791132 2.0976060271479473 2.8058351106333794 3.4964810213684934 4.197496143423315 
0.2679552239037051 2.397797257521298 2.0974907180149613 2.8063823070175826 3.504188014159079 4.197395882612886 
0.38176485326732085 2.196348263433619 2.0984189445467787 2.8058755395507746 3.5058513133646927 4.197494258226672 
1.9417412970606884 2.3089014985565246 2.0976069347442365 2.805738399460753 3.5054036263598425 4.197821663694014 
1.1414377446161978 2.3089014985565246 2.09800005622575 2.806359729851547 3.5039828690984964 4.19757196324076 
1.3216463981476767 0.46709482200009333 2.0976213223429427 2.8063489533690538 3.504184709208178 4.198166048516635 
0.24218454577533022 0.5576177917932759 2.098738554205287 2.806230601340243 3.504080859735685 4.197525750657295 
0.325279066820033 3.888388414062163 2.097700908498991 2.80578077106657 3.502763874359646 4.197818843159786 
1.1941837762534322 0.5979998728110234 2.097704881127328 2.8063350018119664 3.503036907765374 4.197194301315189 
1.9498559743474806 2.335187941157878 2.0976429818508793 2.8060759128173234 3.502780367423103 4.19723498688184 
0.222090541694137 2.4869476607843937 2.097497780820018 2.8062298471836122 3.502793181740825 4.197805475116021 
0.09079593586266727 0.15050283456662017 2.098250821759367 2.8057764468460036 3.5028526695415323 4.1978017199287905 
1.1409689252721007 0.5979998728110234 2.0977069638520227 2.8063597360254504 3.503036907765374 4.197561760131482 
0.2779073924058839 1.0057612804194693 2.0982804003514555 2.805627061152595 3.523850940373827 4.197826251876512 
1.2468485812700083 3.853050798646814 2.0980323545457953 2.8058898536159287 3.504099370419976 4.197902427697151 
0.32661021611816654 3.9999811803630982 2.0982595588595605 2.806337061772051 3.5051816463651737 4.207335239444588 
1.9788970640829824 3.9225656166217697 2.0986405024960937 2.8060847928503656 3.502868549997878 4.197372976798425 
1.9228134421037057 2.403078465114014 2.098902445508412 2.806371541237299 3.5059578140990824 4.197208716652626 
1.1480649449172176 2.3089014985565246 2.0976069347442365 2.8057495838463797 3.5053601681033864 4.197210402740442 
0.22376301694275158 0.7714784364267909 2.0987452330558782 2.8063847212098003 3.504080859735685 4.197495820036232 
1.9754844567176293 3.8925301309455036 2.1053441574164493 2.8056965929826316 3.502749061203034 4.197611921286405 
1.139010533574659 0.7051259614241785 2.0982886182750393 2.8063371443434626 3.5039990188380643 4.197224845525158 
0.27074812174146656 3.9760518008284023 2.097912924891572 2.805737659850974 3.5040305060598023 4.197502771191283 
1.9673839732572058 0.6187771969616451 2.098156858074652 2.80561818487863 3.5050365895609454 4.197112161483656 
1.2132976701952292 3.8373457695418227 2.097632310150211 2.80582285162616 3.504094003993227 4.197484880919797 
0.3878269662300519 2.1866807440808538 2.0984097558848775 2.8058755395507746 3.5058513133646927 4.197512104355889 
1.1727720066643057 3.919433531840424 2.0974963875859864 2.8062303461122293 3.502818718759204 4.197453213097108 
1.8989646594140104 3.999990116746978 2.0981437769601583 2.805609451546239 3.5057910700444572 4.197106004272795 
1.9417412970606884 2.3089014985565246 2.0976069347442365 2.805738399460753 3.5054036263598425 4.197821663694014 
0.3229749698128585 3.9309844519610007 2.0977008953266054 2.805774473997642 3.502763874359646 4.197818843159786 
1.9654117811664484 3.9096052510685224 2.097959294538263 2.80631552239095 3.5040494073267587 4.1974890779409435 
0.28071418673601967 2.481468800390856 2.0976628467769918 2.805760790083017 3.504032567174915 4.19780567488025 
1.9635757192537826 0.6187771969616451 2.098156858074652 2.805618510102785 3.5050365895609454 4.197112161483656 
0.3135585911971963 2.3921520093527775 2.0977008980776413 2.8057745224404655 3.5041951294972487 4.1975133780212 
0.32041475734049585 3.9823782797681786 2.0976009965398754 2.8057388333699036 3.5038128638439003 4.1975879480805744 
1.9878812566593012 2.193984643791132 2.0976060271479473 2.8058351106333794 3.4964810213684934 4.197496143423315 
0.24218454577533022 0.5660498476568203 2.098738554205287 2.805613544701954 3.5058206196623245 4.197525750657295 
1.1620148787400852 3.9225656166217697 2.0986973153144013 2.8063484445979854 3.5027921676509863 4.197197343785419 
0.3229749698128585 3.9309844519610007 2.0977009085764164 2.805774473997642 3.502763874359646 4.197818843159786 
1.9611769665257046 2.4869476607843937 2.098857163571401 2.8062302387091407 3.5043558780015833 4.197806160669221 
0.3200781674367438 2.397797257521298 2.097497780820018 2.8063823070175826 3.504188014159079 4.197206660651679 
1.1699689072732466 3.994201604529533 2.09825548015865 2.8063494501682267 3.502763874359646 4.197510901960333 
1.9942120510576515 2.335532701748246 2.098001365867025 2.8062369749206497 3.502809870253869 4.1971081094044465 
0.31727343285478943 3.999774506161354 2.0981400798857943 2.8058352959013786 3.504011873845904 4.197493684145361 
1.2090252301997548 0.7084274392551237 2.0976193730827917 2.8063494501682267 3.502763874359646 4.197510901960333 
1.1864026415861275 3.9993759669389886 2.0976928840056437 2.806341230654316 3.5040131122625477 4.209121314533834 
0.2455420634777227 0.7186940616684043 2.098738554205287 2.806230601340243 3.504080859735685 4.197494102789415 
1.1074572828772267 2.424595137573154 2.097491540136284 2.806233475910413 3.5028156657523875 4.197805475116021 
