1.8624389294935124 2.6941422045396997 2.1014701112312113 2.8019543644383793 3.497801325373862 4.204840708071246 
0.0034338739628310133 0.001833646111935927 2.1013905501309313 2.8014728244735005 3.4965050849117034 4.195599015097624 
1.8624389294935124 2.6941422045396997 2.1014701112312113 2.8019543644383793 3.497801325373862 4.204840708071246 
1.8436559850964624 2.4657384511188862 2.1014872643129654 2.8019926484937514 3.4974038813919845 4.204913356522661 
1.9159743220945382 0.9926925497242277 2.101480819619051 2.8016056302579866 3.506231855550049 4.195945120344195 
1.6152332274732217 0.008220426645846324 2.1015132662398197 2.801964697329414 3.49812644861014 4.195557485166793 
1.8479523132582556 0.8166946501909211 2.1015070682436714 2.8022651518162522 3.5040127946829713 4.195534277903097 
0.24164537947021691 2.356328714868582 2.1014168753676947 2.802293317573758 3.5067816534164993 4.195737886095399 
0.24282655132268896 1.1927380049121146 2.101415765510964 2.8013897097265175 3.506774564993726 4.195272867041704 
0.10107303049701932 0.13245234361105607 2.1013821997248296 2.8014541615399287 3.5063922981603586 4.195529118505052 
1.8261849183178587 2.5932028021916147 2.1014191407350986 2.8023295753033253 3.497864749746661 4.204916829308662 
1.8436559850964624 2.539809844384566 2.1014872643129654 2.802584148785441 3.4974119819474803 4.204534229161459 
1.9289300269023089 0.8371612772557733 2.1014186658833083 2.797089953919104 3.5068431311656902 4.195440462407519 
1.8375142972875664 0.9116519812127316 2.103230519962921 2.8022557946314857 3.4968006021105977 4.19544286820325 
0.03278331670422201 0.9742620811297977 2.1015228723454196 2.8021906873716143 3.4975083998557186 4.195970136665526 
0.19433442843736437 2.5830681999977263 2.1014269915295696 2.80169830878552 3.497618084732137 4.195759195438881 
0.19984973059553512 2.4719474758141726 2.101262176085441 2.802207715176847 3.506666140043547 4.195534965304595 
1.9384901263005139 2.4502180859997758 2.101521476853943 2.802196875289616 3.5067219315724394 4.2048857825868025 
1.8434434697758844 2.673688504488086 2.1014805331472473 2.801634497654763 3.5066289065759295 4.195926453219135 
1.8473932395004478 0.8749951781583947 2.1014186658833083 2.8029625920674897 3.5071637428678453 4.2046984648171 
1.7730206471404895 1.1240563662794647 2.101488768049028 2.8021733624395835 3.497646614373371 4.195940562947142 
1.8599038360783637 0.9929756909260726 2.101488101010975 2.8021742112048855 3.4967670530348 4.1955380015741275 
0.30428145041395516 0.7287373689429165 2.1012443932611786 2.801604015511499 3.5041339164717438 4.195945289871533 
1.5530780896752054 0.0756053794123126 2.1014708661088313 2.8019629524360687 3.501218932924159 4.195377338644394 
1.9647792533425688 2.471486735124685 2.1014837615584896 2.8021713352149424 3.5067816534164993 4.195942534857989 
1.8479555024115137 0.8308267374435778 2.101244497818071 2.8022041682405083 3.5042512074500727 4.195493537138009 
0.28611594329762646 2.4434939540616534 2.10152095251122 2.802193169455786 3.506580216543083 4.195441945447714 
0.07275459203192547 1.0406963328689325 2.1014826793046346 2.8022487145671557 3.497646614373371 4.1957310965414045 
1.90470723027638 2.3500059662755457 2.10152095251122 2.802193169455786 3.4980197727868387 4.205451839462183 
0.23881462932171105 2.5129690212344156 2.10152392510666 2.802558599930576 3.5070163221845454 4.195370349073065 
0.24164537947021691 2.4243670556729984 2.101243757398757 2.802293317573758 3.507225727678326 4.195737886095399 
1.8236816943139504 2.6962561831124683 2.101468492337365 2.8019687461055685 3.4972753268060828 4.195528815279871 
1.7730765795454337 2.7477259101193487 2.1014913390788417 2.8021733624395835 3.497646614373371 4.195601479761319 
1.8219460357351025 0.9181119995813759 2.101516569208577 2.8077306312916357 3.497348591468246 4.194653292033946 
0.12766867641152424 0.911378944817357 2.1015023166584466 2.8019687939682507 3.496519541338999 4.1955994095035525 
1.7730206471404895 0.9916817647043248 2.101246348720857 2.802175143847998 3.497646614373371 4.195945844076598 
1.8166321989213408 0.9181119995813759 2.1015209744655774 2.802250048256432 3.5065162089802824 4.194634677809881 
1.8201292329900174 1.1229621391114457 2.100841859369936 2.8022510962161755 3.5060427977454327 4.1955349670858375 
0.2757449578045087 2.5323945603159252 2.1013832741823024 2.8021921732853348 3.506783634520211 4.195440572118943 
1.7982621169411157 1.0011066823906254 2.1014707658184526 2.801955909058193 3.5068350150208882 4.195558747153682 
0.25223384822675443 2.4336873137715944 2.1014647408273412 2.8019539240535916 3.5068350150208882 4.195558747153682 
0.18334471013076603 1.0851027030396059 2.101516652671227 2.8016681375467543 3.497533409669539 4.195951405194953 
0.25669767457944526 2.5323945603159252 2.1013837935665713 2.8022145810468317 3.4965041225571736 4.195425379162395 
0.35283315437452656 2.4434939540616534 2.10152095251122 2.802193169455786 3.4980197727868387 4.205451839462183 
0.21796512057684977 2.5644196841001365 2.1014269915295696 2.8019632469466966 3.497618084732137 4.195743772262111 
1.9081945965420295 0.9171424140103278 2.100844105649789 2.8022525567774395 3.5060427977454327 4.195534671719444 
1.800343066478776 0.9181010150485613 2.101514110244797 2.8076750023172456 3.4972720401932818 4.195971625644065 
1.863828153261615 2.473636885600584 2.1014701112312113 2.8019543644383793 3.4978370652609727 4.204840708071246 
0.394194492257946 2.1374448468490943 2.101413396889435 2.802483618996403 3.5055405522207805 4.195529708246162 
1.8437162419504391 2.4929023617264767 2.101243755492196 2.8019361537525644 3.505849990428758 4.195331991416553 
1.893910027441028 2.4305970740654526 2.1013821997248296 2.8022314253798255 3.503681499908904 4.195536615274204 
1.8483081226013163 2.4804310333361226 2.1012444144736078 2.802207715176847 3.5042512074500727 4.195534965304595 
0.009375739914746828 1.0917614963315114 2.1015218865925314 2.8025739494897826 3.497561046583972 4.195493537138009 
0.30408911068272115 2.3442318177407535 2.101413396889435 2.802483618996403 3.5055405522207805 4.195529708246162 
0.20245766737757975 0.8994521628653105 2.101484051923372 2.7996565907105584 3.5063992050779516 4.195439571504796 
0.23367728569919466 0.8952132786219844 2.1014157042746753 2.8022487145671557 3.506652294917963 4.1957382199346505 
1.8624389294935124 2.4662885187509875 2.124307169595957 2.8019543644383793 3.497801325373862 4.204912847865077 
0.2886792130109683 2.3143028119613827 2.10152095251122 2.802321915943297 3.506781596009452 4.195441945447714 
1.8350454627187478 2.58554926396164 2.101414734403351 2.80021066311593 3.49648118832231 4.195538972652779 
0.25282468507633415 0.9181119995813759 2.1015221772541044 2.802224051046684 3.5065162089802824 4.194669972529726 
0.28611594329762646 2.5345774060669175 2.10152095251122 2.802193169455786 3.506580216543083 4.195441945447714 
1.773836051701378 0.9966833054615168 2.101487964422937 2.802302880245576 3.4974068206647253 4.204840802693505 
1.8624389294935124 2.4643273474814467 2.1014686720025857 2.802000486591022 3.497798964900716 4.204913261900401 
0.0482213837489911 1.0333706569589793 2.1014642173813827 2.802313380394644 3.5062995297475097 4.195346632995543 
1.8444121340577588 0.9290642839507146 2.100847863770301 2.8022525567774395 3.5060427977454327 4.1955349670858375 
1.8471894687975294 1.0930197221621958 2.100844105649789 2.8022525567774395 3.5060427977454327 4.1955349670858375 
1.9564753345377244 0.82967234669865 2.101415765510964 2.8012411096370524 3.5068429958275704 4.195272867041704 
0.2818755782472486 2.56915852392577 2.101478295807999 2.802193362698922 3.497872335319241 4.205468645135604 
0.19207197148426813 2.6819797235984915 2.1013821997248296 2.8014728244735005 3.4965178659460427 4.195573146079821 
0.21839709308205357 2.4804310333361226 2.1012444144736078 2.802224032999069 3.504195832959475 4.195530011567757 
1.8166321989213408 0.9722359344759764 2.1015209744655774 2.802250048256432 3.5065162089802824 4.194634677809881 
0.1409393055601576 0.9742620811297977 2.1015228723454196 2.8021906873716143 3.4975083998557186 4.195970136665526 
0.1966157763951505 0.8299052509918721 2.1014186266020443 2.8016056302579866 3.506231855550049 4.195933916903103 
0.25551982599724454 0.9668812584045842 2.101241535270406 2.802247341366787 3.49664663455854 4.195517899081877 
0.24776570129551656 1.0080160504983502 2.101480819619051 2.8016056302579866 3.506231855550049 4.1952784595945785 
0.28106938491871913 0.9802029018293555 2.1012460558613 2.8016056302579866 3.5057892673588946 4.195945289871533 
0.22207816447299789 0.9646415882833563 2.101250691034671 2.801906298507393 3.49812644861014 4.195529356147284 
1.3881813071865419 0.0756053794123126 2.1014237936985647 2.8016982277908875 3.4975731839651765 4.195377338644394 
0.2886792130109683 2.3143028119613827 2.10152095251122 2.802321915943297 3.506781596009452 4.195441945447714 
0.1966157763951505 0.8299052509918721 2.1014186266020443 2.8016056302579866 3.506231855550049 4.195933916903103 
0.35283315437452656 2.326423570603695 2.1012435084000733 2.80219453706374 3.4980247967963014 4.205451839462183 
1.7730206471404895 1.1087521483642744 2.101523792832004 2.8021737762400436 3.497641590363908 4.195945844076598 
0.3193521398123348 0.964957810550441 2.1014647408273412 2.8019539240535916 3.5068350150208882 4.195558747153682 
1.8437528504904803 2.4804310333361226 2.1012444144736078 2.802207715176847 3.5042512074500727 4.195534965304595 
0.20412250489441924 2.448932405652226 2.1014704562158295 2.8016056302579866 3.506231855550049 4.195945289871533 
1.8483081226013163 2.471916441000521 2.1012444144736078 2.802207715176847 3.5042512074500727 4.195534965304595 
1.8955411741808892 2.4688641881312536 2.101488768049028 2.8021733624395835 3.497669670769159 4.195940562947142 
0.20412250489441924 0.9802029018293555 2.1014704562158295 2.8016056302579866 3.506231855550049 4.195945289871533 
0.04926193381226662 0.9723670307315059 2.1015228723454196 2.8021906873716143 3.4975083998557186 4.195970136665526 
1.9024047470274539 0.8326551769936463 2.1032088662313275 2.802203491387433 3.497580432317336 4.195495662211122 
1.7930613838705258 2.6962561831124683 2.101468492337365 2.8019687461055685 3.4972753268060828 4.19552893975237 
1.910253041207871 2.457672993566683 2.1014701112312113 2.801954108706711 3.497401074992287 4.20484090511599 
0.3026387369777982 2.5091673468306226 2.1014170555096183 2.802540803212688 3.5068467207000587 4.195363488812452 
1.7730206471404895 2.6637797204252838 2.101469973805338 2.801950689235426 3.4977881466566494 4.205171441542534 
1.7730206471404895 1.0841858817007721 2.1012516971022124 2.802175143847998 3.497646614373371 4.195945844076598 
0.21991059357168063 0.8326551769936463 2.1031706115498467 2.802203491387433 3.4965259820023955 4.195495662211122 
1.8483081226013163 2.6313919880050767 2.1012444144736078 2.8014142412903986 3.504192715003234 4.195279256309241 
1.4004581287868858 0.14934610960148142 2.1014873051563097 2.8020071061770517 3.4974079197493255 4.205395721049438 
1.7704616312803099 2.663481148049631 2.101469973805338 2.802567818797404 3.4977881466566494 4.1952425073797235 
1.8700326497942004 2.473636885600584 2.1014701112312113 2.8019543644383793 3.4978370652609727 4.195541261089944 
