2.5310924192368384E-4 5.814746168730789E-7 2.109593206220057 2.7931140050201466 3.5016619135679323 4.20216092460615 
1.6486693357305569 3.1240017947811958 2.109565764058087 2.7930843774600618 3.5014824964856603 4.201429412489387 
2.5310924192368384E-4 5.814746168730789E-7 2.109593206220057 2.7931140050201466 3.5016619135679323 4.20216092460615 
1.0465277141454694 2.7327003260893985 2.106421429336101 2.793743930090699 3.5014062942363715 4.201561999777974 
1.685674210254697 2.781510538898307 2.1095585231570158 2.7928904302839115 3.502038208976047 4.2023800169913095 
0.07884100853604142 3.083338758739673 2.1092754925214385 2.7934997139090303 3.5015157978948737 4.202121580469855 
1.0161850608679024 2.480762150487263 2.109667402722855 2.792889435114439 3.502019637809429 4.202383992211951 
0.09680288736090492 2.646043690100901 2.109544026303813 2.7931535260735414 3.5015352384698373 4.19914182348491 
0.11648212180755056 1.4436207053835575 2.1094093325996606 2.79350928561101 3.5022576241640224 4.202566481100865 
1.6658123131327656 1.244395472600978 2.109408003463052 2.793435429553113 3.4962958157569615 4.202641055626871 
1.6207988867958374 2.966582155698045 2.1095469361956694 2.793076962349137 3.5014698572020344 4.2023602726682725 
1.2091487140032577 0.4895673158452185 2.1090595708025712 2.793084523934237 3.502060401634081 4.202247618449458 
1.7477144287503232 2.728881497623623 2.1094123569430514 2.7931433527101843 3.5014905374401755 4.202294125074141 
1.7098622082432942 2.9007411919592867 2.109517366140434 2.7934995274437306 3.4991347224428924 4.201972896623528 
1.6506059636532384 1.256783393149018 2.109663466290867 2.793512345673933 3.502629829364742 4.202383799259213 
0.02740391673509157 2.8744827594987936 2.109593206220057 2.7937490362895487 3.502031817722068 4.20216092460615 
1.752178130479796 1.2366976037092743 2.109402888239852 2.793076920755792 3.501721219608174 4.20395819149177 
0.35091210548586915 0.4105605802592225 2.1095619343753733 2.793751061855041 3.502586985495563 4.202675444536617 
0.16463446815764374 2.6857387565093065 2.1092820933551537 2.7934330699461793 3.5015352384698373 4.198919723825034 
1.678475450876857 1.1720005424017848 2.1096645722361935 2.7928587823440765 3.5021857894378616 4.201430218638594 
1.6413025095228884 1.2569641862946745 2.109563398063879 2.7931402073207723 3.5014949306570418 4.199429800334277 
0.04984201380438813 2.933840954244706 2.109517366140434 2.793084658503457 3.501406442513475 4.201972896623528 
1.6108197391273786 1.548419706601279 2.10951757116158 2.7931512720286995 3.502234256721352 4.202383799259213 
0.11090167471446732 1.2161505133009527 2.109066306139767 2.793428791298568 3.5015182571309325 4.202380222687877 
0.1646393683053961 0.7125010778557641 2.109276625013943 2.7934400371457735 3.502023847545755 4.198743919250801 
0.11249588273085355 1.2444762023756015 2.1090736924295266 2.793402948301462 3.5025215331860924 4.202410635809702 
0.0041579574231997984 1.4951889179378002 2.109522674006505 2.793486407424832 3.502244059280604 4.202584858517044 
0.16490692368244542 3.946912529078565E-7 2.109276662172104 2.793441177424501 3.50150478135681 4.2021214143546475 
1.7525889884803967 1.1585373623801654 2.1096549904579165 2.7931433866594904 3.501489157047669 4.19906341575153 
0.015425878496760706 1.2447161460037122 2.109593216420409 2.7931512720286995 3.5025215331860924 4.1990093836465965 
0.04984201380438813 2.8557625985810455 2.109517366140434 2.793086547762295 3.501413004197941 4.201972896623528 
1.6499214284588533 2.8642871926676454 2.1095110232926353 2.7928926417195066 3.498967915247083 4.202106328604897 
0.1646393683053961 0.7163243276237092 2.109276625013943 2.7934433720209566 3.502023847545755 4.202121809807066 
1.6899718317684391 1.1692478268220041 2.109593206220057 2.793143377186321 3.5022092797165456 4.20216092460615 
0.1601116586364042 1.2176761646751455 2.1092767049783903 2.793441177424501 3.4728180956990844 4.202106926276735 
0.03617928270056005 1.2447161460037122 2.109427093960551 2.793087589128187 3.5016677183617078 4.199201552051427 
0.0829975676382857 2.777995235280756 2.109589810485117 2.7931433527101843 3.5014905374401755 4.202244290790069 
1.7098622082432942 2.853762408795767 2.109517366140434 2.7934995274437306 3.4991347224428924 4.201972896623528 
0.14268695904542417 2.8201262220473673 2.1094003359484748 2.793114749283093 3.4964604167611233 4.202648444621089 
1.6504017563703235 1.351381254979451 2.1096737508949124 2.7931134769691637 3.502234148103927 4.202380184478763 
0.09740279504642263 2.658289927087167 2.109539505259138 2.793504167613036 3.5016317057965387 4.202186559903642 
0.8930538955439558 1.2106746964492159 2.0953958661779195 2.793066335881781 3.501641343398022 4.202641055626871 
1.751952713037091 2.728881497623623 2.1096586720895494 2.7931433527101843 3.5014905374401755 4.202287765877365 
1.6726311588309106 1.2486771833646706 2.10923949606219 2.793506946184061 3.502615559091123 4.199058409412923 
0.016428949215298916 3.097770890728366 2.1092426042944012 2.793147205627859 3.5015110885224034 4.202120495990108 
1.688993897989017 2.8201262220473673 2.10940962973232 2.7930876402361724 3.4964604167611233 4.202648444621089 
1.7579779322157878 1.1733370459334918 2.109595143910877 2.793139143919241 3.5022255534167415 4.202383799259213 
1.765350891451383 1.173612891656788 2.10940962973232 2.793149232820001 3.502601566568472 4.2037660230869385 
0.07258611224184319 1.244395472600978 2.1095907697808567 2.793435429553113 3.501517857288528 4.202641055626871 
1.0140163965373685 2.491484311731337 2.109589205945911 2.7934630090976444 3.5020044535524817 4.2023373149569165 
0.07229107912816513 2.7453724837796196 2.109593206220057 2.7930896009089983 3.5014674421096714 4.198965281402204 
0.2182800599282877 0.9711063313396697 2.1096547941992547 2.7931428560122225 3.502021993239013 4.202281314832415 
0.025652576249146186 2.812048013394104 2.109778803161389 2.7931140050201466 3.5022008949330776 4.20216092460615 
0.1646393683053961 2.819384375010224 2.109276625013943 2.7937639112531705 3.502023847545755 4.202122274577983 
0.06452639492362355 2.7460664287061722 2.109514537129223 2.7928778048953196 3.5024695565615604 4.202415902693272 
0.11620722523983354 2.8567978297284293 2.1097170472321025 2.7940838683214633 3.5023771691657517 4.199342016160848 
2.5310924192368384E-4 1.3505810740920372 2.109593206220057 2.7931132902232467 3.5022318684520646 4.202158526632746 
1.7495130817238493 2.7967637708637576 2.109517366140434 2.7935430101649494 3.4991347224428924 4.201972896623528 
1.6566797174523806 2.932151763073959 2.1095823590266414 2.793494440509822 3.501531365897732 4.199006279016054 
0.16482097937402324 0.9711063313396697 2.1094586936881985 2.793150960917905 3.5020114821262327 4.202160316432879 
0.0716354747765581 5.814746168730789E-7 2.109593206220057 2.7931140290438763 3.501666230957418 4.198966635315437 
1.8108387243874895 1.173612891656788 2.109413804238585 2.793439671561373 3.501708868490004 4.20395819149177 
1.5167950430933836 3.1240017947811958 2.109565764058087 2.793079166056162 3.5014824964856603 4.201429412489387 
1.5167950430933836 3.1387804276839546 2.1097732862430596 2.793079166056162 3.5014825268800553 4.201429412489387 
1.728612354832805 2.7292535076821762 2.109764981217626 2.7934465132292146 3.502237395768326 4.1991700684430215 
4.60116706921726E-4 5.814746168730789E-7 2.1095154418214888 2.7931140123190485 3.5016411329330053 4.20216092460615 
1.7358149781989947 2.7220786482999544 2.1096590458761435 2.7931433527101843 3.5016928376675898 4.202287765877365 
0.02169106574479426 1.3168086719548326 2.1095932161983586 2.7931140050201466 3.5016132129659785 4.198970560642766 
1.70891500229651 1.2077216680227174 2.1094200453456247 2.7931512720286995 3.499104941142559 4.201449194204073 
1.561644810703227 3.1374903661135836 2.109422197352185 2.793079166056162 3.5014825268800553 4.203881819935828 
1.7174226158172348 2.746998803753987 2.109583320685426 2.7931366616099584 3.4992251785193575 4.2019823290764755 
0.1629682365061369 2.7460664287061722 2.109514537129223 2.7928778048953196 3.5094245789977014 4.19859968923175 
1.7524369503077941 2.735771263427312 2.1028636656010624 2.7935368436313506 3.501489157047669 4.19906341575153 
1.7413881763814105 2.77325939671468 2.1096586720895494 2.7931463493532522 3.502138690797928 4.2023003895362905 
1.6499214284588533 2.985610582114998 2.1095220683009566 2.7928903928828364 3.498967915247083 4.199198871140537 
0.9018384155380219 2.834323078398314 2.1096664093980895 2.7928471667845733 3.4998725675351476 4.201362307080868 
1.791069495393271 2.773807477293383 2.10940962973232 2.793114018355758 3.4962958157569615 4.20395819149177 
1.6352022168148763 1.342617688862739 2.1096737508949124 2.793151257348875 3.501498022403998 4.202383799259213 
0.01199341532413234 1.1910722825418671 2.109593206220057 2.792881563555358 3.502154753950538 4.202167224183246 
0.2182800599282877 1.1476664567018253 2.1096547941992547 2.7931132878612255 3.502021993239013 4.202275176220544 
1.6709560532377201 1.2644954618454778 2.10940962973232 2.793506946184061 3.5026011947598654 4.199042526677688 
1.7694525725161403 2.856165162959236 2.109517366140434 2.7934995274437306 3.502147439620253 4.201972896623528 
1.6349606238953456 2.905668001464611 2.1095823590266414 2.793494440509822 3.501531365897732 4.199006279016054 
1.7920771889306046 2.7573821911956906 2.109255144189569 2.7934460913734718 3.5028281171834994 4.199299163853807 
1.7945460991780366 2.7904095195136716 2.109514537129223 2.7928778048953196 3.502479877363667 4.202564213424437 
1.678475450876857 1.237404679029291 2.1095186771069065 2.7928587823440765 3.5021857894378616 4.201430218638594 
0.4187647867885135 0.39140774486729535 2.1090566641920696 2.7934156335328635 3.502586985495563 4.202675444536617 
1.7336006428534951 1.173612891656788 2.109565191221044 2.7930844134996997 3.501708868490004 4.20395819149177 
4.528843347093095E-4 2.971269284695054 2.109546336430938 2.7930773928618087 3.5014953218672584 4.20216092460615 
1.7495130817238493 2.7967637708637576 2.109517366140434 2.7935430101649494 3.4991347224428924 4.201972896623528 
1.6681288529055804 1.3802978204045615 2.1090675108848846 2.7930761874730385 3.5015176039290576 4.199027839892331 
0.12258261249709335 2.639923123088339 2.1097765057303195 2.7934330699461793 3.501538078705535 4.1990337584708906 
1.706942839649209 1.2077216680227174 2.1094200453456247 2.7931512720286995 3.499104941142559 4.201449194204073 
1.5897286936640813 5.814746168730789E-7 2.109593206220057 2.7931140050201466 3.4963749233350154 4.2021521231286565 
1.7918296293617813 2.781510538898307 2.1095519764282056 2.7928904302839115 3.502042828216911 4.202381101471056 
0.4187647867885135 0.4105605802592225 2.1090566641920696 2.793751061855041 3.502586985495563 4.202675444536617 
0.18593517397825787 2.8201262220473673 2.10940962973232 2.7930760976454456 3.4964604167611233 4.202110848991429 
1.752178130479796 2.776167052047197 2.10940962973232 2.7930840171214832 3.501708868490004 4.20395819149177 
0.07132960249404471 0.9893693703961759 2.1092754925214385 2.793155622679139 3.502021969662247 4.202121580469855 
1.7575407728002899 1.163436326271165 2.1096549335842436 2.793143401492436 3.502234256721352 4.202383799259213 
