1.6281069841910856 3.16481713853584 2.099335696035136 2.801513439643506 3.499952888547418 4.200252789179364 
9.127486224280723E-6 1.4392372149241162E-4 2.099436793288153 2.8013925674608218 3.499933320825077 4.200200315676944 
9.127486224280723E-6 1.4392372149241162E-4 2.099436793288153 2.8013925674608218 3.499933320825077 4.200200315676944 
1.6281069841910856 3.16481713853584 2.099335696035136 2.801513439643506 3.499952888547418 4.200252789179364 
1.569631571583881 3.0137275564346577 2.09926406202258 2.8016434464554565 3.49995985537751 4.200204402159507 
1.6392378026402636 1.5487058772713298 2.0993192816292514 2.801851592483701 3.500571819364909 4.200241448565714 
1.602184784955734 0.03626459108253233 2.0993330477484182 2.801388909031783 3.5007162226264947 4.200488771665655 
1.459044485443151 1.5947704846059396 2.09930162222419 2.8013853690860118 3.4997517539728853 4.200983741355125 
0.058072424507562816 1.5613425593135932 2.0996820923482136 2.8013849136023583 3.5002762038575868 4.200221975558223 
0.10762076049652272 2.624864293195741 2.099320004839554 2.801328866209334 3.4999758053323506 4.200492376644302 
0.04290188158161823 2.9459558266321135 2.0990220369193735 2.801385998122769 3.4999914669069527 4.200218658755398 
0.1655415114374576 1.4487062018742058E-4 2.0994390245371726 2.8013854530763167 3.4999533619542245 4.200220712673832 
0.04290188158161823 2.9030791361573574 2.0990220369193735 2.8013848391556446 3.4999914669069527 4.200252731463814 
1.569631571583881 3.0573964159762186 2.0992637487995838 2.8016423052162107 3.499953005163934 4.200251356761254 
0.04715477511229033 2.785502259350938 2.099442317119244 2.8013881911758283 3.5002841262989204 4.200184158958741 
1.5445727968269969 3.1224500459606266 2.099335699228989 2.8013851288891622 3.500332802161629 4.20087082890025 
0.12182603979314355 2.8214318306853237 2.0993933123388495 2.8013493698760303 3.500719137777148 4.200903078309568 
0.0012196446329105007 1.0351968102620377 2.0993378637071864 2.8013867841818993 3.5007168665699315 4.200807690658566 
0.14007052870716855 2.57377388534829 2.099254034697492 2.8013291791798554 3.499682075098448 4.2008064340661075 
0.12703962711440364 1.3281811539865322 2.0994561054605225 2.8015212883566116 3.5002998390713675 4.200252954024207 
1.569631571583881 3.0254949321985314 2.0993192549880186 2.8013240185410027 3.4999751929530425 4.200204402159507 
0.16996857348344274 2.797926126385586 2.0993922998727745 2.8016437718240117 3.500698467381935 4.200919447326865 
1.7877185361988575 0.9853470833661997 2.0990339020815396 2.8013585048321867 3.499982980271267 4.200773981616133 
1.6924897347342456 1.3281811539865322 2.099332920924642 2.801845758706685 3.4995886359062136 4.200253303913047 
1.7714552608901262 1.0069014787792359 2.0990232198292778 2.801391895384347 3.4996432474668344 4.200874468524023 
1.5710119530669602 1.6132241263282159 2.099319939016378 2.8016087751478382 3.4999764498266375 4.200203931139481 
1.5312165551918353 3.1224500459606266 2.099335587566486 2.801383890449636 3.499659487723025 4.200252789179364 
1.6288921854270255 1.5363320068876896 2.0993222091895576 2.801512251519101 3.4999836712588213 4.200252789437343 
0.07241771080660797 2.7477263650321717 2.099447533955667 2.8013881911758283 3.500283487605098 4.2001704159175635 
0.02990081949376111 2.8872709058672013 2.099319939016378 2.8016158939220293 3.499978934001765 4.200204893678197 
1.6343315954815523 3.0464281857509734 2.0993016089574494 2.801389795398985 3.500326095551117 4.200937682983004 
0.19798394040009348 0.7638636588536821 2.09932987136891 2.8003279496235027 3.4997018603384147 4.200170602463592 
1.4947482241382437 1.5962056997390635 2.0993016089574494 2.8013865335962698 3.50030409496848 4.2002529073787205 
0.24252275569917225 0.8819337885255882 2.099325310278286 2.8013324990048116 3.501160673166813 4.200810168119263 
1.5234359176947103 3.1248610797304948 2.0997488530217296 2.801393574235438 3.5002060049624695 4.200240767930048 
0.15688389092957178 1.0812094359704056 2.099301194437797 2.8013850673714553 3.4996622131741217 4.200774666136422 
0.320346192540476 0.8809895653375077 2.099342353881497 2.801382775444832 3.501160673166813 4.200177877177103 
0.10430492532281754 1.0429805291993939 2.09945020890029 2.8013994069118993 3.500283487605098 4.200182461340177 
1.4653492907304204 1.6747758747987886 2.09930162222419 2.8014170517356343 3.501038012626226 4.200983741355125 
1.5800161151883767 1.5316529235482117 2.0993358889700353 2.8013915837927423 3.49992734133871 4.20094668644351 
1.6206191193897703 3.014472781075667 2.0993355012860535 2.801377146870889 3.4996053153038016 4.200496613743755 
0.046012573753831276 1.3281811539865322 2.0993328070129866 2.8016631044534575 3.499980225177983 4.200253303913047 
0.320346192540476 0.8632575840250774 2.0993409121909994 2.801382775444832 3.501160673166813 4.200178460542321 
1.536280898578662 0.03242730191507559 2.0994382711865285 2.8013854328404033 3.4996621285343705 4.200221076788968 
1.5662963144912867 3.104655657393749 2.0993330477484182 2.801388909031783 3.5007162226264947 4.200182338500997 
1.5314071700484981 3.163959803534477 2.099687824261107 2.8013579939650217 3.4999794877665464 4.200219425460316 
0.07241771080660797 2.785502259350938 2.09945020890029 2.8013881911758283 3.500283487605098 4.200182461340177 
0.06598518506642459 1.3281811539865322 2.099332920924642 2.8016631044534575 3.499658521269752 4.200253303913047 
1.5297068836315948 3.161872169143775 2.09933962583661 2.8013582836312825 3.4996878737292993 4.20087082890025 
1.800663415596969 1.0442371491587048 2.099298367102325 2.8013994337957056 3.500399886781034 4.200444086349665 
1.4653492907304204 1.595022394873569 2.09930162222419 2.8014170517356343 3.501038012626226 4.200983741355125 
1.5234359176947103 3.1327610249219386 2.099335587566486 2.801393688189162 3.5002760802894732 4.200240767930048 
0.133614282506211 0.9634361440382234 2.0992611416407594 2.7997255820849305 3.4999504112128093 4.200230387222081 
0.08277647721697037 1.0198597859054266 2.099336698059466 2.8013867841818993 3.5007168665699315 4.200460982254031 
0.22144670289938995 0.7638636588536821 2.0993299830314127 2.8003334858975957 3.5003514531982454 4.200170602463592 
1.5566064632443344 1.514952191078935 2.1008967058712615 2.80164343332854 3.49995985537751 4.200203793047615 
1.536280898578662 0.01054917063625782 2.0994382711865285 2.8013854328404033 3.4996621285343705 4.200221076788968 
1.5803367304633555 3.1069213090576016 2.099335587566486 2.8002498255553974 3.5001701684707385 4.200773316266789 
0.11504267083758268 2.6769770151601016 2.0996624956294485 2.801393718781409 3.500283896271638 4.200240853935828 
1.7642524055230284 1.0437347170256102 2.099335517201632 2.8014982388961287 3.4999542534427386 4.2002567630603975 
1.5742731160585912 1.5363320068876896 2.099336015149553 2.801512251519101 3.4999836712588213 4.200774015925611 
1.53158374317672 1.595022394873569 2.099335213434302 2.80138652720425 3.499974318742701 4.200948376390843 
0.11543908061304176 1.0822830320847676 2.110608064714123 2.801385231236584 3.4999830084656276 4.200343987976429 
1.6204409856370097 1.287777005281855 2.0994438264610347 2.8013856147100946 3.499658521269752 4.201239379391259 
1.5683186014927497 3.163218598024968 2.099687824261107 2.8013446030918585 3.4999794877665464 4.200219845470485 
0.22144670289938995 0.6820328644143041 2.09969485100286 2.8003334858975957 3.499985751039911 4.200220538358228 
1.5393140466906594 1.5583621876769873 2.0997488530217296 2.801393574235438 3.5002055979080855 4.200240767930048 
1.5439270777709893 1.5821330415361343 2.0996820923482136 2.8013881801225278 3.500301060075599 4.200222120263278 
0.009028424774039284 1.0544838430663237 2.09933694207325 2.80138502503534 3.5003518958953963 4.200252003236451 
1.4589866331980392 1.595022394873569 2.0993016089574494 2.80138652720425 3.501036027939719 4.200948376390843 
0.03473529090176597 2.9030791361573574 2.0990220369193735 2.8013848391556446 3.4999914669069527 4.200252731463814 
0.18294800683161952 1.0812094359704056 2.099301194437797 2.8013850673714553 3.4999563956214264 4.200228911668929 
1.4899412051191219 1.5962056997390635 2.099333413048035 2.8013865335962698 3.5002843313903274 4.200182729645966 
1.5662963144912867 3.104655657393749 2.0993331269691584 2.801388909031783 3.5007162226264947 4.200182338500997 
1.6206191193897703 3.014472781075667 2.0993355012860535 2.801377146870889 3.4996053153038016 4.200496613743755 
1.53158374317672 1.676888610762938 2.099336842462204 2.801416468447668 3.5011075591901837 4.200948376390843 
0.06875974629799997 2.7855049939426064 2.0994357006192033 2.801643433073223 3.499974872770796 4.200204402159507 
1.7710440589676433 0.997869957666605 2.0996738825520005 2.8018768540078653 3.4999831890935997 4.200482657506791 
0.020492096784553104 2.872389046427398 2.0991785870117803 2.801613773020869 3.4999779718478234 4.199259358716299 
0.19798394040009348 0.8842909011495036 2.09932987136891 2.8003279496235027 3.4997018603384147 4.200170602463592 
1.5225631723452497 1.571461364375923 2.099687824261107 2.8013849269879674 3.50038195287606 4.200270036911568 
1.7871832527704559 2.7879797144004006 2.0993915231547287 2.801406280554812 3.500347664105037 4.2007140045169 
0.16317177210781064 0.7653716806040184 2.099330153120605 2.8003313969265444 3.5003520062254543 4.200703361971115 
1.7717235006149927 2.783621383897059 2.0993810290742525 2.8018491776518775 3.5007041235823912 4.200482657506791 
1.799307631681853 2.7959056241281206 2.0993933123388495 2.80135412513882 3.500719137777148 4.200899653443408 
0.02990081949376111 2.9202219523523354 2.099319939016378 2.8013784196850655 3.4999918741442926 4.200203775835554 
1.7710440589676433 0.997869957666605 2.0996738825520005 2.8018768540078653 3.4999831890935997 4.200482657506791 
0.14007052870716855 2.5650140266291035 2.099254034697492 2.8013291791798554 3.499682075098448 4.2008596498954605 
0.149298534625126 2.797926126385586 2.0993922998727745 2.8016437718240117 3.4999646478803252 4.200919447326865 
0.24252275569917225 0.8565642790514032 2.099324886219119 2.80138054807483 3.501160673166813 4.200810168119263 
1.547632531305038 0.07111983851958237 2.099335696035136 2.801388860446634 3.499659487723025 4.200767525280549 
0.23830818642022544 0.8621701928949774 2.0993239394859904 2.801385320625797 3.501160673166813 4.20023772170509 
1.7642524055230284 1.0899846461565272 2.0996679402762184 2.8014982388961287 3.4999542534427386 4.2002567630603975 
1.5760505795383468 0.046167177680030314 2.099335587566486 2.801393688189162 3.5002760802894732 4.200211286814355 
1.5312165551918353 1.5341432082588127 2.099320613049149 2.801383890449636 3.499659487723025 4.200252789179364 
0.13361745360713279 0.8450401575895383 2.099323120504315 2.801590911769588 3.4999836661908463 4.200203809413084 
0.1400642823151487 2.6800972080268535 2.0996499949142615 2.8013278191725086 3.500283896271638 4.200240853935828 
1.5586065778457692 3.161872169143775 2.0993403370970602 2.8013582836312825 3.499948969474209 4.20087082890025 
1.5190134290518305 3.3018335731579054 2.099687824261107 2.8013849269879674 3.500382219655667 4.200219425460316 
1.486633865823614 1.7550609334313303 2.099102051694233 2.801851592483701 3.4999464671073963 4.200240955196651 
