1.3624477487007418 3.6936424173795666 2.099037898449171 2.7984932166587098 3.5015306632124674 4.2000568315224225 
5.557759947592E-4 0.011723765856366475 2.0990745574001908 2.7984804807978425 3.5011158438327117 4.200319743730317 
0.6082502830938137 3.6094450702596097 2.0992671367953144 2.798493293695258 3.501462688156788 4.201339567364452 
1.3146482053306752 3.5237994975997062 2.098627331880978 2.7981698975733806 3.502214059604742 4.201235756039007 
0.4942759813427169 3.524205185365249 2.0983727894855413 2.798177243985808 3.5020028967245063 4.201550211195979 
1.5231565535938039 0.19345741144256257 2.0986129668229103 2.7981588351731226 3.5010930785034526 4.201283761560667 
1.3958424349051448 0.04778298744394971 2.0986130716138494 2.7981692911245717 3.5012006005263117 4.201253670136842 
0.6125582652751022 0.4517212696358984 2.099298122141518 2.798485742518725 3.5015477146519114 4.20005645365848 
0.6859306935442895 3.310877516275436 2.0993047281594865 2.7981559106060647 3.502480379179068 4.201117122325064 
1.3511706596375082 3.5237994975997062 2.098627331880978 2.7981698975733806 3.502214059604742 4.201235756039007 
0.05137725586700448 0.23007528083531925 2.0993080369427277 2.7981740895207836 3.5020238543496656 4.201192270431726 
1.3226196722761623 3.6884222029939013 2.099075759720017 2.7981574289918614 3.5022175796225743 4.200048160735197 
1.289886340751313 0.3107966113348394 2.0993047252569284 2.7981534308851024 3.502025163492912 4.200225400341466 
1.3599864539794733 0.22494904742313637 2.099263978518801 2.798295532085143 3.501561606463154 4.197572634214009 
1.2927528668401713 3.7234958099786186 2.099287473909269 2.7985031118940227 3.5025603749260474 4.2000568315224225 
0.35758611725422584 0.5454233747547248 2.0991130095932626 2.7981640191054837 3.502717689979911 4.197703437056664 
0.4930218513059961 3.6279900514533487 2.0985779148964294 2.798170147801107 3.5099975211648204 4.2014913958696365 
0.41023693968959113 3.7163587301779732 2.0983345225890564 2.7981578584699767 3.5028355460019234 4.194592724413729 
0.7000240975172513 3.2242000064571488 2.0993059580157047 2.798145001999878 3.502480379179068 4.201275967684637 
1.3467419097108497 0.34621131873448785 2.112758465979276 2.7981539794398573 3.5015353815196675 4.197617027202151 
1.3870282198887993 3.524205185365249 2.0983584712891687 2.798177243985808 3.5020028967245063 4.201524475106425 
0.5030390788600156 0.03208429283951278 2.0986240322747998 2.7981531580622727 3.5022138335871453 4.2011238645787055 
0.6128045648996421 0.08127244894494803 2.098603673381225 2.798158690807518 3.501066175077818 4.201168970564947 
1.397068735565745 3.467598676131085 2.098674247092574 2.798168618971142 3.5025544422917267 4.197331030274802 
0.6987693094638683 3.3365442341827256 2.0986068053015505 2.7984698999780044 3.5014148028532643 4.200048204797383 
0.023222134629711122 0.10118520101194761 2.0993080369427277 2.798170116267868 3.5020238543496656 4.201192270431726 
0.5381695254422011 3.5223086006375404 2.0986256938265875 2.798164806986446 3.5027244934337043 4.200964393580076 
1.3626642871976844 3.4562361299957103 2.099011649429952 2.7981701198415876 3.5015003033365506 4.200050538665105 
0.4154954828052885 3.7163587301779732 2.0983457012245297 2.798158503930672 3.5028355460019234 4.194592724413729 
1.4333271625165056 0.05594260056506081 2.0986267179868245 2.798158239248426 3.5012006005263117 4.200163699413533 
0.5411651639608085 0.08111814214607294 2.0986230369731538 2.798481046441858 3.5011158438327117 4.200103449359672 
1.3288448784880968 0.2021014616491812 2.09936655102012 2.7985159338760157 3.501442374131334 4.200163273156069 
1.3674981445823606 0.22494904742313637 2.0992891229466166 2.7982887836700376 3.5015349553776964 4.197572634214009 
1.3624139274710299 3.527712964319096 2.0990276908909173 2.7984839582029304 3.5015306632124674 4.2000568315224225 
1.3932787118696077 3.4562361299957103 2.0992895433867864 2.7982870045726007 3.501571433824924 4.201284089268683 
1.365815919099534 0.35423336411173323 2.099041717765428 2.7984939825382633 3.5015353815196675 4.197572634214009 
1.257847605140651 3.642898485130176 2.0990460258377843 2.798174569352681 3.5015328914631647 4.201016849649068 
1.2904435074824712 3.6533201655111602 2.0993052324888253 2.798170078244764 3.5015859918759156 4.201335398439743 
1.2522188589510168 0.4835356377738471 2.0993675464167048 2.798508700927906 3.5014978060370097 4.200239532225538 
0.5307576031430097 3.6844701018492056 2.0990382557174203 2.7984807159396334 3.501020381303015 4.200103449359672 
0.5750206849306245 0.06350036129906338 2.0986142055970585 2.798168877138869 3.5022501388744294 4.200146683485696 
1.3370292405493254 3.6093176276658325 2.099286343696925 2.7981708571618014 3.5025603749260474 4.2009641000950735 
0.6137439758891844 0.2975938688910843 2.09936655102012 2.798519430662087 3.501442374131334 4.200158456385851 
0.5796072719561466 0.033394349821125324 2.0990575528796724 2.7984715812274628 3.502775166647207 4.200016409974634 
1.361651534138634 3.6271166177387895 2.0986214604096096 2.7981730264542755 3.5023585399965302 4.201106977836786 
1.3327590234649285 0.19930786468427186 2.099075759720017 2.7981811034277304 3.5022259911375215 4.200227352012338 
0.6859306935442895 3.3365442341827256 2.0986068053015505 2.7981559106060647 3.502480379179068 4.2011163853062845 
1.257847605140651 3.693313358182568 2.0990464317556183 2.7984932166587098 3.5015306632124674 4.201107622929871 
0.6252353241930505 3.5238194940321255 2.099089209122265 2.7981657426321327 3.5027911189281875 4.201570907590949 
1.2973598967994269 3.57198255399131 2.0986259732331516 2.798167227205471 3.501555901790806 4.201259150852042 
0.6851598720405065 0.19213994699210657 2.099041717765428 2.7984698941987283 3.5015357297271 4.197615524331177 
0.5064228194531855 0.0982525526877327 2.0986205482964815 2.798158733268085 3.5020727305458808 4.201294357712721 
0.6812562797870252 3.296228233511339 2.0993047281594865 2.7981559106060647 3.502461054629456 4.201117122325064 
0.5392467701198693 0.05594260056506081 2.0986267179868245 2.798158239248426 3.5020093848174247 4.200163699413533 
0.05504269216424024 0.9679014283244645 2.098612942013839 2.7981699511724982 3.5010866313831857 4.201176206825893 
0.6127243583112028 0.37906848362527645 2.0986068053015505 2.798157391976013 3.501547794319688 4.200147955650827 
1.3327590234649285 0.25264647474231916 2.0986222112612536 2.7984997507337592 3.501536451691325 4.200318125293141 
1.4622593902160674 0.1790311173003789 2.0990302891248676 2.7981659050042254 3.5027264547758548 4.19735974180277 
0.45153325073122774 3.7383305069920274 2.099037898449171 2.7984932166587098 3.5028366498950856 4.2000568315224225 
1.289886340751313 0.4452083982127171 2.0986283555395913 2.798174046573301 3.502771543028968 4.201186052665694 
1.5231565535938039 0.10318271759567421 2.098606901047373 2.798158824521083 3.502410134154941 4.2010302257645975 
1.5136859206540714 0.16594023271095737 2.0990521362430354 2.798158503930672 3.5028355460019234 4.194649634169574 
0.6812562797870252 3.296228233511339 2.0993047281594865 2.7981559106060647 3.502461054629456 4.201117122325064 
0.6125582652751022 0.2305286106623422 2.09906869277939 2.79815741400169 3.5015477146519114 4.200144799714561 
1.3732605659317432 3.6318245863881944 2.0998945264109903 2.798170147801107 3.510084430055041 4.2014913958696365 
0.5055650359023928 0.34149657553395385 2.0986214988367338 2.7981441947650416 3.5024040004794146 4.20114016784266 
0.6151757176066267 3.296228233511339 2.0993157847635273 2.798514384293954 3.501136784915924 4.201116444543502 
0.47241987992692813 3.694156580376191 2.098567346236234 2.79815741400169 3.5015377275705215 4.20010400780357 
0.7000240975172513 3.3091731600553165 2.0993050381171052 2.798145037890551 3.502480379179068 4.201275967684637 
1.5156371392167578 0.0345133086966499 2.0986205482964815 2.798158733268085 3.5012042382414466 4.200390917486946 
0.6975332830638276 0.0246975162244302 2.098613723792043 2.7981589167482426 3.5027244934337043 4.201277973942039 
0.4257729071264507 3.7163587301779732 2.098336161380929 2.7981581056573166 3.5028355460019234 4.21596657092967 
0.004038377113841252 0.037761921495535145 2.098623523406725 2.798479603118306 3.501112644558714 4.200095170320182 
0.5610214095090408 3.6665667726915285 2.0983457012245297 2.7985150948102677 3.5013773517584803 4.200200624614215 
1.396103644418044 3.571358017247287 2.099008592259381 2.798169241880901 3.5282395886052607 4.200038504931021 
1.4899012840029204 0.18892495263938286 2.0990575528796724 2.798178604990691 3.502765675543785 4.197678373471917 
0.4381628307012516 3.7163587301779732 2.099273482036447 2.7981623531786153 3.5025640818989747 4.194661974239249 
0.5562576799647869 0.2021014616491812 2.09936655102012 2.7985159338760157 3.501442374131334 4.200158456385851 
0.6473828969719494 0.09028235249754046 2.0986256938265875 2.79816331018551 3.5027244934337043 4.200964393580076 
1.3370153168532577 3.5237994975997062 2.098610597252618 2.798501346234774 3.502782264585709 4.197547416761863 
1.422448129334576 0.05594260056506081 2.0986267179868245 2.798158239248426 3.5012006005263117 4.200163699413533 
0.4961439188003901 3.5926784215043446 2.0986066944145927 2.7981635732154717 3.502073905772845 4.200981283445837 
0.7000240975172513 3.155646010609339 2.0993050402596554 2.798145037890551 3.502480379179068 4.201275967684637 
1.3332252931571207 3.5237994975997062 2.0986120557506713 2.798006982494026 3.501561586366096 4.201434845060153 
0.6151757176066267 3.296228233511339 2.0993157847635273 2.798514384293954 3.501136784915924 4.201116444543502 
1.352593915716842 0.26724691289531566 2.099075759720017 2.798178039433044 3.5022314720302345 4.200227352012338 
1.257847605140651 3.7575154776878072 2.0990464317556183 2.7984932166587098 3.5015306632124674 4.201107622929871 
1.4686437088452702 0.18892495263938286 2.0990570740150694 2.798178604990691 3.5026894992594153 4.197678373471917 
0.6237257428022415 3.3279372836296752 2.0992520768730007 2.7981988482494637 3.5014601279547386 4.201339567364452 
1.2602735108389522 0.4835356377738471 2.0993675464167048 2.7985083678577656 3.5014978060370097 4.200239532225538 
1.4610189157462534 3.266533517939613 2.099276164771566 2.798165692834361 3.5027412846378847 4.197128124750551 
0.5553740229226318 0.2471282294446635 2.099041717765428 2.798494989732537 3.5015353815196675 4.197572634214009 
1.2598129193766878 0.4835356377738471 2.0993675464167048 2.798160838046001 3.5014978060370097 4.200255445077684 
1.352593915716842 0.27102548775897917 2.098604547285967 2.798178039433044 3.5022314720302345 4.201194251798671 
1.5156371392167578 0.0345133086966499 2.0986205482964815 2.798158733268085 3.5012042382414466 4.200390917486946 
1.397068735565745 3.4106285322597505 2.098674247092574 2.798168618971142 3.5025544422917267 4.196971030192447 
0.46650320140005397 0.11634912604675618 2.112758465979276 2.7981539794398573 3.4967610413706685 4.197617027202151 
0.5562576799647869 0.38076873120625276 2.0993667033976364 2.7985151332183733 3.5020460645009543 4.200116926365618 
0.5474582731403749 0.2975938688910843 2.09936655102012 2.798519430662087 3.501442374131334 4.200158456385851 
0.5553740229226318 0.35423336411173323 2.099041717765428 2.798494989732537 3.5015353815196675 4.197572634214009 
