1.9999996183478481 3.9999999372301285 2.1054580867543624 2.806954133044995 3.5063313199725057 4.207097079826419 
1.9999996183478481 3.9999999372301285 2.1054580867543624 2.806954133044995 3.5063313199725057 4.207097079826419 
3.6182373692045244E-6 0.03193027957757781 2.100906853983638 2.7993742406623463 3.4975412918060704 4.205452533349419 
1.9448852631761344 3.8899600425360057 2.1011493447733125 2.7997448306681134 3.508365401401766 4.206971482853702 
1.9996081449941534 2.4205268380286755 2.1009844400088857 2.799320390877122 3.502578648714397 4.205674017722863 
0.4405329532105483 3.9482953700854373 2.101029336628844 2.798799135765893 3.5025601402029407 4.205437784930435 
1.9971514590680117 2.160064129139342 2.1008184832708903 2.799322359720976 3.4981286817273847 4.205618975253265 
1.9202317500205064 0.6724033781562498 2.100982628425185 2.798881287872571 3.508197777028885 4.207158006276458 
0.3916032219439578 2.4523871059586546 2.1009424040394165 2.7985831953792633 3.4979468329472247 4.207085364677462 
0.27526493241876454 2.292113595118532 2.1045307612776734 2.806714050270569 3.508143027235941 4.207104318433125 
0.4891819567804581 0.6951860861602637 2.100984461249266 2.7990552853915176 3.502537804321189 4.206897063547886 
0.25744336058411266 0.6086609936068004 2.100827370204221 2.799142916323496 3.5063387960820593 4.207187326844664 
0.4073948483169707 0.22368500157154822 2.1012193175016822 2.8059975300387103 3.5079532652905336 4.20719064115582 
0.5090222022093426 0.17386695545111208 2.1009075515295925 2.799320390877122 3.4977541794941005 4.211376899856599 
0.3135671693473261 2.436992677043964 2.1007407873027177 2.798581637463242 3.4979468329472247 4.207085364677462 
0.5118558651730443 3.7209183418224008 2.101200847669365 2.7992032753271383 3.506436647522669 4.207203779559496 
0.4889874558640268 3.7244654446122736 2.1009990399897323 2.8068846914169265 3.4981502171399184 4.207148771674425 
0.19405543284424875 2.465437511730762 2.100885660776085 2.7993570055640453 3.5025383819857443 4.207187326844664 
0.4891819567804581 2.134996712929709 2.1009844632482184 2.8067344264246223 3.5025190788314196 4.206926243965985 
1.9999967469287554 3.8655059780886383 2.1045929976728845 2.798532408913027 3.5064571681841468 4.207546600257856 
0.4153360260321288 0.5674428546716933 2.1009993404446465 2.8060663171997042 3.5084116186318965 4.206962923231021 
1.984507812330419 2.2925427466857773 2.1041454891028524 2.799007557488333 3.507847751164796 4.207176601174535 
0.5035726535788355 3.5919053543417707 2.1011194789487546 2.79878523473519 3.4981354316542213 4.206988252431427 
1.9638379007944704 2.4363888029877225 2.1156414785871456 2.7992040049600657 3.506457175352631 4.206932826992395 
0.30797928981988376 3.9999999372301285 2.1047195267961776 2.806755627833299 3.5083405837375854 4.207659229885003 
0.49506703129341956 3.781556605154749 2.1011194789487546 2.798805352365467 3.4981464006599414 4.206975327974063 
0.5594535637802484 0.24419885009832615 2.1009844400088857 2.7988604900947784 3.497794706302618 4.207052332918713 
0.49652580548954806 0.33856843093211064 2.1012112468850463 2.7992090565023027 3.5079532652905336 4.205310827308021 
0.2987760755829809 3.9319053907646304 2.101133103219957 2.799326933630509 3.50848358109601 4.20545423538026 
0.48936095485379505 0.4614713443707972 2.10098436376051 2.799484084055488 3.50256648545035 4.2068949121121655 
1.9998390037344074 3.951734410583469 2.104888645418441 2.7991950379384942 3.506312457142705 4.211487977470419 
0.5437640955546693 0.4614713443707972 2.1009844400088857 2.799484084055488 3.50256648545035 4.2047443883847695 
0.5009267296865848 0.24419885009832615 2.1009844400088857 2.7988604900947784 3.497794706302618 4.207052332918713 
0.3390706154728186 3.9090569590676623 2.101189386379937 2.7984097929982283 3.5064447898974893 4.207000901078116 
1.9380777568220835 2.4523871059586546 2.104812218578424 2.7985831953792633 3.506269016281999 4.207370361149257 
1.9983476526220607 2.29132584540624 2.100941146361514 2.7992042576091136 3.5083710697119868 4.205518582816918 
1.9978286304406556 3.853024810105034 2.1008057031370417 2.7987513997217466 3.49755706475365 4.206961152933021 
0.34730136063058925 3.9826548120707073 2.101028710050827 2.799321243573337 3.5062240831314253 4.205453430118891 
0.2774237076206498 2.3270334537820925 2.100867443280685 2.799188350831525 3.502483211732561 4.2057583551337485 
8.065374773561229E-4 0.2710425498486819 2.100909164202493 2.79927966626891 3.5063336998403623 4.211982083883634 
1.9999996183478481 3.9768120830410965 2.10059705340697 2.8067670391984674 3.502477785817942 4.206959541351968 
0.3849210787196502 3.885975216751617 2.1048885229795933 2.798299540564083 3.502390865871785 4.207095979727047 
1.997744049719118 3.7952107495494363 2.1007113856633315 2.798531586112196 3.5064400401782807 4.207097079826419 
1.9859355304682487 3.853024810105034 2.100805402682127 2.798604994663086 3.5077144117202237 4.206988511023251 
0.32110707914904935 2.331071065265091 2.1045060292965707 2.7988988021231007 3.5003807209644924 4.205762031184461 
0.41428567117799614 0.4614713443707972 2.1009843179405125 2.799484084055488 3.5026201544026088 4.205744550561075 
1.9814597133435263 2.378634820894977 2.104585174656125 2.7986038829261792 3.5064995811561896 4.205793513175368 
1.9947756335938456 3.8655059780886383 2.1045886457712593 2.798532408913027 3.5064400401782807 4.207097079826419 
1.9639954013508953 2.2589958649914803 2.1007456569536456 2.799253231128186 3.506470424488185 4.206948744017626 
0.5090222022093426 0.21014558404581485 2.101052064964957 2.799319390220233 3.4977901518977443 4.211376899856599 
1.9210150724363522 3.960657791776596 2.101029336628844 2.7987894287856085 3.5082578148949954 4.205505464936162 
1.9921149814624641 3.853024810105034 2.100805402682127 2.798604994663086 3.5077144117202237 4.206988511023251 
0.2366150768923349 2.4288906233718426 2.100941146361514 2.7992036359249424 3.4982994933340117 4.2054546896676435 
1.5147635460621507 0.11229394100195278 2.1010470499084475 2.7987575825055346 3.4976005339224185 4.21039143493215 
0.30683685684260964 2.3249300241325472 2.104567028516013 2.7987894287856085 3.5082578148949954 4.209966192557928 
0.36606428615433295 2.300688727552883 2.1043817420322286 2.7987513997217466 3.4977581850725814 4.207107164367894 
1.9164603067837336 2.331071065265091 2.1045060292965707 2.79890948453731 3.5003807209644924 4.205762031184461 
8.065374773561229E-4 0.3342529546361426 2.100909164202493 2.79927966626891 3.50627390852717 4.211849780476125 
0.30810432982862124 3.918627171241655 2.100941149641965 2.7987875885152333 3.4980875319325047 4.205614179033157 
1.9647726242873176 3.9497777018014184 2.101029336628844 2.8069354323193187 3.5026660671482968 4.207096246901983 
0.3439891945323301 2.355314874484985 2.100982679788609 2.8004689646124703 3.4971220533929444 4.206885288047536 
1.9684396473553845 3.9497777018014184 2.101029336628844 2.8070013052078298 3.497954544203628 4.207096246901983 
0.37281864021787314 3.8899600425360057 2.10074071278322 2.7986277671855877 3.5083684798624852 4.206971482853702 
1.9981791599553467 2.4094719232617936 2.104585174656125 2.7986038829261792 3.5064995811561896 4.205793513175368 
1.9996971730403925 0.5468200816335255 2.1009986489507515 2.799320799798321 3.506456901610358 4.211205026478594 
0.3102665855982478 3.9407093595612834 2.10072831104857 2.798988937388971 3.507916439447585 4.2068886301623705 
1.9049181793104 2.4117761089779735 2.1271168596190777 2.7992036244204934 3.500531477111712 4.205567426337507 
0.31789454941480816 3.992422783299446 2.1047195267961776 2.8067523899711104 3.5080146762013884 4.207145305095748 
0.47907219626910247 3.727673768980761 2.1009990399897323 2.806887929279115 3.498476124676116 4.2076626964636805 
1.9999967469287554 3.788449646756974 2.1045929976728845 2.798532408913027 3.5064568944418744 4.205531519971994 
0.37281864021787314 3.903542676077034 2.1009423295199183 2.7986293251016092 3.5083684798624852 4.206971482853702 
0.4073948483169707 0.6848928275015013 2.1012193175016822 2.7993370338307004 3.5079532652905336 4.206853200968828 
1.9947756335938456 3.843923594115472 2.1048814165509127 2.7985138145590045 3.502390865871785 4.207100140150207 
1.9979189523538103 2.2366085616701463 2.1009247133552362 2.798818404684737 3.5025977022205312 4.205638438122078 
1.9999996183478481 3.9141946738307003 2.1054580867543624 2.806724312756686 3.5063313199725057 4.207097079826419 
1.9596775607392491 2.2486814690273897 2.1009989236136026 2.799253231128186 3.5066300499414167 4.206951140609713 
0.5082357791347241 0.28319919285951967 2.1009844400088857 2.799481504308 3.5025704710621164 4.211342041095976 
1.9864381709831154 2.3295214841217415 2.1009986489507515 2.799320799798321 3.507843456878051 4.211205026478594 
0.32744160547751044 3.9207221549406395 2.101132195507469 2.7987895391411395 3.5082603495271187 4.210818556354651 
1.999078893758268 0.5529640787434555 2.1045663888653654 2.7985866555603693 3.506461195897103 4.209953955465054 
1.998502786347563 2.2053669905478337 2.1045886457712593 2.798532408913027 3.506508254466206 4.207102170456452 
1.9741175248650766 3.8655059780886383 2.1045886457712593 2.799362108897748 3.5064400401782807 4.2113902426446055 
1.9629721150161017 3.89193141522269 2.104889297621291 2.798300811582867 3.5063566357808473 4.206991994242154 
0.43066546510680304 2.1314146694572935 2.1043802445019932 2.7987359133862992 3.502823610797728 4.207180346186557 
0.4566693850681303 0.6930795590501335 2.1009844632482184 2.7990552853915176 3.5025190788314196 4.206805135284731 
1.9859355304682487 3.932361883946345 2.1008057031370417 2.815788717848889 3.500542271034242 4.206967485915243 
1.9858881798021557 2.336226404954418 2.1045663888653654 2.7985864274199623 3.507847751164796 4.209953955465054 
0.6053577431331071 0.25843751446611507 2.1009860743101068 2.7993194305692084 3.502578648714397 4.205529232813909 
1.9999967469287554 2.200053687179115 2.1010532841752267 2.798532408913027 3.508255830533488 4.207056738226768 
1.9957880939620323 3.9319053907646304 2.101028710050827 2.7993225794609096 3.506488375599402 4.205453430118891 
1.9473023287790792 3.9124393115633995 2.101050263875139 2.798399011780399 3.5066415527869585 4.19334169807691 
1.9638379007944704 2.2486814690273897 2.1009986489507515 2.799253231128186 3.506457175352631 4.206951140609713 
1.984507812330419 2.244076445483333 2.1041445596218904 2.799007557488333 3.506344633687348 4.211671783758083 
0.3223013662140407 2.368307956243628 2.1045663888653654 2.798591826762444 3.507760876998533 4.209953955465054 
0.3111718535267819 2.296945266335558 2.100902865930497 2.798399011780399 3.506426097723116 4.209911985559801 
1.9983476526220607 2.29132584540624 2.100941146361514 2.7992042576091136 3.5083710697119868 4.205518582816918 
0.2817473316584188 2.367746090155187 2.1045663888653654 2.798592054902851 3.507760876998533 4.209953955465054 
0.27526493241876454 2.406879897076929 2.1045307612776734 2.806714050270569 3.508143027235941 4.207104318433125 
1.4788015609099827 0.029930021609097662 2.1010515990544834 2.799370888449432 3.4975930198828036 4.205456773237757 
0.43066546510680304 2.1492065376321556 2.104568177707222 2.7987359133862992 3.502823610797728 4.206961634773444 
