6.360751921619112E-6 0.0016171299907310754 2.1093098083296504 2.8117371745337847 3.510608998933643 4.2125652092651755 
1.9999994305400692 3.999992193940922 2.100770430681328 2.7970621841324714 3.5108313261961257 4.213283527908265 
1.2500584346765424 3.920904607794699 2.1012690121146185 2.798017027660519 3.5163324144496144 4.219562808878846 
1.9205308025090642 3.938926709586647 2.101839665925305 2.7972493880667253 3.5138934065764533 4.211577210598343 
1.1651543437736016 3.8226223224067803 2.109211743396286 2.7935851761933015 3.5090221423185097 4.210906584959832 
0.4259085527860115 3.975787319144163 2.1009504650330153 2.7971037369080265 3.510861656234131 4.212516944085456 
1.5714923629013229 0.09619209377315152 2.101772787436615 2.797348111344139 3.5101791563407883 4.211590674794696 
0.32237347299993174 3.8703579448716035 2.1008909654348855 2.7975016847100873 3.5208900665598475 4.211651295176188 
1.0551536542306126 0.7301290168115784 2.109103083146765 2.7939712156907315 3.5108906383611003 4.211582135644544 
0.5571687418767157 0.5639448041171424 2.101967993238451 2.7969818984432 3.510960929232905 4.211580736790738 
1.9205308025090642 3.9724101467453723 2.1000160257007434 2.797232429659691 3.511119448091123 4.210747170495596 
0.36917668310535134 3.8147771749229644 2.1013074884596414 2.793514242926753 3.5108779887198676 4.211618700461885 
1.9585125151437301 3.8810490363636947 2.101266640300205 2.7971277207934135 3.5100407524278774 4.211895705041255 
0.3324716335007579 3.866407587862417 2.1018512995472465 2.796907466263726 3.51053692132081 4.213283547187783 
1.170899486948791 0.5639448041171424 2.101765492689124 2.7969829079204103 3.5105364418321616 4.213218230660003 
1.0761801924576004 0.7318150259635139 2.1090688256697367 2.7972097946480567 3.51006699767809 4.211568680887694 
1.9771455443937271 3.8757717575995474 2.100547471105151 2.7970903815062353 3.5103378489218957 4.2116082733727636 
1.1174507057251901 3.9830292603461204 2.1004796449042424 2.7972826972930456 3.51114343933778 4.222853015240747 
1.1017668321682434 0.7301290168115784 2.109103083146765 2.8123809645388387 3.510877791789562 4.212388054078641 
0.3506100977563584 3.8703579448716035 2.1012921609560378 2.7970889239654606 3.5206731920946144 4.211625576104613 
0.5607637010019957 0.3077896365818551 2.1007765874404427 2.7974701092616967 3.510963254887589 4.211624978460625 
1.238399461950273 3.7744926018621485 2.109266684546784 2.7935535033980874 3.5109093789083996 4.211346377387072 
0.36917668310535134 3.9418098355836744 2.1013074884596414 2.793442834260214 3.5108779887198676 4.211618700461885 
1.1868849444320526 3.7882161713068423 2.1012221522534724 2.7936528175574113 3.5090892900811794 4.210567347071559 
0.5607637010019957 0.4486759382940266 2.1012246265686687 2.8103820433524573 3.510963096071546 4.211587844120704 
1.117674414774309 3.938926709586647 2.1090512499801926 2.793215187531617 3.5105489074749254 4.210681799793189 
1.064474962296365 0.7318150259635139 2.1090688256697367 2.7972097946480567 3.51006699767809 4.211713537363101 
1.1650586442023987 3.870888606793343 2.10127959227099 2.797934310185475 3.5105185475955216 4.2114511792837686 
0.4984717512673225 0.04451082803628745 2.109317598852892 2.8103409560589 3.510495116367743 4.211322872711073 
0.5607637010019957 0.2632213781001791 2.101070691732451 2.7974406114081187 3.5108901912044095 4.210684188764001 
1.9826745808746913 3.999992193940922 2.100770430681328 2.7970621841324714 3.5108313261961257 4.213283527908265 
1.9959656904478202 0.6510685553384676 2.1134671839548353 2.8108602229467143 3.5109194352257234 4.211720492623566 
1.9633464673893943 3.9830292603461204 2.100546699899923 2.7972826972930456 3.5111255068889666 4.222853015240747 
0.10996025441657975 0.05169319234375558 2.1014206527479806 2.8121731016226774 3.510362097701071 4.211343714913457 
0.5958043418433999 0.2830074174797569 2.1008944282551933 2.7971252315847224 3.5105250352056365 4.210835363742586 
0.330441907080149 3.940443017027411 2.1017955593713546 2.7969774093090054 3.510845479413262 4.213283547187783 
1.9771455443937271 3.923633925673882 2.1012819406201704 2.798015782534049 3.510362097701071 4.211343714913457 
0.4249400619996936 2.1043997187750336 2.1008963056281087 2.797103386904232 3.510918474759301 4.213359065920285 
1.1659374949772268 3.9350320344570906 2.109425446809902 2.7923954704311464 3.5108911658153112 4.211582338676451 
1.9605856470563419 0.7002931773760068 2.1093254611590235 2.811327941848682 3.5106201364169114 4.211555358931457 
1.2531516590316145 3.8226223224067803 2.109211743396286 2.7935871632307894 3.5090221423185097 4.210906059779008 
1.9432695597087863 3.981106531778471 2.1098144231721885 2.7970890642629986 3.510700365671256 4.229670916041096 
1.11248973179112 0.7582389763288607 2.10085870514164 2.7969989194776974 3.510918474759301 4.21070216327324 
1.1786537266781225 3.870888606793343 2.1012816198866706 2.812272503932428 3.510869824898454 4.2114511792837686 
1.205434478287037 3.875244180790834 2.1089198861244123 2.7935851761933015 3.5090221423185097 4.211720381954701 
1.5068073292486739 0.08944745895346892 2.101154472382899 2.8110794547822286 3.5101718248753446 4.21132129769091 
1.999999199894837 3.940739033332129 2.1007721520685827 2.7970621841324714 3.5108313261961257 4.213283527908265 
1.1650586442023987 3.9724998326399152 2.10127959227099 2.797934310185475 3.5105185475955216 4.2114511792837686 
1.1173448195520972 0.7769019568862672 2.1008577225505682 2.796984004987645 3.510530754120345 4.210688436820604 
0.4984717512673225 0.18263981600627366 2.109317422496745 2.810648188649199 3.510495116367743 4.211322872711073 
0.3877774138391912 3.999992193940922 2.109376379458074 2.7970621841324714 3.6096117235589054 4.21132196674376 
1.9549816105603188 3.9477718573228078 2.1008142457774794 2.7970760295100177 3.5109199728240372 4.229863741259087 
1.4731425482898466 0.11435171758409601 2.101154472382899 2.797009960893554 3.5101718248753446 4.21077256784111 
0.42305192750234455 0.35612756012911695 2.100532189804431 2.7934448839317207 3.5109178132938132 4.211602455201174 
0.5463182213468438 0.04952041881552216 2.109317598852892 2.8098899956545678 3.5105200133118895 4.211329584186643 
1.1974696603391737 3.7882161713068423 2.1012221522534724 2.7974546970173275 3.510971725556523 4.213404644190679 
1.9584309232363153 3.8691479639174133 2.101836646651727 2.797073202248132 3.510861904902284 4.212465221351381 
1.2531516590316145 3.8069393419089543 2.101968249372861 2.7970076031795346 3.5090221423185097 4.210932019955762 
0.0847029611646326 0.1672231483667017 2.109319430319642 2.811267299724354 3.5105281186085007 4.212452493890978 
1.5351059205846656 0.09619209377315152 2.100565187771243 2.797348111344139 3.5091881630467605 4.2133326855627375 
1.9954289046078373 0.6248514650011894 2.1134671839548353 2.8100260445688403 3.5100656713373284 4.211575819009298 
1.5351059205846656 0.05639171618053407 2.1004827731386397 2.7973531123977375 3.5091881630467605 4.213341796730681 
0.3638277897167404 0.5888239559221513 2.109317598852892 2.8103409560589 3.510495116367743 4.211466569090358 
0.4075436934054425 3.9418098355836744 2.1013261477469714 2.7970413908710183 3.5108779887198676 4.213256586668377 
1.4764688046260808 0.11812306962335084 2.1011537299345404 2.797009960893554 3.5101718248753446 4.213551110866055 
0.3506100977563584 3.9999688583099946 2.101283398064725 2.7970758892124796 3.5204863778780893 4.211959253469873 
1.9959656904478202 3.8588436736432334 2.1134671839548353 2.810860526815433 3.5109255918407243 4.21072844392104 
1.9584309232363153 3.975328121269851 2.100770430681328 2.7970621841324714 3.510861904902284 4.212456561747559 
0.36324465757362345 3.85742469011977 2.100905777206428 2.797321816221325 3.510877791789562 4.212388054078641 
0.319099102862653 3.878907559671282 2.1012481858335046 2.7972277797040763 3.513949002059565 4.210785495920935 
1.1813868156277934 3.9134317514117702 2.1094681268938538 2.793236893022006 3.5166375180693956 4.2134541209937115 
1.9279201582103584 3.982786668202787 2.100478313644817 2.7972826972930456 3.51114343933778 4.222853015240747 
0.3599756590868722 3.8696026915358566 2.101279697118702 2.793514242926753 3.510918474759301 4.211618700461885 
1.4591174258660393 0.11435171758409601 2.1091756324597806 2.7932115920847673 3.5101718248753446 4.2107732341527075 
1.170899486948791 0.6565386123004933 2.101765492689124 2.7969829079204103 3.5105364418321616 4.213218230660003 
0.4114767172642 0.4618159142127942 2.100547518239696 2.7936633863903992 3.5109178132938132 4.211602455201174 
1.290224272923736 0.26827728578004484 2.1005550848428824 2.797389193593401 3.5101791563407883 4.210789075992024 
0.42305192750234455 0.3877829354322895 2.1018326607504814 2.7934448839317207 3.510919193035232 4.213226383849054 
1.2007109925687764 3.7882161713068423 2.10121693447174 2.7974546970173275 3.510971725556523 4.213245592012771 
1.9216884865379835 3.999992193940922 2.100770430681328 2.7970621841324714 3.510925648225022 4.210775595093215 
0.5958043418433999 0.318804580148777 2.1012246265686687 2.796668590160181 3.5105268772330738 4.210835363742586 
1.4170025003432445 0.11435171758409601 2.101154472382899 2.797406858538031 3.5101718248753446 4.210772418601709 
1.983685304240836 3.923633925673882 2.1012819406201704 2.798064460915003 3.5101792342519484 4.211343714913457 
0.5786916386913635 0.19763443672838132 2.101154472382899 2.8110794547822286 3.5109160717559513 4.21132129769091 
0.3977569055953536 3.9242287647133933 2.109211789528091 2.7935871632307894 3.5108783706044284 4.211581781395967 
0.393928630018311 0.8823211523045706 2.1017851933414233 2.81149419590235 3.5105364418321616 4.212574809132169 
1.999999199894837 3.991820358527086 2.100770430681328 2.796935156698413 3.510375358336305 4.213283527908265 
1.11597731726013 3.9634747666597883 2.101080254331593 2.7969838506207907 3.510918152918813 4.213283547187783 
1.2297416049211418 3.925789048823935 2.109468303250001 2.7929296604317075 3.5165767251449083 4.21082879865944 
1.9602260145439292 3.999992318159879 2.1010729767961687 2.7983236298471375 3.5108313261961257 4.213213959479983 
0.37226665470870735 3.907633832389667 2.1137726576935876 2.7972277797040763 3.513949002059565 4.211731274718452 
1.1173448195520972 0.7970117403032211 2.100896225512612 2.797103011636343 3.510530754120345 4.210688436820604 
1.245206661055724 3.747837453630895 2.099985383650812 2.7973902454990185 3.5089199210542876 4.21093442201477 
0.538799735031263 0.0014102690433873133 2.1093098083296504 2.8116349059826646 3.5107094046187113 4.213213004396901 
0.41871951363792054 0.46108054868657367 2.101765199201653 2.7969829079204103 3.5105364418321616 4.213290115404941 
0.330441907080149 3.999996608908239 2.109005296592364 2.797065844714938 3.5108343859996762 4.213283547187783 
1.245206661055724 3.747837453630895 2.099985383650812 2.7973902454990185 3.5089199210542876 4.21093442201477 
0.5444069236320045 0.16767608763986067 2.101070691732451 2.796918438584524 3.5101791083097127 4.211605901105121 
0.5353962764968747 0.04952041881552216 2.109317598852892 2.8098899956545678 3.510513374123908 4.211329584186643 
1.777803168548535 1.1804678542369722 2.109218008663528 2.812368102572625 3.543794989782219 4.211312370479992 
