1.9999858535194537 3.9998835168444127 2.096470420815537 2.8087620766597508 3.4939076128255144 4.21354272536936 
1.8491628677830274E-4 1.8487931779788414E-4 2.096468528158977 2.808663210204943 3.4939163591352353 4.2138366444461965 
1.8491628677830274E-4 1.8487931779788414E-4 2.096468528158977 2.808663210204943 3.4939163591352353 4.2138366444461965 
1.9999858535194537 3.9998835168444127 2.096470420815537 2.8087620766597508 3.4939076128255144 4.21354272536936 
1.487423924788621 3.445578269150803 2.0964679804200834 2.8087871628653227 3.4939172350305148 4.214024723541841 
1.9469791661934588 3.885832358706338 2.096723664122178 2.807895366131659 3.4939367263659356 4.213757792808008 
1.558417966502106 3.0376466015014483 2.096467831676255 2.8087613642879337 3.4936104610577376 4.214336850651487 
0.5158629610600596 3.7959845188591133 2.096487440756133 2.8086603754337234 3.4938182191572156 4.213741523262724 
1.5939899132649145 0.05197440796069674 2.0964665259413096 2.808753581185507 3.493331737482098 4.21485434709981 
0.5794941454166674 3.3542071041245847 2.096281149403436 2.808830140390656 3.4938425050310133 4.213794919030806 
0.5795243954765215 0.5206023235105197 2.106429377568914 2.795615996150453 3.4941107259874684 4.213729470531603 
1.4199069696805746 6.274707602328677E-5 2.0964135637423396 2.809449004467052 3.4941672840365294 4.214717677457398 
0.641746238585221 3.3015838572517544 2.096296491952847 2.808830140390656 3.4939110810118037 4.214772935639072 
1.4291907355868116 0.03749321785392759 2.096413816619418 2.809449004467052 3.4942263113087018 4.2147100465403 
1.946930760499589 3.9143697206817714 2.096705089144229 2.8079442487137793 3.4939137055344616 4.214706994560584 
1.3763613842263427 0.11706089937020572 2.1069690062380717 2.809200177113737 3.493569270820008 4.2132860955220695 
1.9458825592391948 3.9001627672260537 2.096474736871513 2.8079844367277507 3.4939405438476547 4.211556327876016 
0.6505815835950031 3.3015838572517544 2.0962976260323614 2.8078803245218444 3.4939110810118037 4.214774473209905 
1.9883586513439477 3.9317884162137378 2.096802388854968 2.809758006570135 3.4933395686312214 4.214678407149913 
0.6505815835950031 0.08526474406745232 2.0965107831042697 2.8078803245218444 3.4939110810118037 4.214774473209905 
0.7389297946462361 0.049456305770484654 2.0962976260323614 2.8087229561540394 3.4939023678340346 4.214774473209905 
1.1115815137659208 3.94054337823191 2.0963014544753995 2.8094920717506433 3.4824912380739677 4.2137434068866275 
1.4864574737289653 0.06257821157494727 2.096503426224091 2.809449151692913 3.494035519668863 4.214741296124225 
0.6587799519783619 0.1194607909129513 2.0964593014584163 2.808830140390656 3.493694372884668 4.214491997283898 
1.1183134856763282 3.9388571603262226 2.096800276164194 2.8084423512010335 3.4933188758532974 4.215040144422127 
1.9848136769758558 3.987060801985213 2.0967622549654865 2.8087645141956186 3.4940790643678246 4.209111113811764 
0.5795243954765215 0.3085048806789539 2.1065734685449065 2.795617041800495 3.494051541168419 4.2132905503992975 
1.971297930215221 3.9890149939749078 2.1064328287635212 2.809419508786338 3.482758782341447 4.213758731120631 
0.5619163268361169 3.4239951397217467 2.096296608618673 2.8088126563336213 3.493923528891437 4.213538614526233 
1.6285563811520243 3.0264609320650644 2.096468315807554 2.8087539063572615 3.493916353723274 4.214017644457441 
1.9644086820543354 3.932289605898141 2.0965069566999364 2.809758006570135 3.494041876086817 4.214678407149913 
0.5547818289750917 6.501576059721043E-4 2.105315194382772 2.7960581917065723 3.4940514350068623 4.213791724322641 
0.5220782721000876 0.10829392821999217 2.09646297336632 2.808830140390656 3.493583632754817 4.213792547934785 
9.469393551563288E-4 3.125945313657592 2.0964956016020695 2.8088472151991324 3.493356164455423 4.213833857466812 
1.5338024686935778 0.040771869239920086 2.097030744954017 2.8087705270580345 3.4939134157298133 4.213540977633666 
0.5795243954765215 0.41811312634130426 2.1065734685449065 2.795617041800495 3.494050753276039 4.213784092639394 
1.9571150955243761 3.885832358706338 2.0967150909891012 2.8079008465612936 3.4939367263659356 4.213757792808008 
0.6173992205611012 0.02562255240380007 2.0964654181338105 2.8088161288789366 3.4940514740133923 4.2140337048412695 
0.4731490053900168 3.6977886827886897 2.096414911404687 2.8079844367277507 3.4933403525233997 4.214678407149913 
1.4470147600060512 0.11976785554249916 2.106478737479884 2.8092009626421515 3.4935697251550417 4.214435472876197 
1.4238031184645057 0.15092058817932497 2.1069612446506367 2.8087605492371206 3.4938190990011573 4.213735354847285 
0.5824038419250509 3.527823081943894 2.096281149403436 2.8081601059226626 3.4938425050310133 4.21376537082589 
1.4869587148319305 3.3607764548564347 2.096484354518949 2.8087613642879337 3.4936190516916708 4.214336716235055 
0.6580304261356669 0.04044675922184138 2.106554332372841 2.8087705270580345 3.4933142164507682 4.213285338918047 
0.6576554348510293 0.0014026290911309455 2.096947152681325 2.8088032958413747 3.4939270447097996 4.213852115326017 
1.4872605907660206 3.3903256151850236 2.0964679804200834 2.8088167374936375 3.493909272141751 4.2135375998207305 
1.5447223822436202 0.085555551037658 2.0964931172023857 2.808672864942033 3.4934040277830443 4.2148199890068865 
1.51617854221975 0.04255676578995636 2.113332429635235 2.8094449747280446 3.4936987230744765 4.21484549759818 
1.4509117782463652 0.0318526961969875 2.105506080318985 2.8086800275098667 3.4941042747316464 4.213620437679131 
1.434526750722093 3.4410139793002132 2.1065305385504756 2.8088122090677348 3.493869383341166 4.213322290529006 
1.4068938088789014 3.48218419705731 2.096151468123595 2.8094040711025765 3.493881692456144 4.214878448409513 
0.5664206176892415 3.432928554985899 2.0962802926772883 2.808762865403617 3.493905969490207 4.213554150416372 
0.6751166911074409 3.328524343716997 2.0967502508210596 2.808659682986372 3.4939232429982967 4.213983575413771 
1.1115815137659208 3.968744389166455 2.0964702649281546 2.808439894632516 3.493359825385384 4.215040006700681 
1.9625315701775645 3.9143697206817714 2.0967044099574927 2.8079430799835543 3.4939075254326855 4.21480774037941 
1.4328416604712078 3.3194091316737198 2.096295175825274 2.8086644476455125 3.493342289024127 4.215060929382501 
0.641746238585221 3.25180742862303 2.1053369111491183 2.808830140390656 3.4941099207087833 4.213603152849839 
0.6316250851957064 3.3542071041245847 2.0962940690034255 2.8088729104037404 3.4939164787219696 4.2146998746504165 
0.5824340919849048 3.3542071041245847 2.096281149403436 2.8081601059226626 3.4938425050310133 4.213765384710116 
0.08267450527251718 1.8487931779788414E-4 2.096468528158977 2.808663210204943 3.493915076882878 4.2138366444461965 
1.380911823248714 3.445578269150803 2.096468529031133 2.8087806075582575 3.4939172350305148 4.214860878099436 
0.577685126882781 0.03097898687165257 2.096487440756133 2.8086603754337234 3.493342322602906 4.215165529927864 
1.434526750722093 3.3971960331171864 2.10653038112044 2.80880300422028 3.4938726528025623 4.213284467958776 
1.9689078504046595 3.954673420125153 2.096505574374896 2.808664837699171 3.4933072416534108 4.214241675685105 
0.47273676497193984 0.09332219703247785 2.096618400549476 2.808761384133448 3.4936212859747213 4.213565973948983 
1.424130413088338 0.12242216030029995 2.1069612446506367 2.8087605492371206 3.4938190990011573 4.213735354847285 
1.9438862713694744 3.9348795708881608 2.0964699825441238 2.8089367486522625 3.493907851719647 4.2129494911054906 
0.5824038419250509 3.549438639782532 2.096281149403436 2.8081601059226626 3.4938425050310133 4.2150212133381935 
1.3783231741479927 3.445578269150803 2.096455749327476 2.8087808107886514 3.4939164747730254 4.214024723541841 
1.4470147600060512 0.08471940575897019 2.106478737479884 2.8092189200710305 3.4940238461418582 4.214432047285557 
1.9743074052478407 3.8312838828911766 2.096470420815537 2.80919409652805 3.4938831414752274 4.21354272536936 
1.3960146326622622 0.06256268623269579 2.0964848259522872 2.8092557482012 3.4940155055118227 4.213772495666503 
0.6505815835950031 3.262515161152067 2.0962976260323614 2.8078803245218444 3.4939110810118037 4.214774473209905 
1.4701511016908533 3.2869731035896517 2.0964654181338105 2.8088161288789366 3.494033975124507 4.2140337048412695 
1.9472807658314157 3.954673420125153 2.0965052521366516 2.8086644476455125 3.4933072416534108 4.212924509615536 
1.9644086820543354 3.9482296930067213 2.096802388854968 2.809740049141256 3.4935643419291713 4.214681832740553 
1.4068938088789014 3.5622687621131353 2.1193101382555466 2.8084280633615397 3.4933258530937956 4.213735123134445 
0.5997448684427437 3.5547841600033174 2.0964848259522872 2.8092557482012 3.4940155055118227 4.213772495666503 
1.3992521337519275 0.11706089937020572 2.1069690062380717 2.809200177113737 3.493569270820008 4.214912301449193 
1.4294051841796098 3.466196300483286 2.096705089144229 2.8088121920620517 3.4939091756656153 4.213269484292965 
0.16707562838739837 2.9826175915088427E-5 2.0963932679702877 2.8087634838347038 3.503078361703353 4.209076389575028 
9.469393551563288E-4 0.03885944678825548 2.096495225690522 2.8088032958413747 3.4933576493868963 4.2138366444461965 
0.4824354388906527 0.10444529764147191 2.096422406894525 2.8095058399551505 3.4929108166149887 4.213614979288999 
1.4470147600060512 0.16662608560012404 2.1067987724396118 2.8087988876717316 3.4935832108500673 4.214435472876197 
1.4204385008123608 3.378716352488192 2.0964685251386848 2.808786863458734 3.5120129748351383 4.213735123134445 
1.972895763644535 3.997099613628742 2.096293819859126 2.808841829962255 3.493913346305977 4.214708241471327 
1.4328416604712078 0.085555551037658 2.096508332897182 2.8086644476455125 3.493342289024127 4.215060929382501 
1.9440992741477277 3.9890149939749078 2.105425669808868 2.8094547279065116 3.494136533123711 4.213758731120631 
1.4515382758588742 3.3351471584277546 2.096484503262778 2.807984179719154 3.493967830574587 4.214024925285158 
0.6398682192996054 3.3542071041245847 2.0962940690034255 2.808760494837267 3.4939164787219696 4.2146998746504165 
1.4533349763223056 3.3351471584277546 2.0964679804200834 2.807984179719154 3.4939592399406543 4.214024925285158 
0.6008204921691498 0.03097898687165257 2.096487440756133 2.8086601782759266 3.493342322602906 4.214350069030354 
0.5824038419250509 3.564837606580158 2.096281149403436 2.8081601059226626 3.4938425050310133 4.21376537082589 
1.9808737310517248 3.9348795708881608 2.0964685254767454 2.808785753194903 3.4939362453928275 4.2129494911054906 
0.6621551208750283 0.0014026290911309455 2.0969430809597855 2.8088032958413747 3.4939270447097996 4.213852490443556 
0.6751166911074409 3.312705493977055 2.0967491177106843 2.8086584321940427 3.493837721930286 4.214001191568335 
0.5963881608870525 3.432928554985899 2.1064866256735573 2.808762865403617 3.493937408414623 4.213543738755504 
1.4037691128618897 3.445578269150803 2.096468529031133 2.8087808107886514 3.4939172350305148 4.214024723541841 
1.9440267605049346 3.942886077205718 2.096470420815537 2.808936790806353 3.4939163159664415 4.213530181752341 
1.416467033202294 0.085555551037658 2.096509012083918 2.8086670009262504 3.493343939257057 4.215060929382501 
