1.736056859093852 2.948614019605353 2.099128121098703 2.8024270443379553 3.491451406426906 4.218119422664678 
1.9728527663950834E-5 0.030854203367987276 2.0991249703839356 2.802380271207617 3.4917696669926825 4.218213703041138 
1.736056859093852 2.948614019605353 2.099128121098703 2.8024270443379553 3.491451406426906 4.218119422664678 
1.7195629519495566 1.3856425469901044 2.099078759649705 2.80246313655619 3.4924670243719436 4.217339012972279 
1.7760182887184117 2.600793231251995 2.0991304662426953 2.802073738287787 3.4914269702517684 4.217991881030481 
1.7050629056886253 1.102608340020566 2.098987765990667 2.8023938072366144 3.490672391279947 4.217997774408591 
0.15049837262037127 2.9387075139241152 2.099308003679321 2.802421002571798 3.492552834819956 4.212827808444542 
0.23710377686640116 1.1990350265763607 2.0991279793042277 2.80235829881544 3.491887270001599 4.218068549431868 
0.024604742917360423 2.7922055906634204 2.0991307878247336 2.8020418140783345 3.4926597436907647 4.217865406225072 
0.05752286982327359 2.8833116264784286 2.099124563750838 2.8020982527410085 3.4913628853670637 4.218887899163268 
1.7992509200642097 1.1054064619138484 2.0991277856422412 2.8020900455940803 3.5134854381419522 4.218181772857015 
0.06171224827141342 0.20996253218639582 2.099306298198143 2.8024106785923846 3.5149131632781567 4.218213570282735 
0.20513139472902586 2.4556777230576534 2.0989028288780847 2.802306199635533 3.4925530635029807 4.2180729222145406 
0.20513139472902586 2.4799985295851945 2.0989854523176006 2.8023050832367558 3.4925530635029807 4.2179967106128995 
0.05893573699678474 2.9073260502014184 2.0989894031470855 2.802807262899861 3.4914681943805403 4.218105178486774 
1.7155601836444663 1.1791192589302582 2.098982246660929 2.8023938072366144 3.491479168271615 4.218000000609759 
1.7482553198733934 2.7157962409917067 2.0989895399020155 2.8028417343225454 3.4914778848551404 4.218174736379143 
1.7050629056886253 2.791366827426358 2.099131688541862 2.8023938072366144 3.490672391279947 4.218228320200172 
1.8153856310029102 1.1208168099968696 2.0991274886215785 2.8022995370895596 3.5088606470222174 4.21801754121844 
0.03218272511769239 2.91369911172811 2.0989945536279193 2.8020763123654273 3.4918929947518387 4.218211939602176 
1.7783876257125084 2.600793231251995 2.0991304662426953 2.8023912902098256 3.4914269702517684 4.218102653681911 
1.7613929135935662 2.728270915203227 2.0989895399020155 2.8028058119670796 3.4914778848551404 4.218080286773333 
1.7325514273069584 2.773227425826156 2.120386602546982 2.8022942070419252 3.49265215827699 4.218885386702112 
1.7122637567337928 1.2300284480466235 2.098642147365664 2.8024603741234007 3.5088606470222174 4.210800993053975 
1.8161140562659392 2.590338291593061 2.0991248309396644 2.8023539353107383 3.491343201334184 4.218073165977766 
0.20875545973406145 2.6762886510604766 2.099095241898011 2.8023720752944516 3.515156582742854 4.2180729222145406 
0.05292947280606031 2.819768840109493 2.0990915385970252 2.80202827019715 3.491469410094086 4.217871789453605 
1.7770672770162845 1.1208168099968696 2.0991274886215785 2.8022995370895596 3.491817586158218 4.21801754121844 
1.6987690347344173 1.2300284480466235 2.099114152793421 2.802101029101068 3.5088606470222174 4.210800993053975 
0.14426756939482022 2.6114383790691456 2.0991004538661775 2.803268326573485 3.491415972269336 4.217188605615147 
3.011442782303881E-4 1.0372309272589686 2.099124581836996 2.80237137793538 3.491343201334184 4.218127120083768 
1.6987690347344173 2.8791371411187128 2.0988990423707223 2.8021182526175954 3.5085023413245913 4.211124768911482 
0.024604742917360423 2.8686363425897157 2.0991187582414925 2.8023985854497644 3.5149055239334945 4.218104443809939 
1.6497061436605092 1.2866510445224266 2.0991169381322345 2.80210584068268 3.491538178147534 4.218129105430285 
1.7933006269290157 2.7409339893925013 2.0991008783931533 2.802087936737582 3.513785242644476 4.2181572335228115 
0.021152581422327232 1.1136781803217013 2.09913177101259 2.802306645269182 3.5088986047151383 4.2180315578066585 
1.7850209969216704 2.812184432708787 2.0991304662426953 2.8020552919705595 3.4914272975281913 4.217991881030481 
1.7185193596187935 2.7939334765869166 2.0991298907033435 2.8021002891504048 3.49265215827699 4.218885386702112 
0.1275235610993631 1.1173571385588463 2.099091217550252 2.8023017435666633 3.5477063757420586 4.218149116788578 
0.09990283225342907 1.1116570373562396 2.0991308907640787 2.8024035889095966 3.491420580061131 4.218101789643888 
1.766241910871574 0.9989689322302774 2.111231742878195 2.8023899305885083 3.4921005573637296 4.2178414094829115 
1.6216334812539457 2.948614019605353 2.099128282623243 2.802439745021797 3.491451406426906 4.218125079165008 
1.7493430997244803 1.100407065218713 2.098987088515996 2.802375553817055 3.4925530635029807 4.218075921421307 
1.810565099720407 1.0248461327154763 2.0986401145679725 2.8031816793385116 3.491443250997569 4.217783344646769 
0.03896837813895315 0.06373327072849988 2.0991249703839356 2.8024106977430616 3.514787655287188 4.218213570282735 
1.7843936932393647 2.600793231251995 2.0991304662426953 2.8020838193480033 3.4914273082828835 4.217992037874804 
1.7290452537813292 1.1027019189580023 2.0991360016601823 2.802344993243386 3.4923326696515775 4.217273575299412 
0.0030966213127115866 3.191625223497815 2.0992247115381923 2.803284512788108 3.4914064595670693 4.218127684520177 
0.003186373891399866 1.247062758190262 2.0990893381043225 2.802305544004622 3.4907177385776635 4.2181191029183065 
1.7063979961472435 1.220990970621057 2.0989755281498734 2.8021070367735574 3.5088606470222174 4.207915609873147 
1.8022192939003967 1.0689617067477706 2.100286631943534 2.8021210430423644 3.4913524802069262 4.218885386702112 
1.754599179971926 1.2176556923421789 2.0991313735788935 2.8039974067402422 3.4914433173725796 4.218206546777108 
1.7185193596187935 1.106532953209053 2.0991298907033435 2.8021002891504048 3.49265215827699 4.218852122032397 
0.05732817371730114 2.831870937939762 2.099124563750838 2.8021033317785116 3.4913628853670637 4.218822141875425 
1.7762007200118237 2.7081679571752204 2.0991304662426953 2.8020552919705595 3.4914269702517684 4.217991881030481 
0.12342136340863286 2.831949115223692 2.0990903050915097 2.802416753701186 3.4916632068427256 4.218835666264583 
0.16896148014883516 1.1173571385588463 2.0990913554918595 2.8023071660665795 3.490725704930155 4.218149116788578 
1.7834639320761814 2.7453274507380026 2.0989895399020155 2.8028417343225454 3.4914778848551404 4.218174736379143 
1.6987690347344173 2.909871534106197 2.099128015500978 2.8021182526175954 3.5088606470222174 4.211124768911482 
0.23919117241477594 0.6074969889685211 2.099121463070956 2.8023557504010346 3.4918808092633955 4.217515152299248 
0.18573870347236188 1.045206315366895 2.0989877128583436 2.803925200671107 3.490661360315 4.217920350253594 
0.06153311707896769 1.1004065945293808 2.0989876251271378 2.8023938072366144 3.490672391279947 4.218115527311059 
1.8253304224843896 2.643260094855153 2.098975764221117 2.802413526160413 3.4913984788163988 4.213328735653234 
0.21746402621694816 1.1499639206402539 2.120386602546982 2.8022942070419252 3.4925636812227268 4.218885386702112 
1.6963369952385179 1.3856425469901044 2.0990911229240625 2.80246313655619 3.5138635325863627 4.218112806754083 
0.12466046611107706 2.604954292860621 2.0992247115381923 2.803268326573485 3.4914064595670693 4.218285776210853 
1.764612571244065 1.1922575512531972 2.099131970646755 2.8024006208869086 3.4918130689595714 4.21806861848979 
1.776059186756246 1.0204546097305327 2.0991304662426953 2.802069533445781 3.508431906742291 4.217991881030481 
0.12737911605692198 1.0878557196959113 2.0991350414719907 2.8023564071427733 3.4918868442251836 4.2180758276001855 
0.20074322345482715 1.0878557196959113 2.0989857299176014 2.802306200196049 3.4925530635029807 4.218075921421307 
1.7760182887184117 0.9750186493524525 2.0991307088673743 2.8023940703397 3.491428112058587 4.218127205360419 
1.773752163951537 2.631611691913992 2.0991279145641477 2.8020878351062546 3.491085588809076 4.217837113172589 
0.18573870347236188 1.0509227802181735 2.099132564175049 2.8021379761022276 3.490643308593103 4.217215193739688 
0.08549875222999974 2.7920924598976544 2.0992901773606314 2.802398705677905 3.5151629208705284 4.218100948008564 
4.893676140208143E-5 1.192648592550937 2.0989000393419515 2.802454339426762 3.49249529577429 4.218336731520215 
1.4278982117990786E-4 3.166014051207717 2.099302826452529 2.802370801241237 3.491343201334184 4.218127120242561 
0.0015022939789504086 1.0391517441546165 2.0989704678722005 2.802452849895607 3.4915597481888128 4.2179959128786395 
1.681008792721154 1.2300284480466235 2.098642147365664 2.8024603741234007 3.5088606470222174 4.210800993053975 
0.06171224827141342 2.941178533270591 2.09913272312813 2.802439828739104 3.5149131632781567 4.218125107232799 
1.869737269191832 2.600793231251995 2.0991318702739914 2.8020814756012187 3.4914273082828835 4.217992037874804 
1.7790540743264769 1.2300284480466235 2.099114152793421 2.802101029101068 3.5088606470222174 4.210800993053975 
0.06121148749704297 2.917176106763171 2.099128102467815 2.802089076390654 3.492421322578217 4.2181073957743 
0.05292947280606031 1.177356177269318 2.0990914417321296 2.802311638736073 3.491469410094086 4.218107230651803 
1.7158276818646154 1.1406630426907916 2.0989851579275998 2.802453581050163 3.491605079830964 4.218037337074391 
1.6798585632626954 2.814565854790751 2.0990950110525137 2.8024073054652185 3.491415803338938 4.21808043001341 
0.12498262446576319 1.1173571385588463 2.0990913554918595 2.8023017435666633 3.490725704930155 4.218149116788578 
0.06613351466641784 1.199742300615596 2.0991279793042277 2.80235829881544 3.4914672551079793 4.218068549431868 
1.699191783148215 2.948614019605353 2.099128282623243 2.8024411431159018 3.5087486306755666 4.218125079165008 
1.7760182887184117 2.729082611219506 2.098987836444703 2.8020660745627297 3.4914777344537584 4.217991881030481 
0.05752286982327359 2.831870937939762 2.099124563750838 2.802104261953257 3.4913628853670637 4.218820742435994 
0.11673085708065595 2.920730799736218 2.09909512040869 2.8021022934517643 3.5158980937486746 4.218877863360873 
0.2682040575555318 2.5970406279677802 2.0991248309396644 2.8023539353107383 3.491362639745731 4.218073165977766 
0.12035715514249323 2.8833116264784286 2.099124563750838 2.8020982527410085 3.4913628853670637 4.218887899163268 
1.9728527663950834E-5 0.07452445315679612 2.0991249703839356 2.802380271207617 3.4917696669926825 4.218213703041138 
1.7744489906728105 2.7409339893925013 2.099078917681324 2.802288866814819 3.5142602614010476 4.2181572335228115 
1.6769484312190732 3.033572863241705 2.0993045608754817 2.8020858541437788 3.5148051335963926 4.218127349109643 
1.6651042915341288 1.220990970621057 2.0989755281498734 2.8024115839812884 3.5088606470222174 4.206868748528883 
0.19529281177016322 2.665471655217936 2.099131706583118 2.8023919323434674 3.491399224921401 4.213082739025719 
0.09073571458758634 1.103780179429951 2.0989933378833854 2.8028142204447204 3.495199528803593 4.217830971628046 
1.7761948398281167 2.6321601396926644 2.0988922613918093 2.802409937523387 3.514003652003929 4.217303973800172 
