1.999990221825741 3.999802172900673 2.1042675332272203 2.806015298401105 3.4847593142866544 4.23398316025222 
0.003184466370065031 0.009745234856486595 2.1036493342150266 2.8034324064411 3.5056902818530524 4.212795232752251 
1.2248761938132524 3.9683169512231844 2.103741908835507 2.8036813524880566 3.506203986452182 4.212396335476411 
1.9753328118885531 3.831211674240954 2.104733489321212 2.8063077628287654 3.4843081132054317 4.235044767970303 
1.1136169299323986 3.9279090242835295 2.1037803247606446 2.803675524837131 3.506201064830686 4.211967256446517 
1.9819392030148388 0.8644768741285853 2.1047747940274157 2.8062120609970997 3.5053601590189194 4.211809997751273 
1.265862741190133 0.7095349988448191 2.1049684823591712 2.803939096375586 3.506476675098664 4.196679456428324 
1.9948594100176342 0.5228918953377989 2.1045016833816583 2.8060359105674086 3.492792061758139 4.19196690741963 
1.164122454585265 0.5146391450882977 2.1044868784337427 2.806031796976786 3.5055973027271534 4.194519429510209 
0.38916537401004425 0.8919953614639987 2.1037602122026855 2.803954724317268 3.505173390400289 4.209933710116591 
0.49164374024608437 1.9139093116242134 2.1043879264008436 2.803701586456896 3.5020797735503892 4.213355418829277 
0.3093650025340529 0.636233525941146 2.1038019356973967 2.8062058857913246 3.523293595368128 4.2123728056606256 
0.5063480058004095 1.856935159553407 2.103792959341269 2.8061589450330775 3.505209147065027 4.210459570510818 
1.9767353959544793 0.5961049421645562 2.104527379820231 2.806079713104836 3.492800999448239 4.213974944426209 
0.5113328848097898 3.7572627754431296 2.1044603552910215 2.806305338945481 3.505147300212128 4.212955459320951 
1.9963626515983426 0.7366388347408044 2.1042534165582207 2.8060829362656974 3.4832503166405524 4.1594920843907826 
1.9319654288902777 0.8195232112986258 2.1037336153361794 2.803822278921998 3.506012625676108 4.1969220906530795 
1.960942540802948 3.8911217992169296 2.1044956317506798 2.8069362654356222 3.4926243764364235 4.2113032876740855 
0.1607496099199136 0.012778378400541746 2.104935246986177 2.8062007399771614 3.4845793143842734 4.235579833289171 
1.986105392126 0.6722702998412893 2.104276906044437 2.8059728545802605 3.490580593423592 4.21201062445983 
1.1947418660260851 3.9085889145398918 2.1037669418454055 2.803659244808991 3.5020930333332725 4.210585163300477 
1.2337300116647887 3.8143012003043344 2.1045458263061985 2.8059699988366353 3.4903053994207096 4.212441924314926 
1.9938629021210792 0.6266547233587656 2.1043876269202224 2.8035686303348384 3.4875771656053076 4.195317210134962 
1.2651417291239955 3.7985071653178752 2.104275341876065 2.8041110684783135 3.4904269040012763 4.235143260197567 
1.9854550781969205 0.5909809796686063 2.1043876269202224 2.8035076888999932 3.505107982084345 4.213215624275407 
1.2348126466188227 0.48815328823607085 2.1045202057541026 2.8076024880046058 3.4928054041774628 4.234698133377033 
1.9919510306327775 3.8116840110869967 2.104943657457394 2.8069416170633494 3.4931249529842625 4.211723538625249 
1.9589345553455915 3.8858425495205795 2.1042938673970375 2.8069362654356222 3.49279028135707 4.211387541994715 
1.172751140065658 0.5994553164607858 2.104544726872746 2.8061785624612137 3.5056244621070496 4.197690117261091 
1.1753354380973329 3.846332951605641 2.1045376584659192 2.8061032943727016 3.5056567128680163 4.209526773130238 
0.34754466534239975 0.7093462527536969 2.1042931725893594 2.806960947048071 3.493336704657611 4.210286621171871 
0.34729199284485535 0.8200229742850568 2.1050124746346066 2.8038236578134312 3.506494427114662 4.196679456428324 
1.9963626515983426 3.8637070624779826 2.104254011067237 2.80603308817995 3.483693811244592 4.19196690741963 
1.9888281709516098 0.5549117479190365 2.1049658163554796 2.8039621080877235 3.5061450571049297 4.195666411103834 
1.9997759343567603 3.9027527111146694 2.1042674009106404 2.806015298401105 3.4847593142866544 4.23398316025222 
0.3113104510311555 0.4950991252365031 2.1044941714328624 2.8059227495003696 3.4934956930971603 4.211488505514089 
1.9999109134989568 3.868521346947201 2.104265530844178 2.8060223544233813 3.505206056279235 4.21138116141264 
1.2324695258518905 3.920006781118527 2.1045075452848656 2.807626351472035 3.5065811859648557 4.209730690399239 
0.31892881482384516 0.7093462527536969 2.104290890813515 2.806128551826252 3.506869958503271 4.210286621171871 
1.216712354365083 3.7875495245433974 2.1051218376666925 2.803690398600288 3.505537945486845 4.1944484597401415 
1.2362896352605035 0.6134942267851577 2.10370380351628 2.803792466329298 3.523290901814363 4.211900027463587 
1.997035573017722 0.5994553164607858 2.1045463134734277 2.806040133490748 3.4928793725843446 4.197690117261091 
1.1715764587629685 0.5799876370488761 2.1114013200821473 2.803311618333164 3.5043465649924292 4.201796674421324 
0.3052307177910486 0.6742307433260444 2.103682973777572 2.8036927681366532 3.5059956522606077 4.196516673398975 
1.2165082873462458 3.7519693495716813 2.1051218376666925 2.803690398600288 3.505537945486845 4.1944484597401415 
0.3098170030971718 0.8463886264946688 2.104490231555864 2.8038283727539532 3.4936696527833413 4.196518570377409 
1.999990221825741 3.8235387291678733 2.1042675332272203 2.8060129839479235 3.4846505690379925 4.23398316025222 
1.2215647475552127 3.9085889145398918 2.1037669418454055 2.8328287899922358 3.5020930333332725 4.210585163300477 
1.1441787736189784 0.7096159824041544 2.1037229667921493 2.803684665606631 3.506477008626084 4.212443136156002 
0.15509279272876114 0.7622324138393695 2.1050404813047634 2.8071381432212696 3.4931085004693085 4.210263167320604 
0.38916537401004425 0.6142825414876789 2.1037602122026855 2.8039165542948283 3.5054987232289214 4.209950039504964 
1.9819392030148388 3.925455979271633 2.1044848803652108 2.806167870464045 3.5053752301737746 4.213462790549375 
1.9772197442935169 3.832322252606181 2.104473572151455 2.806200627991518 3.493530290834087 4.2131077687940275 
1.1715764587629685 0.5129095277976645 2.1114013200821473 2.803305372897474 3.5043465649924292 4.201796674421324 
0.3498394620859303 0.49816335587968374 2.1049287129546483 2.8060333786406066 3.486777336265275 4.235675202574533 
1.9745219044653004 0.7575041851849641 2.1042826585125605 2.8060736635804284 3.5053974912960655 4.211590653368695 
0.3052307177910486 0.9527845772925803 2.103751393141254 2.8036927681366532 3.506008372770514 4.196516673398975 
1.2082132531664178 3.846332951605641 2.1045376584659192 2.8061032943727016 3.5056567128680163 4.209526773130238 
1.978332792263859 3.8911217992169296 2.104945694609517 2.8069362654356222 3.4928257924412667 4.2113656077446 
1.2328568385943561 0.44832409391560657 2.1042696879373133 2.807612167413853 3.5064979007873682 4.213406161502372 
1.0939318222060965 3.991267130326449 2.1045205408025836 2.8060300540226923 3.5060533266908585 4.21238740134052 
1.2385059876634035 3.7572627754431296 2.104472425354658 2.8063027338630095 3.5064483323146702 4.1966132840095325 
0.540744580042928 3.520988916122133 2.1044603552910215 2.8063235773577464 3.505147300212128 4.212955459320951 
1.2295652971469349 3.7501771332961913 2.1045205408025836 2.806030122617759 3.505555444788327 4.235847196559678 
1.2362896352605035 0.6417081138723708 2.10370380351628 2.80380667087385 3.523290901814363 4.212372854858535 
1.241015810767526 0.5856080115946123 2.104768297460608 2.8070660652757935 3.5023221622936114 4.198551060782089 
0.29926384285658625 0.7157125580710799 2.104934466171719 2.80621201821719 3.5056106164196277 4.212257118570236 
1.98152817213102 3.877467048158912 2.1044953170991763 2.806934261526498 3.49200872058795 4.206561960532005 
1.9998440995238993 0.5748297243526244 2.1042678068193097 2.8035686303348384 3.4845854213299545 4.195317210134962 
0.3549472092937655 0.32763121496091685 2.104706077329037 2.80620497549265 3.506203986452182 4.212396335476411 
0.01495879124727395 0.09696552956641113 2.103678431915777 2.8034324064411 3.4846758582953092 4.2339212639631825 
0.22037378083655562 0.7228437707734946 2.1049733363546985 2.8070421322851473 3.4933412903289045 4.2102646869217555 
1.1999614009100403 0.5815141149821365 2.104903784100956 2.8061816580352117 3.5056567128680163 4.208464207952786 
1.2066312682792355 0.6002604851443645 2.1049407381400167 2.806033379295525 3.5336016668634125 4.235675202574533 
1.116875972986313 3.928160813448151 2.1037773059401643 2.80399184738263 3.5056642228802986 4.211967256446517 
1.2362896352605035 0.6417081138723708 2.10370380351628 2.80380667087385 3.523290901814363 4.212372854858535 
1.1889610873240435 3.7920432819093666 2.1037424984228372 2.806200627991518 3.493523720956911 4.2131077687940275 
1.9919510306327775 3.9308446363601792 2.104943657457394 2.8069416170633494 3.4931249529842625 4.211723538625249 
1.978332792263859 3.877467048158912 2.104493035323332 2.806101866304679 3.50554197443361 4.206561960532005 
1.2328568385943561 0.7059611440896452 2.1042696879373133 2.8076209551514775 3.5052345431989353 4.213406161502372 
1.999990221825741 3.9697431627808912 2.1042675332272203 2.806015298401105 3.4847593142866544 4.23398316025222 
1.9938333904233383 3.9571599403986166 2.1045016833816583 2.80603308817995 3.484538792738345 4.233121449594261 
1.1874674868022363 3.872714311045414 2.104473572151455 2.806200627991518 3.493530290834087 4.213105965919619 
1.1363583018523278 3.932829741024607 2.1042537703130093 2.8039828092606265 3.5065702920461272 4.20240902833762 
1.998537797778793 0.5255858752249196 2.1045016833816583 2.80603308817995 3.492792061758139 4.19196690741963 
0.3052307177910486 0.9993012740435478 2.103758431594374 2.8036927681366532 3.49285035555888 4.1966918126032535 
1.2295652971469349 0.5935664421507525 2.1045203321032693 2.806079567386368 3.505555444788327 4.235574773500411 
0.22037378083655562 0.7093462527536969 2.1049733363546985 2.806960947048071 3.4933412903289045 4.2102646869217555 
1.2362538977623896 3.7572627754431296 2.1044690524374006 2.806305338945481 3.5064483323146702 4.1966132840095325 
1.9999109134989568 3.877467048158912 2.104265530844178 2.8060223544233813 3.50554197443361 4.21138116141264 
0.3113104510311555 0.8463886264946688 2.103759157827246 2.8038283727539532 3.4936630829061657 4.196518570377409 
1.9753328118885531 3.8777204824966485 2.1047501054345155 2.8063077628287654 3.4906008491489837 4.235044767970303 
1.989598089045394 0.7353570337046296 2.10452640753576 2.807635912613649 3.493299991556208 4.234698133377033 
0.4313555939029944 3.791594071647168 2.1037602122026855 2.803954724317268 3.505358792814307 4.209933710116591 
1.2676696942257213 3.7572627754431296 2.1044690524374006 2.806362386677266 3.5064483323146702 4.1966132840095325 
1.175903776735622 3.9085889145398918 2.1037669418454055 2.803659244808991 3.4898291936136694 4.210562430389192 
1.2363886821619432 0.550121926510595 2.103642362788938 2.8075094784577215 3.5020882352441656 4.212189920942403 
1.9964701274129726 3.9276611601274922 2.104965632676882 2.8069416170633494 3.4931249529842625 4.210635521913259 
1.9938629021210792 0.5909809796686063 2.1043876269202224 2.8035686303348384 3.4875771656053076 4.195317210134962 
1.965645236380829 0.7331508060090675 2.1037027711709073 2.8036894565384167 3.506053727090192 4.212372854858535 
