0.013138743364111138
0.017465783630463715
0.012122620760891323
0.011261852481805251
0.011407986271100512
0.013884262809626291
0.011969531784928822
0.01282523917365097
0.012705335976433085
0.012572955696482258
0.014483838871303806
0.011908404400889472
0.012374679406211953
0.012322634691420253
0.01282333038785799
0.013911267514505443
0.0201159191566318
0.014807342901977771
0.012236350694876441
0.017426636868448725
0.013850545479245913
0.01619479905858634
0.013006480645679497
0.012704476294234546
0.01904663412361267
0.012086417429437502
0.010247010135724766
0.015827683380471524
0.01134627786531639
0.014735823036253093
