4.173853871534981E-10 1.0020184258910796 
0.9999996500252729 8.662457803156006E-4 
0.17263243247405197 0.5858235564004483 
0.25596539973795696 0.4986979111806517 
0.20533484500959304 0.5479815929601842 
0.3524122361484291 0.4080016297616868 
0.8559523038915071 0.07744710734187454 
0.7000656383411733 0.16486952027614965 
0.3711565563566536 0.3923709874652504 
0.2942707984929713 0.45931363868157976 
0.04909182821378435 0.7805241221401675 
0.039228615903466046 0.8036948830876472 
0.0029292635857168653 0.9487484724449102 
0.41375891962356687 0.358500019570479 
0.007231379937905236 0.9166438028371524 
0.8359183044497533 0.08667865816973985 
0.9524744288459764 0.025052792842777186 
0.6815756325101503 0.17744690486508066 
0.7181117258979695 0.15633643764613345 
0.18968870849057945 0.5664884772204566 
0.5287411273527718 0.2740377246200349 
0.5461946030742206 0.26262134588476044 
0.10565865684609181 0.6759698781046924 
0.014006522088296947 0.8832037374862204 
0.056289151772792714 0.7649426212121421 
0.9706172489100262 0.01576038426945031 
0.11429513577114392 0.6634630426806032 
0.6444037905023507 0.19822757844001654 
0.630109185166648 0.2075036649326221 
0.27081368409824175 0.48130287814885825 
0.7844494530836718 0.11544346253021544 
0.07519168087623898 0.7280051541978902 
0.15489772168593893 0.6087623525389382 
0.13392049732213046 0.6356894557999747 
0.5188726934814722 0.281678182337837 
0.46911995071198315 0.31630223562308374 
0.02235908806861872 0.8689747631788678 
0.0013684056415480261 0.9654544641473402 
0.009986826403792018 0.9020825926148152 
0.9820653367607542 0.009890622660254797 
0.48954928588776325 0.3017522266822241 
0.08336676698401066 0.7128825757064665 
6.491982189946484E-4 0.986761276042055 
0.0635080015502067 0.7497730993596025 
0.027460634218367197 0.8441028927944031 
0.7303629612833272 0.14714820588821273 
0.4342910009435939 0.34684154995779476 
0.18367249733537644 0.5727333328861671 
0.3214687466152367 0.4343452920287989 
0.2878082079121871 0.469647230245865 
0.09676370697857384 0.691423265588215 
0.23986519377282273 0.5123663006929928 
0.4823226812067176 0.30773087582098535 
0.6188489208184709 0.21470059913616385 
0.805243570745521 0.10359130367096349 
0.3401146544268394 0.4216539752527868 
0.07212261665216768 0.7432429213350182 
0.2317322544957732 0.5200230776016631 
0.9364493636008395 0.03329742069964287 
0.918944198569275 0.042264389152917914 
0.14288960223563002 0.6238563094076214 
0.21897075142708938 0.533792254302992 
0.33621846264035543 0.425906506859388 
0.031948816087354795 0.8233120406423646 
0.9138133759741784 0.051571496058833335 
0.8992433721988222 0.052591688212933654 
0.8739550702795599 0.06616724758272345 
0.5907639115368761 0.23484564063087626 
0.2785301458171194 0.4794875528322301 
0.7451710767248552 0.13818348074966813 
0.39835623195437647 0.37004658607928403 
0.7583153251754016 0.13081841228051264 
0.5561565156812529 0.25576487556918137 
0.5771008882272115 0.24167868503791745 
0.5771008882272115 0.24167868503791745 
0.12357348150728047 0.6502185522788454 
0.40114874906090964 0.36766346849144277 
0.4604986067244925 0.3264547150196627 
0.3858640918769423 0.380820929020224 
0.033162086859623074 0.8197431420051446 
0.22091975490711263 0.532141087366528 
0.9316808722783655 0.03689588914633089 
0.15425660472711092 0.6234877247973395 
0.38386586675471424 0.3824616964383851 
0.31446365813760996 0.44030790246474594 
0.31446365813760996 0.44030790246474594 
0.504601838456355 0.2910955826479561 
0.12523873075522388 0.6474136004158475 
0.7583153251754016 0.13081841228051264 
0.6089002108107824 0.22091509875876467 
0.7791888142395234 0.11923837973937236 
0.504601838456355 0.2910955826479561 
0.6683284295048949 0.18430435703644546 
0.8900164712705589 0.05807062573375992 
0.8741930315616965 0.06610947724354566 
0.5561565156812529 0.25576487556918137 
0.7402756201165108 0.1413104675700519 
0.08905467184357713 0.7035033260198489 
0.5949084449268235 0.2301542055386889 
0.6040049982942832 0.22455139444891536 
