4.4533934067597695E-8 1.001158745788103 
0.9996594317527159 8.567037439139608E-4 
0.33444328810292673 0.4288217681815928 
0.7494054249816293 0.13523394095944952 
0.6931844359730799 0.17030290440849036 
0.4075866048607221 0.3640248833666345 
0.7720408111208985 0.12286758540589451 
0.3147197338654697 0.44018544424765227 
0.8622734083226118 0.07232288966820696 
0.5766421281510572 0.24180442422973286 
0.13838733433444794 0.6325923691032118 
0.6777859372509221 0.1774227984732773 
0.015175032141436728 0.8784820885821666 
0.7905049866189202 0.11198255002853856 
0.7150310613943911 0.1553962894076697 
0.1063893761713268 0.6800187201641956 
0.5616954092205241 0.2515676015079994 
0.41768217284735304 0.3547971538067771 
0.34921347502959066 0.40989878399906754 
0.6247925635068058 0.21040453113885757 
0.8752481899952158 0.06560670116285579 
0.38454554036531896 0.3807996952926088 
0.4319841603559442 0.3440267928169703 
0.005524827363150776 0.9270461808009709 
0.2876823242414902 0.4650631449259854 
0.2605037657960546 0.49236875693805615 
0.14971266137516714 0.6143367430356833 
0.24085502679464887 0.5104964607019985 
0.8904301672065493 0.05735122955367983 
0.4817901857842333 0.30693601127890124 
0.6080830290366163 0.22110636026589447 
0.6001671401394874 0.23782076266678315 
0.8152901737153404 0.0979045589547685 
0.5211781733445624 0.2793245036983551 
0.9406111277224454 0.03111121595290807 
0.8152901737153404 0.0979045589547685 
0.9260437928947205 0.038354614958747646 
0.24876208833555408 0.502760713767346 
0.269636008641195 0.4816934504092172 
0.8404865332133138 0.08437490920258205 
0.09528331549778568 0.6928094415665135 
0.9759867359656884 0.012915381415568127 
0.0023866851704810316 0.9596208907732513 
0.5295741568011553 0.2732070508018402 
0.9012642761815242 0.051372764980838447 
0.05258652713074341 0.7719018038834212 
0.02056231382781943 0.8575930834639767 
0.003112907324687969 0.9455339350883597 
0.8404865332133138 0.08437490920258205 
0.27898437162598844 0.4731350072810329 
0.44199291547600095 0.33605554294818757 
0.36740833722871397 0.395014432478735 
0.4996151408107232 0.2940878582399572 
0.19548409361967162 0.5586635682866946 
0.46771482960112265 0.3184037648721572 
0.4996151408107232 0.2940878582399572 
0.20167821127617847 0.55206333269858 
0.17500187217662555 0.5829516224251945 
0.22309396150018426 0.5292265107268642 
0.12535691647249675 0.6501321204171694 
0.9521154732854029 0.025540601872979896 
0.04759334095656592 0.784183970680548 
0.7324405393443034 0.14528586272447527 
4.6683804320046124E-4 0.9797731477252778 
0.12770491820202517 0.6441110259962389 
0.0643966272782216 0.7479218468057597 
0.03554625414556254 0.8146990273862277 
0.010716333743498285 0.8977497315293905 
0.6344546341139512 0.20413489401999702 
0.7844569971872923 0.11490949047736393 
0.15929030857424525 0.60232275000533 
0.30186537842879224 0.4537256435824977 
0.03583855551205195 0.8120582252581394 
0.008630064378074953 0.9080957864386177 
0.6438877761539437 0.19818614849063448 
0.18599849446442646 0.5698930880211132 
0.37616282302493187 0.3888334811329665 
0.11586089013930259 0.6639804937999401 
0.6605808769259747 0.18835655527538595 
0.5495839369955977 0.25961030622698295 
0.08583152771880526 0.7082029503882457 
0.6605808769259747 0.18835655527538595 
0.4579786536550552 0.32538639263310654 
0.45157056593465067 0.3290437655993472 
0.3030905019452369 0.45159790086336143 
0.05860237261182738 0.7592071463949722 
0.5443621042419153 0.2629712330539798 
0.4764276311214157 0.31104437472315355 
0.11463576650099691 0.6670997673323559 
0.09209332510135587 0.7027206988372898 
0.6003620454082994 0.22595111950176305 
0.07166388007315402 0.733543847056448 
0.21257837300214588 0.5399779944383061 
0.1824755950752688 0.5737822719796077 
0.027817343428802932 0.8344976363162405 
0.720324265143683 0.1522626628358124 
0.043022368594751836 0.7935674761235572 
0.21120600523243252 0.5418830564528505 
0.35661664565943185 0.4037809407352737 
0.9754665657934398 0.013647452961378115 
