0.9999114498487502 6.264146657294695E-4 
1.5610619934734726E-8 1.0018737959235628 
0.9999114498487502 6.264146657294695E-4 
0.17019080447208634 0.5889054211101441 
0.18682742122460433 0.5692341894704835 
0.295782849274984 0.458743641098586 
0.44938874504159554 0.33135159047482443 
0.42131034723932337 0.351810976856857 
0.32499916575443605 0.43268772788695053 
0.706225412825966 0.16081500389112854 
0.4076047305793682 0.3731241261061779 
0.7157367275519122 0.15523777275377756 
0.8596338725895323 0.07457476481433559 
0.5850738302755789 0.23608333643041463 
0.7728245558890954 0.12192612847160292 
0.05113681630417821 0.7758045922399917 
0.20882013194058707 0.5443143425821143 
0.35634508128947484 0.41734692115228966 
0.5590717536391738 0.2532739069002381 
0.6776308597512002 0.1775463028021731 
0.20765162419438743 0.5455490374032576 
0.9229667018601029 0.04490449264804138 
0.06057586811712501 0.7623983449264777 
0.8771955638375701 0.0644370428104673 
0.7393749370015839 0.14099605447659447 
0.6465437656986391 0.19671525527022288 
0.019695744812600377 0.8608920640853848 
0.5159160021974657 0.284263049216595 
0.13781265315687805 0.6302251647510925 
0.09993012716258376 0.6905870550574055 
0.4953196623828997 0.298732258443232 
0.963950082791169 0.0188772713604906 
0.5393836389458063 0.2677502047482231 
0.013969894832565572 0.8831816615973316 
0.231876004439317 0.5199213537882301 
0.12307006186165628 0.6512772535253698 
0.8433713903858104 0.08292076738972842 
0.231876004439317 0.5199213537882301 
0.1415346592951313 0.625038762306386 
0.37771538521275416 0.3867802778265852 
2.3831079426531177E-4 0.985991280743044 
0.3402459067995927 0.4214573935766701 
0.9130053461785859 0.045144584252202025 
0.4615169082587541 0.32188341626790884 
0.06569822146003712 0.7445766919478121 
0.08891221774570385 0.7038907474054158 
0.5999727651175939 0.2263669435522179 
0.2866469395436631 0.46597278409752646 
0.03417020110344007 0.8165829254652927 
0.8948264172757132 0.05568375442439823 
0.023644292801948547 0.8477577607644852 
0.1415346592951313 0.625038762306386 
0.36532345032544666 0.3966895698307507 
0.8329846850806419 0.08793280419307403 
0.8081805232695526 0.10196063044445 
0.26293301236589595 0.4886433735289576 
0.9785691256024098 0.015165433199174608 
0.07284415408998396 0.7370007551562286 
0.2758130115662357 0.47620990711759936 
0.7935172346658373 0.11069151297118658 
0.04261417303860171 0.7950169114907054 
0.9490917203811524 0.026821640758280793 
0.02888297281036948 0.8343133918583727 
0.6317684724862811 0.20612239453442732 
0.9855393267393087 0.008303767028975903 
0.0414708788891997 0.7974294476742667 
0.8222562604277953 0.09423477819148592 
0.25556946586870344 0.4992287737232662 
0.005532765594536776 0.927873866858524 
0.5081561016268475 0.28839694378207176 
0.568799496255625 0.24670767990901363 
0.7556989481631097 0.13157845752744954 
0.0029116159905218097 0.9483465701328501 
0.32883208301931127 0.4292845631297381 
0.889016272928095 0.05821435632267003 
0.37771538521275416 0.3867802778265852 
0.47400862698328805 0.31255570096852137 
0.6603394546077617 0.1882035092676229 
0.2701270446795677 0.48150798023065555 
0.7441901061032994 0.13848987630829265 
0.00872894398086782 0.9084346476186738 
0.10547140828943369 0.6765952359105877 
0.24795502264048622 0.5031127127159118 
0.6078128565299317 0.22128227433353598 
0.9439222477273708 0.029983666024095235 
0.4095140101508738 0.3610027832314838 
0.0014349518345097984 0.9635402511785005 
0.4984196823245631 0.2950690037376327 
0.003985307474637184 0.9387892046656735 
0.03231212624031038 0.8253954321470118 
0.6286684525446177 0.20943551396961138 
0.007686225221049614 0.9140164431625769 
0.08406768960102129 0.7123605028587606 
0.6597136237689857 0.18892685184028485 
0.9963178127034567 0.0027127155807115445 
0.5351989478806443 0.27050882797069953 
0.47342169312617904 0.317010956571724 
0.8139153567324672 0.09872525354942414 
0.1219029268847518 0.6544799517446618 
0.07871035339833651 0.7254629240634156 
