0.9999402539857223 9.041753531143173E-4 
4.316449361244264E-9 1.0013388292949097 
0.7620854576120829 0.1282337589866636 
0.38614424450392804 0.380376057347059 
0.3604750341481462 0.401168606710232 
0.8241464265797942 0.09339855626685857 
0.9318685835835586 0.03651020749954234 
0.9670055364538963 0.017902293266863777 
0.23363801796582875 0.5178072946430091 
0.7894553979174008 0.11295773137379132 
0.6742975857095121 0.18043477118209741 
0.5845296900027157 0.2366317901231836 
0.6059937986771882 0.22329715606326783 
0.9569165082909181 0.02274489752947572 
0.8419857818717574 0.08373295083297673 
0.4387265428052088 0.33901278552950287 
0.051935211243684914 0.7740921142201027 
0.2748165522600989 0.47766544763079477 
0.5384911082705132 0.2672852923420956 
0.1659838594436774 0.5940948291163496 
0.4601364151847091 0.32635443166559386 
0.33778597362466645 0.42002042180956256 
0.037271751820914134 0.80935240343098 
0.0822307393693732 0.7149179161131975 
0.32748192460585934 0.43532344365662284 
0.14853425747656857 0.6163635250388864 
0.2201139488863732 0.5329221701292463 
0.18964907231487316 0.566423700933395 
0.006747848442292537 0.9193982972097945 
0.03002408798430206 0.828795244755428 
0.5177113508983954 0.28180634039274877 
0.09174622569963369 0.6987140994062425 
0.6369958045141956 0.203360633713438 
0.7999488086120241 0.10708519568026365 
0.8709748080692418 0.0678184153637799 
0.10960835868022534 0.6707354275432825 
0.7143126685370897 0.15656364456478308 
0.5472030794945248 0.2620390148944241 
0.026361973968805713 0.8397434363164532 
0.6928994857968903 0.16861285881878874 
0.178947880624384 0.5792993059328418 
0.652526068700317 0.19346873087839409 
0.3150036115041767 0.44065835877921694 
0.49158064421787884 0.300126565317701 
0.07574360265300659 0.7263911116503394 
0.5602868239014391 0.2525240953518951 
0.0623567908362494 0.7525105173738192 
0.7168730576692921 0.15497302167913038 
0.432744409658724 0.3501929329315343 
0.0032875343131721774 0.9455928746673437 
0.7344293027326452 0.14400525761259814 
0.3092800813694647 0.4519139362719073 
0.05762807203653901 0.7620238989001302 
0.6234553080373203 0.21949742582145618 
0.3976651759939219 0.37093710926806067 
0.4143025610486826 0.35824157736804996 
0.0012828169855006455 0.9663781371289205 
0.9149011840096797 0.045683318740051625 
0.004234139615467522 0.9369807784689405 
0.4035285076088524 0.3669081635942596 
4.644376957150514E-4 0.9933126756495945 
0.2076273874674965 0.5460561335792569 
0.899763437851232 0.05388794643367078 
0.011255491320225186 0.900987401949792 
0.019804267991557045 0.8611070922505143 
0.04230085265019216 0.7971256073140351 
0.02402553543426189 0.8585501777554384 
0.6876310029783843 0.1718454537898668 
0.17001513176397237 0.5891102671842786 
8.409808068534086E-4 0.9732025146276309 
0.736662332884538 0.14245435011714097 
0.015628551976157395 0.8783236791220798 
0.46981943733656006 0.32293472001837625 
0.11968312029663228 0.6561349797030009 
0.42099821065416654 0.3536317309581597 
0.25938639250657214 0.4932530858754166 
0.24852545364454534 0.5028432649592497 
0.28640041479448936 0.4666111457569738 
0.21612445295646443 0.5421076631859661 
0.8873444840642379 0.06539255393036844 
0.25938639250657214 0.4932530858754166 
0.11658005207311217 0.6604828700815095 
0.6436163430785239 0.19983435820785772 
0.24852545364454534 0.5028432649592497 
0.06857322880637592 0.74008442322137 
0.8930417268047411 0.05633009840661719 
0.8585916089033504 0.07493294175959139 
0.0976097721169614 0.6903526093622668 
0.9123408033274274 0.04701008788399022 
0.01107560190744115 0.9022091503986853 
0.5719928759415307 0.24529162136487817 
0.35007821049461796 0.4106843032823559 
0.2844191054490792 0.46844874397702374 
0.2976910354406156 0.45595406681786554 
0.1012609777673728 0.683071529912979 
0.2076273874674965 0.5460561335792569 
0.04230085265019216 0.7971256073140351 
0.34861909643442923 0.4120621232303455 
0.015628551976157395 0.8783236791220798 
0.5150127492094544 0.28448707682664515 
