4.0473907098048656E-7 1.0020948617430616 
0.999754975917422 9.683838641988364E-4 
0.44773884345791737 0.3370002136271103 
0.798456523008594 0.1078879849169076 
0.06120065182459958 0.7540950319503802 
0.41610430950552 0.35639970114028946 
0.7747419020804589 0.12092077027377407 
0.9083877077963185 0.047967773487231476 
0.9276816014925853 0.03953318677428724 
0.3619929938014402 0.3999890840424322 
0.3163925144448432 0.4418926748867871 
0.05139674659562071 0.7754038033013306 
0.7562237190233853 0.1320000714876727 
0.16020398699915966 0.6015636354162975 
0.9810826922414966 0.010552030269691665 
0.22038796102584263 0.5334942965643058 
0.17535823092314062 0.5829116239902687 
0.5252486974315618 0.27663232244630837 
0.9474804188629933 0.027659406506024317 
0.8582659472152192 0.07498776617420531 
0.10485877322032744 0.6787749629418084 
0.4709582483012943 0.3151344060102196 
0.004645246308516426 0.9364819434370039 
0.09890289356668995 0.6903188343061136 
0.45983514138399084 0.32323658395936433 
0.11623268414072693 0.6607524822381645 
0.486295739513162 0.3036321709887474 
0.33852406169148963 0.41982787326977594 
0.6109896596643896 0.21963852642279844 
0.24065647810851293 0.5163010644155428 
0.7198236220864112 0.15284761854262296 
0.886873253043795 0.05945456651839339 
0.0017753841950759464 0.9630922703996228 
0.12251631286759322 0.6513595916401336 
0.633347362629401 0.20550740340916288 
0.6889424471634936 0.17121442093229503 
0.074264706785613 0.7290339571198663 
0.03140186747725188 0.832552479036859 
0.8207987794748963 0.09562216575572831 
0.5426678365308653 0.26484716434913197 
0.4967963305866529 0.29645282491202174 
0.151126233475962 0.6292787709869563 
0.7410130763387967 0.14056680178435016 
0.382901819393727 0.3836135939629987 
0.02237128150214246 0.8523685805379183 
0.6762958882612972 0.17895982709898006 
0.8354441553651744 0.08779449759924145 
0.08709683988576206 0.7065700322662641 
0.847126254344275 0.08062023298902686 
0.5998563233776518 0.2287379806667821 
0.6657513375186743 0.18521392508323375 
0.01510877430078117 0.8833787828015593 
0.8798211159977274 0.06512292399401019 
0.5538114471980683 0.2574479034998215 
0.08455036786865905 0.7117519420577743 
0.7321851672473111 0.1457583527134903 
0.27707228617471324 0.47558331952896266 
0.01123717997470347 0.9033107750220108 
0.4002880206269531 0.36868109820755246 
0.308969548139175 0.44711711296956785 
0.13474319844450072 0.6370972810525332 
0.19717485593696127 0.5595767449309427 
0.5706345965224011 0.24924814497851913 
0.1874230199454723 0.5716913656322172 
0.7048945366493178 0.16171556623519234 
0.03529998633225723 0.8136334110660624 
0.5092243057278676 0.28791070137492314 
0.5906229333391103 0.23469391775661844 
0.048577861899400276 0.7975199750703644 
0.21130813155691008 0.5479309792213255 
0.40729031852398306 0.3629698511517644 
0.07484498827188155 0.7280947990840609 
0.5138264953924242 0.2844503728433482 
5.790517248600545E-4 0.9788676632083028 
0.958456527368736 0.02196281299549302 
0.2674107394019492 0.4848337791517995 
0.20021576081056686 0.5540678912250138 
0.04024667401627163 0.8016685803567745 
0.15220704294048779 0.612452788771035 
0.13561663082955988 0.633714208760752 
0.9657275079645866 0.018394396567905206 
0.2984420604412814 0.4555574610240018 
0.2150146629200793 0.5405607710779748 
0.007606924659687323 0.9176785215217182 
0.6541103110141255 0.19216799230724585 
0.18457076144220513 0.5764599964369869 
0.26359329991276614 0.48873767772647864 
0.032996801402806086 0.8234951217143238 
0.2984420604412814 0.4555574610240018 
0.8236659355499152 0.09366578908751848 
0.24498601602460346 0.5072133181099516 
0.01961761382665872 0.8623509903523299 
0.2574184421360867 0.49795857632559604 
0.35022944451838534 0.4097035659168502 
0.006855085208172351 0.9223237200593346 
0.3500942292993371 0.40988062664384006 
0.25218907724135864 0.49933993504819235 
0.33856559062332203 0.4197495537447735 
0.5719019078699088 0.245317835250179 
0.6515299298200745 0.19435885138802161 
