0.9998864449038823 8.828154244452565E-4 
8.611457900931097E-12 1.0016509363381085 
8.611457900931097E-12 1.0016509363381085 
0.9399594642072013 0.03127258298287943 
0.22301305089367535 0.5290431600225075 
0.3456457004929785 0.4162108095013047 
0.20238131530878922 0.5518623993023434 
0.37015028165000985 0.3960276825838901 
8.510675449385774E-4 0.9729622001024165 
0.012525155031796992 0.8922791798765709 
0.11698194028603859 0.661346303616748 
0.40246006519386723 0.3667098391033457 
0.587916471286769 0.23480462365600183 
0.7036998077413544 0.17049941854037248 
0.2343835921102413 0.5169877325079836 
0.6246617833220524 0.2107573452019822 
0.8250156577834369 0.09272620995938645 
0.056610756440537036 0.763233835372634 
0.00873131227156108 0.9082576515733506 
0.42446282361136534 0.34980347929590067 
0.030808342896940177 0.8287092276148265 
0.050203282856091824 0.7776486233375941 
0.10374776194022423 0.6805181698917367 
0.8736492439669619 0.06607658038814018 
0.8980900155706266 0.05353454670382314 
0.9751594936174973 0.013206758649806277 
0.7483700046909607 0.1361226659049922 
0.767621676902257 0.12499317466891652 
0.0680841309919121 0.7448307447001279 
0.004565908089135859 0.9342467499477125 
0.7116130694654513 0.15772808203630065 
0.003046274468136906 0.9461777506977709 
0.2677383329365964 0.48449882798278854 
0.5053685363932439 0.29038201937169955 
0.07637624606810228 0.7258803735558379 
0.019921757380052845 0.8611475462852924 
0.848538529395498 0.08043633528721932 
0.8625869240375508 0.07276819234425623 
0.1937145216916255 0.5621291023311119 
0.08605479789693732 0.7087642932984635 
0.6783735466721685 0.17794218594515732 
0.993272537877443 0.004480215573045311 
0.892163286800538 0.05676819888279989 
0.18376558120239495 0.5727217153594477 
0.8043439186598019 0.10603677045647568 
0.48044582243726947 0.30823101995468444 
0.8365033654813671 0.08641841607773022 
0.9640548249387848 0.020077736738042848 
0.24879058448970132 0.5025597631919897 
0.2991277911352404 0.4541730093414422 
0.12665032555871253 0.6457448052142101 
0.14510644933327183 0.6206974358514374 
0.7769272881478845 0.1203181462138162 
0.1586575650696819 0.6032574815607707 
0.09784687335248604 0.6883873464382455 
0.7397631590680421 0.14150504016121493 
0.28425445072417665 0.4683484836248532 
0.569163059210034 0.2466570309186507 
0.09070477915477398 0.7010157119301756 
0.18321124439946088 0.5885607557406971 
0.569163059210034 0.2466570309186507 
0.602820302349816 0.22483581031098335 
0.6555150704291679 0.19151125056797558 
0.6783735466721685 0.17794218594515732 
0.611220285463959 0.2192326988610157 
0.5320763151359198 0.27206834634950644 
0.31740660343264104 0.43876622634031043 
0.2845800961281182 0.46826744293457445 
0.042201932923850216 0.7965989199351059 
0.8980900155706266 0.05353454670382314 
0.37634700874585003 0.387901740700455 
0.0718962533480923 0.7346134772637747 
0.3332305617692276 0.42424866304262643 
0.30521620585382225 0.4491619550654791 
0.3881252217703274 0.3864403973208478 
0.6430737140251211 0.1992135577765004 
0.4749313691692574 0.3203783918320463 
0.6555150704291679 0.19151125056797558 
0.4386382068214255 0.33888319266051575 
0.4701631608181063 0.3240493918873465 
0.725638548706315 0.14939608750742703 
0.45555745890789723 0.3266438474410484 
0.5152283862846148 0.28381006736612935 
0.03702208577328698 0.8097290968030693 
0.6430737140251211 0.1992135577765004 
0.32958496481248717 0.42729607654296586 
0.13017680397139098 0.6401536826640516 
0.32055471122097623 0.4354341296522235 
0.549080224555887 0.26040619006522536 
0.16035937752246918 0.6019597497178073 
0.7276006912788917 0.14849264463501483 
0.2554382720961713 0.49952482435655315 
0.024362803928538734 0.8454471418207672 
0.4915925083268782 0.30068740863375293 
0.4492765312813939 0.3310746882127285 
0.4915925083268782 0.30068740863375293 
0.7894993642095592 0.11283324997241523 
0.5410346301323352 0.270676287300504 
0.3933395973746353 0.37515119104776584 
0.802466122504559 0.10706862867352036 
