0.9998267884343313 6.851541313200332E-4 
0.9998267884343313 6.851541313200332E-4 
9.371089507883407E-15 1.0022860937861633 
0.10260531475328305 0.6808774995344977 
0.1360280997825817 0.6323704081257384 
0.05475194478223483 0.7699898928304127 
0.5785126828205447 0.24028368492473617 
0.07371008573931842 0.7309215845051773 
0.2764945617840827 0.47544746687779754 
0.010112641278848256 0.9018759293276637 
0.20247332564705556 0.5516766566135465 
0.08539133535316022 0.7094522064519482 
0.18070228591734655 0.5763426267073282 
0.6320155094433515 0.2061334922421399 
0.2901271843036223 0.4629040733567824 
0.5334793385522383 0.27065644712469655 
0.6609317457047412 0.18892494787571495 
0.9533925797412792 0.024482404167081397 
0.4202210645307272 0.35333207713489523 
0.3973221658141193 0.37109704111697656 
0.15711642633249265 0.6050614596780355 
0.43628066368945484 0.3408764478081131 
0.2572192672880018 0.49511437580151 
0.4486396082968637 0.33156528854188 
0.602266483529148 0.2249364380176032 
0.974753599965628 0.013733387304687586 
0.6488944795742384 0.19630553402495227 
0.7065342696247539 0.1612519990677231 
0.7755838440913848 0.13161368643753993 
0.8338680908517804 0.08784656455906541 
0.35492073477385355 0.405803939018073 
0.035799911529583506 0.8128966851070631 
0.30496311440786006 0.4498045320662183 
0.6935432795352238 0.1681366548119118 
0.4074469278325863 0.3628311264840321 
0.6143642470405363 0.21806501404410059 
0.2106997002807557 0.5419041874764333 
0.17047901350817696 0.5886077338505554 
0.01696666591197321 0.8719254672593225 
0.943307960432836 0.03363622996204843 
0.4877140783726526 0.3025423104318505 
0.7516195239306837 0.1338449136614567 
0.5135054133992076 0.28448122559955963 
0.7290321256788601 0.14730299255346868 
0.3114212830432507 0.4430776405387322 
0.7222620071899835 0.1512363277095148 
0.0011166637741382712 0.9694823308945751 
0.006022973304235457 0.9255138908697362 
0.47461107336482977 0.3138919094599672 
0.46476647394062354 0.31959034112643214 
0.0526651316774715 0.7810346170015333 
0.8601304554379671 0.07566204173776926 
0.2331327102743173 0.519554683069586 
0.32695775368135327 0.4301611100078262 
0.24157752615743033 0.5103155239999182 
0.9849393762748131 0.00913179613866689 
0.8472312766175853 0.08057897874479786 
0.8742493125003834 0.06637248338705368 
0.9281279870593346 0.037180130530273886 
0.003134152308791438 0.9462066051438723 
0.5479171681798514 0.26660358964091885 
0.04336612411440899 0.7973985777249231 
0.033978944677267586 0.8292733795453385 
0.22070747854571882 0.531419847296648 
0.6805550850954731 0.17603023606843263 
0.3793370193319045 0.38550106724645583 
0.5026226303921651 0.29194835279032205 
0.3241026660665235 0.4326738634081937 
0.5510842151183617 0.2595462790928349 
0.3427671338802427 0.41622427667036743 
0.3427671338802427 0.41622427667036743 
0.6805550850954731 0.17603023606843263 
0.3691089071631704 0.3948567522367625 
0.04379887960429016 0.7922129014548553 
0.4958875580620945 0.29744032214554755 
0.0014372601353056513 0.9685183361092954 
0.7941661640720988 0.11088206126475704 
0.36500446890148003 0.3969790380987669 
0.7516195239306837 0.1338449136614567 
0.3793370193319045 0.38550106724645583 
0.14835902628204234 0.6168838644778974 
0.8033271316834951 0.10446717795711565 
0.5615549553560654 0.25399321954457127 
0.14835902628204234 0.6168838644778974 
0.02274161465341955 0.8539720586370928 
0.08174914612418915 0.7237269663157464 
0.8829984869956787 0.061641566973473505 
0.7807686963905526 0.11744603466788282 
0.9144943586912647 0.04519912683238756 
0.029356988330432543 0.8347327780371894 
0.5615549553560654 0.25399321954457127 
0.018288172832031047 0.8682655652684419 
0.17421058742006845 0.584112749132677 
0.921784181155096 0.040934844880989765 
0.02597966409272856 0.8442132140987603 
0.7832088185977228 0.11588845648020032 
0.9945345772422983 0.0037045111405305713 
0.24829617029630346 0.5040063009574404 
0.6080438358648175 0.22108262439564721 
0.005135542934334367 0.9320604466362589 
