2.395203136804964E-9 1.001817334608869 
0.9992302673994353 0.0011050229507403107 
2.395203136804964E-9 1.001817334608869 
0.6519677484582846 0.19403469625563105 
0.09719310038974316 0.6903948892626353 
0.30270290984693554 0.45138747777807386 
0.6339416843968257 0.2052997133734775 
0.3207117151683751 0.43546829609120646 
0.6752069414596074 0.1795002532844706 
0.3946921411802292 0.37295313150090537 
0.23120199351814452 0.5247506875325981 
7.780952957103898E-4 0.9739327202352351 
0.1927625752994815 0.5617892674620203 
0.8056417413447466 0.1033318186643368 
0.024159253131030733 0.8462762308019779 
0.27558586905108545 0.4764724904525221 
0.8707137655158541 0.06817903536441053 
0.7253160289384378 0.14947163578863124 
0.7948839856383073 0.10928916149225812 
0.20698361549242292 0.5462054521557344 
0.8488711636883741 0.07983949358731118 
0.3323164979577956 0.42555525593266036 
0.01719882120903715 0.8707143761023811 
0.18278198579090604 0.5746023692764545 
0.13491447234726767 0.6342291111472672 
0.43121752707558947 0.3451809235160224 
0.2497610651427561 0.5023842034547811 
0.3738450133887956 0.3901860066991087 
0.7479276803060746 0.136765907703051 
0.0025302428144657763 0.9513946025948016 
0.5386111063262566 0.26724708196526764 
0.4955414365210066 0.29708598757891946 
0.14296557524026332 0.6234941844867811 
0.3638293962918973 0.4023659404559997 
0.04143231029277661 0.7980951465563495 
0.15228792549040177 0.6115777541084695 
0.008818341355195047 0.9077574070391838 
0.067012474533823 0.7428495568792455 
0.5997331414698567 0.22708925125953658 
0.9062096501404951 0.0491789536404821 
0.7148773448644481 0.1552921183917834 
0.9658559770738552 0.017929862194076298 
0.5520500828601087 0.2582838907775494 
0.6173775503733178 0.21532454905599405 
0.8909140800214675 0.05729736274341577 
0.7463833639418689 0.1369760563483445 
0.7758417077752511 0.1203195895303495 
0.6855201212420136 0.17330477138633268 
0.828228013374619 0.091045450870931 
0.0057120947775214925 0.9264236799685001 
0.8581716363594707 0.07485597752438797 
0.11817796327289534 0.6575354451143445 
0.449327925668416 0.33087096737690797 
0.011609825117650241 0.8940625273862269 
0.9840089060812116 0.008707435769130875 
0.828228013374619 0.091045450870931 
0.9463874209832932 0.027849253304632192 
0.28894227073803647 0.4643617773920848 
0.25950177550163006 0.492216642123141 
0.044655248823605526 0.7908246264339049 
0.9190114600882955 0.043106458669405906 
0.5088403707203586 0.28782218097403206 
0.05927051792289473 0.7617117270749021 
0.7027417062019072 0.1646233325946015 
0.16101683629006253 0.6006007065747481 
0.4056554586790462 0.36830829896760425 
0.9331640813850703 0.03521607961931059 
0.014747425613219955 0.8804450669367194 
0.7735905795716702 0.12329615295017848 
0.17314889690942037 0.5854202366084246 
0.10914030217009235 0.6711731677672892 
0.5142488439290457 0.284338177614772 
0.0041970824324057965 0.9367018075655165 
0.029278907071107585 0.8312614455218218 
0.061129350205258226 0.7594129284991983 
0.3441600393242409 0.4148868936003305 
0.7000756430990255 0.1704279229216517 
0.5616676552619776 0.2543101537193572 
0.0824757839746521 0.7198262863023339 
0.10914030217009235 0.6711731677672892 
0.28577366384640807 0.46713821445886716 
0.424911938846309 0.34918617566096205 
0.0723905421407606 0.732504042670843 
0.03354896369692295 0.8191087145339739 
0.8937592818734323 0.05586847160139438 
0.5878681050163197 0.2345888046507161 
0.5255010924735432 0.27628615517906824 
0.1252399692700366 0.6477275683615725 
0.9886237326645917 0.007510018174630926 
0.08492913326226975 0.7107214448310154 
0.07980441200399191 0.7313643955932573 
0.4723281430088102 0.3139140302728565 
0.37220428028064056 0.39166605624983086 
0.527853350557202 0.2745846780310102 
0.9292695220503888 0.04017901613067351 
0.044655248823605526 0.7908246264339049 
0.4114286603549719 0.36018531393479847 
0.5775695218079417 0.24171009042228053 
0.08492913326226975 0.7107214448310154 
0.48565378781984725 0.30506198591900247 
