5.206747851332894E-9 1.0007893114533482 
0.9995857910546769 7.943877832085145E-4 
0.5209687705982262 0.27936781381497067 
0.7892337552373442 0.11227827093680491 
0.5729775007217476 0.2439726647646058 
0.08145459886445316 0.7161810795038205 
0.05015649819900282 0.7773760494939277 
0.3774053331691428 0.3882676147814932 
0.5398484491155389 0.2662410517590744 
0.29092094335546126 0.4622649075495411 
0.023544584018838972 0.8493594472542604 
0.818838144239401 0.1019376810717935 
0.4522682950501356 0.3289070412036144 
0.5876371426111593 0.2341087185509428 
0.1839675786981444 0.5721515721370833 
0.8938614754523746 0.05570721400801136 
0.7449096756054091 0.1382477321317547 
0.4366485969226561 0.3406687408011161 
0.34985552543085835 0.4100864799021611 
0.32519463098036777 0.43106583251393465 
0.11927471248467914 0.6565584628755732 
0.20214650193303862 0.5513596904541287 
0.22232543757439938 0.529229184174128 
0.2433782176388939 0.508123988279795 
0.7652975466492582 0.12689003725567052 
0.10304249750926024 0.6803561262651422 
0.3988846146529696 0.3692932870423633 
0.624428538455319 0.2104708837625249 
0.018142681923505127 0.8691743386814055 
0.3962233623775231 0.37188405330036317 
0.6818649239734431 0.17542464941895958 
0.8557374008470127 0.07571172824030378 
0.2426176849836978 0.5128114444837899 
0.6025946170289874 0.22491635780810815 
0.8830852066477735 0.060905950595517316 
0.004983935496643874 0.9310020753235239 
0.30589087870805515 0.44983857430740465 
0.16890757165933235 0.5904930398972404 
0.14528756584005903 0.6202612123391484 
0.10034233006612922 0.684421794650599 
0.12120242552565297 0.6537800270574345 
0.4868471617373958 0.30495914833441873 
0.47268425614728393 0.3138143992354661 
0.08775640602668855 0.704969315817226 
0.6602898131919733 0.1886236584579507 
0.19726503324739925 0.5574882047268856 
0.6118702403416281 0.21862740529991873 
0.46454045141809597 0.3198600012831118 
0.5534784701289143 0.2570068761633806 
0.9453084421050809 0.02835239575118806 
0.6698938954250164 0.18247905290251978 
0.06685686518377043 0.743567560081838 
0.8416543561898489 0.08344194574512788 
0.012794087214096195 0.8920749338134563 
0.17506832443947384 0.5829386037192296 
0.8336454022749403 0.0879531419614882 
0.6394927483105401 0.2051608906614747 
0.9342237877181018 0.03793118902759001 
0.7128023499989687 0.1623456403333967 
0.49447986454238535 0.2976593012065459 
0.4251959198273838 0.34899939562426213 
0.13608852836643484 0.6353478079029721 
0.15754172313895742 0.6045515345082523 
0.8207478534565106 0.09505011468822254 
0.029381452919462425 0.830026084252708 
0.7776859486741933 0.11900367811698938 
0.9709588640210016 0.015597172486740954 
0.014768678042197156 0.8812206791770617 
0.13608852836643484 0.6353478079029721 
0.4204100128513294 0.354805751287811 
0.002152785737088825 0.9545321957813437 
0.9851079739268823 0.008080406784541121 
0.9146610125424621 0.044431542114473345 
0.030441158387183975 0.8275126017116601 
0.002884365026679103 0.9509362374702711 
0.06760423453017328 0.7417287815914325 
0.6469063952024441 0.19661154177889845 
0.31750213882510636 0.43715259696472625 
2.5442505098797943E-5 0.9965371830475442 
0.6950826272945831 0.1672502842042464 
0.36715963488276265 0.395071061334263 
0.037403187061902876 0.8114130788553967 
0.04326061169610046 0.7931630973313644 
0.2672927381058555 0.4837986342037225 
0.15365443949258994 0.6144750315710318 
0.3111822331459483 0.44298152177544636 
0.36715963488276265 0.395071061334263 
0.007714110666440177 0.9162123105518809 
0.008610418741536063 0.9085959844018332 
0.5042307046329706 0.29130408183793594 
0.34191722119096557 0.41636316997200273 
0.5532860033233055 0.2597291497279687 
0.04976251539629689 0.7787919107539154 
0.34191722119096557 0.41636316997200273 
0.6976555506937319 0.1657652080758911 
6.704120679633663E-4 0.9759120611005164 
6.704120679633663E-4 0.9759120611005164 
0.037403187061902876 0.8114130788553967 
0.7246765784178706 0.14971469745379443 
0.7350916483821084 0.1439610384724053 
