2.726029994766857E-7 1.0013284058131855 
0.9999688567971053 0.0011040862946696123 
2.726029994766857E-7 1.0013284058131855 
0.16771249053725454 0.5922298636310428 
0.267905676532272 0.4844292648239157 
0.01966453956643091 0.8622719515995784 
0.04030997661888769 0.8012459344482976 
0.187489338213973 0.568310738735061 
0.3655749163030837 0.39710017754932 
0.5006568622704254 0.29385130544254884 
0.050020562205719904 0.7787716129552402 
0.9844705960633185 0.008748009936681156 
0.028582082516854845 0.8342953714296207 
0.07360699448770208 0.7618557640795616 
0.2529866040180001 0.49962947066170726 
0.013615725142947288 0.8857282229108628 
0.15576685194561735 0.607873491989757 
0.9341914824955718 0.037549869231783904 
0.28833059942460104 0.4683074732956393 
0.009978086191165872 0.9019566609274372 
0.3824152503820636 0.3839153154866434 
0.12779275971666243 0.6450195159389562 
0.6805194507734385 0.17658024240173392 
0.4352307008231977 0.3422276558009507 
0.0319074979275942 0.824250100333513 
0.13695215353424475 0.6323866486698483 
0.1464232448396181 0.6195379146309546 
0.3098887863068245 0.4523052385810334 
0.314183945850099 0.4408399924200402 
0.5394625201111406 0.26696367406749566 
0.7245153979347373 0.15032081987251225 
0.5732877781061446 0.24554639608488413 
0.7052034327645167 0.16508269165030845 
0.23595200729906785 0.5163794218529212 
0.0970716538740761 0.6915673363213448 
0.4147904401482245 0.35805612893174144 
0.558247539531249 0.2559068212487905 
0.2214807522644739 0.5307201476040091 
0.2916971983652906 0.461660549124007 
0.8732532611295608 0.06699532051572804 
0.6257242858420796 0.21061263358548268 
0.8409521450992594 0.08441311594184214 
0.4269837221219258 0.34830681670054414 
0.0020011716765315907 0.9640234421576963 
0.9650494484266458 0.021636242690074508 
0.35069575413523263 0.4100799532602247 
0.19799247676414908 0.5638294526565163 
0.07945820342301424 0.7201377354019812 
0.7670215164267642 0.12609740182805737 
0.32881458318191514 0.4280299530902755 
0.6145736108530496 0.21731188568139215 
0.24484308066059285 0.5111487674807181 
0.7993530995258076 0.10746447910806654 
0.11884075587003115 0.65967021566233 
0.07562319669142253 0.732403722544957 
0.657389805646122 0.1903365164426373 
0.6408865240226211 0.20122867158395064 
0.056797218511630644 0.763556964893632 
0.006595583400348826 0.9247919446274996 
5.635209720233347E-4 0.9787735052807268 
0.39081409125555927 0.37675996646643917 
0.6615653332190026 0.1880329526901737 
0.20438189387765757 0.5498546563563151 
0.4630741520098792 0.32127535278638747 
0.7436339543905632 0.13890628810676964 
0.8177311578788558 0.10156818451273499 
0.11372765378539718 0.6645585819775668 
0.8975634922292729 0.056421099757651666 
0.5369377255932294 0.2776039675241308 
0.22305188901415712 0.5292662731605942 
0.9142431023075227 0.04508325360858121 
0.5098855661605561 0.28790017833530335 
0.9117204489953799 0.05377115685474447 
0.7932398966059935 0.11079686774555401 
0.9450779775527678 0.029172127191465166 
0.9643620485724983 0.02418753035726385 
0.4781837613470749 0.3110770617960071 
0.4046419716743794 0.3657421218214445 
0.8349320766516506 0.08983739151315855 
0.20438189387765757 0.5498546563563151 
0.5639211322576054 0.2518693284870665 
0.8574437913302215 0.07509199069022815 
0.4781837613470749 0.3110770617960071 
0.45250193588171284 0.32898659214277487 
0.3994647635890127 0.369667733260379 
0.34609038731631764 0.4131485673374112 
0.6946312166363214 0.17596198671637958 
0.8574437913302215 0.07509199069022815 
0.6402497980323273 0.2056957244239835 
0.1018477155265814 0.6836525966725796 
0.08667949859920657 0.7083610357468422 
0.5222592358045217 0.2789564318019541 
0.45250193588171284 0.32898659214277487 
0.8235975131790139 0.09393750945863391 
0.5987604973303744 0.2277044634739902 
0.00552210723343316 0.9291443561289604 
0.8845716907610945 0.06491161598766881 
0.08667949859920657 0.7083610357468422 
0.5882592983685754 0.23424841435389368 
0.9972289814683528 0.002451405823535534 
