1.0510960100235015E-9 1.0016784192583084 
0.9999450914407194 8.140217189814127E-4 
0.49995890540461113 0.2942116224483102 
0.5316271359933621 0.27180490460775336 
0.1828278991971734 0.5737519975179042 
0.42046029932665946 0.35257175936351337 
0.3991810656003549 0.36942555918559244 
0.8909413401452612 0.05695074713292473 
0.6601743955609556 0.18877904381014046 
0.6855917605592555 0.1735267623843594 
0.8286072012677712 0.09289109823213625 
0.10712554842896888 0.6739800607693938 
0.0056567693466033075 0.926429507279327 
0.4315012971374049 0.3439586243762802 
0.17153283499509198 0.5883444199841285 
0.9735810587539326 0.013942195448770827 
0.20015598428990383 0.554390275184665 
0.26378276167846504 0.48719481424470545 
0.26917222282270703 0.483343395140683 
0.047047336845817335 0.7870022500233729 
0.5531618732775607 0.25741642028396866 
0.7621407582184818 0.12971699324887645 
0.9023077557313071 0.050864005747618964 
0.002916049466541712 0.9808577357692609 
0.8059070408057036 0.10316154218374735 
0.05650350404895932 0.7643508543670906 
0.6222729062271523 0.2122618449196467 
0.5821334567720197 0.24937021198062198 
0.05981519900118143 0.7571411993697594 
0.7054317894476607 0.16109395609361563 
0.9315459861066111 0.03881286105879673 
0.11543337379205451 0.6617739990640831 
0.47607943138561504 0.31113202198376505 
0.719376198891393 0.15280343545532926 
0.9607443068132964 0.020484732116062665 
0.2884939573095688 0.46445707972993533 
0.4513700422729803 0.3334726597482807 
0.8668819295558075 0.06988765706215265 
0.002960041235272548 0.9473419786705575 
0.3063009052160872 0.44834602756066316 
0.7436059719053374 0.1388666079584559 
0.4730825877602448 0.31329645284011326 
0.573677008360572 0.2536226723544336 
0.32617297811854085 0.43009622713754275 
0.5405484654948514 0.26559116504530067 
0.5935517369867018 0.23123508497839732 
0.014368864703640294 0.8812778186346573 
0.995082809754271 0.006100174341510194 
0.0294379455636935 0.8297187278242107 
0.35544836519368134 0.4054495606560999 
0.45420256355141964 0.3272011094641754 
0.2945472882570508 0.4585352011244514 
0.6929705446278543 0.16840845828797626 
0.840136310500199 0.08431705250821933 
0.22906037563985798 0.5230622972992203 
0.6557391574254193 0.19804956079129732 
0.09728671078333292 0.6958196180703067 
0.20546969035841114 0.5479713608084232 
0.010417802530622942 0.8997468377155498 
0.026598930890891714 0.8393245134241297 
0.03535870580411654 0.814203005186842 
0.38927794197427373 0.3772703020316669 
0.6358786762708841 0.2039262089462417 
0.2165895951110346 0.5360824802751432 
0.02212843064906278 0.8528315021510022 
0.8657338196457838 0.07048948522527176 
0.14376034222184284 0.6223257386159263 
0.3436061538970165 0.4157497898494175 
0.07770610612641293 0.7227703853268466 
0.24030159864968315 0.5134199302915036 
0.33679120187047196 0.4208724370122271 
0.6405205652847713 0.20058581795520647 
0.08781992049903614 0.7048993101536792 
0.12415109240779751 0.6496280534129547 
0.15955936192016856 0.6028072770917926 
0.2452109749689126 0.5068442513953864 
0.6100321326079136 0.22058936327828077 
0.01778514461513582 0.8730541601157992 
0.9473961566228587 0.027476637992609503 
0.7881059758689863 0.11314717657890525 
0.13582724690792905 0.6329661955700984 
0.019625500225973258 0.8617210954992897 
0.2452109749689126 0.5068442513953864 
0.16080882558895523 0.6005088457789304 
0.12415109240779751 0.6496280534129547 
0.07040620818342352 0.736039443806977 
0.003571413556892833 0.9430908701209202 
0.010417802530622942 0.8997468377155498 
0.21467283883603766 0.5382333626130288 
0.6100321326079136 0.22058936327828077 
0.9473961566228587 0.027476637992609503 
0.31735392344208696 0.4375211470518151 
0.13582724690792905 0.6329661955700984 
0.7833924505315889 0.11575586893139775 
0.5935517369867018 0.23123508497839732 
0.31416786467957875 0.4405630275231373 
0.36144642335002136 0.3997744758651089 
0.8480827558430047 0.0803131561309847 
0.37036816887483015 0.39852081460555433 
0.08290553812160084 0.7133523567927961 
