0.999877117074013 9.195579375604602E-4 
1.0918400432629715E-10 1.0021365715777433 
0.6102451011745305 0.21998628215078125 
0.05655584922541951 0.7632616937570275 
0.4910717617682601 0.3005527630202703 
0.4601940577560931 0.32480872968906876 
0.4220214577744743 0.3515655912202998 
0.009153792670326441 0.9077541797374352 
0.5474215978006876 0.2612031145835574 
0.6423322003373593 0.2005216834637474 
0.5863302987902479 0.23575554219895736 
0.018895317479905194 0.8645809225041942 
0.2040695536516408 0.5499477741399302 
0.5279050981526734 0.2771306951693105 
0.6576609313038241 0.19108103195805856 
0.1775718657826113 0.5868123003435448 
0.890665378774518 0.058728088215132236 
0.08692065608560662 0.7141926812026017 
0.8301267138456246 0.0903983453148717 
0.09904607250417152 0.6911671893502909 
0.07104008828613809 0.7354706836490369 
0.6790929221651375 0.17740900398751716 
0.003367041434323318 0.9436646004510408 
0.281037569397778 0.47108569852407217 
0.38894439122857283 0.3796560606565454 
0.18871177965861868 0.5676899221351243 
0.38894439122857283 0.3796560606565454 
0.7941937621461992 0.1102919018034905 
0.21344816372734132 0.5390842345320377 
0.5650713168799878 0.2528680061312076 
0.34119166104369636 0.41749022921031576 
0.782226191365945 0.1169372491078345 
0.0727389859624199 0.7320473502103856 
0.8404644986547131 0.08483188593158288 
0.0011593670103393905 0.9675539102873227 
0.8539415071412849 0.07740492277135663 
0.26640058330313715 0.48941330335137223 
0.9812451582461554 0.010460183160832628 
0.04663558758915945 0.7859123151773288 
0.03291000531167866 0.8202127481276477 
0.11100105190692364 0.6694704398898634 
0.12315362648452854 0.650541698814913 
0.09040439459787161 0.7006103137389019 
0.8091634541518429 0.10118016494330075 
0.10974624105199404 0.6724942192555504 
0.3251333356907064 0.4319836170652334 
0.29232616434562353 0.46168125085704476 
0.27036342436378913 0.48180351408117505 
0.7125942042039195 0.15675543703371037 
0.9096344403186027 0.047164500939662846 
0.5015300991065417 0.2950763177189477 
0.13569727198416748 0.6336414559236181 
0.15402596273920582 0.6093167216155579 
0.6862890543002297 0.1731017017741401 
0.9464508790556521 0.03819654302354198 
0.6985635384927478 0.16554281885738778 
0.9169747655254463 0.044017086541843234 
0.18500861756717052 0.5713615691124336 
0.7704520056450666 0.12384741404148496 
0.005434901182890764 0.9284491045158544 
0.12480725941295327 0.6480812472638565 
0.16199617045869377 0.5996887183735283 
0.37324577760136946 0.3906375192868336 
0.8675460465947099 0.07577512487028283 
0.03966893966125842 0.8025404558148309 
0.9945979772168081 0.003758756628792334 
0.23837825328305867 0.5244136576992235 
0.5179349587341655 0.2842079480044762 
0.2519177764967562 0.499402499316896 
0.35114524630949207 0.40922569930460845 
0.2984707445048047 0.4550118136079734 
0.9708321091602332 0.01580610297960905 
0.5102518661658345 0.2874108350796021 
0.0232653323830666 0.859741674228774 
0.025118248193748777 0.842812400311298 
0.7257118969435028 0.1490006464597298 
0.5763555894855572 0.24432995796939633 
0.9631142778399429 0.019742766983380476 
0.306074525250894 0.4479933041718616 
0.8775129621598546 0.06466735162887073 
0.42449174465128436 0.3497383859937877 
0.6466650974276824 0.1971211152826498 
0.7472788882354513 0.1365653767330228 
0.7704520056450666 0.12384741404148496 
0.22333092670517873 0.5291814105369409 
0.037739636934482124 0.8081746439548146 
0.450150406693025 0.3304925826753322 
0.007095021262224055 0.9175546679046899 
0.43804918597535397 0.33907123504544917 
0.43652071475239734 0.3411187894413555 
0.8076429347676792 0.10225446863834597 
0.7257118969435028 0.1490006464597298 
0.04595298655066781 0.7881424423320157 
1.859249618801819E-5 0.9982304163375789 
0.9536539031755255 0.0246532372227331 
0.7059038468092966 0.16192102119142968 
0.028417252819981437 0.8342408871839777 
0.14094753254047665 0.6323128658349018 
0.9373634807217903 0.039692103266642347 
5.526105520005098E-4 0.9795874991327815 
