0.6595744259542851
0.6592582371917061
0.6598763410104157
0.6589985694079139
0.6596408991381755
0.6595067304840322
0.6597481525432904
0.6594386058906434
0.6595113581070563
0.6595839745132925
0.659803075609709
0.6599409495018664
0.6592286298114762
0.6598974898311465
0.6594266397200519
0.6596679146649849
0.6592229873696807
0.6598929189071118
0.6605057513991911
0.6591277823198383
0.6595799764814273
0.6591671819459088
0.6594826208859111
0.6599958080903857
0.659228512149599
0.6592612303545061
0.6604116563164675
0.6589840349154122
0.6597526914758279
0.6595351420063359
