0.020479798316955566
0.7952376573521178
0.018441319465637207
0.7947840660053771
0.7961086004215758
0.7953558533627074
0.014798998832702637
0.7950466244656127
0.018806099891662598
0.019644558429718018
0.7950374453503173
0.7949931590992492
0.7958327501255553
0.7948446839291137
0.7956668703991454
0.7947861521679442
0.7952396243053954
0.7959381311375182
0.016411542892456055
0.79549580506864
0.019085168838500977
0.016230523586273193
0.014609575271606445
0.7947890131908935
0.016694068908691406
0.01977825164794922
0.013979792594909668
0.016186386346817017
0.7951369851070922
0.7968883483845275
