6.747383158653975E-4 3.985933542251587 
2.000699281692505 8.79043189343065E-4 
1.914508581161499 0.7915942668914795 
1.3901636600494385 0.7957584857940674 
1.2912821769714355 1.5930595397949219 
0.8339582681655884 1.5940581560134888 
0.7358016967773438 2.39077091217041 
0.39215904474258423 2.3907878398895264 
0.10817572474479675 3.1813607215881348 
0.30358466506004333 3.179971933364868 
0.06993570178747177 3.4868030548095703 
0.06464497745037079 3.5660133361816406 
0.07644178718328476 3.3961684703826904 
1.9453459978103638 0.3625109791755676 
0.08026164770126343 3.3494362831115723 
1.3399072885513306 1.0164955854415894 
0.3403891921043396 2.714796304702759 
0.004857541993260384 3.895648956298828 
0.0875454992055893 3.2733547687530518 
0.04552597552537918 3.8548107147216797 
1.9391889572143555 0.4371238946914673 
1.3097953796386719 1.339163064956665 
0.3208248019218445 2.936453342437744 
0.37627485394477844 2.4196581840515137 
1.9290492534637451 0.5743706226348877 
0.7414120435714722 2.311842918395996 
0.04224986582994461 3.895183563232422 
1.96519136428833 0.16999530792236328 
0.3543506860733032 2.554698944091797 
1.3027710914611816 1.4312463998794556 
0.36409279704093933 2.4816935062408447 
1.3679149150848389 0.8400899767875671 
0.34629032015800476 2.6298153400421143 
1.9361860752105713 0.47838786244392395 
0.055676914751529694 3.7065982818603516 
0.05110093578696251 3.776996612548828 
0.32585686445236206 2.869450569152832 
0.3137143850326538 3.036410331726074 
1.330505609512329 1.1031577587127686 
0.058925189077854156 3.656818389892578 
1.3066015243530273 1.3798357248306274 
0.8068125247955322 1.6719565391540527 
0.3102628290653229 3.0863213539123535 
1.36234712600708 0.8648752570152283 
1.989295244216919 0.028625866398215294 
1.3536330461502075 0.9138263463973999 
0.0010498191695660353 3.9512360095977783 
1.3157272338867188 1.265581727027893 
0.7709899544715881 1.9440704584121704 
1.3437336683273315 0.9850366711616516 
1.9812780618667603 0.06331320852041245 
1.9247007369995117 0.6590885519981384 
1.9592405557632446 0.2221265584230423 
1.349747896194458 0.9401189088821411 
0.7955462336540222 1.727402925491333 
1.386223554611206 0.7973319888114929 
1.9711706638336182 0.1250305324792862 
0.36718669533729553 2.46334171295166 
0.7456429600715637 2.254894256591797 
1.9196605682373047 0.7112625241279602 
1.9252766370773315 0.6278185844421387 
0.7627632021903992 2.0362675189971924 
0.05228515341877937 3.759138584136963 
0.8147889375686646 1.6274003982543945 
0.7836187481880188 1.8208545446395874 
1.2988940477371216 1.4841586351394653 
0.7754904627799988 1.8973900079727173 
0.35172080993652344 2.577765464782715 
0.7574732303619385 2.099261999130249 
0.33398768305778503 2.7668869495391846 
1.9183892011642456 0.7284706234931946 
0.7794620394706726 1.8587452173233032 
0.09227576106786728 3.236447334289551 
1.321337342262268 1.2004318237304688 
0.7677717804908752 1.9793250560760498 
0.7434079051017761 2.283945322036743 
0.33559244871139526 2.7469332218170166 
0.7894123792648315 1.772475004196167 
0.3169880509376526 2.9917423725128174 
1.3193392753601074 1.223402500152588 
1.2977701425552368 1.49984610080719 
0.3177538216114044 2.9798364639282227 
0.34805527329444885 2.618886709213257 
0.09511248767375946 3.218641996383667 
0.3303582966327667 2.811392307281494 
1.950253963470459 0.3121587932109833 
1.9282844066619873 0.5847827792167664 
1.2947440147399902 1.5423774719238281 
0.8089360594749451 1.650557041168213 
0.7659444808959961 1.9994899034500122 
1.9534711837768555 0.2778792679309845 
0.3043006360530853 3.169001579284668 
0.7943310141563416 1.7365370988845825 
0.8244062066078186 1.6022213697433472 
1.9155362844467163 0.7748393416404724 
0.3279358744621277 2.842203140258789 
0.05865677073597908 3.6611921787261963 
1.324611783027649 1.1664191484451294 
1.975485920906067 0.09610623866319656 
0.7487815022468567 2.2125673294067383 
