1.389612078666687 0.7950631380081177 
1.0442364873597398E-4 3.9968481063842773 
1.2905988693237305 1.5933458805084229 
0.8329674005508423 1.5933783054351807 
0.7351090312004089 2.3897287845611572 
0.3914751410484314 2.3900983333587646 
0.3033553659915924 3.176766872406006 
0.10773655027151108 3.1807987689971924 
0.34075939655303955 2.6948044300079346 
0.05672090873122215 3.6795341968536377 
0.3338487446308136 2.760730266571045 
0.004621886648237705 3.8953375816345215 
0.3443247973918915 2.643824338912964 
1.3128855228424072 1.307150959968567 
0.7536381483078003 2.138578414916992 
0.7907925844192505 1.7559263706207275 
0.7587893605232239 2.0745468139648438 
0.8153523802757263 1.622354507446289 
0.7476303577423096 2.2165913581848145 
0.3772951066493988 2.4136505126953125 
0.0013319216668605804 3.924556016921997 
0.0613081268966198 3.6071267127990723 
0.743375301361084 2.2739436626434326 
0.7739286422729492 1.90533447265625 
1.3065054416656494 1.3720431327819824 
0.3254855275154114 2.8642988204956055 
0.7970134615898132 1.7122318744659424 
0.3690283000469208 2.4489123821258545 
1.337584137916565 1.03123140335083 
0.09052567929029465 3.244971752166748 
0.34956759214401245 2.5928730964660645 
0.06613584607839584 3.5321671962738037 
0.08540201187133789 3.288264036178589 
0.7509069442749023 2.176271915435791 
0.31502243876457214 3.0120770931243896 
0.04156523942947388 3.8949790000915527 
0.8061165809631348 1.6600351333618164 
1.3424626588821411 0.9888805747032166 
0.05108881741762161 3.76727294921875 
0.3073968291282654 3.121530055999756 
0.7647901773452759 2.005121946334839 
1.3257871866226196 1.1453138589859009 
0.09507382661104202 3.2155466079711914 
1.3301705121994019 1.1003731489181519 
0.7615508437156677 2.041217803955078 
0.32160571217536926 2.9172892570495605 
0.3119751513004303 3.0554440021514893 
1.374403715133667 0.8157181739807129 
0.7688963413238525 1.9584038257598877 
1.295162558555603 1.529507040977478 
1.3198941946029663 1.2089297771453857 
0.31003108620643616 3.0811736583709717 
0.07864516973495483 3.3595542907714844 
1.370606478303671E-4 3.9935622215270996 
0.7379611730575562 2.3696558475494385 
1.2923628091812134 1.567941665649414 
0.802322268486023 1.681048035621643 
0.7848188281059265 1.8036020994186401 
1.3160148859024048 1.2536832094192505 
1.3639297485351562 0.8534595966339111 
0.7402188181877136 2.32108736038208 
0.36474838852882385 2.4811065196990967 
0.06900814920663834 3.4919347763061523 
0.07602377235889435 3.3922555446624756 
0.31753009557724 2.9767937660217285 
0.30535152554512024 3.157701015472412 
0.10194305330514908 3.1873388290405273 
0.3521798551082611 2.567070484161377 
1.367936134338379 0.8370586633682251 
0.33224889636039734 2.8003504276275635 
1.3529002666473389 0.9229335188865662 
1.3010174036026 1.464224934577942 
0.32813507318496704 2.830108404159546 
0.06357572227716446 3.57182240486145 
1.3148212432861328 1.2693371772766113 
0.828291118144989 1.5957146883010864 
1.302748203277588 1.4387253522872925 
1.333823323249817 1.0643119812011719 
0.39116647839546204 2.390105724334717 
0.7678373456001282 1.9700151681900024 
0.05409060791134834 3.721397638320923 
1.3850046396255493 0.7969992756843567 
0.7772942781448364 1.8721857070922852 
0.7411993741989136 2.307361602783203 
0.05356626212596893 3.7280867099761963 
0.04302355647087097 3.878761053085327 
1.3575485944747925 0.8872107863426208 
1.3036564588546753 1.412336826324463 
0.08238039910793304 3.318397045135498 
0.35980224609375 2.505645990371704 
0.08135253936052322 3.329011917114258 
0.7804856300354004 1.8420971632003784 
0.048489708453416824 3.80372953414917 
0.7838137745857239 1.812259316444397 
1.358995795249939 0.886725664138794 
1.3226752281188965 1.1919937133789062 
0.31871649622917175 2.955641031265259 
0.35569438338279724 2.536978244781494 
0.07003165781497955 3.4743034839630127 
1.2970085144042969 1.501460075378418 
