1.1174836981808767E-4 3.9999141693115234 
1.38967764377594 0.7950659990310669 
0.833552896976471 1.5934053659439087 
1.2907943725585938 1.5889763832092285 
0.3913056552410126 2.3900747299194336 
0.7351880669593811 2.3888580799102783 
0.3033013939857483 3.1778950691223145 
0.1074092909693718 3.180668354034424 
0.3267495930194855 2.856086492538452 
0.334189772605896 2.755192995071411 
0.3222949504852295 2.9090678691864014 
0.3163708746433258 2.987959623336792 
1.318634271621704 1.224267601966858 
0.7956185936927795 1.721472978591919 
1.312544345855713 1.2980468273162842 
1.364489197731018 0.8508471250534058 
0.35855868458747864 2.5197818279266357 
1.3719784021377563 0.8230391144752502 
0.7875754237174988 1.7809782028198242 
0.041490182280540466 3.8950228691101074 
0.38259562849998474 2.3994028568267822 
0.3523849844932556 2.5667593479156494 
0.004431483801454306 3.895214319229126 
0.3420446813106537 2.669050455093384 
1.3072701692581177 1.3646091222763062 
1.3550503253936768 0.9001004099845886 
0.3695913255214691 2.4452435970306396 
0.06318775564432144 3.579996109008789 
0.8031677603721619 1.6759929656982422 
1.3434455394744873 0.9832146167755127 
0.7523347735404968 2.155324697494507 
0.7684676051139832 1.9650745391845703 
1.2979122400283813 1.489778995513916 
0.346052885055542 2.624638319015503 
0.36391425132751465 2.477820634841919 
0.06518944352865219 3.5471692085266113 
0.06307322531938553 3.6308722496032715 
0.8167881965637207 1.6186317205429077 
0.07340697199106216 3.428685426712036 
0.7435396313667297 2.2739195823669434 
0.7406635880470276 2.3115439414978027 
0.8130331635475159 1.6312730312347412 
0.34861037135124207 2.6016249656677246 
0.08514241129159927 3.2893176078796387 
1.3336656093597412 1.0658529996871948 
0.06768213957548141 3.5092663764953613 
1.3282943964004517 1.1203166246414185 
1.3892911672592163 0.7950746417045593 
1.3035929203033447 1.412726879119873 
0.07477103173732758 3.4110107421875 
0.7387990355491638 2.3374557495117188 
0.06979924440383911 3.478137254714966 
0.7784867882728577 1.8628034591674805 
1.3390069007873535 1.0199916362762451 
0.7456369996070862 2.2453701496124268 
1.2926733493804932 1.5620741844177246 
0.31185904145240784 3.0541815757751465 
0.08157685399055481 3.325739622116089 
0.056994181126356125 3.6788084506988525 
0.05520671233534813 3.705263376235962 
0.33757296204566956 2.7156834602355957 
0.04763036221265793 3.8163130283355713 
0.800667941570282 1.6908199787139893 
5.114152445457876E-4 3.95135760307312 
0.7654963731765747 1.9963767528533936 
0.772047758102417 1.9271166324615479 
0.05864499509334564 3.649399757385254 
1.3487643003463745 0.9425431489944458 
0.7496544122695923 2.1985867023468018 
1.3247989416122437 1.1544554233551025 
0.7366042137145996 2.3691396713256836 
0.7619621157646179 2.037029981613159 
0.08889943361282349 3.2557942867279053 
1.3212436437606812 1.194081425666809 
0.30899879336357117 3.0931403636932373 
1.3340282440185547 1.0621795654296875 
0.3141978979110718 3.021155834197998 
0.7577995657920837 2.088484764099121 
0.33872750401496887 2.7025771141052246 
0.7752755880355835 1.8931089639663696 
0.078013576567173 3.3670296669006348 
1.3005874156951904 1.4521459341049194 
0.09471240639686584 3.2161176204681396 
0.09060575813055038 3.243058443069458 
0.0022625650744885206 3.90554141998291 
0.048749230802059174 3.8000144958496094 
0.07770708203315735 3.3712046146392822 
0.784461259841919 1.8086119890213013 
0.3064568042755127 3.13385272026062 
7.746018236503005E-4 3.938778877258301 
1.29547917842865 1.5245168209075928 
0.7638261914253235 2.0170233249664307 
1.3524175882339478 0.9167298674583435 
0.05334288999438286 3.733898639678955 
0.045048948377370834 3.854404926300049 
1.3230946063995361 1.175855278968811 
1.339951515197754 1.009642243385315 
0.30822959542274475 3.1042423248291016 
0.3672976493835449 2.4574971199035645 
0.043357059359550476 3.875218391418457 
