1.3907544612884521 0.7962151169776917 
0.0014649610966444016 3.999087333679199 
1.3907544612884521 0.7962151169776917 
1.2919235229492188 1.5899910926818848 
0.8340247869491577 1.5944386720657349 
0.3934822976589203 2.3915553092956543 
0.7363423705101013 2.3883132934570312 
0.3046872019767761 3.1771013736724854 
0.10863527655601501 3.1817681789398193 
0.04297180473804474 3.8920483589172363 
0.31226179003715515 3.06402850151062 
0.7647658586502075 2.0187759399414062 
0.0938527062535286 3.234020709991455 
0.7676159143447876 1.984749436378479 
0.061793457716703415 3.6228396892547607 
1.3402636051177979 1.0245038270950317 
0.33235394954681396 2.7903621196746826 
0.06513901799917221 3.57076358795166 
0.08660086989402771 3.2901883125305176 
0.36437684297561646 2.4895384311676025 
0.3281000256538391 2.851769208908081 
0.7864850759506226 1.8050733804702759 
0.3159673511981964 3.0139966011047363 
1.364919662475586 0.8557870984077454 
0.7735192179679871 1.9212920665740967 
0.05870802327990532 3.665215253829956 
1.3289685249328613 1.1225618124008179 
0.7594640851020813 2.08667254447937 
0.04660424590110779 3.850048303604126 
1.3449314832687378 0.9823394417762756 
0.35978445410728455 2.517616033554077 
1.2941728830337524 1.5667952299118042 
0.005514627322554588 3.896253824234009 
1.316521406173706 1.2654569149017334 
0.07246623188257217 3.4592978954315186 
0.3093355894088745 3.121182918548584 
0.31854140758514404 2.9762954711914062 
0.06806664168834686 3.5298023223876953 
0.0015076939016580582 3.9542999267578125 
1.297389268875122 1.5104676485061646 
0.7903295755386353 1.7682489156723022 
0.781183660030365 1.8500430583953857 
1.3123282194137573 1.3165192604064941 
0.35457298159599304 2.5593793392181396 
0.7477109432220459 2.233203411102295 
1.3053998947143555 1.403192162513733 
0.7443443536758423 2.276309013366699 
0.07000797241926193 3.4942104816436768 
0.37200459837913513 2.44089937210083 
0.7499936819076538 2.2048869132995605 
1.3089057207107544 1.3547898530960083 
1.3736577033996582 0.8225882053375244 
0.07554273307323456 3.4179961681365967 
0.8046388030052185 1.6776769161224365 
1.3014400005340576 1.4642856121063232 
0.05233791843056679 3.763953447341919 
1.352150559425354 0.9315186738967896 
0.7530210018157959 2.165771484375 
0.05588001757860184 3.7092788219451904 
0.7405017018318176 2.340113639831543 
0.7423570156097412 2.303321123123169 
1.3040673732757568 1.4269219636917114 
1.3349354267120361 1.0681169033050537 
0.7946216464042664 1.73799467086792 
1.3491541147232056 0.9493761658668518 
0.8153513073921204 1.6268500089645386 
0.07745163887739182 3.39322829246521 
0.3070108890533447 3.1408567428588867 
0.34976819157600403 2.604102373123169 
0.7788589000701904 1.8726321458816528 
1.326948642730713 1.1491093635559082 
0.04944239556789398 3.8099443912506104 
0.05500142648816109 3.729907989501953 
0.3420131802558899 2.680973529815674 
1.3226641416549683 1.201888084411621 
0.7754539251327515 1.9016921520233154 
0.38187476992607117 2.4038548469543457 
0.09932038187980652 3.2004799842834473 
0.3260903060436249 2.879967212677002 
0.7379788756370544 2.366281032562256 
1.3575867414474487 0.8925385475158691 
0.798991858959198 1.710076928138733 
1.3350571393966675 1.0678397417068481 
0.3520125150680542 2.5842552185058594 
1.2991509437561035 1.4922889471054077 
0.8241205811500549 1.6036348342895508 
0.7586731314659119 2.102736234664917 
0.32161158323287964 2.9383294582366943 
1.358338475227356 0.8884890675544739 
0.0031675822101533413 3.9160773754119873 
0.05086779594421387 3.796844244003296 
0.3447146713733673 2.6570560932159424 
0.8086442947387695 1.6555476188659668 
1.3194090127944946 1.2330127954483032 
0.7552506923675537 2.131880760192871 
1.3109086751937866 1.3372273445129395 
0.37499716877937317 2.430443525314331 
0.07977153360843658 3.360440731048584 
0.08331795036792755 3.323615074157715 
0.8115869164466858 1.6421834230422974 
