4.58132300991565E-4 3.9976749420166016 
1.3898669481277466 0.7954139709472656 
0.833426296710968 1.5937979221343994 
1.290917992591858 1.5931719541549683 
0.39189213514328003 2.390564441680908 
0.7357653379440308 2.389784336090088 
0.3034648299217224 3.179553508758545 
0.1073453426361084 3.1810669898986816 
0.004628782160580158 3.8955531120300293 
1.3121699094772339 1.3066236972808838 
0.36912140250205994 2.450730800628662 
1.3260334730148315 1.1492030620574951 
0.3170301914215088 2.9860951900482178 
0.37950146198272705 2.4087600708007812 
0.3608783781528473 2.5005695819854736 
0.3088184893131256 3.101332664489746 
1.3649219274520874 0.8537688255310059 
0.764997661113739 2.008108139038086 
0.04203909635543823 3.8949406147003174 
0.06620409339666367 3.5364019870758057 
0.7886120676994324 1.7756179571151733 
0.3568843603134155 2.5307931900024414 
1.3070207834243774 1.3699339628219604 
1.3166521787643433 1.2514622211456299 
0.32611915469169617 2.8608906269073486 
0.05428807809948921 3.7227835655212402 
0.05642252415418625 3.6922669410705566 
0.7692247629165649 1.960496425628662 
1.331405758857727 1.091187596321106 
1.3443371057510376 0.9772144556045532 
0.7582396268844604 2.085913896560669 
1.3028405904769897 1.4295769929885864 
1.2930121421813965 1.5652062892913818 
0.3216935396194458 2.9199161529541016 
1.299928903579712 1.4671729803085327 
0.7369076609611511 2.3741350173950195 
0.7834043502807617 1.8231362104415894 
0.3147277235984802 3.018911123275757 
0.33753401041030884 2.734325408935547 
0.7535392642021179 2.144953966140747 
0.7463893890380859 2.2390785217285156 
0.3117969036102295 3.058835029602051 
0.3399299383163452 2.693714141845703 
1.3223717212677002 1.1869823932647705 
1.3393384218215942 1.0181387662887573 
0.33129075169563293 2.795191526412964 
0.3284771144390106 2.8303914070129395 
1.355159878730774 0.9024997353553772 
0.333879679441452 2.763453483581543 
0.8165463209152222 1.620431661605835 
0.0699315220117569 3.4812984466552734 
0.7491682171821594 2.2016751766204834 
0.088542640209198 3.27060604095459 
0.10054323822259903 3.1932952404022217 
0.7546695470809937 2.1318089962005615 
1.336910367012024 1.0397487878799438 
1.3056179285049438 1.3916295766830444 
0.3223282992839813 2.9109086990356445 
0.3512006103992462 2.5787193775177 
0.08504808694124222 3.293731212615967 
0.048688821494579315 3.81876540184021 
1.3772178888320923 0.8097941875457764 
0.08129683136940002 3.332658529281616 
0.0594857819378376 3.640946626663208 
1.29625403881073 1.5172059535980225 
0.09391509741544724 3.2229199409484863 
1.3334757089614868 1.0742751359939575 
0.7928975224494934 1.7431875467300415 
0.8106415867805481 1.6420743465423584 
0.7409781217575073 2.3157949447631836 
0.06293945014476776 3.5875649452209473 
9.154691942967474E-4 3.9477360248565674 
0.05117994546890259 3.7748007774353027 
0.7822502255439758 1.8469152450561523 
0.7779171466827393 1.8713107109069824 
0.0917963981628418 3.237955093383789 
0.06405236572027206 3.571192979812622 
0.7616387605667114 2.0469253063201904 
0.07740072160959244 3.379473924636841 
0.7435855269432068 2.276801109313965 
0.0466759130358696 3.834707736968994 
0.0722665786743164 3.4506359100341797 
0.7718772292137146 1.9318268299102783 
0.7757447957992554 1.8921916484832764 
0.04435491934418678 3.8650431632995605 
0.060629356652498245 3.6256351470947266 
0.35056257247924805 2.585340976715088 
0.34948787093162537 2.627269983291626 
1.3517930507659912 0.9232765436172485 
9.027323685586452E-4 3.9483861923217773 
0.051062457263469696 3.776726484298706 
0.8052722215652466 1.667158842086792 
0.30973976850509644 3.0897083282470703 
1.2972831726074219 1.503912091255188 
0.3483995795249939 2.6322243213653564 
0.7734501957893372 1.9154930114746094 
0.7994008660316467 1.7111226320266724 
0.08229006826877594 3.324847459793091 
0.7955541014671326 1.727571964263916 
1.3196868896484375 1.2150901556015015 
