0.0010946982074528933 3.9937305450439453 
2.0009894371032715 0.0012795792426913977 
2.0009894371032715 0.0012795792426913977 
1.3913922309875488 0.7960928082466125 
1.914763331413269 0.7945294976234436 
1.2917424440383911 1.5914044380187988 
0.834327757358551 1.594391942024231 
0.7361279129981995 2.3905539512634277 
0.3929804563522339 2.391097068786621 
0.3039141297340393 3.1803746223449707 
0.1084834411740303 3.1816649436950684 
0.04765923321247101 3.8285000324249268 
0.04321007430553436 3.888331890106201 
1.9249261617660522 0.6397600769996643 
1.343929648399353 0.9861134886741638 
0.07519424706697464 3.419008731842041 
0.34558138251304626 2.6404550075531006 
1.967076301574707 0.16004511713981628 
0.7700982093811035 1.9578336477279663 
1.3355048894882202 1.060920238494873 
0.3074190616607666 3.1291866302490234 
0.3384842574596405 2.717045783996582 
0.06918919831514359 3.501152992248535 
0.7625821828842163 2.042081832885742 
1.9308191537857056 0.5575032830238342 
0.054255831986665726 3.734466075897217 
0.005380036309361458 3.896200180053711 
1.2952265739440918 1.5403556823730469 
0.7428433895111084 2.2975971698760986 
1.937464952468872 0.46735960245132446 
0.3310312032699585 2.805269718170166 
1.972348928451538 0.11963771283626556 
1.306885838508606 1.3830270767211914 
0.782500684261322 1.8339312076568604 
1.3118976354599 1.3204339742660522 
1.9325202703475952 0.5312217473983765 
0.33581796288490295 2.748187303543091 
0.7778372764587402 1.87760329246521 
0.08422606438398361 3.3092007637023926 
1.949986457824707 0.3176504075527191 
1.3162461519241333 1.2655922174453735 
1.3673064708709717 0.8442752957344055 
0.08841065317392349 3.2686986923217773 
1.979367733001709 0.07559078931808472 
0.3117274045944214 3.0655734539031982 
0.34952619671821594 2.602691411972046 
1.9539916515350342 0.27788442373275757 
0.09386181831359863 3.229097366333008 
1.9588788747787476 0.22876903414726257 
0.3220280110836029 2.9265899658203125 
1.3045130968093872 1.4135310649871826 
1.939870834350586 0.43529874086380005 
0.7874006032943726 1.7902835607528687 
0.37764716148376465 2.429018020629883 
0.3682849705219269 2.4591481685638428 
0.059018779546022415 3.6582958698272705 
0.3247191607952118 2.887800931930542 
0.8052752614021301 1.6714898347854614 
0.06402985006570816 3.583209753036499 
1.2988691329956055 1.487857699394226 
0.05505584552884102 3.7220802307128906 
1.3007311820983887 1.4646294116973877 
0.7605377435684204 2.0657715797424316 
0.06017526239156723 3.6413354873657227 
1.918425440788269 0.7396161556243896 
0.8194693922996521 1.6140481233596802 
0.08024293929338455 3.3537206649780273 
1.3211547136306763 1.207442283630371 
1.9865909814834595 0.04376659542322159 
1.3495248556137085 0.9454455971717834 
0.3562145531177521 2.564135789871216 
0.07833082228899002 3.3786725997924805 
0.31822556257247925 2.97979998588562 
0.7384078502655029 2.3586552143096924 
0.7488495111465454 2.2147250175476074 
0.8008540868759155 1.7070155143737793 
0.3138810396194458 3.034803628921509 
0.3841017186641693 2.3988842964172363 
0.0021044069435447454 3.933738946914673 
0.1004083976149559 3.1964173316955566 
1.3249773979187012 1.1647779941558838 
1.946079134941101 0.3627651035785675 
1.3321810960769653 1.0947500467300415 
0.36300280690193176 2.4909636974334717 
0.7550638318061829 2.1805758476257324 
0.7960309386253357 1.7261221408843994 
1.313949465751648 1.2934123277664185 
0.7565861344337463 2.1153171062469482 
0.7558121681213379 2.1262142658233643 
1.9150378704071045 0.7873409986495972 
0.3187601566314697 2.9703054428100586 
1.3270409107208252 1.1432772874832153 
0.7739792466163635 1.9184306859970093 
1.9214812517166138 0.6894716024398804 
1.9581423997879028 0.23696742951869965 
1.3301382064819336 1.1151771545410156 
0.35662809014320374 2.5412118434906006 
1.9439096450805664 0.3873145282268524 
0.06515298783779144 3.563629150390625 
0.7456402778625488 2.255736827850342 
