7.319566793739796E-4 3.9949002265930176 
1.3915077447891235 0.7957727909088135 
7.319566793739796E-4 3.9949002265930176 
1.291455864906311 1.5909016132354736 
0.8338178396224976 1.594153881072998 
0.7361181974411011 2.3885536193847656 
0.39250797033309937 2.3908004760742188 
0.10813749581575394 3.1813032627105713 
0.30373165011405945 3.1793248653411865 
0.3533681631088257 2.563418388366699 
0.7859212756156921 1.8042173385620117 
0.36484941840171814 2.4767444133758545 
0.042200662195682526 3.8954405784606934 
0.07190860062837601 3.4620885848999023 
0.796149730682373 1.7228507995605469 
0.07615645229816437 3.39993953704834 
0.3301357626914978 2.8142712116241455 
0.7689074277877808 1.9662214517593384 
1.2969167232513428 1.51141357421875 
0.3441956639289856 2.6508355140686035 
1.344173550605774 0.9819374680519104 
0.005110388156026602 3.8959100246429443 
0.06095642223954201 3.623162269592285 
0.06356068700551987 3.582958221435547 
0.31470608711242676 3.0217456817626953 
1.3092368841171265 1.3495291471481323 
1.3641483783721924 0.8565953373908997 
0.0895603746175766 3.258693218231201 
0.07903797924518585 3.3637475967407227 
0.06634162366390228 3.5413978099823 
0.06901831924915314 3.503272294998169 
1.3199375867843628 1.2197057008743286 
1.3234485387802124 1.1818492412567139 
1.316325306892395 1.257379412651062 
1.3499274253845215 0.9391027092933655 
0.8048797249794006 1.6704251766204834 
0.31734132766723633 2.984656810760498 
0.3407422602176666 2.6911661624908447 
0.7567611932754517 2.107456684112549 
0.7639390826225281 2.0226035118103027 
0.3227299153804779 2.9118101596832275 
0.32013851404190063 2.9461944103240967 
0.057023145258426666 3.6852378845214844 
0.31166595220565796 3.065157413482666 
0.08259323984384537 3.3223066329956055 
1.3717459440231323 0.8279395699501038 
0.7514875531196594 2.175930976867676 
0.09449385106563568 3.222146511077881 
1.3289235830307007 1.1195517778396606 
0.7538763284683228 2.1446471214294434 
1.301851749420166 1.4473459720611572 
0.04803529381752014 3.8204288482666016 
0.0854095071554184 3.2938220500946045 
1.3791687488555908 0.8068313598632812 
0.33343565464019775 2.772671937942505 
0.7812444567680359 1.8418800830841064 
0.05363473296165466 3.7392141819000244 
0.8152764439582825 1.6254043579101562 
1.3265612125396729 1.1449812650680542 
0.7386220693588257 2.3500373363494873 
0.09946495294570923 3.1984338760375977 
1.3044971227645874 1.4080382585525513 
0.060129314661026 3.669231653213501 
1.306267261505127 1.3861751556396484 
0.3257807493209839 2.8689863681793213 
0.8212068676948547 1.6082355976104736 
1.333111047744751 1.077646017074585 
1.3344472646713257 1.0649800300598145 
1.3122807741165161 1.3069912195205688 
0.7452661991119385 2.2581217288970947 
0.30570200085639954 3.1526126861572266 
1.2996397018432617 1.4771053791046143 
0.34895285964012146 2.6065306663513184 
0.3375914394855499 2.7236788272857666 
1.3578978776931763 0.8887178301811218 
1.313334584236145 1.293587565422058 
1.3390368223190308 1.0242902040481567 
0.7417867183685303 2.304246187210083 
0.7727490067481995 1.9293553829193115 
0.3075959384441376 3.1240432262420654 
0.37144243717193604 2.4409663677215576 
1.3535916805267334 0.914636492729187 
0.7626575827598572 2.038518190383911 
1.3396413326263428 1.0182007551193237 
0.3492562174797058 2.60017466545105 
0.7404161691665649 2.3248608112335205 
0.0017455215565860271 3.928443193435669 
0.05053524672985077 3.78523588180542 
0.7747493982315063 1.9048658609390259 
0.04557809606194496 3.8535208702087402 
0.38149088621139526 2.4039649963378906 
0.3256968557834625 2.873142957687378 
0.04490064084529877 3.864818811416626 
0.7482928037643433 2.217573404312134 
0.7483962774276733 2.216097831726074 
0.7776097655296326 1.876314401626587 
0.8023045659065247 1.6845104694366455 
0.3778107762336731 2.414262056350708 
0.7600163221359253 2.0715463161468506 
0.3096424639225006 3.0947353839874268 
