2.001781463623047 0.0019497349858283997 
0.0013605800922960043 3.989104986190796 
1.3908522129058838 0.7962836027145386 
1.9148777723312378 0.7956821918487549 
0.8348803520202637 1.594720721244812 
1.2918498516082764 1.5945090055465698 
0.7362776398658752 2.390289783477783 
0.3925805985927582 2.3914313316345215 
0.30481967329978943 3.173992872238159 
0.10875386744737625 3.1818416118621826 
1.9659459590911865 0.1696888655424118 
0.7656167149543762 2.010201930999756 
0.09268117696046829 3.2393016815185547 
1.981105089187622 0.06808970868587494 
0.7747461199760437 1.91292142868042 
0.3089290261268616 3.115565061569214 
1.3072792291641235 1.3790593147277832 
0.31425005197525024 3.046795606613159 
0.7412388324737549 2.3200671672821045 
1.3126460313796997 1.3104146718978882 
0.7980497479438782 1.7193725109100342 
1.9193803071975708 0.7254067063331604 
0.7897918224334717 1.7744697332382202 
1.94447922706604 0.38392341136932373 
1.3212122917175293 1.213769555091858 
1.9527236223220825 0.29031774401664734 
0.32544413208961487 2.8826653957366943 
0.31870079040527344 2.9836180210113525 
0.7871423959732056 1.8268506526947021 
0.7466617226600647 2.247804641723633 
1.3175586462020874 1.2626911401748657 
1.2980555295944214 1.5022857189178467 
0.34453240036964417 2.654341459274292 
0.8199769854545593 1.616445779800415 
0.7801393866539001 1.8743666410446167 
0.3670801520347595 2.473249912261963 
0.33732134103775024 2.7421274185180664 
0.755359947681427 2.1331350803375244 
0.054343994706869125 3.7356104850769043 
1.3340359926223755 1.074432611465454 
0.04317601025104523 3.8918166160583496 
0.08447897434234619 3.320608377456665 
1.3651024103164673 0.854974627494812 
0.33175310492515564 2.8009908199310303 
0.3410174250602722 2.6918575763702393 
0.005573359318077564 3.896498680114746 
1.988089919090271 0.047117915004491806 
0.05832519009709358 3.675398111343384 
0.05993933230638504 3.6483654975891113 
1.295802116394043 1.5374550819396973 
0.32609036564826965 2.876028299331665 
0.07927370816469193 3.3700060844421387 
1.3298888206481934 1.1256566047668457 
1.3600513935089111 0.8950572609901428 
0.04790989309549332 3.831416130065918 
1.3526721000671387 0.9240909218788147 
1.3476765155792236 0.9630662202835083 
0.0638551115989685 3.5901939868927 
1.9592667818069458 0.22707487642765045 
0.7627807259559631 2.0641002655029297 
0.3718014061450958 2.442187786102295 
0.3586065173149109 2.526285409927368 
0.10368822515010834 3.1872923374176025 
0.8062448501586914 1.6722400188446045 
0.7592127323150635 2.088249683380127 
0.8088007569313049 1.6539981365203857 
0.07629405707120895 3.4067649841308594 
0.3834824562072754 2.415226697921753 
1.3749972581863403 0.8188944458961487 
1.3429062366485596 0.9971877336502075 
0.0018536037532612681 3.9642457962036133 
0.7380181550979614 2.3688151836395264 
1.9150954484939575 0.792228639125824 
1.9292858839035034 0.5785976648330688 
1.3028713464736938 1.4382870197296143 
1.9341329336166382 0.5140588283538818 
1.938786268234253 0.4554881155490875 
0.0031393631361424923 3.912428379058838 
1.9306919574737549 0.5618370175361633 
1.9997202157974243 0.0050384108908474445 
0.3182453513145447 2.9898152351379395 
0.7515987157821655 2.1822164058685303 
0.07098457962274551 3.481097936630249 
1.3261874914169312 1.1539000272750854 
1.9606798887252808 0.2148505449295044 
0.3335948586463928 2.786621570587158 
0.35086798667907715 2.598412036895752 
0.051850996911525726 3.77298641204834 
1.3031386137008667 1.436151385307312 
1.9491254091262817 0.3305850028991699 
0.3523930311203003 2.5776965618133545 
1.2923831939697266 1.5857571363449097 
0.3565986454486847 2.54276967048645 
1.9481452703475952 0.3478754162788391 
0.08382020145654678 3.327751398086548 
1.9228185415267944 0.6751590967178345 
1.338919758796692 1.0360350608825684 
1.9257680177688599 0.6301606893539429 
0.06878762692213058 3.5144667625427246 
0.07517726719379425 3.4430909156799316 
