2.000641345977783 0.0032517528161406517 
0.0014833301538601518 3.9977223873138428 
1.3907256126403809 0.7965836524963379 
1.9163204431533813 0.7833885550498962 
1.292265772819519 1.592849612236023 
0.8338992595672607 1.5951268672943115 
0.737341046333313 2.388335943222046 
0.3930954337120056 2.3916800022125244 
0.10911492258310318 3.1820898056030273 
0.3049143850803375 3.181342363357544 
0.0429331436753273 3.895754337310791 
0.07168225944042206 3.481428623199463 
1.350072979927063 0.9449256658554077 
0.3172551393508911 3.0062737464904785 
1.977060317993164 0.09343818575143814 
0.04967779666185379 3.8085546493530273 
0.005620419979095459 3.8963897228240967 
0.3737892806529999 2.434023141860962 
1.2989808320999146 1.4959713220596313 
1.3399252891540527 1.0260207653045654 
0.3206876516342163 2.9514687061309814 
1.9281079769134521 0.6024194955825806 
1.9667649269104004 0.16605396568775177 
0.07604555785655975 3.412130832672119 
1.309422492980957 1.3564691543579102 
1.9225704669952393 0.6791632771492004 
0.06624563038349152 3.5591676235198975 
0.36130475997924805 2.5112557411193848 
0.34331855177879333 2.669191598892212 
0.3250131905078888 2.8921494483947754 
1.9391342401504517 0.4509577751159668 
1.2947344779968262 1.5570110082626343 
0.0018610745901241899 3.954885721206665 
0.7723345160484314 1.9367774724960327 
0.30741190910339355 3.139493703842163 
0.05494040995836258 3.731492042541504 
0.3488536477088928 2.6124298572540283 
1.9539833068847656 0.28702500462532043 
1.3561543226242065 0.9050818681716919 
0.7588847875595093 2.092451810836792 
1.9430652856826782 0.40205737948417664 
1.3052582740783691 1.4180878400802612 
0.31167852878570557 3.079700469970703 
0.741012692451477 2.3313703536987305 
0.79399174451828 1.7441694736480713 
1.920854926109314 0.7090065479278564 
0.7627780437469482 2.0462052822113037 
0.788743257522583 1.7900539636611938 
1.316867470741272 1.2623000144958496 
1.949944257736206 0.32411807775497437 
1.9305139780044556 0.5655393600463867 
0.7770898938179016 1.8899493217468262 
0.7429054975509644 2.302785634994507 
0.060635343194007874 3.651184558868408 
1.9465343952178955 0.3661606013774872 
1.3030376434326172 1.4413830041885376 
0.751585841178894 2.186718702316284 
0.8065413236618042 1.6675033569335938 
0.08401276171207428 3.320958137512207 
0.33559948205947876 2.7595152854919434 
0.769088089466095 1.978601098060608 
0.784766674041748 1.8209795951843262 
0.32916930317878723 2.852216958999634 
0.7802585959434509 1.8597772121429443 
0.3399566411972046 2.7111172676086426 
1.9174668788909912 0.7648997902870178 
1.9851540327072144 0.05066836625337601 
1.9587008953094482 0.24039514362812042 
0.7657831311225891 2.0105183124542236 
0.37922266125679016 2.4128849506378174 
0.0895790159702301 3.2648003101348877 
1.3216170072555542 1.208967685699463 
1.9996565580368042 0.004998191725462675 
1.3131548166275024 1.3098602294921875 
0.05216025561094284 3.7720775604248047 
0.35556164383888245 2.554325819015503 
0.7469596266746521 2.250805139541626 
1.3624838590621948 0.8686016201972961 
0.7477039694786072 2.2361960411071777 
0.3517805337905884 2.5845351219177246 
1.9342585802078247 0.5209570527076721 
1.3369488716125488 1.050318956375122 
0.8246707916259766 1.6046479940414429 
0.33087408542633057 2.816143274307251 
0.31082528829574585 3.090921401977539 
0.09589312225580215 3.2213985919952393 
0.08724562078714371 3.2839837074279785 
1.3323529958724976 1.0958791971206665 
0.09744996577501297 3.213042974472046 
1.9637925624847412 0.19227658212184906 
1.3768043518066406 0.8154641389846802 
1.366152286529541 0.8515181541442871 
0.06441348791122437 3.5863265991210938 
0.07971382141113281 3.372943878173828 
0.8009033203125 1.69817316532135 
1.9355409145355225 0.49766233563423157 
0.08080802857875824 3.3591485023498535 
0.7990772724151611 1.7142943143844604 
1.3237005472183228 1.1839258670806885 
1.9843415021896362 0.05554714798927307 
