1.3900619745254517 0.7955166101455688 
1.3900619745254517 0.7955166101455688 
5.557842087000608E-4 3.9962072372436523 
0.8333598375320435 1.5939452648162842 
1.2910562753677368 1.5923736095428467 
0.39206260442733765 2.3905506134033203 
0.7355762124061584 2.389775514602661 
0.3036821186542511 3.1800529956817627 
0.10779876261949539 3.1810801029205322 
1.302518606185913 1.43119215965271 
1.2974390983581543 1.5029605627059937 
0.806788444519043 1.6625151634216309 
0.7576557397842407 2.0942366123199463 
0.08016447722911835 3.3470354080200195 
0.7781621813774109 1.868731141090393 
0.7429367899894714 2.2890701293945312 
0.09354658424854279 3.2260141372680664 
0.7733857035636902 1.9204529523849487 
1.3071043491363525 1.3702389001846313 
0.31542208790779114 3.007686138153076 
0.7976192831993103 1.7116657495498657 
0.3119009733200073 3.0604357719421387 
0.04219993203878403 3.89261794090271 
1.3513081073760986 0.950839638710022 
1.3341213464736938 1.0685672760009766 
0.31886714696884155 2.9629366397857666 
0.08535607904195786 3.293473482131958 
0.35475340485572815 2.5489509105682373 
1.3099254369735718 1.334179401397705 
0.07663662731647491 3.392815589904785 
1.3785479068756104 0.8076961636543274 
0.061769966036081314 3.612036943435669 
0.06470529735088348 3.565901041030884 
0.8143508434295654 1.628590703010559 
0.06691957265138626 3.530078887939453 
1.3298033475875854 1.1107337474822998 
0.30894696712493896 3.1008620262145996 
0.004744275938719511 3.8956308364868164 
0.05255645513534546 3.751692771911621 
0.7932475805282593 1.7414772510528564 
0.3062373101711273 3.1402459144592285 
0.7885761260986328 1.7823219299316406 
0.04879823327064514 3.809133291244507 
1.3682503700256348 0.8395697474479675 
0.7691331505775452 1.9624948501586914 
1.3164254426956177 1.25629723072052 
1.3529225587844849 0.9166833162307739 
1.3426876068115234 0.9922372102737427 
0.3424275815486908 2.666719436645508 
0.07412952929735184 3.4277408123016357 
1.2933136224746704 1.5600401163101196 
0.056104909628629684 3.699601173400879 
0.06995110958814621 3.484717607498169 
1.3583317995071411 0.8852871656417847 
0.330361545085907 2.807753086090088 
0.1071121096611023 3.181224822998047 
0.3453381061553955 2.636345863342285 
1.3246098756790161 1.1636193990707397 
1.3379604816436768 1.0325477123260498 
0.0013577681966125965 3.933901309967041 
0.32147762179374695 2.9249839782714844 
0.7465518712997437 2.2370455265045166 
0.7828812003135681 1.824902892112732 
0.36957529187202454 2.450312852859497 
1.3630512952804565 0.8617135882377625 
0.3789826035499573 2.409681797027588 
0.33527740836143494 2.7523996829986572 
0.7531516551971436 2.1553378105163574 
0.33368629217147827 2.7666382789611816 
0.07158280909061432 3.461470127105713 
1.3207026720046997 1.2065805196762085 
1.3264977931976318 1.1441372632980347 
0.324424147605896 2.885080337524414 
0.7503025531768799 2.189558267593384 
0.7647585272789001 2.0117993354797363 
0.7383118271827698 2.3510069847106934 
0.32752835750579834 2.843747615814209 
0.7455399632453918 2.2508652210235596 
0.05424702912569046 3.7295713424682617 
0.058602266013622284 3.659721851348877 
1.3199440240859985 1.217867136001587 
0.7663976550102234 1.9932570457458496 
0.3385930359363556 2.7111449241638184 
0.7610220909118652 2.0533015727996826 
0.348522424697876 2.604936361312866 
0.08951666951179504 3.2563037872314453 
1.3136175870895386 1.2904318571090698 
0.7844275236129761 1.8115493059158325 
0.05946675315499306 3.6477560997009277 
0.33933883905410767 2.702864408493042 
7.684318698011339E-4 3.965705394744873 
0.8225823044776917 1.6053493022918701 
1.3407682180404663 1.0081791877746582 
0.3503401577472687 2.589399576187134 
0.764580249786377 2.051539421081543 
0.3803311586380005 2.4073610305786133 
0.04733747988939285 3.829799175262451 
0.08785466849803925 3.2686898708343506 
0.3239614963531494 2.8991763591766357 
0.0039145322516560555 3.8972599506378174 
