8.977064862847328E-4 3.9973363876342773 
1.3908859491348267 0.7959438562393188 
1.2916367053985596 1.591733455657959 
0.833543598651886 1.5940642356872559 
0.7359495759010315 2.389693021774292 
0.39293670654296875 2.390935182571411 
0.10812235623598099 3.181314706802368 
0.3040516972541809 3.17798113822937 
0.7582983374595642 2.0929973125457764 
1.3357294797897339 1.0530238151550293 
1.2983111143112183 1.4968516826629639 
0.33380305767059326 2.7736012935638428 
0.7659862637519836 2.001929759979248 
1.3465793132781982 0.9647718667984009 
0.3110036849975586 3.0753049850463867 
0.32736921310424805 2.8543996810913086 
0.3218364417552948 2.928553342819214 
0.05336194485425949 3.7491602897644043 
0.3144516050815582 3.0272610187530518 
0.04709319770336151 3.8397176265716553 
0.056520719081163406 3.69297194480896 
0.0698375403881073 3.4901037216186523 
0.07579340040683746 3.405792713165283 
0.04238082095980644 3.893209457397461 
0.3395548164844513 2.70367169380188 
0.005459831096231937 3.896260976791382 
0.07218970358371735 3.4535715579986572 
0.36746835708618164 2.4614927768707275 
0.32946011424064636 2.8270812034606934 
0.3072356581687927 3.130744218826294 
0.7942264676094055 1.7387384176254272 
0.35103845596313477 2.5856637954711914 
0.7996442317962646 1.7041410207748413 
1.317456841468811 1.2463535070419312 
1.3207693099975586 1.206931233406067 
0.828285276889801 1.597391963005066 
1.3557811975479126 0.9017460942268372 
1.314626932144165 1.2810059785842896 
0.7862869501113892 1.8317381143569946 
1.3328790664672852 1.0821269750595093 
1.3114813566207886 1.3171603679656982 
0.7791733145713806 1.8646821975708008 
0.7380814552307129 2.3579630851745605 
0.09854583442211151 3.205803394317627 
0.3609479069709778 2.502544641494751 
0.8130961060523987 1.6338505744934082 
0.7518608570098877 2.172476291656494 
1.328796148300171 1.1201369762420654 
0.7900455594062805 1.7741172313690186 
0.7464475631713867 2.244406223297119 
0.31824788451194763 2.978149890899658 
0.3849087953567505 2.397784471511841 
0.0019317048136144876 3.9416873455047607 
1.3239805698394775 1.173943042755127 
0.06581602245569229 3.5474960803985596 
0.7409955263137817 2.3199586868286133 
0.343416303396225 2.6619250774383545 
0.8047167062759399 1.6743454933166504 
0.0935148075222969 3.228576421737671 
1.352423071861267 0.9263361096382141 
0.3542919158935547 2.5550553798675537 
0.7871255278587341 1.7988827228546143 
0.062375541776418686 3.601677417755127 
0.05372919887304306 3.7403104305267334 
0.08973735570907593 3.256303548812866 
0.05989093333482742 3.643177032470703 
1.3628910779953003 0.8645370602607727 
0.3750830292701721 2.4251062870025635 
1.3638322353363037 0.8574540019035339 
0.06540407985448837 3.554231882095337 
0.749476969242096 2.203876256942749 
0.7707412242889404 1.9462244510650635 
1.3723782300949097 0.8242085576057434 
0.7432149648666382 2.28937029838562 
0.08332663774490356 3.3172082901000977 
1.377719759941101 0.809727132320404 
1.3065481185913086 1.3811486959457397 
1.3041938543319702 1.4126023054122925 
1.309019923210144 1.350878119468689 
0.30539488792419434 3.1561601161956787 
0.07910937070846558 3.3621368408203125 
0.7764837741851807 1.89057195186615 
0.7546620965003967 2.138465404510498 
0.37311574816703796 2.4328722953796387 
0.8085523247718811 1.6524147987365723 
0.3469453752040863 2.6281094551086426 
1.3482191562652588 0.9523783922195435 
0.08102858066558838 3.3416621685028076 
0.34075263142585754 2.6883606910705566 
1.30030357837677 1.4639716148376465 
1.3031492233276367 1.4299821853637695 
0.7479718327522278 2.2244672775268555 
0.7736305594444275 1.9209038019180298 
1.387925148010254 0.7964813709259033 
0.3575102984905243 2.5326974391937256 
0.0024022613652050495 3.925992250442505 
0.04410618543624878 3.878049612045288 
0.061925604939460754 3.610598564147949 
0.3464994728565216 2.6283109188079834 
1.3011062145233154 1.4542986154556274 
