2.00154447555542 0.0019952976144850254 
0.001305564772337675 3.991373300552368 
1.3903242349624634 0.7960600256919861 
1.9147429466247559 0.795635998249054 
1.291592001914978 1.5941194295883179 
0.8339643478393555 1.5946571826934814 
0.7365508079528809 2.3887951374053955 
0.39273321628570557 2.391444206237793 
0.10944287478923798 3.18186354637146 
0.304390549659729 3.1784732341766357 
0.04264926537871361 3.893362045288086 
1.329418659210205 1.1198829412460327 
1.3721753358840942 0.8255006670951843 
1.355391025543213 0.906927227973938 
0.08757182210683823 3.2800326347351074 
0.7783423066139221 1.87503981590271 
0.7553236484527588 2.1303229331970215 
1.9519342184066772 0.29929250478744507 
1.9565168619155884 0.2479758858680725 
0.3482583463191986 2.6123762130737305 
1.9313143491744995 0.5464671850204468 
0.04974096268415451 3.799781560897827 
0.7492746710777283 2.2118186950683594 
0.7853166460990906 1.8102490901947021 
1.3168413639068604 1.2612444162368774 
1.946354627609253 0.3573024570941925 
0.7993927597999573 1.7057713270187378 
1.9291796684265137 0.625641942024231 
1.9378459453582764 0.4702622890472412 
0.7728815674781799 1.9258761405944824 
0.33410003781318665 2.7649331092834473 
0.3064987063407898 3.1458170413970947 
1.9228935241699219 0.6730411648750305 
0.3534519374370575 2.5707826614379883 
0.37783005833625793 2.418881893157959 
0.8132213354110718 1.6350432634353638 
0.34250199794769287 2.674837112426758 
0.3113187253475189 3.082057476043701 
0.06951579451560974 3.50164794921875 
0.7691101431846619 1.9693228006362915 
0.00523788807913661 3.8959498405456543 
1.3227782249450684 1.1894640922546387 
0.09601225703954697 3.215785503387451 
0.08223491907119751 3.3331518173217773 
0.3300899565219879 2.8216874599456787 
0.8096235394477844 1.6513535976409912 
0.07231171429157257 3.459177255630493 
1.2976574897766113 1.5123341083526611 
0.7898117899894714 1.775923728942871 
0.7415916919708252 2.3151285648345947 
1.3415158987045288 1.0129406452178955 
1.3104267120361328 1.3374229669570923 
0.7948381304740906 1.7381118535995483 
1.934477686882019 0.5123165249824524 
1.312792181968689 1.3064461946487427 
1.9632642269134521 0.19471977651119232 
0.3276805579662323 2.8513307571411133 
0.0797780230641365 3.363927125930786 
0.05425837263464928 3.7343602180480957 
1.9180119037628174 0.7453084588050842 
0.35859179496765137 2.525627374649048 
1.3225808143615723 1.2059409618377686 
0.7458066344261169 2.2561898231506348 
1.3009711503982544 1.4626531600952148 
1.3026756048202515 1.4393935203552246 
1.9415594339370728 0.413109689950943 
1.9722611904144287 0.12525370717048645 
0.7654424905776978 2.011566638946533 
1.3355056047439575 1.066617727279663 
0.0031832843087613583 3.9147956371307373 
0.7586418390274048 2.099937677383423 
1.351967692375183 0.930148720741272 
0.061062030494213104 3.629098415374756 
0.001665416988544166 3.9662182331085205 
0.06649310886859894 3.5497958660125732 
1.988353967666626 0.0328233502805233 
0.7603041529655457 2.0657291412353516 
0.06289397180080414 3.60541033744812 
0.33851251006126404 2.7275514602661133 
0.7419477105140686 2.3093478679656982 
1.9772127866744995 0.08746747672557831 
1.3359943628311157 1.0550590753555298 
1.3795021772384644 0.809562623500824 
1.9686410427093506 0.1501763015985489 
1.9436269998550415 0.4001923203468323 
0.3243935704231262 2.8985064029693604 
0.7634027600288391 2.036682605743408 
0.3210354149341583 2.9519975185394287 
1.3068920373916626 1.3925106525421143 
0.06531549245119095 3.5662686824798584 
1.3069533109664917 1.3847503662109375 
0.07595116645097733 3.408714771270752 
0.057216111570596695 3.695094108581543 
0.3636587858200073 2.488508701324463 
1.9797334671020508 0.07309822738170624 
0.09872151166200638 3.202700138092041 
0.3236332833766937 2.9082233905792236 
1.9245201349258423 0.6486494541168213 
0.051810119301080704 3.7703347206115723 
0.31408536434173584 3.0355703830718994 
