2.002981185913086 0.0037064380012452602 
0.002520865760743618 4.001518726348877 
2.002981185913086 0.0037064380012452602 
1.392458200454712 0.7981649041175842 
1.9167537689208984 0.7963874340057373 
0.8362792134284973 1.5964962244033813 
1.2942219972610474 1.588205099105835 
0.7394583225250244 2.3873493671417236 
0.3944147527217865 2.3925459384918213 
0.3062204420566559 3.1813859939575195 
0.11142106354236603 3.1838932037353516 
0.35026970505714417 2.6176929473876953 
0.3388122022151947 2.748483180999756 
0.3157324492931366 3.050726890563965 
1.3570669889450073 0.915871262550354 
0.07488740235567093 3.4514551162719727 
1.3194962739944458 1.2642443180084229 
0.3111056983470917 3.112304210662842 
0.7731333374977112 1.9561517238616943 
0.781030535697937 1.876056432723999 
0.7665537595748901 2.027576446533203 
1.9208507537841797 0.7392216920852661 
1.337098240852356 1.0658671855926514 
0.07060372084379196 3.5153772830963135 
1.9253183603286743 0.6732017993927002 
1.3457940816879272 0.9900787472724915 
0.3298183083534241 2.8562002182006836 
0.04481084272265434 3.897071599960327 
0.3223191797733307 2.955659866333008 
1.9683269262313843 0.17457479238510132 
1.974456548690796 0.12363344430923462 
0.0047623468562960625 3.9220218658447266 
1.955552101135254 0.2859307825565338 
1.3256819248199463 1.1910029649734497 
1.3087712526321411 1.388386607170105 
1.9283487796783447 0.6250479817390442 
0.007336795795708895 3.8984036445617676 
0.7551680207252502 2.1638364791870117 
1.2989920377731323 1.5198137760162354 
0.3650844097137451 2.4981138706207275 
0.8111812472343445 1.6575891971588135 
0.07954379916191101 3.3904061317443848 
1.9428966045379639 0.4317702353000641 
0.7891684770584106 1.797186255455017 
0.08795753121376038 3.2949421405792236 
0.3587285280227661 2.53836989402771 
0.8256221413612366 1.6081187725067139 
0.33215802907943726 2.8228726387023926 
1.3147817850112915 1.3103419542312622 
1.9315195083618164 0.5800113677978516 
1.3669264316558838 0.8575862050056458 
0.3547656238079071 2.575514793395996 
0.7774063348770142 1.9106183052062988 
0.04857472702860832 3.86211895942688 
0.05021417513489723 3.8127059936523438 
0.32385021448135376 2.928190231323242 
0.799113392829895 1.7219343185424805 
1.3429639339447021 1.0128581523895264 
1.3880763053894043 0.844182014465332 
1.3031251430511475 1.4648693799972534 
0.7429876923561096 2.3384242057800293 
0.0675399973988533 3.5665225982666016 
1.3118947744369507 1.3458032608032227 
0.09280983358621597 3.254528284072876 
0.0536813959479332 3.7772467136383057 
1.3054678440093994 1.4407378435134888 
0.33590251207351685 2.7710492610931396 
0.7477065324783325 2.262023448944092 
0.7444640398025513 2.30591082572937 
1.961546778678894 0.2256021648645401 
1.9802730083465576 0.0854567363858223 
0.7627191543579102 2.0698745250701904 
0.0633421391248703 3.6321911811828613 
0.08385364711284637 3.3350911140441895 
0.37728816270828247 2.4314708709716797 
1.9906247854232788 0.04020853713154793 
0.30720221996307373 3.173921823501587 
0.8129634857177734 1.6472434997558594 
1.9501535892486572 0.34156590700149536 
1.9341480731964111 0.540249228477478 
0.751735508441925 2.208082437515259 
1.3273265361785889 1.1690716743469238 
1.2968486547470093 1.5568031072616577 
0.7591702938079834 2.1184427738189697 
0.06536074727773666 3.595937490463257 
0.09679258614778519 3.223198413848877 
0.38956788182258606 2.396017551422119 
1.332371473312378 1.121837854385376 
0.37086862325668335 2.4587929248809814 
0.7949529886245728 1.751476526260376 
1.9522981643676758 0.31935417652130127 
1.985037088394165 0.05963076651096344 
1.917667269706726 0.7886871099472046 
1.936331868171692 0.5123544335365295 
1.9627552032470703 0.21456508338451385 
0.057163313031196594 3.722505569458008 
0.08169130235910416 3.3633127212524414 
0.10216414928436279 3.1992404460906982 
0.7501270174980164 2.2296674251556396 
0.05616723746061325 3.7360618114471436 
