4.2138827848248184E-4 3.9980592727661133 
1.3900032043457031 0.7953144311904907 
0.8337609171867371 1.593630313873291 
1.2909258604049683 1.5927854776382446 
0.7355912327766418 2.3872039318084717 
0.3924843370914459 2.3904128074645996 
0.30334484577178955 3.17812442779541 
0.10782717168331146 3.1811821460723877 
0.042327478528022766 3.8899848461151123 
1.3138234615325928 1.2841321229934692 
1.3096561431884766 1.3372414112091064 
0.09617509692907333 3.2105765342712402 
1.3046247959136963 1.402464509010315 
0.804389238357544 1.671132206916809 
0.047156598418951035 3.8269875049591064 
0.7844200730323792 1.8111352920532227 
0.7958153486251831 1.7229365110397339 
1.2949354648590088 1.5350313186645508 
0.32447269558906555 2.886814594268799 
0.0875142514705658 3.2702064514160156 
0.05719970911741257 3.680060863494873 
0.7757921814918518 1.8896961212158203 
1.3795380592346191 0.8054917454719543 
0.049645621329545975 3.792483329772949 
0.8187406063079834 1.6139379739761353 
0.7793686389923096 1.8549883365631104 
0.748682975769043 2.206991672515869 
1.3284835815429688 1.1210694313049316 
0.31961753964424133 2.946514368057251 
0.31516098976135254 3.008760929107666 
0.004759903997182846 3.8955678939819336 
0.059723176062107086 3.6378495693206787 
0.062268029898405075 3.597752809524536 
0.8106979727745056 1.6415208578109741 
1.3664839267730713 0.8436851501464844 
1.3408572673797607 1.0060702562332153 
1.2977879047393799 1.4984244108200073 
0.7708308696746826 1.940450668334961 
0.3070964813232422 3.141890287399292 
0.07121364772319794 3.4646260738372803 
0.31223657727241516 3.0498979091644287 
0.7456905841827393 2.251997947692871 
0.36055460572242737 2.5035836696624756 
0.758890688419342 2.080108404159546 
0.32648053765296936 2.853740930557251 
0.06890024244785309 3.4957327842712402 
0.7602920532226562 2.0633296966552734 
1.3194583654403687 1.2190028429031372 
0.07395421713590622 3.423351526260376 
0.34019631147384644 2.689357042312622 
0.7643795609474182 2.0136771202087402 
0.36601200699806213 2.4667859077453613 
0.06476067006587982 3.558382034301758 
1.3633427619934082 0.8578073978424072 
0.3342653810977936 2.7577712535858154 
0.7899763584136963 1.7654497623443604 
1.3515006303787231 0.9253590703010559 
0.3741811513900757 2.4259517192840576 
0.31843575835227966 2.9686543941497803 
0.06665237993001938 3.5333456993103027 
0.05323114991188049 3.739017963409424 
1.3243809938430786 1.1641504764556885 
1.3005765676498413 1.4599906206130981 
0.3437080681324005 2.6509945392608643 
0.3086627721786499 3.1011290550231934 
0.0011563767911866307 3.9377198219299316 
0.38149887323379517 2.4021480083465576 
0.05368009954690933 3.7309629917144775 
0.3325956165790558 2.7862133979797363 
1.2910096645355225 1.5916978120803833 
1.301714539527893 1.4384373426437378 
1.3229514360427856 1.1790872812271118 
0.08215485513210297 3.3246238231658936 
1.3455034494400024 0.9668356776237488 
0.754589855670929 2.130079984664917 
1.3563333749771118 0.8947305083274841 
5.883062840439379E-4 3.968338966369629 
0.3739253580570221 2.4581174850463867 
0.31047192215919495 3.080805540084839 
0.7436376214027405 2.2758400440216064 
1.3372825384140015 1.0371339321136475 
0.7914102077484131 1.7531447410583496 
1.3471007347106934 0.9564359188079834 
0.7655079364776611 1.9984691143035889 
0.34923532605171204 2.59787654876709 
0.3575275242328644 2.527430295944214 
0.7417157888412476 2.300659418106079 
1.3319857120513916 1.0854289531707764 
0.10333246737718582 3.185955762863159 
0.07865036278963089 3.362521171569824 
0.7402374744415283 2.3218140602111816 
0.3374730944633484 2.723064661026001 
0.7516970038414001 2.1675312519073486 
1.335768461227417 1.0508182048797607 
0.35516980290412903 2.5451111793518066 
0.7377848029136658 2.361715078353882 
1.3194589614868164 1.218867301940918 
0.08504693955183029 3.2930665016174316 
0.32948681712150574 2.8189315795898438 
0.7682759165763855 1.9682344198226929 
