1.3908250331878662 0.7961097359657288 
0.0011253913398832083 3.9927914142608643 
0.833337128162384 1.5944169759750366 
1.2917827367782593 1.5899486541748047 
0.7365450859069824 2.3846535682678223 
0.39144381880760193 2.3911328315734863 
0.3042442500591278 3.17811918258667 
0.10836156457662582 3.1815738677978516 
0.3093279302120209 3.1042492389678955 
0.7438843250274658 2.2814323902130127 
0.07073521614074707 3.4853429794311523 
0.3247068226337433 2.892084836959839 
1.3693455457687378 0.8363623023033142 
1.3063812255859375 1.3877495527267456 
0.05935874208807945 3.6542487144470215 
1.361224889755249 0.8725986480712891 
0.06689196825027466 3.5391857624053955 
0.7639822363853455 2.026797294616699 
0.04229321330785751 3.8958468437194824 
0.7472666501998901 2.2354977130889893 
1.3405128717422485 1.0141103267669678 
0.3343251049518585 2.76528263092041 
0.05724812299013138 3.6915295124053955 
1.3471547365188599 0.9614859223365784 
0.3573816418647766 2.5345661640167236 
0.0734277069568634 3.441667079925537 
0.7920466065406799 1.7604784965515137 
0.7854631543159485 1.8084529638290405 
0.7538655400276184 2.1581661701202393 
0.08148059248924255 3.3397107124328613 
0.7502781748771667 2.19661808013916 
0.3191032409667969 2.9657604694366455 
1.355636715888977 0.9056918621063232 
1.3209636211395264 1.208873987197876 
0.0852809026837349 3.2986788749694824 
0.31574156880378723 3.0104053020477295 
1.3043992519378662 1.42344069480896 
0.3522014915943146 2.576749563217163 
0.005289767868816853 3.896160125732422 
1.3278850317001343 1.1331137418746948 
1.33113694190979 1.1007269620895386 
1.3104751110076904 1.3321400880813599 
0.7785703539848328 1.8695915937423706 
0.361560195684433 2.5014002323150635 
0.06295956671237946 3.6010868549346924 
0.7606809139251709 2.07104754447937 
1.3176405429840088 1.2456774711608887 
0.3479771614074707 2.614332675933838 
1.335303783416748 1.0653256177902222 
0.7825088500976562 1.8331036567687988 
0.767945408821106 1.9878071546554565 
0.07633984088897705 3.4021084308624268 
0.3432014286518097 2.665438413619995 
0.0019293721998110414 3.93643856048584 
0.043500740081071854 3.884514331817627 
1.3008040189743042 1.4620082378387451 
1.3501174449920654 0.9383074045181274 
0.7728442549705505 1.9341328144073486 
0.7564658522605896 2.117095708847046 
0.08854744583368301 3.2677557468414307 
1.3153618574142456 1.2744007110595703 
0.0785025805234909 3.376537799835205 
1.2957608699798584 1.5430912971496582 
0.04754040762782097 3.831871509552002 
1.2991211414337158 1.4869163036346436 
0.32607391476631165 2.869845151901245 
0.32923802733421326 2.8299660682678223 
0.7402925491333008 2.3395233154296875 
0.09219112247228622 3.2398698329925537 
0.804969072341919 1.6723099946975708 
0.7695578336715698 1.9627459049224854 
1.2963157892227173 1.5246773958206177 
1.3376964330673218 1.0388076305389404 
0.09806550294160843 3.2057015895843506 
0.3359221816062927 2.746687889099121 
0.3862060010433197 2.395866870880127 
0.05387116223573685 3.7400436401367188 
0.8122264742851257 1.6385102272033691 
0.0013200431130826473 3.9641611576080322 
0.7994206547737122 1.7047817707061768 
0.3124045133590698 3.0618388652801514 
0.34198105335235596 2.6773202419281006 
1.2918965816497803 1.5882831811904907 
0.8140579462051392 1.6343692541122437 
0.7583618760108948 2.0934019088745117 
0.8225680589675903 1.606398105621338 
0.36752623319625854 2.464106559753418 
1.3796581029891968 0.8067284822463989 
0.3771183490753174 2.4184160232543945 
0.7393715977668762 2.342747688293457 
0.31877291202545166 2.969914674758911 
0.32923802733421326 2.8299660682678223 
0.06469825655221939 3.571884870529175 
0.3138180673122406 3.0457775592803955 
0.36603495478630066 2.4714484214782715 
1.3125557899475098 1.3082082271575928 
0.005100168287754059 3.896373748779297 
0.09620944410562515 3.2149362564086914 
0.34940382838249207 2.6025731563568115 
0.37343505024909973 2.4330108165740967 
