0.5550620291024461
0.5522669758041285
0.5566905407215278
0.5524407279376604
0.5516576090645166
0.5520577705398838
0.5569797547582436
0.5524286062573646
0.5562519200046258
0.5560001235110223
0.5523761844636572
0.5523466630928767
0.5519002357178722
0.5524428754998385
0.5519914610468564
0.5525009832989037
0.5521801802011818
0.5517609420187648
0.5565897793862787
0.5521251411981429
0.5568172916801294
0.5563405704595613
0.556972923844829
0.5524793019655555
0.556583894278649
0.5566725704471338
0.5564162892343908
0.5568082146860686
0.5522554280593186
0.5511601413972902
