1.1152022257531097E-4
0.002912878417512342
9.769581114627818E-5
0.002912586260253121
0.002911366365335434
0.0029103928415311537
1.0222145530137425E-4
0.0029140081787433006
1.0010215971332557E-4
1.0190281129438398E-4
0.0029129433592716843
0.0029153423135081704
0.0029102356135184524
0.0029141187331140775
0.002909977496486575
0.0029144925300559725
0.0029130092723145215
0.002910608953330683
1.0006130622077586E-4
0.002906894827393733
1.0101789951658577E-4
9.866787965793068E-5
1.0233259656809879E-4
0.0029143053513092146
9.59715540767341E-5
1.0231664927397413E-4
1.0078882549247667E-4
9.491047523503248E-5
0.0029136784027759244
0.00290621981046354
