1.7954615818267086 2.8292267260979966 2.1006896559591315 2.800926830336347 3.501044119937459 4.199304279204264 
0.001377884434464155 0.003754500024208518 2.100500858267618 2.8006243588804125 3.5011387913659253 4.199262470271788 
1.6343011732110668 2.8842076807918016 2.100524663661753 2.8006312980173984 3.5023233278225114 4.199076695465058 
0.8190653929747251 3.1883767345386596 2.0997922477097912 2.8006301613486397 3.501044281714878 4.199300859649959 
0.8496310577699829 2.8132180466482515 2.0997931814235304 2.8006178921473492 3.5001254811550306 4.19946619211364 
0.14277534144080817 2.9548864790208467 2.1007097045279584 2.800928368913174 3.5003145300235263 4.199401152232008 
0.012113557337641306 2.8165542365445444 2.1007238767219754 2.800623843235568 3.502219677192001 4.199239291545174 
0.8379551665069064 0.0011749257996482299 2.1006041547283063 2.800872285574513 3.5042429759579146 4.197241235750763 
0.0769511009677275 2.8567117887860647 2.1007832039179353 2.8131554802715417 3.5023031787798677 4.199260970593334 
0.23588556735620697 0.7425253297052682 2.1006007958671336 2.800910181139735 3.4999176588364795 4.199289887407334 
0.004404555311970523 2.9752620581980995 2.1005332134487973 2.8006633170380315 3.5011554587192015 4.198004350227113 
4.817080374976638E-4 0.3378156911667243 2.1005340995199737 2.8006209831685496 3.5024231071434273 4.199085864515011 
0.044482674098935804 2.942829066624186 2.1007454366170077 2.8008579178896205 3.5043006695920953 4.197381330245058 
1.6974686167173463 2.8154166652532915 2.0998069694637094 2.799770208211769 3.4905272504452824 4.197935762862286 
0.8261089616310078 2.920781808379228 2.1007201001981977 2.8006235783411815 3.5010769914264133 4.199239574112131 
0.8207417267786851 3.051414189638067 2.1002705287876116 2.8008054396729403 3.5011400766240763 4.199240670033543 
0.8094275377061335 2.970919195989277 2.1005359200316573 2.800663860582092 3.5002574996704907 4.199265065458835 
0.9674164914601231 2.8361589990576235 2.100517457626292 2.8008656739909936 3.5011417482251495 4.199261960337616 
0.8445362709823405 2.8643688703841956 2.100744464519493 2.8009204636332403 3.5011425217791032 4.1992610199366185 
0.1471759670912418 2.8843574677386594 2.1008492393399703 2.800630376124784 3.5023116231686346 4.1990620616283865 
0.03826208623935463 0.09287521644433538 2.0998682028384947 2.8008109132635792 3.5023233711726234 4.199482028104244 
0.24866740506966734 0.765618380861274 2.10060073801966 2.800898948137241 3.5011669556464913 4.199441298413744 
0.8196242624391169 2.9003061269313344 2.100629328654248 2.800629118433515 3.5010133039336857 4.199446782494739 
0.8479184657333476 2.9429878843902877 2.099837668615879 2.800634364600837 3.5011416424161292 4.199278785601676 
1.6400089907062787 2.9162150474941715 2.1006596419288464 2.8008991208686536 3.5011669556464913 4.199478328307625 
0.04078339155023168 2.8643688703841956 2.100744464519493 2.8009120031523245 3.501093079994034 4.1992610199366185 
0.8553717372032924 3.0020090629544223 2.10060073801966 2.800899193037217 3.501171307522729 4.199441298413744 
0.12907547976826572 2.8843574677386594 2.1008492393399703 2.800630420426503 3.5023116231686346 4.1990620616283865 
1.6874320952294912 2.9051763893650477 2.1007173792584477 2.800925143128686 3.501044281714878 4.198241590922058 
0.7670813835945973 0.0011749257996482299 2.100559398409081 2.800872285574513 3.5021986536626435 4.197241235750763 
0.13227186084423986 2.7906930164814847 2.1006042678353363 2.800931593745822 3.5012019766463918 4.197268506112633 
0.304607895068321 0.7029790817006247 2.1006880022927477 2.8009259257515104 3.501038925527855 4.199274310568795 
0.41556150241504564 0.6600196998259596 2.100720242361991 2.800946732953499 3.5042485966355414 4.197496178143221 
0.8479184657333476 2.8676540004798374 2.099837668615879 2.800634364600837 3.5023578073271917 4.197190642350965 
0.03442015587246672 2.8264416881518457 2.1007821102152215 2.800921527119456 3.505272476386531 4.19946462268465 
0.34325459527609686 0.35135623565603225 2.1003435181857752 2.800629787896135 3.502473988155327 4.198334623111504 
0.9625088222651723 2.8167782990892283 2.0997863593907273 2.800630361187965 3.5001255553605097 4.199486644909585 
1.6941782755339045 2.9051763893650477 2.1007173792584477 2.800925143128686 3.501044281714878 4.199479344578358 
0.3462107295337013 0.4587473346763413 2.0998242355241126 2.8006294577016795 3.502449093702901 4.199515460270863 
0.033744327807962354 2.791527609485792 2.1007821102152215 2.800921527119456 3.505272476386531 4.199430572185435 
0.8532873553206044 2.9023687889080465 2.1005755228516656 2.800637448494227 3.502607748702264 4.198054489741601 
1.7109552372426675 2.8263451321418 2.0998866314232267 2.8006107770349633 3.502371528986276 4.199488240188148 
0.5103628661732796 0.5530423833973854 2.1007188997903308 2.8009206187269555 3.500869334705548 4.197442098211551 
1.7109552372426675 2.838212146870317 2.0998866314232267 2.8006107770349633 3.502296144136194 4.199488240188148 
0.8927494795919593 2.8133188446882444 2.0997931814235304 2.8006178921473492 3.5001254811550306 4.19946619211364 
0.00310732170987478 2.921190485268902 2.1007263724458234 2.800623679253426 3.5022982044203674 4.199085692024296 
0.027196812946349957 2.8264416881518457 2.1007821102152215 2.800921527119456 3.505272476386531 4.199468986479791 
1.7202812790881354 2.9387822236123724 2.100739345357045 2.800921707581645 3.500149141873517 4.199281536823284 
0.8398401144549562 2.942829066624186 2.100262814247436 2.8008656739909936 3.501069711905772 4.199278785601676 
1.6343011732110668 2.8962702981060926 2.100514950403385 2.8006312980173984 3.5023233278225114 4.1971796839497175 
1.7016422195618899 2.8292267260979966 2.1007237915653656 2.799786808690473 3.501044281714878 4.199304279204264 
0.022914829056221164 2.8264416881518457 2.100704924670785 2.8009196250938784 3.5042683063970737 4.198033205174581 
0.4562727483986789 0.5192268369135762 2.10069070559201 2.8008723906583888 3.5001428508984738 4.19937358704155 
0.001377884434464155 0.010389356201349231 2.100716196353055 2.8006243588804125 3.5011385329300615 4.199262470271788 
0.842298740392267 2.8328110659857324 2.100262814247436 2.800865730086588 3.5183617625723143 4.199278785601676 
1.6319620760310287 2.893639582047188 2.1005567298229844 2.80084062570404 3.5024310788914903 4.199076695465058 
0.775174665834361 3.178863365853793 2.0998069078763364 2.8006301613486397 3.501044281714878 4.1979074129594585 
0.8166871701052754 3.0404904454872113 2.0997587189545066 2.8006301613486397 3.501044281714878 4.199300859649959 
1.6962847721747898 2.829482118908999 2.1006068723906086 2.8008659925798978 3.5009568822950428 4.199282610051163 
1.7224792460474625 2.906323126080456 2.1006898129226417 2.80091369521893 3.5010142943839417 4.200314382109696 
0.8303976804225757 2.8676540004798374 2.1007451031655617 2.800625029858989 3.5023578073271917 4.197190642350965 
0.09076536393140644 2.93733930231267 2.0998069694637094 2.799770208211769 3.4905272504452824 4.197918728653031 
0.3394320510018608 0.6600196998259596 2.100730658638163 2.8009339881434157 3.504291621990622 4.197496178143221 
0.4562727483986789 0.49493411556829936 2.10069070559201 2.8008723906583888 3.5001428508984738 4.19934499237074 
0.03442015587246672 2.838308702880363 2.1007821102152215 2.800921527119456 3.505197091536449 4.19946462268465 
0.015352417383993198 2.8165542365445444 2.100723702723415 2.79582313662574 3.502215551638399 4.199403991341756 
0.4562727483986789 0.7194876668813726 2.1006031706668145 2.800872390453924 3.5001428508984738 4.199354729321339 
0.00310732170987478 3.0617050237503927 2.1007251047066218 2.800626694477152 3.5011136367389644 4.199083362836679 
1.7286506792326302 2.9045667381996356 2.0998252508901043 2.800634798195472 3.5024015398228165 4.198247283844677 
0.05267422434537827 2.8643688703841956 2.100744484934195 2.791669755328362 3.504408619522777 4.1992610199366185 
1.7315242594549227 2.855210807247749 2.1007248626355794 2.8131554802715417 3.5023031787798677 4.199260970593334 
1.6741497554157379 2.8294807905416546 2.1007238842102396 2.8008630167152098 3.519186173751224 4.1972364280608465 
0.07324756217345257 2.811712514048975 2.100265200639589 2.8009130637067448 3.50114362168922 4.199287033861616 
0.2916050931619765 0.7029790817006247 2.1007189061624194 2.800625638404886 3.501038925527855 4.19923837272805 
1.6312010507040533 2.956117698877129 2.100709969987435 2.8008449527919583 3.5024310788914903 4.199412237438094 
0.963543829723617 2.8843574677386594 2.100856867619893 2.8006311578615493 3.502218613869121 4.199047484785099 
1.6744326886051717 2.83396713188813 2.0998069694637094 2.7997649212887157 3.4905272504452824 4.197935762862286 
1.7026364615738305 2.864922845018349 2.1006898129226417 2.80091369521893 3.5010142943839417 4.200314382109696 
0.14210438105520717 2.9548864790208467 2.1007097045279584 2.800928368913174 3.5001428508984738 4.199401152232008 
0.8491447373219652 2.920781808379228 2.1007201001981977 2.8006288652642346 3.5010769914264133 4.199239574112131 
0.42168397038750344 0.34162531659154105 2.100510389553059 2.8006331841571894 3.5024565642501724 4.199083167903229 
1.730850898520698 2.9460644179982993 2.1006081131484304 2.8010658389323972 3.5009568822950428 4.199282610051163 
0.842298740392267 2.9650196921289056 2.1006933847532276 2.8008125179998453 3.501141311007743 4.199278785601676 
0.845930400095672 2.839816020928077 2.100723547481563 2.8009147409944863 3.500869334705548 4.197442098211551 
0.41924954308070694 0.34162531659154105 2.10052529538447 2.8006331841571894 3.5011113230950097 4.19951659207478 
0.3462107295337013 0.36253423544429686 2.0998242355241126 2.8006294577016795 3.5042663885895036 4.197353586809281 
1.7245891763374803 2.8843574677386594 2.100599152825228 2.800630762252968 3.5043255489898013 4.1990620616283865 
1.6424241337359051 2.903118375716032 2.099837668615879 2.800634364600837 3.5023578073271917 4.197190642350965 
0.34325459527609686 0.7781705073290686 2.1007075249926177 2.800629787896135 3.502473988155327 4.19950805172344 
0.13298339477305154 2.8361589990576235 2.1005098293463695 2.8008649365559477 3.5012347575246627 4.199276537180902 
0.34317909602557006 0.7695149027531929 2.100597158451336 2.800813675380013 3.5024394078665084 4.198308421633032 
0.8953697224572229 2.8691537340031457 2.099794509923078 2.800648044406634 3.5012240113415922 4.199433492128573 
0.37981573093956356 0.36275255759787217 2.100314137264542 2.8008096672716096 3.500959644645119 4.199509709128192 
0.815069819725314 3.0404904454872113 2.0997587189545066 2.8006301613486397 3.501141263613843 4.199300859649959 
1.7245891763374803 2.8851436500407286 2.100599152825228 2.800630762252968 3.5193711786920607 4.199001110026079 
1.7107292405971097 2.8154166652532915 2.0998069694637094 2.799770208211769 3.4905272504452824 4.197984620337901 
0.04879866458177919 2.8166221861012906 2.1005055420610246 2.8009196947536794 3.501117817411618 4.199196155028817 
0.2554114450539851 2.5730414894115388 2.100349537389312 2.8006263885477622 3.5011313167830274 4.199492133588835 
0.32361803228506447 0.7033103183933087 2.1007190347149827 2.800905270664937 3.501045551229136 4.199274083031339 
1.6700139721139091 2.830219838970749 2.100605255501921 2.8009130996565084 3.502150703557916 4.199112955400918 
