1.4257221921580376 3.5678251008894115 2.1017378551762635 2.7987607851184078 3.4983014015277436 4.203705122945857 
1.4257221921580376 3.5678251008894115 2.1017378551762635 2.7987607851184078 3.4983014015277436 4.203705122945857 
1.4267209155138794E-4 6.638149016713335E-5 2.1017055022336377 2.7988313305732953 3.49756500827905 4.205970097201133 
1.4796411135654317 3.194881485283391 2.1014299355157866 2.798854650619768 3.497723500952125 4.203744382757719 
0.6714436005898335 3.484225103869198 2.101757559075558 2.798668972358321 3.505687258682028 4.206547443599115 
0.5974729206432183 3.3175929750193087 2.1017906516886655 2.7983788432598327 3.512480159498392 4.214755195802527 
1.49162183782541 0.256684652241548 2.1017380602709683 2.798815698936343 3.50521469106694 4.206429339327862 
0.6205764465645426 0.4378324190942202 2.1017379564803993 2.7987984171643943 3.5053373005348645 4.206557525727448 
1.3576972843446347 0.12424076022775954 2.101753038549208 2.7987518542576226 3.4976256138590935 4.204010285533396 
1.4805365103228498 3.3102468941860637 2.10175352734144 2.798826827587259 3.50550097095297 4.2059422394300645 
1.425328397362371 0.10669156382854172 2.1017723077343042 2.798848807208647 3.505922084288356 4.203715009475464 
0.5175472391814127 0.0889632794544879 2.101711426384229 2.7988147826261134 3.497677763628256 4.205989274927729 
1.4674471384910597 0.05810169473117921 2.101751496218401 2.7987294752466334 3.5059588932166954 4.205971395084631 
1.4537840098139911 3.3452832606011587 2.1017615061942285 2.7988274891579366 3.505256500139088 4.205832457479222 
0.42510902898869096 0.18798831929679327 2.101594078086944 2.7988116486610615 3.5052565234584065 4.2068681268917825 
1.4487100227097292 3.3195325878729656 2.101753447086617 2.798763006839611 3.5054795871958575 4.205826957030153 
1.4255335194959122 3.330013441972872 2.1011292333195706 2.798827792458193 3.5054846257033043 4.205939344195994 
0.47207415333743286 3.6955756611229775 2.101757967152621 2.79873994673377 3.5059372347304034 4.206807767581066 
0.6532338120305938 0.2369331794687013 2.1017378551762635 2.798228254409974 3.5057596937687885 4.209168763124612 
0.5399365908826104 0.0889632794544879 2.101711426384229 2.7988153517770566 3.497677763628256 4.205989274927729 
0.6688151641878719 0.15989238122782223 2.1017538897248973 2.798728091664464 3.5059153829465455 4.207958855734971 
1.4778708519205594 3.336999079008956 2.1017527913811387 2.7987600955564718 3.4975690867683573 4.209026712470454 
0.5974729206432183 3.4637296600495233 2.101751506809168 2.7983776400686606 3.512480159498392 4.214861897485901 
1.3900960185349562 3.424093084031741 2.1017492470290664 2.7983120663594887 3.5055597788371347 4.2081821688650844 
1.4230468706934418 0.07294285113842891 2.1017701316026316 2.7982986990287784 3.5056611351463016 4.2062926221483234 
0.6105812690291779 0.06321651618428414 2.1020404941159234 2.798720730057989 3.5051897114334705 4.206389627105836 
1.49994924531137 0.1867370050334194 2.101738432502225 2.7988273637727983 3.50521469106694 4.206429339327862 
0.5641503025271841 0.13130032700107122 2.1019474040964004 2.7987509856470973 3.497625732794054 4.195807522763318 
0.6147841774672376 3.543817463725231 2.101750578469551 2.798740212020835 3.5046395153792744 4.205757862744688 
0.5179307265433738 3.6424313885279096 2.1015889819780353 2.79885045685148 3.506423498347685 4.206283487899787 
1.426453185236132 3.336999079008956 2.1017527913811387 2.7987388802872677 3.497590149407554 4.209026712470454 
0.6431393369555027 3.3150935124962033 2.1017760876541938 2.798238398940522 3.505667866507604 4.206855763382393 
1.4999774314147218 3.318809594085038 2.1013001435027654 2.798847703605392 3.499050374547781 4.203858925996484 
0.16142730500913796 0.008747675376358899 2.101159122656494 2.798832983867001 3.5059403106515976 4.207395508339901 
1.4550674662908853 3.3150935124962033 2.1017760876541938 2.798248942114404 3.5056740715328627 4.206855763382393 
1.46536414073641 0.002704197107807227 2.1017514217194466 2.7982500265979873 3.5062499376596623 4.205848197069016 
0.5384181724671069 0.23976186248372133 2.101744895162084 2.798735150891387 3.497321808151817 4.205967584085917 
0.6871858105848319 3.2388492415957564 2.1017492125801844 2.7987352627952737 3.50632592645511 4.207257501943857 
1.3900960185349562 3.455215471594378 2.1017492485486216 2.7982302633586973 3.5057488297864046 4.209065914917423 
1.4228242273066263 3.4899721734173506 2.1017495740656127 2.798312133821762 3.5055507097107363 4.208151000279512 
1.3889131243440822 0.11588063595131026 2.1017534574953 2.7988264752206002 3.505922084288356 4.205826957030153 
0.5641010327146059 3.462602164290085 2.1017482083705668 2.7982372576914707 3.505207062067398 4.204058978347257 
1.326610971039679 0.25050992453379073 2.1017884669703113 2.7987959634569712 3.5050818301665156 4.206286320369993 
0.7153116069651675 3.3197726122765983 2.101102280255333 2.798737466307711 3.505480497867262 4.205763176533763 
0.5384181724671069 0.11815859187626765 2.10174623766227 2.7983811991692082 3.5124516415878833 4.205967584085917 
0.5086300348254518 0.35157773789798274 2.1017489873776958 2.7982480803115504 3.505899407844568 4.207286134604923 
1.449092719688584 3.3453699246490345 2.101751496218401 2.7987294742900812 3.505722804899572 4.206019171894641 
0.6205968784362843 3.3199532970889574 2.101763811616022 2.7987301710371697 3.5052565234584065 4.204012731654056 
0.616884970178527 0.18798831929679327 2.101764595688889 2.7988168989370066 3.5054813844167225 4.205752333180468 
1.4230468706934418 0.24843695093501372 2.101742643706715 2.798326990646826 3.497726569071306 4.206297448973873 
0.5179307265433738 3.6956624427140996 2.1015902537571964 2.7987243616703177 3.506423498347685 4.206217262177747 
1.4391543460623217 3.3196348756015834 2.101102280255333 2.7987383022820254 3.5054846892362477 4.205763176533763 
0.6892939730353552 3.2029834538121196 2.101575852890209 2.7982373762485913 3.505271885861354 4.206386932937981 
1.4212592871701504 3.318809594085038 2.1013001435027654 2.7988496830962446 3.499050374547781 4.203858925996484 
1.3476295906531741 0.2516812552905441 2.1019702640175084 2.7987956798413065 3.5050818301665156 4.206286320369993 
1.3736747712353434 0.2679924938165654 2.1019701284304686 2.7987503382005148 3.505211082989503 4.203752792930114 
1.4230468706934418 0.03213423633534651 2.101770503833888 2.7983108448025993 3.5056611351463016 4.2062926221483234 
1.4228242273066263 0.025599147694616457 2.1017787875593497 2.798321699846019 3.5055507097107363 4.208151000279512 
1.4313334809990073 3.4869871315469214 2.1020526388891727 2.7987288838549724 3.505722804899572 4.206005767264794 
0.5561166265105132 0.490032850885759 2.1015885855453713 2.7987519363563567 3.4984863040547682 4.206590204448858 
0.5074032178739271 3.6843080243205804 2.101749627696613 2.798726270185818 3.505883539474614 4.207287668904772 
0.42510902898869096 0.22192148929122313 2.1013103247899476 2.7988116486610615 3.505595390692286 4.206738107755865 
0.5322959829345337 3.462602164290085 2.1017727988589834 2.7988643072497292 3.5049863533163776 4.204012731654056 
1.4171856612615816 0.23976186248372133 2.101744895162084 2.7987518542576226 3.4976256138590935 4.2063942657619915 
1.4239126475982733 3.3231204200774593 2.1018057679776407 2.7986607263294556 3.497770202562128 4.206286974956185 
1.348294454366726 0.1596684245928981 2.1019494363224145 2.798728174028164 3.5059540941713103 4.208089970648118 
0.5983980334527801 3.472046843267647 2.101750578469551 2.798388030198183 3.4978762599674984 4.205994885534747 
0.6519132358548302 3.319627398064351 2.1017378551762635 2.7987566280801786 3.4980359542655233 4.203705122945857 
1.4694891979424813 0.060921611119006 2.1017485486139544 2.7987594877580344 3.505652055764617 4.20600961042066 
1.3499541003889783 0.44811789726592843 2.1017856125261516 2.7987519527711058 3.4976064911628146 4.203656957027971 
0.6640873991081551 3.484225103869198 2.1020517478873657 2.7986608943746867 3.505687258682028 4.2064954284233025 
1.5028401305040024 0.10494461172712088 2.1019494363224145 2.798729406425207 3.5059540941713103 4.208089970648118 
0.5068323226706967 3.703069099110673 2.1015935994591857 2.798729835420102 3.4970006007607712 4.206807751623516 
0.5595929660605005 0.1083402348477891 2.101104243087432 2.7987365605268484 3.4970692163531907 4.205754628317369 
0.6872092416735832 3.1645319421424616 2.1017385428848545 2.7988507719176003 3.504650567362187 4.2043153717049 
0.7132875579307368 3.2029834538121196 2.10175139304325 2.7982373762485913 3.5052628086889817 4.207279439365091 
0.6532338120305938 0.15268720919620316 2.1017530812998038 2.7987519508254013 3.505281955786644 4.203723791643493 
0.6887871315771851 3.1645319421424616 2.1017492525884203 2.7987947990213073 3.5047384613526966 4.2043207453538995 
1.42533985893589 3.318809594085038 2.1013001435027654 2.7988496830962446 3.499050374547781 4.203858925996484 
0.010244305177440044 0.020666595477944583 2.1017658852920977 2.7988326775249885 3.4971013270448883 4.204058506020147 
0.41668116439642566 3.6955756611229775 2.1015899312994386 2.798741021609023 3.5059366988749314 4.206807767581066 
1.4204165888275446 0.28576724436427847 2.1017701316026316 2.798759546848947 3.5056611351463016 4.20631459332617 
0.6554129447068208 0.1414951295222071 2.101753106441714 2.798764281298663 3.496704229142671 4.20739868649155 
0.5983980334527801 3.3175929750193087 2.101750578469551 2.7983788432598327 3.505996074423084 4.205994885534747 
1.4175358869210344 3.5664891353713233 2.101118389135984 2.798736662642883 3.498039600026353 4.203696169442273 
0.5498018635890081 0.23976186248372133 2.101806401761941 2.7987391723207216 3.497321808151817 4.205968743973456 
0.6688282245345661 0.06218043111403 2.10170638093989 2.798720510169636 3.4974767934847666 4.206380111569582 
0.6093548152527082 0.002704197107807227 2.101601767265311 2.7982510555801006 3.5062499376596623 4.209265772063622 
0.607246946138831 0.17431913956090384 2.1017055022336377 2.7987355509536833 3.5050563496592986 4.205965571198319 
0.06005049176997662 2.1172078195001026E-4 2.101110844177726 2.7988313305732953 3.5051694114438217 4.205970097201133 
1.46536414073641 0.12872345396170726 2.1017514217194466 2.798247971152191 3.5059380115623417 4.205848197069016 
1.5178921633026845 3.329207267841431 2.1011120324477677 2.7987368408654927 3.50518241193768 4.205763176533763 
1.502408253023558 3.374592906549479 2.1017436518581425 2.798731250087944 3.4976282655649835 4.204177448054989 
0.6267175783287531 3.3195976985842224 2.101118389135984 2.798736662642883 3.5053217563526284 4.20369604306391 
1.4805011337864566 3.336999079008956 2.1017527913811387 2.7982992477363027 3.4975690867683573 4.209004741292607 
0.07361543244536833 0.005001056853624862 2.101159122656494 2.7987211776210987 3.5059403106515976 4.207395508339901 
0.6148509998487686 3.321860147764653 2.101102280255333 2.7987281527508063 3.5053217563526284 4.206255528850774 
1.4894742577300535 0.256684652241548 2.101738130032405 2.7988156817607455 3.50521752534901 4.206429339327862 
0.6212362534087826 3.32692400882037 2.1017809825718654 2.7987301710371697 3.497463547078812 4.204020405114287 
1.361996584369325 0.12781608014140047 2.1019571554794494 2.7987509856470973 3.4976256138590935 4.206483597840299 
