1.8529373666904194 2.7142493317519945 2.1063741634036934 2.8085560182980926 3.495332296057576 4.192106347276138 
6.982643600453586E-4 0.003357229655437388 2.1043713558309585 2.805551728133915 3.4890091405963766 4.186518092803701 
1.8529373666904194 2.7142493317519945 2.1063741634036934 2.8085560182980926 3.495332296057576 4.192106347276138 
1.716227418145085 2.721170626304734 2.102812152555701 2.8066832288089265 3.4952632073674215 4.192293973468342 
1.7887360144229438 1.2490257887911125 2.1046279807831425 2.8056176958629573 3.4953849343607977 4.191872934773266 
0.1659835724983768 2.9110817318071955 2.1028183344413307 2.8019416589659225 3.495444341517921 4.1879056563234185 
1.7331248018983152 1.0467985954998562 2.104793450386019 2.8069526783562067 3.4952789532532265 4.192230132227604 
0.1375218893069739 2.5660446341132603 2.1028498016476878 2.805484451227107 3.4887150584930686 4.186486595515511 
0.001069770779570746 1.6743883725235864 2.1064311422081836 2.808629431325694 3.4953555081070378 4.1923269569753705 
0.022094136154116595 0.9979764509137639 2.1065531404486344 2.8087940516918417 3.4950665003027277 4.192320499141926 
0.0820073604497169 2.7142493317519945 2.1063741781551695 2.8085705403177945 3.495294294755037 4.191976408712313 
1.7792948160717208 1.0467985954998562 2.1067327566506164 2.8087528727550324 3.4954587698533 4.192230132227604 
0.3010232565954573 0.9483565557831168 2.1046880924736935 2.806266674235832 3.487209963696948 4.191550251862707 
1.7720883303884762 1.0708860625702912 2.1046297343718026 2.8055957936473206 3.495394099521245 4.191950184778713 
0.1372628061631577 0.9789442371102137 2.1049029455399006 2.8068808439721127 3.4888085492817233 4.186515821873723 
1.7791192450933713 2.724404667791082 2.1067199484801296 2.805719477523817 3.4889351531520694 4.192465409496362 
0.09379519624708577 2.7856039464446107 2.1046773895178927 2.8062698080225785 3.4953505223898405 4.19213101943652 
0.09215388669576047 1.1034978716671642 2.102933241183766 2.8019416589659225 3.495444341517921 4.187871573439711 
0.12356277423579842 1.2434122129444842 2.104474294516259 2.8066792823387616 3.489402328815663 4.186471364925467 
0.1659835724983768 2.7817242417642487 2.1029465658428337 2.801933306127358 3.495444341517921 4.231210552226445 
0.11295395626762306 2.7250442895058407 2.1043852765441304 2.8063380612521693 3.4952665920058625 4.187683499709723 
1.8408110879186605 0.9923082261931666 2.106457090052383 2.8086046469708252 3.4889650150011438 4.185576353878056 
0.15785205273431424 2.57927314552839 2.1047267347284135 2.806280068073678 3.4890230391718458 4.1871865077636565 
1.887487267116766 2.575658223139353 2.102860594442902 2.8015392569100466 3.4893505194998005 4.187984648090285 
1.7314769106049999 1.1711765411632626 2.1031197598147524 2.8056369542164656 3.4953332288702943 4.1918746144423995 
0.012544513466372309 1.1996869766426477 2.104628380145525 2.8055363062311987 3.4953855406515255 4.191958274787094 
1.7433047382598499 2.767804562986999 2.1029131080552377 2.805655557227676 3.4959062443465614 4.192511102629094 
1.7697445784555272 1.0474601456871775 2.106515198802425 2.8067785440822837 3.4889492756075406 4.18672149189183 
0.0057203659106176 1.072260640091958 2.102933241183766 2.805658388413383 3.48908580613282 4.187899358978284 
1.8010265627118927 2.6941861370476743 2.104655029885612 2.8066361302573513 3.488782944706475 4.1885433947271276 
0.09215388669576047 2.911444697526728 2.10293108087281 2.8019416589659225 3.495444341517921 4.187871573439711 
1.751549524108675 2.654984672944726 2.1063982730330264 2.80675596959124 3.4891999763753447 4.185409624287701 
0.161168756036152 0.01480790271651622 2.1045959635441234 2.8062250086784046 3.495264817113076 4.191958189571601 
1.7498114492749504 2.720061876220886 2.1044712005647743 2.805484451227107 3.4885381153101034 4.186469991653229 
0.16740126853069878 1.0267398321364394 2.1028414628999763 2.801426491245784 3.4889235418389544 4.187910922551098 
0.1453702276704675 2.568979522482868 2.102983808886066 2.7933995491197923 3.488720112194376 4.185456702259539 
0.1659835724983768 2.575658223139353 2.102841942502985 2.8015392569100466 3.4893505194998005 4.187984648090285 
0.11295395626762306 1.0889362734214312 2.1028722768758445 2.806840922706098 3.4954535021128312 4.187683499709723 
0.03631308252068811 0.02455721866750344 2.1045950466250454 2.8055363062311987 3.4952665562477376 4.191958274787094 
1.716227418145085 2.736235161355646 2.1044174820265256 2.8066834915626386 3.4952632073674215 4.192293973468342 
1.8078161889688964 1.0725455532492254 2.1046773183661096 2.8062698080225785 3.4953476348919614 4.191950346877465 
1.8326536490637082 0.9923082261931666 2.104807925302041 2.8068044525719995 3.4887851984010707 4.186478493997456 
1.7973422223894686 2.6136646760593027 2.1028939805366798 2.805440383936323 3.489189276442851 4.186554501340984 
0.22937638189264264 2.6138331242502484 2.1046720244981825 2.806270601070782 3.4886627994893993 4.187015598186642 
1.7514412504262682 1.0467985954998562 2.1067414881461555 2.8067466812297885 3.495445604682527 4.192230132227604 
1.8529373666904194 2.484159702267045 2.1063741634036934 2.8085560182980926 3.495332296057576 4.191799217056776 
1.7163060675718622 1.106631340368303 2.104669571142984 2.8066853236899125 3.495346886487483 4.191945591301551 
0.21409656579401515 0.909896331962772 2.102819106185921 2.802176627774104 3.4890551323722825 4.187907881339547 
0.1280213643096871 2.894511853272711 2.1028183387365176 2.802176627774104 3.4890551323722825 4.187907881339547 
1.7695572624938556 1.0175483227943154 2.1043381221671273 2.8066231019216477 3.4892289240257877 4.186870714097243 
1.716227418145085 2.7676110289768063 2.102812152555701 2.8066832288089265 3.4952632073674215 4.203907217432414 
1.8785595463003573 2.616950283374652 2.1027228032675667 2.80547168787687 3.5166775075818153 4.191826402498932 
0.18167458030911565 1.0267398321364394 2.102879498167883 2.805471180669755 3.488920972033981 4.187910922551098 
1.7700785723209054 1.1918226468573603 2.1065632789338093 2.806826187651404 3.4889492756075406 4.187713843299915 
1.6978222303758894 2.782202678456918 2.10294535697221 2.806758722229089 3.4890553688267603 4.228494584161401 
0.021197709429934708 1.1120262327191415 2.1046806105182814 2.8062698080225785 3.4953475709229345 4.191626328593403 
1.7791192450933713 2.7567481210521314 2.106555887617232 2.808714999152557 3.4889351531520694 4.192584520411919 
1.7809875195693152 1.0044623924752683 2.10462755441946 2.806680773763327 3.4887819107951294 4.187029195306107 
0.06388858577061396 1.0665028140156403 2.1046773895178927 2.806280972895531 3.4953938183907742 4.191950184778713 
1.8276404858462265 0.8690770292751021 2.106325210664678 2.8066219946567426 3.487440702906273 4.187065698785955 
1.852311670401695 0.8281980545692439 2.1046540611323348 2.8067511576665702 3.4952185996572687 4.192175513374492 
1.7565954834976711 2.6721006806028815 2.106354956249443 2.8088571968005756 3.495396446972099 4.188604382296691 
1.8282303838644833 2.613035634150054 2.1043381221671273 2.8066231019216477 3.4892289240257877 4.186870714097243 
1.7185101437172807 1.264226698916576 2.106436282955123 2.806635417820911 3.4951789075043362 4.191934879528093 
1.7700768671549247 2.767804562986999 2.1042957572051137 2.8056127529152044 3.489165563200777 4.186510057232906 
1.7887360144229438 1.1902531487766712 2.1046279807831425 2.8056176958629573 3.495329826489416 4.191927261674981 
0.17398133825210782 1.0598232872449036 2.1049191937123046 2.8068808439721127 3.488938874474173 4.186515821873723 
0.01995812784436493 2.813033861748482 2.106543328484593 2.8057298991505855 3.4950692345010417 4.192320499141926 
0.18144048707218888 2.6875980773975034 2.102840508720581 2.80685176672093 3.4889283862758695 4.186538344365176 
1.8010265627118927 1.047902056070862 2.104655029885612 2.8066361302573513 3.4951852336448344 4.1884773485422535 
1.7782409961202528 2.691157894834715 2.1046557556986736 2.8068316351898104 3.488820338246429 4.188558306125065 
0.0017123582298818156 1.1149281367166275 2.1043058434378734 2.8055494920230926 3.489076875005937 4.18695417919826 
0.06620113045962217 1.0474601456871775 2.1044718620969984 2.8067785440822837 3.4885311365618032 4.18672149189183 
0.19576717281462228 2.6248085102826524 2.1028496810517896 2.8019451036516596 3.48871924863543 4.186486228074881 
1.837949378866433 2.5587750554559663 2.1047228406522236 2.8056197646372145 3.495232517008157 4.229784941126692 
1.7887360144229438 1.06285276285287 2.104677358344968 2.8056176958629573 3.4953849343607977 4.191872934773266 
0.2046104158542792 2.7856039464446107 2.1046773895178927 2.8062698080225785 3.4952712537132955 4.192233110856177 
0.26571363486236693 1.0701187822819314 2.102872479497211 2.806830323543557 3.4954563799645912 4.192204391248727 
0.1880908011022071 2.5648010338605647 2.10298456362629 2.805473771368408 3.4953938183907742 4.186441508460798 
1.7600818805143565 0.9979764509137639 2.1065531404486344 2.808855168225534 3.4950665003027277 4.192320499141926 
1.8785595463003573 2.574294576346477 2.1027228032675667 2.80547168787687 3.4957297368935922 4.191826402498932 
1.7881462895654114 1.1382271125997259 2.1043786740104564 2.8062632846032027 3.488821148187373 4.188422795800241 
1.784941907708361 2.6997160684234314 2.102897027393738 2.80675596959124 3.489064574503682 4.186729909319564 
0.06509878498637289 2.929900701514202 2.10293108087281 2.801996956642221 3.4993463491000574 4.187871573439711 
1.7559581034926164 2.6603842540689353 2.1043356878884185 2.8054678867189082 3.4890642994336107 4.185550179613681 
1.8025803259498199 1.1902531487766712 2.1045943886863836 2.8056185835044647 3.495329826489416 4.191927261674981 
1.7314769106049999 1.119874281260559 2.106422122449556 2.8062463361096173 3.4953475709229345 4.185316263120585 
0.11652941268535004 2.6875980773975034 2.102839694287254 2.8068091947280562 3.488368660526338 4.186486532574517 
1.7331841738188163 2.8669697123319633 2.102987233850355 2.806684494889375 3.495444972061748 4.192294302867262 
0.09843063235314091 0.003775732542676158 2.1028243844508117 2.8068515209482907 3.489097153757451 4.187907881339547 
0.3010232565954573 0.5273383287956185 2.1046880924736935 2.806266674235832 3.487209963696948 4.191550251862707 
0.12705065052862344 2.7725850423365594 2.106486144681423 2.8085898824933486 3.4890028827636916 4.191976408712313 
1.7887360144229438 1.1681566942237829 2.1066645620065803 2.8056306593215674 3.4953752369770323 4.191872934773266 
1.8253801455010852 2.5764161178910454 2.1031148613829633 2.806766786920996 3.488649206790301 4.186940029373049 
1.7314769106049999 1.1120262327191415 2.1046773895178927 2.8062698080225785 3.4953475709229345 4.191950184778713 
1.6446410303478478 2.9146437700837695 2.1064125192391363 2.806628642220068 3.4891990463551914 4.186553197494405 
0.209070345648658 2.743102960977442 2.104336062038034 2.8055499325205973 3.486901519918365 4.1919570155391055 
0.18091122575588836 1.0701187822819314 2.1028136792980394 2.806829057463108 3.4952736459441645 4.1922040618498055 
0.09901410837265878 1.2633882959028253 2.1044750203293203 2.806830425635977 3.4888206943532993 4.1864862763234045 
1.887487267116766 0.9801709137819333 2.102860594442902 2.8015392569100466 3.4893505194998005 4.187984648090285 
