8.058761018826521E-4 0.0031113972089948927 2.098674722352602 2.8045807935343223 3.5015196105897175 4.199202395282407 
1.5923225238074017 3.235882757506078 2.0984415063921786 2.804416046754969 3.501176778969152 4.199348907193845 
0.752831289699837 3.322598063055062 2.09890363427135 2.7982245505785346 3.501684474203656 4.198755136787138 
1.4802672921244475 3.1924297862407096 2.0987778229841587 2.8049145756457468 3.501413546539231 4.199371108642575 
1.5811172843477128 1.350890503568887 2.0988497419372516 2.804301405280611 3.5011991157034585 4.199365774274598 
1.5012485987646933 0.24131540673882923 2.098453168625681 2.797970437547074 3.5016902473340923 4.199197837125396 
1.2316275152477951 0.3771057505559592 2.0989272497344627 2.79826551562937 3.501266015003593 4.199202396058569 
0.7990788355944971 0.07671520094500095 2.097438478666328 2.806079905142393 3.5014882239146905 4.204247738358321 
0.02231553633138554 0.9989249938779694 2.0988110064044077 2.8050689990363202 3.5016895999555824 4.199153201647001 
1.4636974264789717 3.2878530633648415 2.098852194573122 2.8047938737038294 3.501200366698387 4.1993572626758 
1.504367562152125 3.1949395667485754 2.1008562764136416 2.804973527230011 3.5015665128283455 4.199346355381437 
0.7790918315552726 0.02364021733845434 2.0982048185797963 2.796767056158806 3.5008723686177787 4.19941832585139 
1.4975430311836386 3.1949395667485754 2.1008562764136416 2.804973527230011 3.5015182735517305 4.199346355381437 
0.8446716314083926 3.0457760513530414 2.104326624696545 2.805529830407249 3.501567194446612 4.199455381655783 
0.021890859153189092 1.059390261238796 2.098669025235109 2.8045807935343223 3.5015196105897175 4.19922621067891 
1.650136903837195 1.3709313986583997 2.097435883398377 2.8057887312702094 3.5014922330373874 4.19880983027401 
1.5904480778399261 1.5268845350528562 2.097404207559262 2.80601558467226 3.501168346405941 4.199357274399733 
1.5772780569449694 3.009290254232154 2.0984786527412562 2.8050917316808692 3.501671548570358 4.198772789135002 
1.408220573291168 0.12177310528737884 2.098811288048709 2.8048804019910225 3.4969654718783487 4.199010912692516 
8.058761018826521E-4 1.5069341635409426 2.098674722352602 2.804593324316188 3.5015158064642087 4.199116008127165 
0.011725645292391559 1.1908140094241682 2.09886407301069 2.804566308819864 3.5016443831692223 4.204951280683683 
0.9029439776073585 2.838051770106669 2.098453168625681 2.798763777746176 3.5015667498527447 4.199197852851227 
1.6480640110730294 3.0957374101839688 2.0988699172696017 2.8044233667102945 3.501634244775314 4.204921805628674 
0.0028562298762108557 1.126018096619612 2.104401701245093 2.8058104049611536 3.5016196846289027 4.199153174955505 
0.8267790179252152 3.1267820487069344 2.0986688735484775 2.8058816171585264 3.5016341174086563 4.199058447124749 
0.752831289699837 3.1498492212002303 2.0984794835227163 2.798253642329646 3.501684474203656 4.198748481143065 
1.5912978591938993 1.3732830886089495 2.0984567483672754 2.804884351526737 3.501418206656919 4.199360281004508 
1.5724584087628657 3.109740325130757 2.10484269851425 2.804144070522718 3.501015820549092 4.199370567229681 
1.2421507222517654 0.43310771867619435 2.0988108056323775 2.798012759964955 3.5016432204079244 4.198840604217823 
1.2316275152477951 0.43310771867619435 2.0988115488541625 2.798012759964955 3.501690541260643 4.1987570007690564 
0.08823665264658849 0.1572044662208898 2.1044017505068537 2.8058151689906663 3.501619140171126 4.199153174955505 
0.021250300827513335 1.2002653705831179 2.1041156757207555 2.8058104049611536 3.5016218461886366 4.199153174955505 
0.0019197631337645599 1.2655240677685846 2.1044017505068537 2.8058151689906663 3.501619140171126 4.199153174955505 
1.6489253626226055 1.45715626052109 2.09745252583429 2.8059914834729986 3.501486785221949 4.198820782515471 
1.5166666997566687 3.3241766465345894 2.098350831588962 2.7980357808944727 3.501594811474627 4.199170068230042 
1.5873328219124263 3.1133662436315697 2.09883037251697 2.8057770419748795 3.5015202043515354 4.199412724825326 
1.3660874530251956 3.4387640260853667 2.0973372336212934 2.8058793993143447 3.501545193663007 4.20486098291184 
0.883298188727017 2.8613913213143176 2.0984882371181657 2.7986519267430325 3.501566750803599 4.199209820007735 
1.3753741742492471 0.10191007624313442 2.09871091887171 2.805091744971902 3.4970539335923725 4.189633567696461 
0.025248177356947343 1.3068847833127921 2.0988068005544034 2.7974745165592 3.501683611055361 4.20446990583344 
0.7530931977279784 1.3764501110171903 2.0988093601126034 2.7980308231924256 3.501243394591912 4.199057752187278 
1.6728653500793516 1.1992519278368294 2.0986835843202223 2.8057990527147174 3.4970950792438806 4.204457566753961 
0.8990451302602189 1.3055648660281145 2.0987444807875115 2.8056836315597016 3.501597617151085 4.199158253797323 
1.6480640110730294 1.2922963689255322 2.0988699172696017 2.804764078698392 3.501509442327045 4.204921805628674 
1.2316275152477951 0.4865040026104023 2.098921569277888 2.7982489247495717 3.5012597385096487 4.199391256536189 
0.014783948580150308 1.3068847833127921 2.098781325730863 2.804597272678684 3.5015955851083946 4.199153174955505 
1.6480640110730294 1.2968086564443373 2.0988699172696017 2.8048823504456397 3.501509442327045 4.20492983574971 
1.5513320266918547 3.1275520889926085 2.0986688735484775 2.8058816171585264 3.5016346907865796 4.199052464526336 
0.011715048608364906 1.362126771636005 2.0988371473291467 2.8043350572989674 3.5011861415638834 4.199513445501252 
1.4813762212823423 0.04970691597047627 2.098682365390628 2.804681901062252 3.5011909452573415 4.199370858800907 
1.571659384917474 1.4632903543420284 2.098253310314455 2.8060037657860404 3.5014867957188933 4.199375744791784 
1.4763411244585636 0.17580635154063873 2.098447356865038 2.7985977491261873 3.5016324081665897 4.198756415147489 
0.013972188634795435 1.2672552468621165 2.0987748982729433 2.804597272678684 3.5015955851083946 4.199153174955505 
1.5782405212195114 3.1924297862407096 2.098425380192487 2.8049145756457468 3.501493948111138 4.199081092147068 
1.4677793817596458 0.04970691597047627 2.098682365390628 2.804681871585617 3.5011909452573415 4.199370858800907 
1.5725976935097963 1.5438756557680111 2.098236667878542 2.805800364899465 3.501492243534332 4.199364792550323 
1.5076815690205896 3.3015445600449826 2.0988717401179287 2.8049145756457468 3.5016385695414916 4.199370012125708 
1.2237601515962733 0.716844489400629 2.098845039371639 2.804425476978981 3.501200727780473 4.199360422450844 
0.7530931977279784 1.4038200596990378 2.0987844821886927 2.8062188424615235 3.501243394591912 4.204349147293204 
0.031751174068825994 1.2482844411649792 2.0988700545245496 2.8069697144822263 3.5015668848421275 4.199387268269966 
0.001208535445254677 1.1700241536004858 2.1044017505068537 2.8058151689906663 3.501619431704421 4.199153174955505 
1.567939673482084 3.1076832664742624 2.0973382798924254 2.805880227126831 3.501540925946933 4.199404486030723 
1.369858039016756 3.4387640260853667 2.0973372336212934 2.8058793993143447 3.5015162524758807 4.205091597269636 
1.5012485987646933 0.02619024175475071 2.098453168625681 2.798234651209218 3.5017002606811722 4.199197852851227 
1.2316275152477951 0.40243597750723703 2.0984837307740576 2.798236582975286 3.5012784080753216 4.199205345976035 
0.038862614983502186 0.05694955606178009 2.09882119783463 2.804796195149974 3.501598057894684 4.199157988853538 
1.5108137331995397 0.1748956838826683 2.09890363427135 2.7982245505785346 3.5016847206469404 4.198755136787138 
0.044101618687942934 1.0900463543848347 2.0987833907555578 2.804238776528659 3.5015945998038895 4.199053358470491 
1.3058801779878486 0.36295376547204583 2.0989451510597514 2.806111389608914 3.495545935658553 4.205109781702555 
1.480369621283106 3.1924297862407096 2.0986805683621306 2.8049145756457468 3.5016287108310347 4.199371108642575 
1.5887657529058126 3.0051621391378895 2.0988975302960493 2.7982244027890526 3.5015983626857063 4.199200214430059 
1.6068257809313748 3.0261838435415305 2.0984813892696024 2.8050917316808692 3.5010621934292923 4.198772789135002 
0.10093951696274173 1.2578932944557804 2.097312281027381 2.805628492567013 3.501640954521256 4.199388155752905 
1.64801428084503 3.0051621391378895 2.0988975302960493 2.7982244027890526 3.501599355831472 4.199229909587493 
0.883298188727017 2.808655750413416 2.0984882371181657 2.798872768902097 3.5016434941881576 4.199392636418838 
1.5012485987646933 3.3275561797676834 2.100851880846108 2.797970437547074 3.5016902473340923 4.1993937035011335 
0.031061777787796063 0.0031113972089948927 2.098674722352602 2.8045807935343223 3.5015678498663325 4.199202395282407 
0.0130631694250265 3.1133662436315697 2.104395959466111 2.7668685430243425 3.5015153602991123 4.199150469654975 
1.3753741742492471 0.12177310528737884 2.09871091887171 2.805059383908049 3.4970560669700665 4.204921805628674 
0.6755024982473399 3.1881859485139215 2.0988163866126057 2.8049140306813864 3.5016391843264936 4.199628736356678 
1.5772780569449694 3.1237889202475078 2.10075718896116 2.8050918839632497 3.5014986841355333 4.19997347838306 
0.6562688959210947 3.3816371930176197 2.098855497816045 2.797927269032029 3.5011991157034585 4.199187623777544 
1.5724584087628657 3.160080526526471 2.1045924219807235 2.8042006145814384 3.5010205057472943 4.199344452386775 
0.7058976917721527 3.199079840164717 2.0985850283412835 2.7983740906667065 3.501638766385008 4.199321646850672 
1.5014066119804457 0.0501108642116232 2.0984882371181657 2.805868907472897 3.5015354422007974 4.199393640546598 
1.1955006755293036 0.698543314246083 2.09886712747285 2.8069697144822263 3.5015421403696894 4.199387268269966 
1.5911879764934627 1.350890503568887 2.098447931553749 2.804325509460299 3.501421774980266 4.199365671239734 
1.5784770457805715 3.1073574824520236 2.098779289212282 2.8050360610836482 3.501407286221914 4.19938287245684 
0.7773191891509361 0.0843548312979382 2.097436485011449 2.8062188424615235 3.501243394591912 4.204349147293204 
0.011725645292391559 1.4062381406201547 2.098864384817448 2.7980022578691077 3.501690214622548 4.198822624847658 
1.5773581156469578 1.373578426754771 2.098446773877103 2.8047960360503583 3.5014931187067604 4.19905841211096 
0.7990788355944971 1.4007502494411086 2.097438478666328 2.8062186369145468 3.5014882239146905 4.204339413487245 
1.5912978591938993 1.3831195353349124 2.098446773877103 2.804884351526737 3.501417427226405 4.199357693878931 
1.5752342449176446 3.1237889202475078 2.10075718896116 2.805091336203482 3.5014986841355333 4.19997347838306 
1.5011738851241112 0.07729721143705826 2.0984882371181657 2.805870228915361 3.5015211256432854 4.199209820007735 
0.7614792439622473 2.996125926289877 2.098811288048709 2.8048804019910225 3.4969654718783487 4.199010912692516 
1.5513320266918547 3.1275812590346437 2.0986688735484775 2.8057757072461915 3.501632538842792 4.199052464526336 
8.058761018826521E-4 1.485257830745915 2.098674722352602 2.804593324316188 3.5015158064642087 4.199116008127165 
0.8225142635346421 1.3174090624454833 2.0988142398975325 2.804570344185097 3.501632317580915 4.2042471630777545 
1.657736635674462 1.3041973345831837 2.0989260793832965 2.798020426798833 3.5011232387223363 4.1987504873010115 
