1.706616491727181E-4 0.0024016569213942685 2.098781655418052 2.802992519416427 3.4918338994083653 4.218330151975951 
1.999842121104582 3.999991667053403 2.098727601068664 2.8026570708038294 3.491850856614752 4.220130577334522 
1.9962772506663702 3.7871334458954813 2.0972993435134284 2.7964312710697508 3.4915529317483855 4.218703889851298 
1.9653270831800926 2.490273713211374 2.098795950247849 2.8028382241243497 3.4918337684821728 4.218561845879333 
0.4473474045839594 3.932220969582664 2.0987698053012847 2.8029672701044372 3.4918504921435414 4.218342091295079 
1.9295363507209586 2.294433883711538 2.098835193383956 2.802863183096546 3.4918479867325445 4.218557648690419 
0.40653893252641743 3.699586910845628 2.0988758802779914 2.8036475944534436 3.492586527108311 4.218305186295685 
0.4473986020182055 2.3456717769299082 2.0987713248267386 2.803057158218044 3.4918401517194684 4.218346895849943 
0.47331488673263905 0.7301421194734378 2.098905161461347 2.8028933236753226 3.491852317931527 4.218348227698178 
0.4197925878893768 2.0008067536304415 2.098631147299374 2.8026373805252907 3.4917729912613846 4.218725796011277 
1.9273045892213156 0.684637792374449 2.098469441937633 2.802949995452223 3.4915513641609666 4.218394112738292 
1.9653270831800926 0.6624758356298821 2.0987980066524097 2.8028382241243497 3.4918337684821728 4.21856380447437 
0.49971821439481606 0.3731606050104139 2.097495600906933 2.7968825044672267 3.4915692353946484 4.218346895849943 
0.36845807674651265 3.8358176791854053 2.0988531011316396 2.80310234809465 3.491851830609479 4.218382529669815 
1.168989767563769 3.9510248462875732 2.0983641700899947 2.8028224067991925 3.491876421289694 4.218561223226852 
1.9641539268323798 3.9012124477918495 2.098313103987206 2.803316856882955 3.4918541331148822 4.218399799393765 
1.9348365208818719 3.948021177849968 2.098796042910517 2.8027800297785292 3.491870187317467 4.218582249267378 
1.9962772506663702 3.930743698451498 2.0972993435134284 2.7966001518555204 3.4915513782847705 4.21839446685658 
0.28270498182824216 2.406382797734376 2.0970802934585997 2.802637330131942 3.4918384056941987 4.215298636115432 
0.5002830029679833 0.10737685575630085 2.0987862728650444 2.7968965165369157 3.49187114481845 4.21831702145244 
1.9149366051021552 2.341875977511503 2.098801294165709 2.8028621463639327 3.491850856614752 4.218632586792368 
1.9347870373044593 3.9370008715145564 2.098756140991644 2.802680796081418 3.4918699551389167 4.21857447736596 
0.49971821439481606 0.44146320822203555 2.097502565690798 2.796863499212284 3.491852838177952 4.218346895849943 
1.9962772506663702 3.849316285879251 2.0973473697903886 2.7963730623025636 3.4915529317483855 4.218703889851298 
1.073721323224993 0.7211990200755631 2.098393388873881 2.803440571676113 3.4917689722358825 4.218591888931801 
1.9360515178199744 3.9792453050079386 2.0987762429462244 2.802778345315715 3.492698348601365 4.218561223226852 
1.9982344247451151 3.967386487475362 2.098796089771654 2.8028621463639327 3.491850856614752 4.2186462049970395 
1.9149366051021552 2.4887351991407662 2.098801294165709 2.8028624660049295 3.491833787482004 4.218634314223622 
1.1975569344476462 2.274914307744541 2.098905161461347 2.797988141630787 3.4918505416656798 4.218642733027285 
1.998834184771497 3.9052941790693505 2.098395751240517 2.8030501989085717 3.4918491645329226 4.218387280042097 
1.9306699481380436 3.936360875707086 2.098756140991644 2.803053390212393 3.491847087730483 4.218289555014123 
1.9084240195331799 0.7420461133784215 2.0984622023471275 2.802949995452223 3.4915513641609666 4.218394112738292 
0.4473986020182055 2.2619223892268905 2.098380973590311 2.8030574800033583 3.4918401517194684 4.218340702460334 
1.993676958129378 0.7301421194734378 2.098905161461347 2.8028967961716353 3.491852317931527 4.218348228178055 
0.3093410360123313 2.3344783131342326 2.098432495399278 2.80343606106615 3.4918688724796874 4.218435201028959 
1.1260762607213048 3.9052127982327884 2.0988458615411347 2.80310234809465 3.491851830609479 4.2183442675525695 
0.3708228604395791 0.8056203265548805 2.0987285939802347 2.8033345706433694 3.4915852256858275 4.218677110366992 
0.34702798699311044 0.6510626331623564 2.098795095139573 2.797426388934437 3.49184749730689 4.218563139434969 
0.4468568098408807 2.0008067536304415 2.098385010117286 2.8028363320939547 3.492518355405487 4.218102913881977 
0.2774970902854367 0.6675084339550065 2.0985147608096253 2.803394786848632 3.491562971584868 4.2183056986414424 
0.055233773889089344 0.004639442502122282 2.0987631544803103 2.803399539741318 3.491514157222424 4.2187250068707565 
0.33580654941826776 2.3535602335656276 2.0987713248267386 2.803057158218044 3.4918401517194684 4.218305332805448 
0.5002875352028615 3.6517417201064273 2.098786147703464 2.7962073746918104 3.491840536074884 4.220053951363502 
1.1677068015112542 0.6622810180319783 2.098798938357012 2.8028895054184373 3.4926928361422442 4.218578679425896 
1.100349935824233 0.6574534112839396 2.0975143145208945 2.796675477031778 3.491577438696543 4.218324102206574 
1.972559646276112 3.9189151300677563 2.0988670174621866 2.8030501989085717 3.4918491645329226 4.218387280042097 
1.1958020442902413 0.6675084339550065 2.0987068174312453 2.803392235796193 3.491562971584868 4.2183056986414424 
0.352557946490215 3.9052127982327884 2.0988458615411347 2.80310234809465 3.491851830609479 4.218382529669815 
1.1922743571352643 2.1641407071411343 2.0987060319523874 2.8028895054184373 3.491846830645531 4.218576720830858 
1.9879459675431574 2.2569846125915616 2.0984719608242037 2.8030573129628436 3.4918401517194684 4.218284251231075 
1.1677068015112542 0.5920400471517806 2.098798938357012 2.8028895054184373 3.4926928361422442 4.218578679425896 
1.2356343163773902 0.6510626331623564 2.098795095139573 2.7970625807840896 3.491816665305362 4.218563139434969 
0.45129423394650603 3.849316285879251 2.0969706605238483 2.7963730623025636 3.4915529317483855 4.218703889851298 
0.368341904191146 0.5234901309822972 2.0988765649507615 2.7978368743140143 3.4915841040222197 4.218683757909842 
1.1868634061241468 0.6662879656950539 2.098708088356948 2.802786520825621 3.491835381627549 4.218588503926214 
0.15902463184499163 0.013343292696923581 2.097777238837772 2.7971062117332868 3.4918780957948754 4.218292356147871 
1.136028864492493 3.9887633730378824 2.0987241077723766 2.802822347381214 3.49184708855372 4.218392456198007 
0.368341904191146 0.5754486155490675 2.0983824605145722 2.8033928224193843 3.4915888412412377 4.218685114683464 
0.33079716734676584 0.4990403643012701 2.0983824194524554 2.7973618382471557 3.491551825581714 4.218709805893979 
1.9990786285146427 3.8828535133023765 2.098469441937633 2.802949995452223 3.4915563274449672 4.218394112738292 
0.3493506791159264 2.3789706237055066 2.097279221532024 2.7968503219189893 3.49079259538602 4.220087165590382 
0.26630409129847565 2.406382797734376 2.096986613828278 2.8026373349025464 3.4919154048591223 4.215298636115432 
1.19116615332294 2.305161414217967 2.0987723908067046 2.7977906971268496 3.4918751184173926 4.218631340532305 
0.2764962086985535 0.48644955286435754 2.098512007356293 2.8026852370868807 3.491835012120001 4.218768905816504 
1.1527119693914487 3.941282270293919 2.0987143900385097 2.8028621716577793 3.491850624507622 4.218342092611123 
0.36996613876059325 2.460293322370501 2.098432495399278 2.80343606106615 3.4915848574663886 4.2183050520953564 
1.1299972647606253 3.933326815340765 2.0977861154109276 2.803195890663388 3.491863045960018 4.218353630313668 
0.2824222488604178 2.4392852235351494 2.098432495399278 2.80343606106615 3.491810620557424 4.218366650213028 
0.28238602599175544 0.49393434941452086 2.098512007356293 2.8026833289351303 3.491835012120001 4.218302589732873 
1.1439995444965012 3.9887633730378824 2.0987241077723766 2.802822347381214 3.4915394539347817 4.218392456198007 
1.987364431732231 2.229057147567282 2.098819397800341 2.7975670157001136 3.4918584099175844 4.2185626366372295 
1.19116615332294 3.990304388518051 2.0988547021613218 2.8031547703154707 3.4918761845110393 4.177674214345562 
1.1231627873503993 3.933326815340765 2.0983824605145722 2.8028270455023954 3.4915799506336787 4.218716226105972 
1.1369874748365152 3.933326815340765 2.0983824605145722 2.802820817047125 3.491858106234069 4.218716226105972 
0.347806605037498 0.7581019351997216 2.0986998504279772 2.803400187362647 3.4918097401763744 4.218608912220936 
0.45782736198571283 0.5754486155490675 2.098358356929828 2.8033928224193843 3.4915888412412377 4.218685114683464 
1.995583116175764 3.7976153777135546 2.0984210425794396 2.796940866731114 3.4918717124767054 4.218309034678526 
1.9843731587073725 3.973288101519428 2.098803617594343 2.802859314932045 3.491829045417001 4.218580418695711 
1.1683501518587975 3.933326815340765 2.0983825028846717 2.8028270455023954 3.491863045960018 4.218716226105972 
1.991223940893708 2.2348952000059663 2.098718752001055 2.8028614992418737 3.491847968383374 4.218359998248243 
0.25259084907095636 2.406382797734376 2.096986613828278 2.8026373349025464 3.4936029024198407 4.215371241738876 
0.3498426978844234 0.8052470790146589 2.0988527250337956 2.8034375635360522 3.4918106524801464 4.218370101485971 
1.9455051365069913 2.4594076272807426 2.098431832360556 2.796930049385364 3.4918717124767054 4.218315287424078 
1.1527119693914487 3.9447271494035343 2.0987143900385097 2.8028621716577793 3.491850624507622 4.218394085551066 
1.1527119693914487 3.9223042720938843 2.0986182945669025 2.8028621716577793 3.491815825456702 4.218342092611123 
0.4182407500165691 0.7734645286457176 2.098349184058668 2.797802413000477 3.4915292033081986 4.219876541651106 
1.8930221146311665 2.602250523732843 2.0987990512053694 2.8028341380713577 3.4918509620033653 4.218562054378661 
0.46052002163462946 0.3731606050104139 2.097495600906933 2.803033808724608 3.4915673456453864 4.218344769994381 
1.9559841308229482 3.9792453050079386 2.0987762429462244 2.802991818114327 3.4927443359810475 4.218561223226852 
0.4199265170964633 2.0008067536304415 2.098631147299374 2.8026312063427268 3.4917729912613846 4.218725796011277 
1.9880500639875947 3.8136059164841933 2.098792821575498 2.8030564319968807 3.4915904626133494 4.2183482281795515 
1.955929240314493 0.7301421194734378 2.098905161461347 2.802893574352649 3.4915451996307874 4.218348227698178 
1.2162669896455434 3.8968566516549616 2.0987143900385097 2.8028621716577793 3.491851782252164 4.218342092611123 
1.987364431732231 3.9694164850877742 2.098819397800341 2.7964391947954685 3.4918602978531115 4.218705646337458 
0.2607171500732747 0.7542939441403769 2.0970612250020197 2.802829458485823 3.4918097401763744 4.218571793279264 
0.2827390690556384 2.530408155394436 2.098781655418052 2.8034264135602815 3.4918338994083653 4.218330151975951 
1.706616491727181E-4 0.2485916247193829 2.098781655418052 2.802992519416427 3.4918338994083653 4.218330151975951 
0.3792553049411993 3.948021177849968 2.098806275999874 2.796520189797569 3.491880309797801 4.2185839661556335 
0.352557946490215 3.9312096374463037 2.0988323379851916 2.80310234809465 3.491851830609479 4.21839441327242 
1.9455051365069913 2.4531984905488313 2.098431832360556 2.796930049385364 3.4918410895168734 4.218366932310707 
