3.618018290914293E-5 3.231696794749883E-4 2.1001119525677248 2.7999053065757864 3.5015647956418654 4.202179672918947 
1.877919456797312 2.6644774949283576 2.1001263675210087 2.7998919379496634 3.5019332886153496 4.202047942046705 
1.8298085652700453 1.1687019570597756 2.1001263683642306 2.8000165396871277 3.501573059375434 4.198882379291236 
1.7226175652584126 2.7083703112159148 2.1000263032787334 2.7999743454449924 3.501565547878085 4.198913825867743 
0.2664565700372225 2.7068930344582016 2.1001271994558977 2.8000631503129867 3.5015721831142197 4.198923468986462 
1.8272891686423534 0.8581052891906256 2.100126960409753 2.799972418365643 3.5015796356622158 4.202281487602808 
1.2599579947998625 0.32050175881293275 2.0993053065761864 2.801887934722524 3.5020769557228544 4.202395397406153 
0.32598844454608633 1.023592180018442 2.0999776978825873 2.7999707181210347 3.5026713926297655 4.203094028863525 
0.9637706111096855 1.021528931331904 2.100051870545317 2.8060587477940735 3.5024459243713135 4.202413508977863 
0.1985952833780451 2.588962825679877 2.1000264388562986 2.800085096418751 3.5020556587421847 4.202955390596353 
0.9986152280097804 0.9330492367177428 2.099215515450335 2.799893698621793 3.502064743432019 4.202358706116948 
0.03098694470753697 2.841292889922747 2.1000705894915632 2.799955355696705 3.5020403768424067 4.198740673336119 
1.7795586700339354 2.669777542756477 2.099446629279625 2.7991732314471363 3.501806189935397 4.199216646205918 
1.881243234311705 0.9458153921150867 2.1001348111073463 2.79996722842667 3.5021338686224692 4.202633562838044 
1.7590843287564344 2.6939661730320603 2.0992069611576993 2.7990929063438363 3.501589780607898 4.198222761766634 
1.814424795697192 2.7239911207579532 2.100005434715284 2.800104301236426 3.5015478550776327 4.202174869816229 
0.9637706111096855 1.1664469243959767 2.1001667322130877 2.8060587477940735 3.5024459243713135 4.202491974677637 
1.8804170885008065 2.61183797311669 2.0993482482730297 2.7991620160971253 3.501919528503208 4.202016058242336 
1.8272891686423534 1.0280467281988865 2.100126960409753 2.799972418365643 3.5015796356622158 4.202281487602808 
0.22107344325032108 0.5955997876080539 2.1000698359759724 2.7999995962969955 3.5020362096610724 4.19866993366508 
0.9956954153782909 1.2103123789457846 2.099427032014381 2.8000708024912795 3.501915203642181 4.198864756279033 
1.0056917721813554 1.0567726994657543 2.0992978645097975 2.799984537127504 3.5024508313597744 4.198769356818653 
0.03507916549177875 0.2646538168955279 2.1000987017123096 2.800063087173484 3.501959256979417 4.198737599139249 
0.9986152280097804 1.0237188253467406 2.100025465477576 2.803032428695283 3.5020695583753496 4.202358706116948 
1.782809849018567 2.6322063564226363 2.0994469244687703 2.802258292721315 3.5021624965600497 4.19913054893607 
1.8298085652700453 2.6678550278579083 2.1001263683642306 2.8000165396871277 3.5015700400280916 4.198882375926042 
0.9885741588929551 1.1683952794485066 2.100025338672141 2.799971727799659 3.5017971921542865 4.202254150703514 
0.05340909720410664 1.1740906566451983 2.0992173175188857 2.80203661575576 3.5024645721193917 4.203038002385347 
1.7807301687502135 1.170624471998174 2.099446629279625 2.7991732314471363 3.501809209282739 4.1991653261378215 
1.8823929595033038 2.5307396236050126 2.1000769952988914 2.798761501094803 3.50245150976272 4.201905007782639 
1.8181514564317804 0.9324270204470919 2.1000945744385446 2.800021627332513 3.502064750072738 4.198452081713991 
1.8775370216611316 0.8655042837877841 2.102147559149646 2.802289430440732 3.5015867950009123 4.202151695005884 
1.7501961316040826 2.6721393089372976 2.099509469744544 2.7991669938718666 3.502442606395926 4.201937414890755 
0.2994546681394423 2.4413886193187886 2.1001662233051905 2.8000719507387437 3.502203361931312 4.201883496125545 
0.2994546681394423 2.5214336265375157 2.10007055594035 2.8000719507387437 3.502203361931312 4.201872884441251 
0.1592585902683914 0.9838512984697787 2.100035332848761 2.799970617406266 3.501898584952329 4.203081002135635 
0.03757834969533547 1.1740906566451983 2.0992173175188857 2.80203661575576 3.502464152827544 4.2489370175935 
1.0404790860391024 2.6939661730320603 2.0992069611576993 2.7990962565160356 3.501589780607898 4.198179631150085 
0.2204591720226712 0.9408211743107502 2.099376699159048 2.8000870537821805 3.5020370201089914 4.198720209551921 
1.7554294074269632 1.028737726597251 2.099163322291508 2.8021181474054795 3.5023738743533483 4.202989942054054 
1.8181514564317804 0.8943364568821327 2.100129402765114 2.800021912264329 3.5020430473385575 4.202188950457659 
1.0345511366105615 2.6939661730320603 2.0992069611576993 2.799096865322486 3.501589780607898 4.198222761766634 
0.9902023553059258 1.0706390289702736 2.0992253535442247 2.80006890690458 3.501915203642181 4.198346801971536 
0.24221025435044746 1.005627751167816 2.0999815207499397 2.7999707181210347 3.5026784877459116 4.198590272600444 
1.8741603503525632 2.5214336265375157 2.10007055594035 2.8000719507387437 3.502203863722889 4.1989928340633655 
0.2376471558699924 0.8520033748840977 2.0999776978825873 2.7999707181210347 3.5026747422703064 4.19840243450053 
1.7557701629643825 2.7432521903960434 2.099445616732462 2.799980145084075 3.5015880605842087 4.198222761766634 
1.877404962702879 2.6644774949283576 2.1001263675303536 2.7998911288023 3.5019332886153496 4.202129729372533 
1.7283146317310145 2.731251458396721 2.0992273256169542 2.8000603646150486 3.5015856450099516 4.202322669580091 
0.19086875231986705 1.0124314150364802 2.099299651630895 2.800009052391171 3.502448059399288 4.198665581095579 
1.7558830232984517 1.012800233072106 2.100053605059373 2.7998491040567437 3.5015744332637304 4.198913825867743 
0.1556731834996387 1.0366500728378376 2.100035332848761 2.799970617406266 3.501898584952329 4.203081002135635 
1.7387253896552601 1.1753827746783754 2.1000310536831277 2.7991266613987986 3.5020556587421847 4.198210592153621 
1.8764067369614172 2.5307396236050126 2.1000769952988914 2.7987546969964985 3.50245150976272 4.201948138399189 
1.7561052732175428 1.0342519402553298 2.099345109433358 2.7991346549421148 3.50191931895511 4.198222761766634 
1.8779254510006804 2.4028006664428028 2.1001263675210087 2.799942767066769 3.5019332886153496 4.202013069995666 
0.9299188833087273 1.0213529556943899 2.0992058914636464 2.802035673737125 3.5024644407944487 4.203038002385347 
0.2733519456809311 0.9117913401271738 2.10003329456836 2.8000093852497905 3.5020295263746344 4.198544032530016 
0.1592585902683914 0.8964248224083617 2.0991058186752625 2.802890982543176 3.501898584952329 4.203081002135635 
0.011201270493375604 1.1740906566451983 2.0992173175188857 2.80203661575576 3.5023772512958757 4.203038991567111 
0.218353853993684 2.5649450158314813 2.0999694751861333 2.7999707181210347 3.502678688079835 4.203348682120348 
0.03507916549177875 1.0418440421871635 2.1001006830878377 2.800008298448956 3.502428706770715 4.198666796063619 
1.8886181286956436 0.9465979296652626 2.0994653537259262 2.7999115299933166 3.502179978571964 4.198001499063904 
0.03543049310769521 0.030629615983896324 2.100099814780117 2.800063087173484 3.501959256979417 4.202207868359209 
1.7213603801016646 1.1687019570597756 2.0999746886636057 2.7999710561837063 3.501573059375434 4.198365627692211 
0.9346066197636258 2.7628505332279842 2.0991451162532453 2.8029214327156606 3.502040454691425 4.202209029571403 
0.11286895218236781 1.0090581746860021 2.1000264388562986 2.800085328039822 3.502673638012269 4.202955390596353 
1.6995122651851966 2.911066548599763 2.0992062925598804 2.7991156305896556 3.5027054334528236 4.19835764994608 
1.759868576125442 1.0382962836750171 2.100050595954877 2.8060587477940735 3.5024909846066192 4.198103469572139 
1.7283146317310145 2.789266012295124 2.100053605059373 2.7999471103959332 3.5015744332637304 4.198913825867743 
1.7891771040301405 0.9388733074438187 2.099973777526892 2.7999707181210347 3.50190499031924 4.203094028863525 
1.7881971839054511 1.023592180018442 2.099973777526892 2.7999707181210347 3.501900486596987 4.203094028863525 
0.2687018701780433 0.9857094473767508 2.10007055594035 2.8000850511791344 3.5020515758751527 4.201801700445443 
1.7560498626953434 2.7239911207579532 2.100002718547747 2.799942453366035 3.501586935490578 4.198368257371756 
0.035337236049819504 2.7975840424801435 2.0999763171439882 2.79995093181434 3.5020406224178173 4.198603392550014 
1.7734071840382066 2.7239911207579532 2.1000056359063555 2.799942453366035 3.5015478550776327 4.202174869816229 
0.9986152280097804 0.8949586731527834 2.099247426418296 2.7998939835536083 3.502082121110784 4.2022889624161435 
1.0201215551436456 2.5458526360795553 2.0992058920335617 2.799196463875767 3.502448059399288 4.198520039002056 
0.218353853993684 2.570230238315689 2.0999694751861333 2.7999706144823056 3.502678688079835 4.203348682120348 
1.8886181286956436 0.8655465510990089 2.0994653537259262 2.7992756006485466 3.502179978571964 4.198361561161778 
0.22152720389519515 0.9830388465782987 2.100087534197913 2.800008207342691 3.5020362096610724 4.198735580765492 
1.7503402667837717 2.6792532692702076 2.0994178386143747 2.7991683165836236 3.5015920745388467 4.198759010568674 
0.1985952833780451 1.1753827746783754 2.1000264388562986 2.8000821203319846 3.5020560416499618 4.201817673201789 
0.1985952833780451 1.140176616326996 2.1000466395901776 2.800085096418751 3.5027030394024896 4.201817673201789 
0.08655723651530295 0.06352871656835424 2.100025338672141 2.799971727799659 3.5017991893758005 4.202279974822155 
0.08965248942905846 0.9460975709242612 2.1000282315536642 2.7999666040930373 3.5021338686224692 4.202633562838044 
0.2376471558699924 0.9476878957339474 2.099968128437931 2.7999707181210347 3.5026747422703064 4.19840243450053 
1.869506048282626 0.9330492367177428 2.0991796981511577 2.8000299309869336 3.502064743432019 4.202361743512726 
0.9608312986137268 0.933271926862668 2.099204167941678 2.803032428695283 3.5024647410609413 4.202413284440117 
0.050273355357947525 0.030629615983896324 2.1000019223165003 2.8000689326377555 3.5019602477421525 4.20215765777308 
1.7283146317310145 2.709192699953312 2.099211144965247 2.799893716981327 3.5015856450099516 4.202322669580091 
0.9866960889211202 2.6322063564226363 2.0992165258842506 2.802258292721315 3.5021624965600497 4.19913054893607 
1.8725690643633328 2.5751696383550793 2.1001248219914093 2.799892021304101 3.502174585567408 4.198910554211715 
0.05357183160628104 1.0688771676958646 2.0993451672420016 2.7992511669547695 3.5019205759451593 4.198342189573952 
0.38626279880497083 0.3061150895039717 2.1000666923810942 2.80234899108297 3.502178251108341 4.198371105331419 
1.725666738193357 2.789266012295124 2.0991892993505967 2.7999471103959332 3.5015744332637304 4.203110871142943 
1.8822050349908896 2.522337757472675 2.099906859375216 2.800105429391806 3.5019453934112574 4.1989423963123755 
0.026278711095212404 2.8120403613892666 2.1001232568529313 2.7999508716914816 3.5016155745400743 4.202296279191089 
1.0536775166563432 1.0280467281988865 2.100126960409753 2.8000719636934317 3.501906040144919 4.202281487602808 
0.31755312750910303 0.4234548913983024 2.0999918779592384 2.8018468030842114 3.502458740352326 4.20308421502403 
