1.999951094379227 3.999910131310266 2.1031743775279717 2.8043736913084416 3.483525664210596 4.180267796893767 
0.009988579996445313 0.004544235456204082 2.10310364388497 2.804316375713313 3.5205415798983237 4.2245766787131975 
1.816727577438116 2.786747351337373 2.1032738045985675 2.8043628483422434 3.520492644282597 4.224674984155388 
1.913175301428521 3.9532539265240754 2.1021469006088074 2.8042633697073223 3.5209084474203562 4.22465339000319 
1.994686547311457 0.8389873597629229 2.103906691327268 2.8043743652911974 3.5198720869112115 4.221843097354517 
1.7216118834265233 2.7096017288463923 2.102215121628952 2.8050119207824262 3.520244653824183 4.223874229134457 
1.9347371189727343 0.6431361376210523 2.103118644353582 2.805124054321758 3.5168756137410346 4.2199038779655265 
0.17305229856839596 2.893357165182521 2.1019938365491257 2.8042778372380917 3.521293222946067 4.2237125583337525 
0.04068003778027329 2.7607249884449283 2.1035443068588826 2.8044004813443943 3.5205635116501823 4.222861282740381 
0.4171750537509161 0.8425316370153544 2.103979576434849 2.805326952386037 3.5166575385734244 4.214162887547646 
1.9672970913963392 3.975076804837146 2.1034539911969237 2.804392532905371 3.521344999069574 4.224690755910356 
1.7982031537414278 1.0114273981098447 2.1031710151338596 2.804360217871584 3.5171636641233244 4.224079700151907 
0.3506435184932841 0.842150146379486 2.103906691327268 2.806635221359257 3.51992191627007 4.224654972948711 
1.9834454118400182 3.981400618115448 2.1034622777155154 2.804288346388545 3.5212078775837443 4.224679078716313 
0.36995615280767247 3.896960618276415 2.1028049890837934 2.804405194063207 3.513769099949277 4.22464072180376 
0.04155832211414434 2.778208164602376 2.102235025817495 2.8052685607099543 3.5205635116501823 4.222919751398143 
1.7041385471914239 2.786747351337373 2.1031100031074037 2.804359235900329 3.5203532143268803 4.224674984155388 
0.14726671419634052 2.5896911449184605 2.102797701971006 2.804471035731737 3.5198176510474504 4.234540702244386 
1.942853241189965 0.6431896563984556 2.10324962537815 2.8052520550414424 3.5167943687268255 4.219880477883798 
1.7934458929043235 2.6227530017255387 2.1019587100721737 2.804373041156885 3.516383088017181 4.193158367446075 
1.9904818253168906 0.7292181975354304 2.1040235280910804 2.8042160656912936 3.527987199587297 4.180611322810548 
1.9189147678900889 3.9532539265240754 2.1021909660512295 2.8042633697073223 3.520889985561846 4.224551367972455 
1.9726304328712474 0.7404724803322194 2.098366186906342 2.804357219302138 3.5204976825992853 4.223403842055725 
1.9612091140164871 3.932549199863035 2.103092238072384 2.8050752690347243 3.520740557593217 4.22459004823075 
1.8044158478537453 2.622908159614015 2.102726261770627 2.804314295532778 3.5276716373558976 4.182666558415144 
1.942853241189965 3.990732066482111 2.10324962537815 2.8052520550414424 3.5167943687268255 4.220372248584298 
0.04569266713411968 2.848502262127528 2.1021886041843394 2.804362855902474 3.5204969091731235 4.224674368380993 
0.05323520328289066 2.7988964185338405 2.1021244596429995 2.804406915935016 3.52834121672711 4.224099940948117 
1.9352713933011414 0.7963800219154573 2.128696714656507 2.8051565112190424 3.516876513596585 4.223469001375317 
0.29988398362185237 3.9463769269251956 2.1034515601953134 2.804365372201685 3.520942516201327 4.2245664852285865 
1.7988642895255365 2.6227530017255387 2.1019899614647146 2.804215581609266 3.5166986502485797 4.180267796893767 
1.805235217247179 2.559817424530544 2.1030802545455107 2.804392170731759 3.513277916200837 4.219878752497688 
0.13348118878518433 2.7607249884449283 2.1035436703120363 2.8044044689616277 3.5205635116501823 4.222861282740381 
1.963154595813299 0.8529607699286187 2.1019739789584024 2.804361154555095 3.5199826722873677 4.235898313538901 
1.9611643289563085 0.7274894120193025 2.102759505554166 2.8198492146205436 3.5208836060004414 4.2230402847720665 
0.1195443405007941 2.8859984736361572 2.1031748876530307 2.804375716192711 3.4826943650752544 4.224674984155388 
0.20698274683043405 2.577975294187512 2.1027977362933465 2.804471035731737 3.519801358506364 4.234540702244386 
1.7816409924582974 1.0114247028381618 2.098369697784625 2.804360217871584 3.5202446039428734 4.224066743647236 
0.1985931254464507 0.7783493122024754 2.1016876715862964 2.8022243160787927 3.5163391828296247 4.224616840325677 
1.851128151458279 2.565377933194725 2.1031181625244306 2.8051124533559832 3.5133744245876066 4.219906936018386 
0.157551840336557 0.7274894120193025 2.1022024092358618 2.8044235411271496 3.5204875992052527 4.2230402847720665 
0.20921451793019785 1.0461646595679537 2.1039647707160114 2.8043964569002933 3.5169501485917523 4.179699620095462 
1.782001607517966 2.7871117089392876 2.1037651738473606 2.8050137810411244 3.5202446039428734 4.224066743647236 
0.04640337567457431 2.8765204866822267 2.1031775698148514 2.8042190918289123 3.520415455065547 4.222861282740381 
0.16342733494478232 2.684969138182012 2.1019930254828463 2.804406763195654 3.5198286427579126 4.222994584477368 
0.16247423978274336 0.004544235456204082 2.102159417261153 2.804316375713313 3.520691514395031 4.2245766787131975 
1.9966428374956178 3.967275442305393 2.0983350816557 2.804385083992314 3.5199700299789027 4.168080399842687 
0.1936471064050701 0.8307049647232911 2.1031267819631987 2.802178592867271 3.51967440184173 4.2245898349005095 
0.1985931254464507 0.8390834769904729 2.1016876715862964 2.8022243160787927 3.5163391828296247 4.224628992103749 
1.6831921027312422 2.797184033349041 2.103279727973442 2.8043629736660995 3.5204936361561163 4.219485390741706 
0.1195443405007941 2.703185439770695 2.1031748876530307 2.804362465383085 3.522407290049623 4.222970898090766 
0.29060073517274615 0.8436978858131634 2.1021064441951394 2.80460535361793 3.5165568319386113 4.224628992103749 
1.7041385471914239 2.8456142626014023 2.1031748876530307 2.8043724002752226 3.4826943650752544 4.224674984155388 
1.782001607517966 2.767389306025117 2.0983350816557 2.805020994726314 3.5202446039428734 4.167907400296066 
0.009988579996445313 1.0802356871104601 2.10310364388497 2.8042377745123104 3.51663523306446 4.2245766787131975 
1.7657843443990273 2.786199565859062 2.1032738045985675 2.8043628483422434 3.5204959219935867 4.224675849579206 
1.7139437104639756 2.875176408936219 2.102758086363252 2.8043741031718254 3.5276716373558976 4.234424842470167 
0.21796645126136188 0.8390897398976382 2.1021064441951394 2.80460535361793 3.516573859178425 4.224628992103749 
1.9697546796697234 3.9533311273017153 2.1031606775547265 2.804357219302138 3.5206299629263316 4.224600678783439 
1.9329382062233353 0.7274894120193025 2.102759505554166 2.8198492146205436 3.5138905899065467 4.224633662603689 
0.16341892543855097 2.822592265144513 2.103371296024996 2.804529537944169 3.520337874570357 4.225867276536521 
0.10154404192968136 2.887585752903132 2.103928861971269 2.8053125156739718 3.5168674480134205 4.224809362223245 
0.3969541220105536 0.8425316370153544 2.103979576434849 2.805326952386037 3.5166575385734244 4.213706784103963 
1.999951094379227 0.7355955074750471 2.1031736125014375 2.8043736913084416 3.483525664210596 4.219917317343043 
1.9716820328557754 0.6431361376210523 2.1039741994560175 2.8051421280643862 3.514508248281384 4.224755153171393 
1.9579386874281772 0.8307049647232911 2.1030685639607825 2.8021954670302835 3.5163391828296247 4.214175048338509 
0.15887132792143654 1.0802356871104601 2.10310364388497 2.8042377745123104 3.516785167561167 4.2245766787131975 
0.16791110724048608 2.8476886950645164 2.102175177696755 2.8452491417041146 3.5204969091731235 4.224674368380993 
1.7503479096765926 2.8768064242878526 2.103371296024996 2.804529537944169 3.5203403465931893 4.225858265626769 
1.7503479096765926 2.7905123702557137 2.103371296024996 2.804529537944169 3.520337874570357 4.225858265626769 
0.009988579996445313 0.05649927748987116 2.10310364388497 2.804316375713313 3.4951765634292897 4.2245766787131975 
0.28561258529990796 3.9463769269251956 2.1034515601953134 2.8053593586162324 3.520942516201327 4.2245664852285865 
1.913175301428521 3.953809120444907 2.1021469006088074 2.8042622408691606 3.5209084474203562 4.224650657118378 
1.9281987504070774 3.9601470750766747 2.103892230974167 2.8053125156739718 3.5168674480134205 4.221857345245668 
1.7216118834265233 2.7397140581138215 2.102226034968766 2.8043970283220414 3.520289704274667 4.224654139294495 
1.9189259927242674 3.9907340056635645 2.1021057611932346 2.804604961810841 3.5209084474203562 4.22465339000319 
1.938327674025434 3.96342778017366 2.1020821632257927 2.805251695638819 3.5167958632745093 4.224801759368587 
0.10583033554752044 0.001443529368259644 2.102159417261153 2.804316375713313 3.520691514395031 4.224599142752353 
1.9283889163565995 3.962866672785727 2.103892180419949 2.8053125156739718 3.5168674480134205 4.224809362223245 
1.9973220635934776 3.999910131310266 2.1031743775279717 2.8044079990737445 3.483525664210596 4.180267796893767 
0.05218816240620039 2.7988964185338405 2.1021244596429995 2.804360217871584 3.5282502036930663 4.224099940948117 
0.29988398362185237 3.9625014054382857 2.1034515601953134 2.8043645100611987 3.520939499546405 4.2245664852285865 
0.12403813912258983 1.0988081620020362 2.103107523332334 2.8044067321291544 3.5213370807152335 4.2224707614589745 
1.7934458929043235 2.6594547390578875 2.102146201393351 2.804376715193587 3.516383088017181 4.193158367446075 
1.9672970913963392 3.961664262730502 2.1034539911969237 2.8043937518965905 3.521344999069574 4.224690755910356 
0.09540503477966777 2.7841092158444294 2.1021002856476456 2.804365368052108 3.5283404127283062 4.2245314544081305 
0.14633624818196922 2.7607256351900094 2.1034207051937783 2.804401024235524 3.5199864616422545 4.235583795272739 
0.1462591902790654 0.8551002704462002 2.1034433143031994 2.8043732127800083 3.5163809436505233 4.193158367446075 
1.7216118834265233 2.740163104158103 2.102226034968766 2.8043970283220414 3.5163149522064803 4.224654139294495 
1.956817157643735 3.9532539265240754 2.1021925203797833 2.804271318780608 3.520835240322453 4.224678918942005 
0.10322543975708443 2.856745116821905 2.1021726409362915 2.804286083211143 3.514341896472688 4.222861282740381 
1.7216118834265233 2.7112211633384677 2.102215121628952 2.804376044674736 3.520244653824183 4.223881123806005 
0.1985931254464507 2.6842859377571053 2.1022248156402776 2.8043946559330837 3.5218675083377944 4.221466854650634 
1.9540978520001384 3.9548565364115347 2.1021925203797833 2.8042704122529725 3.5276678729626667 4.224678918942005 
0.20400124018552923 1.0506672371274388 2.1039647707160114 2.804404523294704 3.5169501485917523 4.179699620095462 
1.9677163618541644 3.8641379214977953 2.102087375723492 2.80440369809757 3.496366626593002 4.22098917240917 
1.8044158478537453 2.6702591808220806 2.103107121276557 2.804310948932237 3.5276716373558976 4.222370567615504 
1.913175301428521 3.980998006966062 2.1021446653302887 2.8042867989248603 3.5209084474203562 4.224567106741878 
0.2732067810719022 0.7783493122024754 2.1032846377819836 2.80211013323317 3.5165301142871925 4.224616840325677 
0.2982009869992486 0.7771962352370587 2.103434864130825 2.804392532905371 3.5213464077440992 4.248733109851727 
