1.9999895635180591 3.9999640112095762 2.103612258039698 2.7965865005685067 3.509876023255729 4.211572268746083 
1.9999895635180591 3.9999640112095762 2.103612258039698 2.7965865005685067 3.509876023255729 4.211572268746083 
0.001689537639108063 0.01806125360748362 2.1034939268483415 2.8018594664280054 3.494861246099857 4.210473718375203 
1.9844277337419736 3.81223760443548 2.10875891451046 2.7944646817792935 3.5105715758042084 4.212652025284983 
1.9483813761200102 2.523927064878198 2.103486612510116 2.8020075113398706 3.5100341946775773 4.211502894450786 
1.9852465660019885 2.182675524584128 2.11068511711792 2.793431798483144 3.5103288602010383 4.21232393993866 
1.9452198898605824 0.935166755642128 2.1027973790779457 2.8007188277959267 3.496037061022427 4.212238865258034 
0.3251015639647342 3.8628176487475687 2.103443857622792 2.796606378183151 3.494161663784648 4.212304855915038 
0.8992312110512752 1.4415462167626607 2.103474860614939 2.7965923683052507 3.510084451888814 4.2127525517002775 
0.2160394731078077 2.4086673634751135 2.1034847354722297 2.796267044095617 3.510750142264394 4.212039363258034 
0.27501233648020074 1.1244415922036834 2.103483312104471 2.796594864617865 3.5101039051361385 4.193994911689752 
1.9456716516864498 3.9052908814365335 2.1057224183534915 2.7929672632477875 3.4937402547696874 4.212431773335274 
0.05470134195211379 1.1360004990156667 2.103635813250705 2.805918200331952 3.510483576275431 4.212684498137704 
0.05343086376113265 0.935166755642128 2.105105784731752 2.7963238576568745 3.5107317193781395 4.21283699990312 
0.3691214539650076 2.3462292370526003 2.1034847354722297 2.799516406806272 3.5103400443326653 4.21206046168436 
0.25950124351294723 2.336391004809662 2.1098949846641086 2.7926628075419897 3.4949189059973147 4.210577101022089 
1.9481700200618308 2.4115743022316187 2.1032677117008687 2.7966317112031063 3.5101976621717563 4.212522780684939 
0.16471385538595873 0.9471698070257536 2.1084477378044695 2.7933518077655624 3.494928899958575 4.211941202126497 
0.0506524551765869 1.2225124871293371 2.1049908356122677 2.7963237120430326 3.493139837141936 4.212476729443224 
0.03719173854928692 1.0246411217830154 2.1105239185694584 2.7966699708976797 3.511184819157544 4.212306054851541 
1.8897232324232092 0.9802111654536846 2.1036395760272493 2.806244780434097 3.508460951467428 4.212684498137704 
0.40631457955516515 3.913615260144968 2.1086817418424264 2.7960890679127743 3.5101100922188473 4.212039363258034 
1.9417833079758149 2.3144669475382043 2.1110234632816027 2.7937656164450955 3.5111756856529666 4.2105517247671775 
0.3397622762289765 2.3674377677204386 2.10469038697332 2.796318094140072 3.5086104169456203 4.2127789457219755 
1.9961227979597105 2.355162810368922 2.1096636310694015 2.7924491472417956 3.5085095638076123 4.212836900797699 
1.9430092524460183 2.327096119414431 2.1035926644918868 2.8067199756427295 3.494860402669421 4.2127789457219755 
1.9259946849132028 2.327096119414431 2.105392395564197 2.796611683679384 3.49485777667445 4.2127789457219755 
0.2930856898060896 0.5988303302015381 2.103280468502115 2.7963152398946027 3.5101976621717563 4.212522780684939 
0.06806961368520525 1.2183525373802482 2.103635813250705 2.805918200331952 3.5106308579535583 4.212684498137704 
1.5562097151335832 1.4415462167626607 2.1034579086465564 2.7965868351315053 3.510084451888814 4.193111043395559 
1.9636493784524802 2.336391004809662 2.1097151854107477 2.7938434397465057 3.4944660277052084 4.212864390508092 
0.13965823782695452 0.05442697482402209 2.110294701104662 2.792587292516876 3.5103479466907657 4.212771779673937 
0.13564891396617773 1.1239211051419342 2.1034588546877324 2.796593862167624 3.510637456930672 4.195242181637176 
1.9593629436108313 3.995514128253902 2.1036124946047763 2.7965865005685067 3.509894968138423 4.211561537917438 
1.9511134883741763 3.90694415715777 2.105186854634541 2.796726098055118 3.4937879103058735 4.212770744325812 
0.3143654459834743 0.935166755642128 2.105082365623196 2.796321695988823 3.4944629420134 4.21283699990312 
1.9348287466215865 0.6565820123234077 2.103522051223363 2.8061074603962197 3.510448509500387 4.212792137117779 
1.2021568713186377 2.268428133893575 2.105043177509248 2.7967294879335562 3.5097646697901177 4.193616019595942 
1.9729360866589316 2.336391004809662 2.1098949846641086 2.793790501406073 3.494473657516208 4.210577101022089 
1.9658611095309313 2.236250256617511 2.1105192126074788 2.7929019956993253 3.5102727549588204 4.212324378902689 
1.191446149323776 2.2314288838400285 2.1050171729874756 2.79683235536207 3.4937538415587643 4.212414546637711 
1.7684081978747734 1.1206577192223595 2.1029679609609477 2.8059872583253864 3.509880336681591 4.193116045276906 
0.33975486057845455 3.963093283025641 2.103443857622792 2.7965797551945144 3.494161663784648 4.212304855915038 
1.984477379998338 3.98653033822295 2.10875891451046 2.7938958249467567 3.5105772726904587 4.212652025284983 
1.9622238281404998 2.327096119414431 2.105392395564197 2.796610931830525 3.5117384823529036 4.2127789457219755 
0.020729369900482575 1.1014143269962418 2.103062121334511 2.796352237985357 3.4931855337002276 4.212966182867985 
1.9690819884857682 3.9624753538028066 2.1102567104824774 2.7925080189069993 3.5098687260428325 4.212770744325812 
0.3609316585269786 3.880167927426701 2.103443857622792 2.796606378183151 3.494161663784648 4.212304855915038 
0.3646257158898026 2.3805804569898763 2.1051021050845096 2.796318094140072 3.510726864062861 4.21283223039664 
1.849011906031492 0.991312443604678 2.081357800819198 2.792627157231166 3.496037061022427 4.212238865258034 
1.9923039908164595 3.9053728017104117 2.103276989655462 2.796730293849669 3.509025062235362 4.212690232967033 
0.08971733292415718 2.702700985987504 2.103276989655462 2.796730293849669 3.5105343789210854 4.212663111102479 
0.36505807106583543 2.2677463373843 2.1033758288222297 2.799516406806272 3.5107452916111765 4.212028254460528 
1.9421567000031652 3.9942389847019277 2.1029679609609477 2.8059872583253864 3.509880336681591 4.193116045276906 
1.2186381158038067 2.268428133893575 2.105043177509248 2.7965964027190795 3.5097661562272733 4.193111043395559 
1.9264968512422331 2.517437961698713 2.1148678368018325 2.7929445476712904 3.5099115586472642 4.213236130621401 
0.09701415053998683 2.725715949026612 2.10384598420883 2.805918200331952 3.5104825109782034 4.212656218530384 
0.05821500915808664 0.04400935798977851 2.1034939268483415 2.8018586047408145 3.494861246099857 4.210485808727325 
1.8636510551078724 0.8630300341293111 2.1034939726249844 2.7965417133835193 3.4950898315141763 4.212805837585028 
1.9457121360017715 2.2693953293257487 2.1106059026114417 2.7962513789846573 3.5107545751838827 4.212781667934182 
1.9435347340768936 0.6515616104145815 2.1051559112257334 2.8061074603962197 3.4944004136332847 4.21248497177069 
1.9374873287379215 3.9942389847019277 2.1109475531296833 2.792902559340022 3.51025838449324 4.19367977766247 
1.9794415772601888 3.8552227828860435 2.103276989655462 2.796730293849669 3.509025062235362 4.210654299845881 
1.9844277337419736 3.854275806344967 2.1036378567108533 2.796613329633221 3.510438503675057 4.212652025284983 
0.3241304316675865 2.3628460973082603 2.1036101807792402 2.796619386347217 3.5100181235680212 4.212656510888808 
0.28425477462171156 2.4047843125451953 2.1053000987936885 2.795964586228256 3.510750142264394 4.212039363258034 
0.08553476511801872 2.725715949026612 2.10384598420883 2.806106287919518 3.5104825109782034 4.212656218530384 
0.3251015639647342 2.3010261728114285 2.103443857622792 2.796505494926294 3.494161663784648 4.212304855915038 
0.2930856898060896 0.8536833957219863 2.103280468502115 2.7963152398946027 3.5101976621717563 4.212522780684939 
0.30741174465117305 2.5196131286960983 2.103186741694236 2.793043819873019 3.5105715758042084 4.212658044018167 
1.946311279652543 0.9033428595684877 2.1032677117008687 2.7963190693681996 3.5102023494875465 4.212841495087754 
0.284435692778613 2.3632216604024694 2.1106840435004144 2.79249546380255 3.5102055418617906 4.212850895810739 
0.22348348728868894 1.0359860834954902 2.1034588546877324 2.79656007972192 3.508521018125512 4.195239584993266 
0.09854656703017284 1.2993783699550776 2.109902998017621 2.794508585051895 3.510054870582787 4.211611953694122 
1.9999895635180591 2.2790726410105604 2.103612258039698 2.796586575232902 3.509876023255729 4.2115665132392035 
1.9483813761200102 2.3367296504458746 2.1035532010745803 2.8020075113398706 3.5100137051685505 4.211167392971773 
1.9891559768280742 2.3444138243920505 2.103338519434254 2.7965868351315053 3.510131185838062 4.212526404721363 
0.30741174465117305 2.3628124866857423 2.103186741694236 2.7944646817792935 3.5105715758042084 4.212666841561349 
1.9923039908164595 3.965176885268612 2.103276989655462 2.796730293849669 3.509025062235362 4.212741964807527 
1.9636493784524802 0.6539633993684589 2.1097151854107477 2.7938434397465057 3.4944660277052084 4.212860459463363 
1.9442515372736917 3.969704477701362 2.102961736192942 2.8059872583253864 3.509880336681591 4.193427005192593 
0.20077956219349435 1.0246411217830154 2.1105239185694584 2.7966699708976797 3.511184819157544 4.210609152552741 
0.3609316585269786 3.8524412333939404 2.103443857622792 2.7966202267634594 3.492385153295137 4.212305199008339 
1.2186381158038067 3.9615895293190144 2.105043177509248 2.7965963280546835 3.5097661562272733 4.193116798902439 
0.07911039386314311 2.870093397971638 2.1034372796318075 2.7962886400709337 3.5105359586948217 4.212522519490031 
1.9964367401909568 3.8552227828860435 2.103276989655462 2.796730293849669 3.509025062235362 4.210654299845881 
0.034388010832502425 1.1014143269962418 2.1084978989179652 2.796352237985357 3.4931855337002276 4.212966182867985 
0.0024888698465590497 0.04400935798977851 2.1034939268483415 2.8018594664280054 3.494861246099857 4.210485808727325 
0.3837142323335191 2.3876141251318157 2.103406780928902 2.8019936335100875 3.5380792236312724 4.2127320770703705 
1.8908510967325982 2.4073190364712387 2.1099033959601514 2.7926094726679986 3.4944355419552346 4.211616691766496 
1.9844277337419736 3.8592408447766964 2.10875891451046 2.7944646817792935 3.495726582482146 4.212241068935412 
0.23383974703019164 1.1371178349022826 2.1037151542876713 2.7966699708976797 3.5111753921640756 4.21231416739804 
1.9805192261612166 3.969704477701362 2.102961736192942 2.8059872583253864 3.5099038574877395 4.21437870811794 
1.8780861303571021 2.4680068961302783 2.1096835142081636 2.796528329579437 3.5090779277072963 4.212690232967033 
0.058722203095089576 2.830134487545946 2.10384598420883 2.806252014215412 3.5104825109782034 4.212656218530384 
1.9130394554255594 0.7092321949864746 2.1034533418575996 2.8056404112924915 3.509880336681591 4.193161960873692 
1.9982219958047367 3.843033328428622 2.105495786673298 2.7929445476712904 3.4944164872383916 4.212433093365138 
1.8174503252895327 0.9931946403618859 2.1030832760230056 2.796646891724015 3.5087136183256096 4.195167185544086 
1.9991294876468932 3.933384503742983 2.102775799365736 2.7966692182433093 3.495570049137461 4.212280396881666 
1.9435347340768936 2.333989334940424 2.105119625339845 2.8061074603962197 3.510473034439626 4.212488902815418 
