1.999083492303151 3.999043589546106 2.103124293747683 2.809618923555175 3.5170677488216042 4.217196265545887 
0.00354943509325345 4.2018636978924384E-4 2.09613515127099 2.8096311451281855 3.5166797433313253 4.220116303392803 
1.293434406494701 3.8322321802291417 2.095868173444113 2.810086680310723 3.5177641070907137 4.222097922767661 
1.9735415971840906 3.8346026144449077 2.1115559805776294 2.8126019859694664 3.517106938653904 4.217201601823634 
1.3279513908732594 3.4972839580800317 2.1090389106198355 2.810070343359538 3.5170608617686288 4.220157673670551 
0.5096403120241935 3.8048736280150033 2.0959210027267448 2.8097972261186395 3.519983337873082 4.219264510675704 
0.3744795377359817 3.764298422994041 2.111711773028623 2.7913237503686874 3.5192023546462203 4.219989300177687 
1.4748732840220977 0.29086065767568564 2.096193045539898 2.8099203124400867 3.5187947072908385 4.218367378291959 
0.5903028110141073 0.49719560426687087 2.096222033669652 2.8096272775702777 3.5175698253781467 4.219292415257435 
1.2114617333751292 0.4169298698007533 2.109671380717111 2.8132159070113687 3.519964981140312 4.220029040875586 
0.3798322889569003 0.27879293972951774 2.1032914615802287 2.7988947868223746 3.519975371737834 4.218312120666501 
0.44869399684883926 0.4497262796485997 2.110043827372936 2.81290997720515 3.521869180460602 4.220122024258836 
1.3416817885463257 3.6263696402470034 2.1033052670627113 2.810168331840875 3.517095590820505 4.2201575373052345 
1.3277228650017439 0.2423507095591877 2.110038223549185 2.8127686985726115 3.521712139479921 4.2183422205047325 
1.9885008222630027 3.9600979831933034 2.1030163359057052 2.8101027233000506 3.5175587488999303 4.22023839671846 
0.4942568839332227 0.13108842890624883 2.0966145926357234 2.806484403665672 3.517411407060536 4.2183517145780485 
0.01967097748219926 0.2961190759339859 2.1032194234343784 2.79887812771361 3.5175422927917914 4.219280414047815 
1.4301352486948886 0.2970456795968781 2.106377136818972 2.8100998783529803 3.517566184765123 4.220178153856123 
1.3211172313559807 3.5293654290326404 2.0965246583224597 2.7985672871933787 3.5171234225193007 4.218345453884462 
1.3278785874987658 3.6263696402470034 2.1033052670627113 2.810168331840875 3.517781646559946 4.218317578108874 
1.300533428827002 0.3151055877248342 2.1093256068834076 2.812293862572279 3.5171324220425375 4.220116507129353 
1.9576609600818302 3.897012060440489 2.1089759865609286 2.809619870440656 3.5170677488216042 4.217211491294712 
1.998565885179095 3.9137915193186545 2.1090389106198355 2.809265853451343 3.5170608617686288 4.220157673670551 
0.4485374165682652 0.49719560426687087 2.096222033669652 2.8096312328729773 3.5175698253781467 4.219292415257435 
1.325101943681267 3.549633686731892 2.1090345589075974 2.810067533228729 3.5171084690214203 4.220369867693691 
1.9643194385303246 3.8702511418494803 2.0970436172839064 2.809761742353237 3.4942087974897396 4.217119965358272 
0.49349268698625753 0.30864504936875914 2.0966145926357234 2.8122808020125833 3.5176301315926293 4.218345727623879 
1.3250953773665701 0.4497262796485997 2.110043827372936 2.812910292532942 3.521869180460602 4.220117691952698 
1.3613176541723966 0.29875375744366095 2.0961928617957395 2.80992527132031 3.5175935300655756 4.22007476556897 
1.3457798607931786 0.24509080256599136 2.0962506440592588 2.8065430427308264 3.5178652971306614 4.219316752835157 
1.9701550020365395 3.9006837357375796 2.096213554634095 2.809901539234948 3.5170188404087765 4.218486854753533 
1.3067158427976313 3.546476992610178 2.1090389106198355 2.810070343359538 3.5170608617686288 4.220157673670551 
0.04812582208739924 4.2018636978924384E-4 2.09613515127099 2.8096350660001645 3.5170531797142695 4.220157784416977 
0.35535065910104846 3.9187297876622145 2.0968029672691695 2.8067455502630705 3.517059216998581 4.220212537391368 
1.3065658704564245 0.24036097054573302 2.0968108741643094 2.806310693870328 3.519430353646924 4.22008735746278 
0.524382659988397 0.1299810501213691 2.1066099294971283 2.810042577274848 3.5176551890287993 4.220102318024125 
1.3740824236641473 0.2983904364380201 2.106271187932282 2.809532568464462 3.517724962079975 4.188472235557946 
1.9717971534611003 3.9338653531102445 2.111510640569647 2.812997660960416 3.4946129331938622 4.220242830837356 
1.373485098658054 3.5790241406682686 2.096214923442651 2.809872354374348 3.5194928982534988 4.21809997011452 
0.32752314069943406 3.9303433766274276 2.0961937938791646 2.809905290494759 3.517578469926553 4.220088176032791 
1.9663321364056494 3.9184386742469846 2.0970436172839064 2.809761742353237 3.4942087974897396 4.217167297228235 
1.357380276862169 3.47242125361438 2.110052458897389 2.80666210205991 3.5203696505897026 4.22008858407664 
1.380747104654852 0.11174155194552904 2.1102738517334068 2.813232983660524 3.5167108539108325 4.220150172662441 
0.29801593369680907 3.9303433766274276 2.0963246353495983 2.809905290494759 3.52007669786409 4.220091237041306 
0.3722809380890816 3.954028557480014 2.0963210585179537 2.8096348832192692 3.5169432842188417 4.218384211036516 
1.9885008222630027 3.816883154998684 2.0959481345282747 2.810056868337929 3.5198044175184657 4.218477154634279 
0.4885017819061868 3.62086155414352 2.0962110401059086 2.809872354374348 3.5175216865185512 4.21741733877442 
0.42100515644213654 3.8378422067390376 2.1100138174757848 2.812771370110745 3.5217175923242054 4.218301863087155 
1.3613176541723966 3.4977831767700986 2.096214923442651 2.809872354374348 3.5175935300655756 4.22007476556897 
1.9662895755677994 3.935860569602853 2.096677281983205 2.8098976404754676 3.5170188404087765 4.218486854753533 
1.993373709386765 3.8322321802291417 2.0960902426585553 2.8096348832192692 3.5177534009931404 4.222131409484953 
0.5543561248336677 3.5355362335255056 2.0964368766781494 2.809859627289793 3.5175416214723065 4.220092319979469 
0.5953590686270943 3.342341637226792 2.096222033669652 2.809499096681206 3.5188083240471864 4.220157808136859 
0.3795392718981323 0.47584753764697313 2.096222033669652 2.8096272775702777 3.4866018042881137 4.219292415257435 
1.9971338540537698 3.864692840675351 2.0969251037436436 2.813235255228993 3.517062909784777 4.220023766024901 
1.3163784445201523 3.549633686731892 2.1031923223155355 2.810067533228729 3.517100617670379 4.218331922481848 
0.45980756287158964 3.641606244740425 2.0961525958780522 2.810248030923787 3.518824850903821 4.220191711644783 
0.5533216143707994 3.6314363088937163 2.0961457054831105 2.810248030923787 3.518831022738705 4.220191711644783 
0.4787045670848742 0.5065600224069065 2.0966145926357234 2.813023808178844 3.517721181504728 4.218438852781588 
1.325101943681267 0.33491649988301564 2.1093256068834076 2.809539733609279 3.5171324220425375 4.220116507129353 
0.57269661596948 3.471705398952119 2.096327852427764 2.8122007497869896 3.520048196028668 4.220031734035533 
1.999083492303151 0.669899086341097 2.1085490800338955 2.813276135331802 3.5170758140937166 4.217372483473811 
1.3326968453560994 0.2857651430253694 2.116726138918017 2.8122563032234402 3.517734591099827 4.220033499871928 
0.5593855609853453 3.5355362335255056 2.0964368766781494 2.809872354374348 3.517317001784452 4.217324408626403 
1.4397569449098322 0.12470552720105703 2.0964905528172553 2.812515423363438 3.5191943655513747 4.219968989388018 
1.9735415971840906 3.837597854160098 2.1115559805776294 2.812771323848385 3.5171069349102284 4.218301863087155 
1.999083492303151 3.9593639238036986 2.1090662210941016 2.813276135331802 3.5170758140937166 4.217372483473811 
1.977786535783509 3.9338653531102445 2.111510640569647 2.8064207342536642 3.4946129331938622 4.217182258011586 
0.6004004378355056 3.4069935834257277 2.0968108741643094 2.8064778534528423 3.5187626503676093 4.22008735746278 
1.3457798607931786 0.4899184776005404 2.0962506440592588 2.80955845916791 3.517061406883296 4.219316752835157 
0.61222855387598 0.29086065767568564 2.096193045539898 2.8099199956602514 3.5187947072908385 4.218373798367859 
1.340685101906418 3.551511640479198 2.1090389106198355 2.8100668428811724 3.5171084690214203 4.220118582902395 
1.9972794116765076 3.9999739378705947 2.0951009094898163 2.809618923555175 3.5170677488216042 4.217196265545887 
1.3291742883948852 3.551511640479198 2.1091404484666922 2.8100690055489244 3.516897823569043 4.21843710870318 
0.49988118003448334 0.1487321325383853 2.096222033669652 2.809228248914452 3.517542037341934 4.220164922768726 
1.393338408269982 0.2887512919544787 2.1102738517334068 2.8099138213686987 3.5167045850043013 4.220150172662441 
0.5304816875633527 3.4845731537230886 2.107024645138152 2.8129479144374163 3.5176301315926293 4.22004860142927 
1.221967043766207 3.8996128302266944 2.0961824976565855 2.809983105815885 3.4942416153745133 4.218420819425467 
0.32469438174276155 3.8996128302266944 2.096193702978019 2.8099060501248316 3.4942416153745133 4.218420819425467 
1.3934072257603802 0.27305674252062834 2.096193045539898 2.8099138401376704 3.516696160149534 4.218367378291959 
1.9651870011071741 3.897012060440489 2.0941106921633823 2.8099053251719814 3.5170677488216042 4.217162087542485 
1.2323779196108031 3.8099492875941205 2.096224174189543 2.809650712837469 3.5175698253781467 4.218420940069886 
0.4260240690509688 3.9428554027152067 2.0961219835572322 2.8092837371718473 3.5216336409008564 4.220128905694994 
1.3337420066689938 0.2963702984174949 2.106271187932282 2.809920840085158 3.5187577378214776 4.18811830036644 
1.3724006370903155 0.12470552720105703 2.0958840927489693 2.8098708746809296 3.518895342336805 4.220198548317339 
0.5304391226371054 0.5065600224069065 2.0966145926357234 2.813023808178844 3.5177290183218597 4.220066169450372 
0.5903028110141073 0.3156986840798708 2.096222033669652 2.8096286930629537 3.5175698253781467 4.220145355299409 
1.3560737784080434 3.549633686731892 2.1090345589075974 2.812579286779184 3.5171084690214203 4.217062504172519 
0.5368213416555592 0.5065600224069065 2.0966145926357234 2.813005327353208 3.517721181504728 4.218438852781588 
1.9835323737044637 3.935860569602853 2.0972856169832355 2.8092837371718473 3.5216336409008564 4.220128905694994 
1.2745352850602372 3.8322321802291417 2.095868173444113 2.810086680310723 3.4945426004054587 4.222097922767661 
1.245759328887651 3.861815200511803 2.095973447517664 2.810089367614366 3.517752420878221 4.219997821458376 
0.5096403120241935 0.25847656572407085 2.096611523055701 2.8097972261186395 3.519983337873082 4.219264510675704 
0.5031186924489566 0.4169298698007533 2.109156489866051 2.8132159070113687 3.521884119088416 4.220029040875586 
0.3724343336285483 3.9757254870218404 2.0963299941905156 2.809631796383743 3.517554754568998 4.220030075044004 
1.9566650145223254 3.9184386742469846 2.096913020442551 2.809761742353237 3.4942087974897396 4.218334150919201 
0.5034420488662048 0.4267021279163308 2.103124293747683 2.809618923555175 3.521744243813434 4.217196265545887 
0.43926990289907264 3.8342129814330845 2.112138603336136 2.812902275396892 3.519204372130778 4.220011738296626 
1.39522622366067 3.4484609687408376 2.0962412140234656 2.8068322860127832 3.517305096209956 4.22008858407664 
1.9986095041386034 3.9577532682669685 2.1115559805776294 2.8126019859694664 3.517075696631131 4.217201338522919 
