1.9998382951419826 3.999522163593835 2.1073502701760316 2.7906469374451146 3.479993963314581 4.176862246285088 
2.0021953991283814E-4 0.001603150690056232 2.115361812057027 2.7937663815519516 3.511788809746696 4.219103002019395 
1.9998382951419826 3.999522163593835 2.1073502701760316 2.7906469374451146 3.479993963314581 4.176862246285088 
1.2207889317799139 3.9779038242708125 2.1149108715792 2.7888896415515827 3.481847489332814 4.177074333013797 
1.9988536191514055 3.7820746827338727 2.115748907430859 2.7884511062135378 3.4821325414544724 4.1775903678984125 
1.603936773645672 1.6192404546543095 2.0916862393845466 2.7889465965083433 3.4818442445728928 4.176799515274294 
1.1339277173403235 3.8864830263861823 2.114757895399773 2.790592957196782 3.48184662339049 4.17661882351672 
1.6337599374364618 1.246403931496578 2.0869240363039507 2.7828176471290247 3.4798358730130765 4.175866391211304 
0.0962395909434407 3.0502729361673606 2.1178311118734854 2.7875654213555476 3.510259280958477 4.219357066428064 
1.1305044734106193 0.5792328052250839 2.1148394072371346 2.789616369211003 3.481878568251185 4.231944640653886 
0.16585595088821387 1.3509309942429353 2.0922057389932522 2.791060191263669 3.481738172300139 4.176468794857441 
0.04044734431268515 2.9640435216277723 2.115412071516397 2.7886166103584547 3.4799919884601533 4.177512697761001 
2.0021953991283814E-4 2.9897940812601598 2.115089145123215 2.7886443822210696 3.511788809746696 4.176421417531137 
1.1581422617736534 0.5671799633356891 2.114794817224053 2.786363096587636 3.481775987192484 4.234975322713007 
1.60362679233931 3.115059174282007 2.1180368889185015 2.786277285357249 3.4796639573957058 4.225382327206402 
0.06678028764035415 1.2345040722729534 2.0922138939125117 2.8159191298119683 3.4818601772163804 4.177451382967656 
1.607287719024026 3.0059861982529297 2.106820396801977 2.785429916717484 3.4807894214708694 4.176869353434548 
0.032372688935768834 2.7982542534324617 2.1131212565991406 2.810901026110426 3.4834965271452716 4.176627998861676 
1.562198197756506 1.4998894739035546 2.1153971333870007 2.785108368662984 3.48220024604408 4.181693689166392 
1.541945199250408 1.5656861753702283 2.1181643371690706 2.7885970209725865 3.481874291581754 4.248110920275886 
1.9526855539094283 0.6982087405763302 2.1148190655113384 2.786363310703871 3.481973667133768 4.177371265776238 
1.95871765122358 3.8717267948657805 2.0920841318836874 2.789671282121975 3.477411062531025 4.177975422051821 
1.1680077714397257 3.9346287631034236 2.11313204700696 2.810475384273327 3.4834965271452716 4.177509765117845 
0.15262891505240062 1.020065329216825 2.1069199379612114 2.7906396715841253 3.481950926511734 4.176892966586262 
1.9609618220874534 3.8783617338965195 2.115804046177192 2.786398343553253 3.480530364273263 4.175642477807796 
1.6147844290118902 3.0646001224129362 2.1141776743552416 2.788887792164499 3.4807894214708694 4.176869353434548 
0.002509942182782776 2.945030635887655 2.115368966926474 2.7886055763067414 3.4821812040843088 4.24751034388351 
0.05428074388144988 0.930454086298325 2.1133148726143047 2.8195401126050577 3.479261275025936 4.176369608602606 
1.4555070668737167 0.0043441136215576215 2.0904352926601626 2.818844168324198 3.4817844087624503 4.177417265934017 
1.95563317262514 3.997705291905127 2.1151258585603556 2.784607437843464 3.481777462799589 4.176167967356666 
1.9630757123788534 3.999835534045943 2.1073502701760316 2.7897530220075692 3.479784051178184 4.177739347135746 
0.09211615419405483 0.0025886069598702877 2.114786485046068 2.7896340518274974 3.4799262914894156 4.181618190019207 
1.9391269697431812 3.9998058422949314 2.0914230028482197 2.7897055868818 3.4797873370545296 4.17773583694043 
1.6330575788083967 2.9716539052081146 2.0873545525356785 2.785429916717484 3.4807674709550365 4.176864395812233 
1.0979042772709704 3.997705291905127 2.1130935339490526 2.8104509318576376 3.4834862412764123 4.176168013007105 
1.9944957852466128 3.819624281452135 2.11475782652621 2.78739528232849 3.4804558084410324 4.176495479525105 
0.0745615583447019 0.17651592729075838 2.114842964203784 2.7895039730968993 3.4798223781871838 4.177049715721032 
1.934593012394199 0.6982087405763302 2.114761326254514 2.8106786308513474 3.481973667133768 4.177371265776238 
1.140406480422839 3.8864830263861823 2.0919298474834678 2.790631701715857 3.4818465433109913 4.176803379606046 
0.12584593930282706 2.8575068754105097 2.1139744999625796 2.7875975166635616 3.4783358081803772 4.177488911102423 
1.5884054314264693 1.5690940435035718 2.118041208678193 2.786214900285727 3.481740587544574 4.24758065346206 
0.0962395909434407 1.2186227127519453 2.1173212229825285 2.782861839334081 3.510259280958477 4.218863898025213 
1.9366349762949442 3.972058122094448 2.1084149110796266 2.7886866834262616 3.481747630521594 4.1761832142144435 
1.549484890678221 1.5785623689914474 2.1147921507413425 2.7905981919515512 3.479987493517672 4.177512697761001 
0.013743294674870343 1.4602352401634058 2.114610783134559 2.7889031056133735 3.480512713248662 4.177097059240094 
1.0914081820915233 0.9018579579114125 2.090265757669572 2.7850067281904836 3.5120622999061117 4.221367483614911 
1.6248704816573882 1.5424718264125044 2.1130771472776733 2.820739767557096 3.4793653640894546 4.181908059345643 
0.05419442823597166 2.853618627994656 2.114767233335358 2.7884444656087517 3.480362409739663 4.176122760586668 
1.6230238092537723 2.9640435216277723 2.1157267535344833 2.78862200876454 3.4799919884601533 4.176777960858804 
1.973011573728955 3.87066042129566 2.090619926686868 2.7874529225836246 3.4798434421203166 4.17773583694043 
1.177335925059737 3.9960614408779094 2.113121148564154 2.810901026110426 3.4834965271452716 4.1766115136373045 
0.043428512061951974 2.978393613831808 2.114786834440879 2.7913318056445497 3.4798717870166582 4.175542490128645 
1.541945199250408 1.5544125788929883 2.106645482833787 2.7885970209725865 3.481743572322027 4.175941360623806 
0.06806276491438545 0.9388795568144571 2.0871617616405818 2.781617992176986 3.4798358730130765 4.175866391211304 
0.04189771976427689 1.033022293238063 2.1140437417970763 2.79321728688164 3.5117898704388595 4.2191178568625 
0.13639016403447823 2.6518413515155914 2.107205500544949 2.793765105512146 3.5172554342959343 4.177411523512627 
1.4710029405619316 1.7675516654293615 2.114819217735294 2.7885307860710316 3.4821403679274443 4.177602798721665 
1.147985021161104 3.990719920970803 2.1133421356845177 2.790334348447758 3.479261596609609 4.175860223472628 
1.1960793568179335 3.977320156864523 2.0922397445101484 2.9694498123744473 3.4818480062593586 4.177445680977979 
1.0893824659838154 3.9992852223502586 2.114015380731366 2.7885676044805736 3.481879539857549 4.227678859366361 
1.9853300204097781 0.5546075197130125 2.113519739746501 2.7912765815718443 3.4776248302660004 4.215073186230333 
0.0768053401522718 1.1382872187979332 2.090933562474724 2.818400139993199 3.479767642763308 4.176811422616563 
1.1267805531630684 3.948862187862586 2.1148367554424032 2.790607690517272 3.481985031894403 4.176892966586262 
0.10878450888679288 1.3105377127705076 2.1146105916683546 2.789190023496498 3.479843309599487 4.181652307052846 
0.001789844087320705 1.1422870320438672 2.115279043197447 2.7886909314505326 3.4804688469752714 4.176165406495026 
1.1056954881564462 3.971573922833654 2.117792711821512 2.7875348078043767 3.532434870755246 4.250962719034413 
0.014670127975231484 2.9518189540131483 2.112963822037198 2.810901026110426 3.4834965271452716 4.179721334099432 
1.4693895657315725 1.6044061094816882 2.1151166809005266 2.7911678797086346 3.4799018129045893 4.176182951042631 
1.4693895657315725 1.5939358329577826 2.1147628502509757 2.7911678797086346 3.4798978302447137 4.176181641382056 
1.9543604446834992 3.9850519562508597 2.1142195841873312 2.790831400854171 3.530022214671143 4.176887486416718 
1.990579409574674 3.9600406564120947 2.1082156247652613 2.818206509663377 3.4797247817781387 4.176501165373049 
1.5680462640434607 1.4558174508072783 2.114555943092036 2.788687052121667 3.48193901113521 4.175956016722503 
0.0768053401522718 1.094979087100489 2.090933562474724 2.818400139993199 3.479764110798845 4.17680082160942 
0.10929176045336719 1.234625355734266 2.092902092560996 2.790946820541337 3.4821914444764444 4.177451382967656 
0.13639016403447823 2.8895256837739103 2.106932833611137 2.7886431061812647 3.5172554342959343 4.177411523512627 
1.9828509337285518 3.999522163593835 2.1070690022936494 2.78558920145877 3.4842306371198215 4.176810330813658 
0.02745922020870506 2.7879211388355465 2.1084149110796266 2.7886628379497442 3.48181086397455 4.1761981179802925 
1.568564395207013 1.6157838886990021 2.112337869490444 2.790540354532049 3.4776248302660004 4.17693960400125 
1.9942982039666588 3.8761925222758853 2.115848869525743 2.789622425844382 3.481907767868601 4.17738657712376 
1.9687476960676562 3.8864830263861823 2.114757895399773 2.790592957196782 3.4819886851904807 4.17661882351672 
1.5502557354701991 1.4558174508072783 2.114555943092036 2.7912165777205087 3.48193901113521 4.175956016722503 
1.60362679233931 3.0358563322409258 2.118056837302053 2.786277285357249 3.4796413404972273 4.176467539084542 
1.1056954881564462 3.948928400321903 2.1179261435371006 2.7875348078043767 3.532434870755246 4.246120572881345 
1.5884054314264693 1.4023336411251475 2.1180368889185015 2.786214900285727 3.4796639573957058 4.179423922488939 
0.15262891505240062 0.9671439519415368 2.106923948551091 2.7906396715841253 3.481950926511734 4.176892966586262 
0.1658550769976429 1.234625355734266 2.0931016275949785 2.790695368685034 3.4821914444764444 4.177460823854567 
1.1680077714397257 0.8828363690489691 2.11313204700696 2.810475384273327 3.4834965271452716 4.177509765117845 
1.607287719024026 3.040834819841079 2.1067804662450884 2.785429916717484 3.4807894214708694 4.176873200210416 
1.5680462640434607 8.437008991398764E-4 2.1152972962343863 2.788457344731597 3.4798331832020377 4.1759670416745305 
1.549484890678221 1.5971813936728751 2.114785822494701 2.818477159336988 3.4799892119402087 4.177509803924148 
1.9997374419134062 3.8704933612850354 2.1147395483517584 2.7895980570539023 3.4797530695472614 4.174384531118748 
1.9836303296322337 3.9862287203336577 2.1072390140231527 2.7906469374451146 3.479993963314581 4.176884106178439 
1.9552129599398544 3.87066042129566 2.1148317947382402 2.7874529225836246 3.479805715692921 4.17773583694043 
1.979393482448562 3.8704933612850354 2.1147395483517584 2.7895980570539023 3.4797530695472614 4.1743430171347295 
1.9543604446834992 3.988136986994837 2.1142195841873312 2.790830461469662 3.5301304374379265 4.176887486416718 
0.11564545272239575 0.9550221194838251 2.1145095182980276 2.7846340449830924 3.5104268270903938 4.22019266426113 
0.013743294674870343 1.4037837790072825 2.114610783134559 2.7889031056133735 3.480512713248662 4.177097059240094 
0.07411181872678552 1.4602352401634058 2.114241459453521 2.7889031056133735 3.480512713248662 4.177097059240094 
0.3402694185122592 3.8704933612850354 2.114815390882471 2.7896097455595155 3.479754470303358 4.174447405052529 
0.01523694189415531 1.1459978444806809 2.1145057961404556 2.7846507134879626 3.511788809746696 4.219102357635319 
