1.9646387473759586 2.491045259716749 2.100044131226214 2.800037047041582 3.5014529947066415 4.198260264353828 
0.0010531703187919295 0.003678929240656159 2.1000433507652954 2.7999764392111737 3.5017292293335873 4.198172144945153 
1.906603450693824 2.3400519141565 2.100043516464666 2.7998774548497396 3.501514095495753 4.198917769271533 
1.9230858811277591 0.9796238165701523 2.1000135576970487 2.800038903698856 3.501388672912706 4.198883106383723 
1.924196489457298 0.6640892448152609 2.100013594335907 2.8000526135612827 3.503530383672612 4.197591334760556 
0.43758136832737055 2.365307222449849 2.1000367370431983 2.8000213751843877 3.5032813303392687 4.198153431223267 
0.32095636553882984 1.0335837862898043 2.100042712871162 2.799907423826534 3.501602439681082 4.198891433472618 
0.2055902156809833 2.4283812631302224 2.1000433502738978 2.7999744350610043 3.501398137196872 4.197999620559774 
1.9409328197503801 0.7254275491896203 2.1000389026911574 2.79997529530494 3.503388763175358 4.198214893014848 
1.9092049273823417 2.365307222449849 2.100045529252945 2.8000149902633624 3.5032740332215235 4.198153431223267 
0.06322895772151213 0.20511455115426758 2.100083473502297 2.7998755963545228 3.5012040543820873 4.1981394076798955 
1.9896937555359246 0.768319019277279 2.1000849693393064 2.7998911159576827 3.501377357937488 4.198259048728945 
1.952694197473335 0.7237913733364589 2.1001990002181725 2.8000236251780626 3.5016371230741132 4.1982704294305195 
1.9009245955938225 2.365307222449849 2.1000183876689915 2.800024164671943 3.50337504685323 4.198115123812605 
0.2659631328250712 2.3668843268160886 2.1000139238403297 2.7999769788899864 3.5035831491161753 4.198042645074048 
0.3754878923526627 0.6710498275622098 2.10005209143136 2.799884424134355 3.501406007028208 4.198243185399092 
1.9949627435653383 2.3343246049215827 2.100014518646238 2.800046362033316 3.501407244786264 4.198004862235086 
0.2337628849570017 0.7009473164623944 2.1006010242028297 2.799894138427222 3.5032586358863664 4.198032717264322 
0.2900140119318271 0.5379922433361735 2.10006602172404 2.7997671363883496 3.501339072189051 4.201329475624444 
1.9092049273823417 2.4865552079654245 2.100705174318575 2.8204038987469655 3.5032740332215235 4.198049110417276 
0.3220917873273101 0.838719267323802 2.1000710195501773 2.7998317119024763 3.501602439681082 4.198089888607421 
0.335612800540701 0.6532023505019782 2.1000773356209237 2.79989002835645 3.5032923995970644 4.213971139935877 
1.9040797270519887 2.3849742187220078 2.100045799032951 2.800015512597657 3.5040976072456123 4.198153431223267 
0.335612800540701 2.365077771815271 2.1000773356209237 2.79989002835645 3.5033469460917805 4.213971139935877 
1.8363958503555915 0.8476087141232724 2.100042712871162 2.7997716836053437 3.501602439681082 4.198891724164891 
0.25493239523654365 2.4109803782215065 2.100040071721434 2.799770830490634 3.501339185994184 4.198844938202098 
1.9058791000246695 0.7265201722150666 2.100018462589139 2.799892249838158 3.5016565213153883 4.198144744813007 
1.9053685010599613 0.9797256884870813 2.1000827266254185 2.7999074198826692 3.503571023069611 4.198171240109562 
1.9640889997831277 2.3651456391235657 2.1000433892513573 2.808351724871025 3.5013479409713013 4.198817525388485 
0.320443580957727 0.7276172003037661 2.1000883876482095 2.799894138427222 3.5032586358863664 4.198032717264322 
0.2537653245825779 2.5141860797020623 2.1000415306361404 2.800038903698856 3.501388672912706 4.198883106383723 
1.8771148961619843 2.4476485317818755 2.100043516464666 2.7998774548497396 3.501514095495753 4.198917769271533 
1.9311597675279764 2.366915571802778 2.1000843588632963 2.7999094371557707 3.5013478952832653 4.198887785522689 
0.28889620221279194 0.6837387611096376 2.100038434704757 2.7998970384819795 3.5041203965287617 4.198147934692232 
0.3754878923526627 0.7835910271021643 2.1000521164597385 2.799884424134355 3.5033125373740925 4.1981554441490845 
1.8738051834431717 2.604195475144655 2.1000795597900637 2.7998445791698177 3.501330215483826 4.196943963007557 
0.32600325582077655 0.7276172003037661 2.100088265879647 2.799894138427222 3.5032586358863664 4.198032717264322 
0.10540886069724753 0.8275308398585469 2.1000132301468604 2.7998908564184544 3.5034859659262922 4.198147444648402 
1.9244930026556337 2.369025238672574 2.1000133402160186 2.7991893667845695 3.5034859659262922 4.1981470519705875 
0.031827314189269984 0.055118647468154425 2.100083510354429 2.7999741469314796 3.501372011534922 4.1981533643472595 
0.32095636553882984 2.3089019925311463 2.100014175194511 2.7999082831755913 3.501602439681082 4.198838807970542 
0.2493112438632598 0.7276172003037661 2.100019175072376 2.8000212941521965 3.5016597541585783 4.198883192199322 
1.9331131497173037 2.4738869191956137 2.1000866871916695 2.8000413597912432 3.5012678003161817 4.198033299579294 
0.3754878923526627 0.7835910271021643 2.1000521164597385 2.799884424134355 3.5033125373740925 4.1981554441490845 
1.760019291430044 1.0385889420942118 2.100073700758491 2.8000452530059774 3.504178445056924 4.198043680608901 
0.2394289225973214 2.4623121656233806 2.100079973808204 2.799764333430005 3.5032805029296523 4.196931057626675 
0.25415414251037416 2.5508802766892007 2.0999986620349946 2.7998788652252196 3.5012990309212007 4.198299093170037 
0.45127948598736684 2.19470165337425 2.1000412082093316 2.800023725704901 3.5036459597481655 4.198884281928426 
1.8738051834431717 2.4140462639454463 2.1000749100709344 2.799840981497353 3.5012458196240908 4.198150310019684 
0.25415414251037416 0.6810118929697806 2.099998419008991 2.799894805322901 3.5016033980256003 4.198299093170037 
1.9230877457094497 2.434833332812374 2.1000844407912713 2.799973888560793 3.501244717010349 4.198047626501066 
0.3067189646053693 2.466963674920764 2.1000749100709344 2.799841726970253 3.501064491677958 4.198150310019684 
0.3823024309146559 2.1213385827890368 2.1001103364320692 2.799897552168433 3.501659464172272 4.201130213185597 
0.3273441842082649 2.3295384895180806 2.1000889472983775 2.8000211710228022 3.503273993437105 4.198047688640488 
1.962209620056045 0.7673546719059327 2.1000849693393064 2.7998911355507707 3.501603105713469 4.198259048728945 
1.9080108599936811 0.8476087141232724 2.100045955880264 2.7997680859328793 3.501602439681082 4.198891724164891 
1.96472217943807 0.6624103824686268 2.1000437026645598 2.800014600406825 3.501391698064686 4.198221743436808 
0.25917493823817106 2.4091872582236586 2.1000439301985976 2.799795483069012 3.501648202786962 4.19883561067454 
1.9230877457094497 2.4150707858972265 2.1000844407912713 2.799973888560793 3.501244717010349 4.198047626501066 
1.9192574566455614 0.838719267323802 2.100014222100443 2.7999092131030694 3.501390672909435 4.198000161873876 
0.19287293383603454 0.7006023150201247 2.1000130167712645 2.800045515972229 3.5035838652865285 4.197583630979213 
0.44842950379244595 2.2519664596054225 2.100042035088953 2.800022433122126 3.5016811143829853 4.198799579588762 
1.8973155078086097 0.7868135093240911 2.1000831756770326 2.7999078001061153 3.5016365599705406 4.198263762732409 
1.9316967744364293 2.3849742187220078 2.100045799032951 2.8000122566611756 3.5040976072456123 4.198153431223267 
0.45127948598736684 2.2755203504694315 2.1000420639685466 2.800024091052889 3.5035669902286393 4.198799579588762 
0.2806353740696069 2.304624883585323 2.1000773356209237 2.79989002835645 3.5033468393810145 4.213971139935877 
1.770912744394916 1.0270914388851513 2.100072132722359 2.800154632851736 3.5041243134877478 4.198043680608901 
0.25415414251037416 2.4584289736814706 2.0999980665406914 2.8000330805665614 3.501675122405848 4.19832849858823 
0.32027324253079503 2.363548130330059 2.1000445239543013 2.799798334603408 3.501390672909435 4.198000161873876 
1.8363958503555915 1.0339147403347078 2.100042712871162 2.8000270146092783 3.501602439681082 4.198892404396084 
1.9176348458468613 2.433674996777442 2.100086968584039 2.800033302709078 3.501340638550506 4.1981533643472595 
0.2434234100913752 0.7276172003037661 2.100019175072376 2.800035600240703 3.5016597541585783 4.198883192199322 
1.9240367102300242 2.392017852272098 2.1000397411873513 2.799902574264012 3.501403986823592 4.197576859690393 
1.919007877899563 2.415729951928718 2.1000397411873513 2.7999063676419103 3.5014038088022024 4.198145945321216 
1.9230858811277591 0.7033922384265229 2.100013555416427 2.80002375252128 3.5013727087070077 4.198112290155941 
0.2447643384788635 2.365307222449849 2.1000437984551827 2.799795483069012 3.501675111709317 4.198838572353662 
1.9242429748011531 2.361274874871186 2.10022342548998 2.80003431415274 3.5013333089510366 4.196359237677368 
0.15608899394526787 0.7265201722150666 2.1000183541011928 2.7999031826480243 3.5016613569389685 4.19814232989172 
1.9953768604170037 2.419462470479106 2.100086883405892 2.799795935670262 3.5035114711555106 4.19883561067454 
1.9242794628453244 0.7237913733364589 2.1001990002181725 2.8000236251780626 3.5016455519990344 4.198259174141614 
1.9242794628453244 0.7917204319099738 2.100036745507833 2.800022546595818 3.5016455519990344 4.198262751784165 
0.25415414251037416 2.4622377015788603 2.099998419008991 2.799894805322901 3.501675122405848 4.198326429562505 
1.8562594709393594 0.8275308398585469 2.100013338634806 2.7998908564184544 3.5034859659262922 4.198147461155054 
0.0026552857076369563 0.055118647468154425 2.1000411609285052 2.8000274936398686 3.501340638550506 4.198154191225431 
1.9353877514193734 2.3651456391235657 2.1000831756770326 2.8074728641551596 3.5013479409713013 4.198817103479636 
0.2765959775967608 2.2961328770501814 2.1000415306361404 2.800038903698856 3.501388672912706 4.198883106383723 
0.3249119888708617 0.6298713225348797 2.099959120904759 2.7998834745135275 3.504243608577358 4.1981445418756405 
0.43758136832737055 2.1908492216274857 2.1000373705781796 2.8000213751843877 3.503279417189694 4.198153431223267 
1.906603450693824 2.3414968927770565 2.100043516464666 2.7998788395401384 3.503354001157257 4.21733423203869 
1.9177230060800252 0.8157723016888306 2.099995753278735 2.8000228514374776 3.5035614592235342 4.198072045975727 
1.9301183913963647 2.4150707858972265 2.1000844407912713 2.799973888560793 3.501246419695123 4.198889866783914 
0.3847120132743873 0.5379922433361735 2.100067485031355 2.79997388946492 3.503380841257543 4.1981600136638075 
0.4745091698284282 0.4995409030905821 2.1000414503194365 2.8000240356731467 3.5016076974802424 4.198871315707185 
0.4729752206542063 0.5084901703635833 2.1000414503194365 2.8000224972957737 3.5042071874668843 4.198844495880145 
0.31322495703611497 2.3668843268160886 2.1000139238403297 2.7999779111943086 3.5036617536230814 4.198042645074048 
1.9717330852255432 2.434904279964789 2.1000844103072955 2.800020729519958 3.503560038552085 4.19804772104111 
1.8480464000692078 1.0270914388851513 2.1000196974128404 2.800032646149776 3.501602439681082 4.198904636684914 
1.924196489457298 0.8353880950533497 2.1000135715628585 2.799904922320472 3.501437575756145 4.197999659134773 
1.974574464568343 0.7638514201440632 2.1000474798281648 2.800015512597657 3.5040942346296413 4.198153431223267 
1.9613286687476739 0.6640892448152609 2.1001028701082425 2.7998861727829825 3.503530383672612 4.197591334760556 
