0.9996326666795893 0.0019210066792850558 
0.9996326666795893 0.0019210066792850558 
0.0 1.003586165425034 
0.7802433251912839 0.11860724964812723 
0.18560264844168423 0.5735255518403672 
0.8900602819500237 0.05949367110533344 
0.7531576545167493 0.134060048751612 
0.31294091594804296 0.44400530214294903 
0.1678598774237794 0.5949546127987838 
0.24812529139583883 0.505740135541584 
0.9159253268721568 0.04590088134676314 
0.329586099111322 0.4292845461453875 
0.41003279756558303 0.3622059956234359 
0.7163856609373829 0.1570145141388757 
0.031950581904508196 0.8260190268026135 
0.8698673278359073 0.06933103520744656 
0.0028212941261409417 0.950124496675509 
0.4602302601931455 0.3239273570604213 
0.3722484440219566 0.39342419993080413 
0.010478671510710429 0.9025081042331295 
0.05611503410846594 0.7684904600185324 
0.6156350309643771 0.21813881380792594 
0.08034491941209748 0.7211774528985406 
0.1989817739914621 0.5565003930650844 
0.22707185931048435 0.5262239514881132 
0.7993491057457203 0.10892161677492568 
0.6311813241528924 0.20773235349154331 
0.3446159299606387 0.4163086686912799 
0.29735972972837194 0.45830369778574154 
0.5305261877088958 0.27374780410196825 
0.6867284348401866 0.17450288400980044 
0.08991519111321612 0.704102956641435 
0.9645477561093839 0.019596434845034597 
0.476759112421267 0.313072226875994 
0.6422741879517545 0.20083102821620144 
0.8545012819180418 0.07766261524338847 
0.019003891013452012 0.8655409000228117 
0.15692619531037058 0.6079062139318246 
0.3903489150803286 0.37869398755612094 
0.9797966243382686 0.011889749541259273 
0.6723991099871527 0.18215016482856183 
0.5221683557886683 0.280656967372609 
0.1329864154364857 0.638655766379096 
0.06581346536410207 0.7487595918849279 
0.25780052483408245 0.49624299727311866 
0.7368589452188277 0.1443954324751908 
0.4013161832736385 0.36982954455140593 
0.4475271457473522 0.3331653900304824 
0.03786058582374413 0.8102347024377431 
0.8236462837184166 0.09453751849439301 
0.05024913756399463 0.7804518466669577 
0.5727712752910796 0.24522609947642401 
0.023854864099516704 0.8505763212613309 
0.07256108739776734 0.7337082694528156 
0.564281311778547 0.2521353242525538 
0.5085781842141713 0.290237500413196 
0.929270890336358 0.03853265278838034 
6.240598156701249E-4 0.9785220319512792 
0.006278353773442824 0.9257544292386427 
0.8092919542658434 0.10322318667226618 
0.38016713827953463 0.3873044701721538 
0.8434456097428848 0.08491303354834354 
0.09974778028326703 0.6876335200809185 
0.5085781842141713 0.290237500413196 
0.28955661264115595 0.4641839033792492 
0.48409472643995044 0.30761864199308653 
0.93762197090166 0.03454624817116501 
0.9901833293026185 0.006644222132357675 
0.14090224604432744 0.6288121264239499 
0.04509536686217941 0.7925203745936185 
0.5890521416428072 0.2363150803266516 
0.005360431015394615 0.93039829861975 
0.10906914550743455 0.6724110148355892 
0.1145162614869824 0.6643917634026658 
0.5529792874481767 0.259721220761281 
0.43256617303145156 0.34459638173550167 
0.35271182399693013 0.4086756363244957 
0.1244960464309372 0.650034230472295 
0.2175062508969705 0.536498086072223 
0.739102172273537 0.1430321912905661 
0.6627456479001383 0.18895519625666618 
0.4408753592854896 0.33993309612401346 
0.43256617303145156 0.34459638173550167 
0.14090224604432744 0.6288121264239499 
5.125535570709716E-4 0.98086275733628 
0.01459512285877207 0.8826804626849644 
0.5853736824381132 0.23824957234807845 
0.04169407163403277 0.8004553932213545 
0.48409472643995044 0.30761864199308653 
0.9528693223342982 0.02560506690317594 
0.1215377733762767 0.6543211742516909 
0.9490490507621221 0.028493627343993945 
0.28171555609469595 0.47310774598348043 
0.6990077333842657 0.1670383124891373 
0.014111039121889435 0.8861179200342396 
0.15754613530478406 0.6062413669477925 
0.26669600017688194 0.4874879153460886 
0.6022857114395239 0.22734515532923663 
0.35271182399693013 0.4086756363244957 
0.26669600017688194 0.4874879153460886 
