0.0 1.0179107550267616 
0.0 1.0179107550267616 
0.9995276209818629 0.009331515380576392 
0.9995276209818629 0.009331515380576392 
0.5547526063644271 0.26650375107405977 
0.09984056826783169 0.6990650227726009 
0.1126942041164303 0.6792937430696984 
0.7019930259469402 0.1727566409673788 
0.24978937502335952 0.5142642101895221 
0.673703894713082 0.18759238542192774 
0.9717110416380597 0.023487482292247248 
0.5307629383065906 0.2829240773610018 
0.35800051996793525 0.4117478946025284 
0.8992822579600863 0.06114932837936737 
0.26394634237323983 0.5006143842234362 
0.03396964873733288 0.8318952891222104 
0.12770064204784898 0.6584969761464995 
0.9466289289723838 0.03823153901324474 
0.20463134120110005 0.5614214478347765 
0.5797534252418556 0.24979400836651755 
0.8396289227455389 0.09355636641080624 
0.7846850406814938 0.12463978089454128 
0.009216907162836907 0.9211114735607859 
0.06263320988789411 0.7661170392375707 
0.024434476244818586 0.860189785493481 
0.2776312758113342 0.4867368370486002 
0.19322786793988173 0.5744461332979066 
0.04670347023136176 0.7999972634370458 
0.922160801315143 0.05070777062096736 
0.3796500316452764 0.39643781611937395 
0.3966270221911472 0.382691006835501 
0.8258804142217089 0.10163254870392593 
0.7410629198087327 0.14952059496080633 
0.03953286806032519 0.8205257247538604 
0.4115490449995428 0.3710486585358195 
0.08524021659447392 0.7233623675745299 
0.07629767488964728 0.7416297947341496 
0.1565497570691411 0.6188006812909483 
0.23070753715782272 0.5334852236800665 
0.808168450114982 0.11096045737758592 
0.5858111094095542 0.24579132786084712 
2.7217346975599854E-4 0.9978625311925023 
0.42005041903028334 0.3643472797325933 
0.4772390753140301 0.31856964966947665 
0.764551182198848 0.13582933689830395 
0.4329821997919203 0.3541446741532572 
0.48787003120585903 0.3136421991991332 
0.05317553415505654 0.785245086617358 
0.32386066165951455 0.44390922997650556 
0.745276892079638 0.14698743991277569 
0.0014611153135172805 0.9806396696237208 
0.4636287315316003 0.33103285289694717 
0.18146295462007794 0.5881873344009099 
0.5158713328672919 0.2934539276494175 
0.30591080613315896 0.46005133694718026 
0.8587778871368761 0.08293507294698917 
0.64814708050862 0.20550822124476953 
0.7168713342722073 0.1637001717319371 
0.012552518992824613 0.9048737564326452 
0.6636224291240789 0.193797916609783 
0.2902550518381266 0.47451890231465416 
0.1352059109605619 0.6481340942936281 
0.38582824816574146 0.3914177174759336 
0.1771332102356241 0.5933461302973322 
0.16757554915527603 0.6049901663265852 
0.883605444693205 0.06753495851937809 
0.31577879717656393 0.45136599994996196 
0.6264294150838363 0.21958410188662533 
0.7168713342722073 0.1637001717319371 
0.9845567342911394 0.016957342384516114 
0.058468504328822266 0.7741381673604483 
0.883605444693205 0.06753495851937809 
0.3358155019881499 0.4338883491275545 
0.004828979382426601 0.9478855483013671 
0.6547152861152775 0.2016846756105701 
0.14068234021377668 0.6405846487990667 
0.002925330833812828 0.9633462298525811 
0.019135042305618133 0.8791788803153133 
0.21795855101956424 0.5468641882109694 
0.22978774038853092 0.5351653542098298 
0.8602662079292872 0.08024399345989744 
0.4658993103159036 0.3293521364154907 
0.6042360291773798 0.23370134404580456 
0.5206898305802237 0.2900206778260404 
0.21795855101956424 0.5468641882109694 
0.5005256802522036 0.3042787122979533 
0.3390119113703298 0.43083275081228845 
0.7752502296991574 0.1296077913445935 
0.6042360291773798 0.23370134404580456 
0.929639062618073 0.04334618621371286 
0.81056805191211 0.1097256435815846 
0.5005256802522036 0.3042787122979533 
0.14068234021377668 0.6405846487990667 
0.4455348522181822 0.3445125953286652 
0.9906947376569093 0.01376695660534912 
0.4424818789229582 0.34917334987944176 
0.9354321794082897 0.040308195978806104 
0.08188428198107658 0.7297887747486944 
0.1648717090803421 0.6110839360478993 
0.34893354505044694 0.42250551861769775 
