3.7995705489118423E-17 1.0023301944892091 
0.999621464731201 0.0011478827050785678 
0.12626980276666583 0.6464097955153111 
0.7793469126725798 0.11844490850893685 
0.8054552773762067 0.10596142453989651 
0.7068712417696799 0.16042572036922426 
0.15373612038689097 0.609214217864022 
0.7319430535506223 0.1456297209566451 
0.001326977144492536 0.9650842270081303 
0.6679687766718749 0.18325051877742332 
0.02270024954811861 0.8511051141079508 
0.3193903046343251 0.4364032304280002 
0.8247356425055711 0.09284571876955186 
0.8656789091719873 0.07278565147256336 
0.9691582577422851 0.016582182958876427 
0.1130336489347697 0.6655461012803734 
0.06766212809797056 0.7419403255498458 
0.015858305876184003 0.8761010506766381 
0.3033725227477605 0.45076884940465956 
0.9157498079318503 0.04719722603269861 
0.009610163695524587 0.9037344373799291 
0.19315533226517517 0.5646682970693766 
0.09698097561182462 0.6897826593339802 
0.5466546544678577 0.2617039171118008 
0.5618253077239784 0.25384362823723206 
0.2768479348904044 0.4752717749527838 
0.17514086414000057 0.5868933865441972 
0.16275355397213853 0.5981342922342215 
0.9862841949330462 0.007792187498358999 
0.6128010894231263 0.22135122233970128 
0.8399937997971695 0.08686268328970581 
0.8953208572122306 0.054631073733935186 
0.41986264600325957 0.3534785137509822 
0.5980542130041334 0.22795256187209004 
0.5328037222808913 0.2711410306784607 
0.6238698313139122 0.21160118586510393 
1.9035723683154954E-4 0.9882247494277353 
0.45230529490423177 0.32892406196667456 
0.05882033250465071 0.7669866777903773 
0.20714090582279707 0.5465913864050164 
0.3631424125045828 0.3980585226311973 
0.26614573542459663 0.4856948400599075 
0.33579012190211 0.42466404022164794 
0.25837342686967435 0.4931441997611858 
0.3829817533695872 0.3854188578241906 
0.0074339267426419275 0.9159292919685696 
0.5124844260169763 0.2864455064585384 
0.03229696784533187 0.8218310225036292 
0.5753999140487935 0.24619894202092088 
0.8867462149802567 0.05996361951661973 
0.7499869757018476 0.13871751521585823 
0.037893331431904265 0.8071339686063004 
0.07781139032274065 0.7219024890713213 
0.23093668136643516 0.5268784844644661 
0.005181666369164117 0.9343580530388893 
0.9440828769665395 0.03158174144578325 
0.4688646494167242 0.31659955300135195 
0.01919317562497913 0.8629309714095481 
0.44289247120850395 0.3357996127814967 
0.6897196114870884 0.1700829565475717 
0.08724839552468458 0.7059514326081167 
0.9519209795686285 0.025384426480236134 
0.6897196114870884 0.1700829565475717 
0.7540958923094646 0.13366483851844596 
0.07326492258561634 0.7305486281093285 
0.5237697643150723 0.277858378231067 
0.48365337456476554 0.3057688540480835 
0.657135780713596 0.1926245566646281 
0.4650699286779324 0.3194484948997707 
0.33330054917712465 0.426774025545417 
0.6377838929229006 0.20774255921000825 
0.5869877888341147 0.2347895764129082 
0.24065286090244303 0.513498320674303 
0.2095223613007257 0.5439964310959218 
0.29569745408073417 0.46163046877681707 
0.9273782755494169 0.037908382438898734 
0.04953872567289313 0.7796370435118656 
0.4320612925788758 0.3436531438667995 
0.08530229919565534 0.7092689003802481 
0.35127600684653915 0.4088033514137074 
0.640432012654445 0.20066373952798944 
0.28836650607720987 0.4647258757070332 
0.6517449247113744 0.19659214139694758 
0.39522115828091364 0.3753259687469218 
0.4944445182192618 0.2977514412518561 
0.03229696784533187 0.8218310225036292 
0.18236418830960494 0.5745988848362481 
0.35127600684653915 0.4088033514137074 
0.4095828558373672 0.3614499217796242 
0.21981764512479957 0.532845933962542 
0.8511509538341916 0.0778740164948841 
0.39522115828091364 0.3753259687469218 
0.582878872226496 0.24006047848562684 
0.3606261831365639 0.4000635790033662 
0.4095828558373672 0.3614499217796242 
0.3844018424275503 0.38396441880563736 
0.005181666369164117 0.9343580530388893 
0.054772350123923175 0.7674413832366793 
0.04178238071372538 0.797384947493087 
0.18455046968291627 0.5720639221063419 
