0.0 1.0025888194307981 
0.0 1.0025888194307981 
0.9985088137949462 0.002155143157216789 
0.21955394947791107 0.5341296843993395 
0.7599943572383063 0.13020128670550932 
0.8901226928068647 0.06045159492062289 
0.9348586157976027 0.03478848146280755 
0.11451942294210715 0.6641873332247913 
0.15368212157708078 0.610557728279026 
0.254485061367546 0.4979094464400315 
0.04251484342764336 0.79670788403137 
0.8163664221250246 0.09816879657853973 
0.3613093687476514 0.4011981666985569 
0.7803443281416649 0.1182372605805912 
0.19636273884893474 0.5592747678645963 
0.1413875585345548 0.6298510103982561 
0.7366922072829849 0.14409724857697712 
0.5312050775580737 0.2730815233352722 
0.5694172841595846 0.24743701085699468 
0.7079705942806166 0.16053294169555285 
0.8624139692863229 0.07324629807413541 
0.33600499771635317 0.4225476006978594 
0.4398643916770225 0.3386076969362733 
0.02562478490555148 0.8431680588137993 
0.10431952362005317 0.6792847801880721 
0.6959135847869645 0.16771951578942074 
0.08261382524932914 0.7184286699363491 
0.07160698498512647 0.7348091937931674 
0.5456437811608024 0.2632082886062608 
0.4045572917882124 0.36596204724810943 
0.3906442409482197 0.37700061008259583 
0.17905008830502323 0.5797461435032575 
0.7268239102109447 0.1491155431640949 
0.41609416762914303 0.35690636201058556 
0.5000053401426063 0.2947919848739324 
0.3223986690114262 0.43439662384365824 
0.2627170113765511 0.4896187386002681 
0.43016996765458737 0.34643151905158526 
0.8426327316029442 0.08395006652952557 
0.9479627729288045 0.028137556189793137 
0.017495279109183914 0.8708836432216532 
0.8306136011691192 0.09194086041247831 
0.13004296776215124 0.6419982066537235 
0.0017596113196826774 0.9610443070331436 
0.031639475570114636 0.8251637198355509 
0.5894545318120537 0.23432514772343493 
0.3038055610077016 0.45113340656751066 
0.49017572750803806 0.3046113546199964 
0.1942394581235196 0.5619505229787712 
0.01204209141987092 0.8931259043777502 
0.9076589413917535 0.05102760102446072 
0.2758246707644948 0.47716573592072425 
0.2331129173732673 0.519579980521946 
0.020224156406697044 0.8605324197929314 
0.641110118460108 0.2012706485905336 
0.006520837078994181 0.9227635385682775 
0.2331129173732673 0.519579980521946 
0.010426267188412323 0.9008596788978156 
0.9864302886874312 0.00844953536817889 
0.6200655777265094 0.21465175133054445 
0.6351745818474263 0.20500934831670095 
0.09648547121666205 0.692480260850087 
0.9076589413917535 0.05102760102446072 
0.6598809847127339 0.18974201495495624 
0.003301484315128715 0.9457931026426161 
0.3778109825746283 0.38794499654787473 
0.1677935129746571 0.596119171363951 
0.05593841404546629 0.7667170309358502 
0.457584629027514 0.32575401970885415 
0.677840819651853 0.1784307394963091 
0.592263693514125 0.23200596247711475 
0.8567618453435728 0.07630521145534647 
0.6571469766779735 0.19144177187022252 
0.7937269736029249 0.11061330146163095 
0.9753633038472589 0.014026933957133433 
0.28852485548779805 0.465162023903437 
0.06465953363497698 0.7482608779777138 
0.6790218812716649 0.17776354321252905 
0.9624078495716115 0.020927492325685703 
0.08838705590620002 0.7055237082865932 
0.5149174449409843 0.28439516030109707 
0.3124637788820701 0.44329917944793945 
0.005205923097962917 0.9309250973773514 
0.5149174449409843 0.28439516030109707 
0.7937269736029249 0.11061330146163095 
3.974110058668212E-4 0.98270202099967 
0.031589813664064714 0.8252278540231665 
0.05410815560402096 0.7701965044144594 
0.3796069349328423 0.38650342999419524 
0.2815829900152374 0.47222749162452937 
0.17351922196557107 0.5865103430667099 
0.13089090052779762 0.6405989521226351 
0.34847167856193834 0.4120853722880755 
0.34847167856193834 0.4120853722880755 
0.47769780056373057 0.31068250182959306 
0.09161797229661539 0.7003737599194587 
0.06532409062139685 0.746786378460627 
0.5585322063014899 0.2548322229600348 
0.6084840854567223 0.22224003091082842 
0.9666161070299729 0.018819525226092787 
