0.0 1.0018601971201662 
0.9993872759904908 0.0013071040413915596 
0.21824037883570052 0.5348137653057656 
0.8704780558639567 0.06875394876303983 
0.0013891584540806912 0.9646551171085815 
0.31105944666301194 0.4450473217491785 
0.2809370849937884 0.47137182967715996 
0.2992832054119075 0.4548218790627221 
0.8112230547739532 0.10070293171152035 
0.9483455120009363 0.027406308819321514 
0.46084585165180053 0.3225056815155436 
0.4070786926278391 0.3640725572447741 
0.7006674469588615 0.16452670999810362 
0.9699250870466141 0.01766362122132977 
0.38246494161784983 0.38284196627379863 
0.8457329299921327 0.08259261191948226 
0.03229440280079671 0.8239356208175824 
0.10085464892094731 0.6850646694183756 
0.2033159044569675 0.5506093269696861 
0.6571805714655854 0.19071437607867475 
0.10298759839946625 0.6823810345214382 
0.01568076083578697 0.8770091213462007 
0.9993599025553072 0.0017286638924265466 
0.2702078756999956 0.4833279714728647 
0.12032913300588013 0.6553580515881534 
0.024527544202235685 0.8455023306895215 
0.6020361399157023 0.2256623053460208 
0.4913748575261643 0.30022172047777296 
0.44649573947389115 0.33296506520936325 
0.6807438568651355 0.17635710922979736 
0.912373614180697 0.045760023270045296 
0.008280786409832597 0.9111366362371253 
0.021086751706508214 0.8574839262282395 
0.7940584665012064 0.11050250842898238 
0.03783586442963277 0.8079766495610922 
0.7853332441576741 0.11498396106658336 
0.33090708593428403 0.42674841468213565 
0.23527287410360084 0.5164714347630557 
0.054356327360130276 0.7693454872116584 
0.43598211888749966 0.3409199137825048 
0.6386523369924535 0.20236086968699382 
0.06870027251459437 0.7402084435074324 
0.08233794611168893 0.7156268607105882 
0.07456240300870448 0.728696413688032 
0.8972415435486185 0.05426112858091396 
0.04838735560271373 0.7842616188629288 
0.5630101336958891 0.25172454155781987 
0.9272202236848073 0.038467727881497195 
0.19463155776241486 0.5606736825854397 
0.5345558273465726 0.2718168425396674 
0.5792631723376651 0.24005257124646284 
0.04320547538265242 0.7947386174532105 
0.005218851268232478 0.9306098669097085 
0.7172737614082547 0.15488124600052838 
0.41309848652261716 0.3589264321989615 
0.6269118879938324 0.20943962333531257 
0.15348686957355512 0.6097753637386686 
0.6838218556512201 0.17485748789065148 
0.08233794611168893 0.7156268607105882 
0.7408044907564613 0.14149798944425662 
0.9639858723712318 0.019359390263470378 
0.34693828599385595 0.4127945632977795 
0.47833084349804744 0.3095763200864822 
0.734403953093072 0.1450088965897285 
0.369839805230485 0.39412240301312323 
0.6504918032394745 0.1946795802937772 
0.5579634828279615 0.25487134860080146 
0.34332482725766206 0.4158335227796325 
0.5045351939035171 0.29112240283062946 
0.6269118879938324 0.20943962333531257 
0.18268720831582771 0.5741745088120366 
0.0033696952153495843 0.9443917884226646 
0.8861272640413586 0.059589414468506186 
0.5937034990189616 0.23094957130746668 
0.25824979118277325 0.4943944739603232 
0.130933474807297 0.6414001152907218 
0.7210119147992438 0.1526822188914638 
0.36052820658259066 0.4017399697167876 
0.5045351939035171 0.29112240283062946 
0.5242853490112712 0.2780475460191936 
0.1506077273159629 0.6145696958955954 
0.13217092665030628 0.6382599426501765 
0.7679635506950705 0.12441688904103693 
0.18674380209664967 0.5691841770601376 
0.06132942248864409 0.75380255099354 
0.1413017022201204 0.6259428211135867 
0.37788239269240853 0.38675430291435203 
0.12077674467730212 0.6540275477167522 
0.25603572416423026 0.49642591522060914 
0.5832244879828155 0.23741136090720602 
0.8371797317031616 0.08664943075714256 
0.8304335584095871 0.09080473725310113 
0.5242853490112712 0.2780475460191936 
0.3314536381702823 0.4262575657152253 
0.7538660413680717 0.13310896234589725 
0.7550237023983023 0.13283289298355297 
0.16469835016344825 0.5967935235219672 
0.059909141842273334 0.7567408176737049 
0.47878623302847173 0.30925936512304725 
0.7679635506950705 0.12441688904103693 
