0.9989930988905211 0.004908972846607112 
3.1979037626776214E-17 1.0082037121069438 
0.9989930988905211 0.004908972846607112 
0.8369104061623779 0.0901616529953397 
0.7927588439164244 0.11442888265356711 
0.2738797414220369 0.4831026111185458 
0.20627297787885993 0.5532178639545304 
0.7733612551472366 0.12671525287742239 
0.41930985825426115 0.3579209279337415 
0.5056028665070094 0.29402944404510695 
0.6756433381415741 0.1827516092397585 
0.9138118714990301 0.04866127805010602 
0.6873052839363957 0.1755439831527851 
0.03553474171963411 0.8190411624457794 
0.945248593343263 0.03251774856948004 
0.5174892939597648 0.2862395342091186 
0.36720882802131005 0.39967355221028905 
0.980244046492724 0.013868900973709183 
0.6048117948720284 0.22784196066539417 
0.015920004152633116 0.882032816518432 
0.7361983962308322 0.1478720394709441 
0.08605919370865112 0.7144559607031998 
0.006301894899655269 0.9291355388937839 
0.1712538418152298 0.5935352862558323 
0.30519822633715127 0.45533803205882933 
0.14864355212450137 0.6213416804556148 
0.0030923128971893366 0.953428628512095 
0.1869326136838015 0.5746721087982484 
0.047378609417605105 0.7904257317139625 
0.1270116250134034 0.6510166955555622 
0.11875809405720222 0.6628896016073532 
0.06777983572660351 0.7479097325877476 
2.938462753128146E-4 0.9914800263514013 
0.1964456679346973 0.5641713709737911 
0.6556037078809525 0.19548450538249057 
0.7529655825980113 0.13710088693012232 
0.09333335341756521 0.7015179661142394 
0.3132346525575686 0.4467944338140682 
0.8693199528262505 0.072258747693194 
0.43431287386322515 0.3462793606592959 
0.1760963672175107 0.5871518610395684 
0.04803418611184407 0.7889465293576728 
0.10023959398190899 0.6905221235247913 
0.875080700272274 0.06933407347596096 
0.4033142632217659 0.37114587414998057 
0.9477793090085925 0.03213953225878115 
0.07606968638201295 0.7309350320578344 
0.2462398772569578 0.5122731736524717 
0.4595493814512511 0.32991306613634674 
0.791780841261321 0.11455064673897665 
0.38377493285155484 0.3866997054698073 
0.02347506551567008 0.8539980320194969 
0.595916432748817 0.23501454207512895 
0.2897787739679074 0.46822214640164966 
0.11007452011687685 0.6758417766624901 
0.2262663749359018 0.5315195034730391 
0.013676073761022561 0.8916357926326863 
0.23389202062911352 0.5227870211147682 
0.2573249632578258 0.5010545187059232 
0.2897787739679074 0.46822214640164966 
0.2262663749359018 0.5315195034730391 
0.3963441010418553 0.3771930271155394 
0.4847324422140126 0.3090964542813135 
0.5630742505053019 0.25492955746574475 
0.2573249632578258 0.5010545187059232 
0.7485164888908242 0.14000682573843515 
0.009151164967767828 0.9129332664964316 
0.3552426897195017 0.4101460874018351 
0.34235698629966516 0.4212945131941381 
0.7188914170283327 0.1571532916630675 
0.7077925303427985 0.16399786074538802 
0.029310224964403747 0.8360288361244458 
0.34235698629966516 0.4212945131941381 
0.8915224790181095 0.06047024777459007 
0.1556704610130218 0.6130779799415512 
0.966918660880036 0.021083902029322865 
0.13642611860688836 0.6383098354435058 
0.5500083299608287 0.26576021281812334 
0.060232994339382256 0.7623927877591541 
0.01052762946276959 0.9058398881774614 
0.5351892969964754 0.27398727354096036 
0.5351892969964754 0.27398727354096036 
0.07385897746002135 0.7349834559514948 
0.13642611860688836 0.6383098354435058 
0.8508898748459381 0.08260205944034428 
0.0015721845291117448 0.9688345894878951 
0.4689399541979393 0.3205749855635107 
0.4847324422140126 0.3090964542813135 
0.10664234761111283 0.6806294935524038 
0.32467197279025256 0.43677769873094563 
0.966918660880036 0.021083902029322865 
0.1556704610130218 0.6130779799415512 
0.5630742505053019 0.25492955746574475 
0.026006173763251123 0.8466583952436315 
0.032887745177512584 0.8265199540933598 
0.5482478460817192 0.26627283335412144 
0.2404654352902236 0.5166037001439335 
0.05831679967365406 0.7670005076062045 
0.8508898748459381 0.08260205944034428 
0.4508299464236618 0.3347901952319972 
