0.9999044757388456 0.006658908033547635 
0.0 1.00937270257252 
0.0014478030727971339 0.972288706100804 
0.8603234043889644 0.07751277566952439 
0.8150533710345469 0.10179793445167461 
0.2920021834944375 0.46966311885854034 
0.5157243015866764 0.2863693447050133 
0.005863727413888353 0.9321866032008426 
0.1602649751114439 0.608811127449011 
0.17847790731154034 0.5858289427669725 
0.4931216084315062 0.3055222652924071 
0.9481010979189397 0.030572067543743715 
0.3276466190396539 0.4335744200631827 
0.01247767155549645 0.8983957114421265 
0.9699898630008407 0.02130888306164995 
0.1370125021050697 0.6385343898627025 
0.03142617882614221 0.8353062597704384 
0.5621575060435692 0.2588569006417337 
0.03434806990928768 0.8220963920471799 
0.31789611300337517 0.44685388004771515 
0.2320860907596995 0.5289664509777833 
0.7242981602778248 0.15381343352934296 
0.545030704157327 0.26901061931054965 
0.5318474241436186 0.2760844371609442 
0.9215493595078765 0.044619381252396915 
0.02286522651437614 0.8618452119051231 
0.059102871128992374 0.7667835336048677 
0.7724444786773011 0.12757066187083796 
0.045582918030778796 0.7990095455674018 
0.9323574414623179 0.039706340791624696 
0.1293917453458753 0.6515831591550199 
0.009353653209141555 0.9170653784343638 
0.07781485339795349 0.7306803111891235 
0.28003112644763206 0.4799884674914641 
0.2442109070206785 0.5142210698622173 
0.5892194388443098 0.23683058899288326 
0.6763357576543279 0.1825687287022711 
0.9834787926784243 0.012836815568899991 
0.05245932556142674 0.7786128116141734 
0.4316735438989532 0.3483364951853189 
0.0188981393672098 0.8726351396559763 
0.39539078805889055 0.3832203390201658 
0.19275844256851968 0.568298305833284 
0.604074362934444 0.22834148836437115 
0.4764313028028533 0.3189921694764586 
0.4026369907085742 0.37141992160273607 
0.26237146159425806 0.49348882287640006 
0.3627886648773897 0.407334884679599 
0.788632391923145 0.11768229003181216 
0.6239951833100416 0.2187518404402264 
0.6671760626094119 0.18971306783944936 
0.9011394204907676 0.05498218855494926 
0.807423356172047 0.10779863276471345 
0.5741380353881743 0.2476144341704914 
0.44180301344704104 0.3430751982895322 
0.0993562749739198 0.6938433104502784 
0.111480091635902 0.673947786190637 
0.6913891107333565 0.17509322879628558 
0.18697344313626485 0.574837050725744 
0.884762755972873 0.06831359677317132 
0.27040809261616616 0.4880400276525067 
0.6439985773339973 0.20809512524830662 
0.3773655667537337 0.39422265137428575 
0.45077812736424966 0.334320345724953 
0.6338796974835328 0.21101818646868967 
0.48531486415473657 0.31255487036084967 
0.7121605922420462 0.16270066308194808 
0.9001897727932916 0.057226773815607 
0.07160108887419744 0.7425715925547294 
0.6137695151867891 0.22503760742930523 
0.08579541543220998 0.7167565800002885 
0.41721618678237454 0.3616857811530532 
0.20413321161708808 0.5554732370849094 
0.09530206412832293 0.7030099266052583 
0.8671607134130097 0.07473662776107005 
0.7421076228060832 0.14476808933501953 
0.3455937265587596 0.4180009851003649 
0.3581680668450864 0.4096788961960363 
0.41981389280494985 0.35929928610072653 
0.15208102453817465 0.6212018954410082 
0.22028023134690505 0.5401983187540882 
0.04704963607755708 0.7935081064763134 
0.22028023134690505 0.5401983187540882 
0.20413321161708808 0.5554732370849094 
0.2530626963266835 0.5058324421011482 
0.3455937265587596 0.4180009851003649 
0.7850791405607934 0.12006713407394021 
0.7425416283241564 0.1434564535347884 
0.5834994812187076 0.2466218160283747 
0.3773655667537337 0.39422265137428575 
0.15208102453817465 0.6212018954410082 
0.7593529163642938 0.136137562278729 
0.06635738538533997 0.7499528122880446 
0.8805615612374957 0.06902279185736725 
0.6531458352190957 0.1991478913376718 
0.6564144486639465 0.19667939085976546 
0.08858822052338289 0.71201966113979 
0.31854797821902064 0.44626961382495256 
0.9960878059062026 0.008581704665136934 
0.1210601070244447 0.6630446147558072 
