0.0 1.0250783929993617 
0.9959706122486601 0.014756806472521825 
0.0 1.0250783929993617 
0.9540569073466467 0.0328984414884463 
0.8101451360849494 0.11374316148569091 
0.7770946915165129 0.1326748664800733 
0.00686184312394765 0.9531077348090558 
0.7075340616947606 0.1737868663840941 
0.4457623269439993 0.3494604500246041 
0.06660982304609557 0.7643268685550207 
0.6105830999517381 0.23425747435945646 
0.5816660631011207 0.261588295262172 
0.9182039908453336 0.06142030836275559 
0.9237716476183396 0.04866374109396303 
0.04674645782060974 0.8063440759556973 
0.08049845932605776 0.7383177973331293 
0.34010970727639966 0.43477324728992756 
0.5555089488543296 0.27078443868337804 
0.4035362721387212 0.38256247993799425 
0.8846270793931668 0.07151465714749104 
0.6363355482576618 0.21803638606207262 
0.2188789728511466 0.5516470005930157 
0.14538535066871117 0.6391070403073394 
0.17696387862039017 0.6008168644964856 
0.05678849448054746 0.7845162394666706 
0.0012519521656508825 0.9897520594607265 
0.4706065662815726 0.3305894850883799 
0.765388995938096 0.1395721147645537 
0.09612424565080824 0.7114261703564226 
0.08384176981223682 0.7323566176307283 
0.6895628107099113 0.1850063060844861 
0.009253675766360603 0.9279185985066033 
0.6271899709571971 0.23115633358414855 
0.3122560082457342 0.459733288953083 
0.19167161583807985 0.5825369520290161 
0.036831546674844756 0.8308943820935081 
0.2769102545934926 0.49253192787764005 
0.1558252989946735 0.6253440722685817 
0.1090103774586608 0.6912583573833845 
0.3499578525114778 0.4265534624246904 
0.8229516523803391 0.10714264620099909 
0.25330014195821743 0.5158644371156269 
0.3239535049099203 0.4495341422569361 
0.8641196032512293 0.08391678951441058 
0.4885608187913471 0.325120882543008 
0.2933718620975828 0.4775175864661597 
0.1172650010448642 0.6793673390108262 
0.42640933132630265 0.36396271545403336 
0.5151591577109915 0.2988694710194387 
0.42640933132630265 0.36396271545403336 
0.5884400396815374 0.24877072340029197 
0.2702353838348678 0.5078872179148609 
0.502842520716213 0.30326770474806575 
0.29696083151798425 0.4737962986703686 
0.49401885075240637 0.3147842172097414 
0.7501735328293113 0.14839873350294808 
0.16355490722920646 0.6164041856005653 
4.270122008014354E-4 1.0043298905349833 
0.14153633538178723 0.6567386978489663 
0.38393179890555656 0.40599490308387454 
0.041573550380555435 0.8188796392662359 
0.022099465531966345 0.868910059738294 
0.7468677262363644 0.15693498885369356 
0.1285187617517049 0.6722900297501189 
0.028716162038345594 0.8477357495364565 
0.6505544130689163 0.20850528502570823 
0.3622158840207175 0.41616633018772764 
0.3674040583755096 0.4114985003380652 
0.6720864683903988 0.20318100120224347 
0.7291297796567079 0.16066076266590457 
0.25330014195821743 0.5158644371156269 
0.3867396193802288 0.3960454655738263 
0.8846270793931668 0.07151465714749104 
0.9908824315849105 0.01888033824565923 
0.8433458518462769 0.09563358697142031 
0.9740383621047761 0.02749966555042463 
0.06381805876075669 0.7800589894202241 
0.011729486551530832 0.9156274713700778 
0.1715303357181518 0.6057700819240615 
0.13467710452063897 0.6635983421657636 
0.5451569261106146 0.2868760693231363 
0.028093794635185798 0.8553266119925542 
0.017766375495143705 0.89013098116179 
0.5483451390121569 0.27570469329168823 
0.976911279774225 0.025861238887104187 
0.39658315084555085 0.3878274384185816 
0.7291297796567079 0.16066076266590457 
0.020161653053522688 0.8815466257500962 
0.23055973161302468 0.5393027327220248 
0.1975006985597133 0.5752667105794744 
0.8586219937933685 0.08709190322924845 
0.5319759209782545 0.294771447029879 
0.23051212349081113 0.5418485343390238 
0.10087304507488815 0.7037956449615015 
0.23055973161302468 0.5393027327220248 
0.2072748915716969 0.5642036173451419 
0.6757957437466431 0.19341794363593037 
0.2072748915716969 0.5642036173451419 
0.6812933531894406 0.18983439167908464 
0.4595784879122714 0.3388274844381521 
