0.9973535882365038 0.005955667585746157 
0.0 1.0126916402743404 
0.0 1.0126916402743404 
0.649615683258369 0.1997614156281467 
0.15758889419276895 0.6139811065886583 
0.21805171587994304 0.5394964593826024 
0.25304730411471305 0.5027985409155452 
0.1375881895994303 0.6371969047288449 
0.5213798354654844 0.28295554837419223 
0.27767930007498975 0.4796911135366462 
0.9117882165792969 0.05036602398237447 
0.2982738052582493 0.4598498500565495 
0.542934345418052 0.27053979836954245 
0.6290936194663675 0.21240680136163742 
0.03803559133937353 0.8164540031040416 
0.1694674909564817 0.5950674057265553 
0.8405615078717272 0.08842134145219684 
0.35546955336767727 0.4100960290794371 
0.0023864787242917074 0.959865959874825 
0.6776553544124337 0.1817877069529532 
0.005124327496633774 0.9370666492173128 
0.8141530111783315 0.10279069037647812 
0.7047935033373354 0.1656010926399275 
0.26783413944169193 0.49001018818277686 
0.4058913395830057 0.37096947716815704 
0.615530299393364 0.2199814519709015 
0.08715613854387005 0.7129326186708518 
0.12663449503385077 0.6524014884856381 
0.8481410634989852 0.08368099124480502 
0.07833368625318951 0.7296604697320356 
0.18952211629223228 0.5711307602325996 
0.1804869549080309 0.5833503671574851 
6.641235653114391E-4 0.9858147668056015 
0.5052821487545609 0.29492654154286285 
0.9524069156352902 0.03071014737656673 
0.02704368654694156 0.8441293241081856 
0.020027571049924087 0.8669287847150553 
0.8948593062746006 0.05840320677293053 
0.38151915023314625 0.389963674561269 
0.2353245927290486 0.521123560534199 
0.7299141514500175 0.15157934001411436 
0.04623776515286521 0.7919824939161315 
0.7284972725901058 0.15209135681180472 
0.07110672653524458 0.7412198562550861 
0.46594361823149 0.3221201104326936 
0.30840915466439106 0.4522225474654396 
0.203020549207227 0.5595842451408758 
0.41767181083746535 0.3598746894946145 
0.49765461952034223 0.30210664060377423 
0.10534814941629214 0.6824854414529237 
0.23326185931280694 0.5233694993492265 
0.9829203738891006 0.012625867975230335 
0.8701480082719788 0.07329432421655117 
0.013238695492220329 0.8930521405167445 
0.9627583859074316 0.02404321512901143 
0.04175196687779076 0.8048578931955814 
0.0601221541731477 0.7624099947593315 
0.5708754075476441 0.250177970331934 
0.008562048247204912 0.9149691816761623 
0.06529706326997883 0.7547676452911246 
0.9734773791731923 0.017477680761225294 
0.4842886516702102 0.3101349358102306 
0.3322153480378921 0.4311423267482254 
0.9343827871582987 0.037624182069309745 
0.4784438333662576 0.3144059510762651 
0.9343827871582987 0.037624182069309745 
0.4563168073805928 0.3299356904851288 
0.5985703427479481 0.23146086973847474 
0.5546760119426001 0.2617244018818732 
0.3187413969050873 0.4429535062739921 
0.7527486510953002 0.13704004494039565 
0.7780134405889084 0.12460975157689327 
0.12974679758795826 0.6486758592119296 
0.689966496751157 0.1766774028530096 
0.6987201188361802 0.17017324159219382 
0.11125690947398892 0.6754492549300017 
0.022508568986213576 0.8613570759559933 
0.7832628322743356 0.12021031975239167 
0.7527486510953002 0.13704004494039565 
0.3216576648900869 0.43859181504210837 
0.2020023032399572 0.5606450532535899 
0.7986206616161873 0.11154620761091642 
0.0947942762795631 0.6997987943015066 
0.3676248456373479 0.40015425846431674 
0.3911093426450088 0.38013848490373014 
0.8092357420640236 0.10554052927015443 
0.009789144781968129 0.9092867165539916 
0.3690046709442372 0.398804199395117 
0.7932909004541413 0.11448698968949653 
0.0947942762795631 0.6997987943015066 
0.05346223401973632 0.7771858086813227 
0.7672917209110478 0.13037333998172868 
0.33925755359082205 0.4248645942677982 
0.584356215973304 0.24253845231185914 
0.33925755359082205 0.4248645942677982 
0.8719465881928223 0.07222719701915098 
0.05371654091624108 0.775779461143464 
0.7635865419252725 0.13320664833348997 
0.5736443847658989 0.24830228706398758 
0.8839105528774691 0.06559929169604808 
