0.0 1.0137621792145524 
0.0 1.0137621792145524 
0.9997399422547933 0.007970042477259555 
3.4096096560803923E-4 0.9951064883801194 
0.3476630318511341 0.4212653125918671 
0.06466062639382042 0.7628742138315094 
0.8196980184659134 0.10525570126870246 
0.145324998313963 0.6325724990500537 
0.9055600793169706 0.05455000775456959 
0.0038614747636719765 0.9487364781610691 
0.18178309983042457 0.5863927107631097 
0.9788544185778413 0.01855380351625712 
0.48640385362948657 0.3113852475618962 
0.568188956130345 0.2548306553820635 
0.37905356956974645 0.3952045484091362 
0.7099028553985255 0.1629656749566447 
0.053826210945793984 0.7823628247372436 
0.6577749500144245 0.19410725835855427 
0.2957340380317732 0.4685904933422279 
0.28140906131698207 0.48087022303242044 
0.08838793692067054 0.7188210931961297 
0.04226520677107423 0.810675544142824 
0.07616688187643672 0.7392231894902319 
0.837666920931563 0.09230842550099375 
0.4430693862048123 0.3457693355742217 
0.19602314871819765 0.5696512759119438 
0.5894938215826346 0.2410008291982056 
0.30660892005450247 0.4563443337695919 
0.1712991181854237 0.5988187486721749 
0.23939160045489913 0.5221779735882263 
0.03336242498674297 0.8313466526000877 
0.21215294958621747 0.5530330070477268 
0.12357554002372599 0.6617926793862926 
0.8489620662322078 0.08685859472474798 
0.8915306737447134 0.06308331115500253 
0.00893914969668913 0.9165860973778892 
0.04832222534035817 0.7970670778498349 
0.1604834397472937 0.6093346210478597 
0.410812895239933 0.37066275569128965 
0.2702295709408744 0.49254116985173285 
0.7324090009230793 0.1541199499306972 
0.1076077478706407 0.6781561111952932 
0.6484939460950943 0.20470994547768226 
0.09851978327613015 0.6993227701492912 
0.7591577421260641 0.13636829632084402 
0.6231945968659317 0.21919372185672215 
0.7499361679746301 0.1424057073089576 
0.22261038621094845 0.5388363413744373 
0.35869621733796697 0.4111525708483741 
0.3669453610167314 0.40423405552806063 
0.2518686724370647 0.5102668786934872 
0.25883415561314466 0.4969986778613378 
0.5485374955267195 0.2680892850437445 
0.5804639773989917 0.24815769745565194 
0.022641706273619888 0.8601117204986604 
0.69769239347648 0.17358527695903553 
0.395916355453086 0.3821687369672564 
0.4982339471205536 0.3030444188085714 
0.20249382417976014 0.5629947324854327 
0.08001093764886151 0.7301187306337531 
0.11653906990392982 0.6698648657613812 
0.7897168791893276 0.11889267382193759 
0.6780923164273515 0.18452415606899011 
0.31778917813041396 0.44712711856860854 
0.13420894448447007 0.64693180154871 
0.4265211300635171 0.35727608630993585 
0.960993595350277 0.028539878589427824 
0.7743131927938417 0.1285823868246691 
0.5396286152000037 0.276362849851054 
0.10229684769789466 0.6943115209759871 
0.6371637119704026 0.21199876099457596 
0.7999474926299859 0.1142287041310051 
0.32353923346996566 0.4420017905142381 
0.7351910607310194 0.14961287594146774 
0.6780923164273515 0.18452415606899011 
0.4275224858374435 0.35633488759262644 
0.6082439205832917 0.23199090915746354 
0.9643196485945699 0.025954209278485327 
0.6081954693756038 0.23208734157228378 
0.029317142055108436 0.842831476003902 
0.5214499170737069 0.28785814350565 
0.016572174116984473 0.8865075536891575 
0.004812562969973289 0.9449740537927306 
0.32353923346996566 0.4420017905142381 
0.9288623128579048 0.044632808539440856 
0.014487392634854046 0.8926710787837127 
0.46767842965199724 0.3255088252474784 
0.1363586690566544 0.6433794299767074 
0.8751398657695887 0.06925096167837994 
0.7791475263980423 0.1258177689829211 
0.22154291806373286 0.5411326793128072 
0.86416512381421 0.07854697792083741 
0.2411737777020987 0.515635559027902 
0.45802945312645776 0.3322542173681258 
0.46767842965199724 0.3255088252474784 
0.405464841814651 0.37518027284088934 
0.8783936797721932 0.0673222259491345 
0.02064167888436627 0.8714457984271394 
0.5293198831861873 0.2820691616767682 
0.007152960826850685 0.9253181716761429 
