0.0 1.0074193657549415 
0.999980534319152 0.003641626304956265 
0.0 1.0074193657549415 
0.31506348367427994 0.44196209735391856 
0.08036477673313781 0.724238617054562 
0.5791435481243388 0.2432111921461553 
0.04911828754099867 0.7832581321204869 
0.8441638209520643 0.08385693567137038 
0.342938896979987 0.4207252110231984 
0.972506325950852 0.01769546792018025 
0.4898825177225822 0.3048698045199618 
0.06282814649523966 0.7535519337401386 
0.5031254541360953 0.2942820062688864 
0.3876580544615002 0.3820741170993386 
0.7836644636382664 0.11719583206859205 
0.21082672267782515 0.5463903654366661 
0.1566898214121173 0.6106519289977197 
0.43092479244672066 0.34860518784016664 
0.021458165904826132 0.8587050199828814 
0.9014982155010987 0.05446550130580685 
0.22753132644797724 0.5277739155735434 
0.8703950174771623 0.07147372871643595 
0.8300186657224753 0.09352992927148786 
0.13085608681706606 0.6429819993016215 
0.0036288435495133164 0.9445403906464049 
0.008352530239207116 0.917471320881151 
0.28417732017287267 0.47380392520354664 
0.46873313351224594 0.3186556276766085 
0.2615990690697539 0.49246128080205687 
0.015007469518101585 0.8821501442315905 
0.09328574178305643 0.7016876328225587 
0.41097432546681745 0.36380840597714026 
0.7253255431952434 0.15236328098315124 
0.10638921796098044 0.6808085359034011 
0.18227702461060286 0.57892071681444 
0.6065471210082402 0.22722816820218522 
0.19598366961908784 0.5645082847189645 
0.27128656638993953 0.4843470997720002 
0.9926455452030725 0.007620840559641776 
0.30255683180971565 0.45379234651129446 
0.8885659508353664 0.061591268993232536 
0.5387813960964674 0.2690729607270576 
0.2959341285268287 0.46291329741560105 
0.6460478657968224 0.20056701015782416 
0.5243815434545165 0.28094367492109634 
0.8138537165917945 0.10078864741050407 
0.026091595119111022 0.8429861723532265 
0.1395576330081821 0.6319809972423204 
0.7617542116732022 0.13021687465893567 
0.6752743576959264 0.18258966022287887 
0.6248773570319214 0.2126214138621625 
0.24789269700363448 0.5057201900567224 
0.4218033181211075 0.35411926146851624 
0.11730286377548238 0.6643186590109375 
0.12005113508716984 0.6595110108309562 
0.6065471210082402 0.22722816820218522 
0.043087028843714015 0.7976908283847862 
0.36712707343723916 0.40077218422383004 
0.7076892389530673 0.16265680247173686 
0.2345963049396405 0.5211923319195606 
0.6909443181131678 0.1731762547356885 
0.20096013934145063 0.5563262518557931 
0.7984964361582136 0.1099353500060359 
0.03968299046248913 0.8080601898318694 
0.9204068153067817 0.043530983021720725 
0.03428406447997964 0.821457375252649 
0.002425571690714917 0.9583081254980683 
0.36712707343723916 0.40077218422383004 
0.45322751671190775 0.33266605445717645 
0.7418080102955551 0.1417922196108265 
0.6485368106972776 0.1979429905335705 
0.6248773570319214 0.2126214138621625 
0.7588159675741741 0.13262056765834196 
0.030312592271757477 0.8308754494482042 
8.00376086269608E-4 0.9808069183731378 
0.4638621015460636 0.3239083974094879 
0.244404917340925 0.5109787028881777 
0.8765804205265147 0.06894402701703575 
0.7120308505257407 0.1603719541151424 
2.853655948112377E-5 1.0025985057047835 
0.3517159661682192 0.41212344199261514 
0.010162390854849768 0.9044889393053677 
0.012326351517637611 0.8942384440184451 
0.7396552011408389 0.14427749879537063 
0.9522656332855565 0.02756779243808158 
0.45322751671190775 0.33266605445717645 
0.06858887806260433 0.7441233466522386 
0.5663391989371616 0.25269683926930137 
0.09994993705763744 0.690330847564896 
0.1759807917538223 0.5869516660172882 
0.6871992803622731 0.17527150412430506 
0.8045677149512818 0.10548307192906765 
0.001201252600808389 0.9741738075239906 
0.9351970071682788 0.03722552090758615 
0.5293907653707237 0.2773403293338955 
0.5528275466205078 0.26146475373061395 
0.6649171583780737 0.18900530783458838 
0.17101273017305563 0.5929335671567203 
0.39715368476967816 0.37340466346050205 
0.9522656332855565 0.02756779243808158 
