0.0 1.0048978818453804 
0.9989159034341434 0.002939760771885354 
0.29862024437326756 0.4577695722643788 
0.6671421136377493 0.18596163138448626 
0.14153157209401734 0.6294675141637666 
0.4135994505392342 0.3605420358441241 
0.1812693783460433 0.5788734794127488 
0.12913135650971908 0.6452896211930669 
0.5323829996733679 0.2732443767491029 
0.6905880521154414 0.17214716221076207 
0.08274154948012868 0.7182528577849288 
0.5003643411495134 0.297234598494044 
0.15752602353679218 0.6094997781180501 
0.05529294108922961 0.7711117827851094 
0.7725288868401936 0.12385248456694929 
0.03227274710257985 0.8254117195083136 
0.27833452805173764 0.47564267098487834 
0.16586357933297213 0.5971439405746052 
0.5980217333513249 0.22988338696381042 
0.073239175197852 0.7343685668505454 
0.7044881373724516 0.1639467761091603 
0.23591394608121985 0.5177564969671896 
0.5522338212960809 0.25929059608812033 
0.11641806090263393 0.6640911924528999 
0.2635937839139363 0.491105314160826 
0.11064583973116732 0.6730798605659595 
0.01245750832965864 0.893993281052038 
0.042411053151238665 0.7988575418364968 
0.6169276932711192 0.21826552700898844 
0.7506427338811406 0.13639100999501744 
0.31793759333329447 0.4414171071136003 
0.863176609365448 0.07433732978349057 
0.7207348276386507 0.15452168174803602 
0.007514896796920356 0.91903908223428 
0.09451164564373117 0.6977443153351821 
0.394215740604584 0.3751703112724131 
0.35639127318542785 0.4066351050906951 
0.8364983091628776 0.08789677695246897 
0.09805567914271276 0.6908264160836931 
0.8468343201570905 0.08318067222804779 
0.34254026908699575 0.4190702206026423 
0.8747936427101017 0.0673370901884146 
0.32934582581068733 0.42992085140844327 
0.7318120312500803 0.1477524959722418 
0.38956310186692483 0.37882791887160455 
0.06531873785302938 0.7491453134202769 
0.8200661729529335 0.09765714435454617 
0.005541601552597808 0.9303168782342994 
0.015146932307687766 0.8823976099293244 
0.9114685824568963 0.04785580857354042 
0.9655372134792561 0.019868905818200708 
0.9295820937028678 0.038688223386944255 
0.6383046030171757 0.20469985143583688 
0.04140072325113192 0.8014736688346525 
0.19545987763868122 0.56312614795343 
0.9486055691766737 0.029203294677536143 
0.20849292815857032 0.5488784371998092 
0.5698149912747246 0.24911236803548045 
0.48397214765221386 0.30990095355698727 
0.6249497672580284 0.21269711589519022 
0.8025272748956085 0.10743374442329136 
0.24819348135579283 0.5070924530540805 
4.6130398616311963E-4 0.9836279064953632 
0.0027138735513670964 0.9530710595568623 
0.22072269494989577 0.5350215382236707 
0.9858395186978971 0.0097849046257873 
0.6488223997254616 0.19760500994378535 
0.4306832530570727 0.3475948667481218 
0.4306832530570727 0.3475948667481218 
0.3738174481263093 0.39288868379386693 
0.9774284512390253 0.013982315781833779 
0.7448360651977965 0.13998601625254528 
0.27055601617146846 0.4840685327757226 
0.5154158435087215 0.28445448319884725 
0.3738174481263093 0.39288868379386693 
0.888412250790423 0.06005700356978627 
0.4595278736826292 0.32550456977711445 
0.02675009743490414 0.8414330404382943 
0.5168089538252237 0.28348592245417914 
0.7856031093124604 0.11646529684073405 
0.019823332010799805 0.8641496554026984 
0.8130190328107989 0.10161267293396224 
0.9241978512986313 0.04148206900656043 
0.5863866115771443 0.23761933718419692 
0.44982376907554456 0.3330774762929815 
0.35048740805249007 0.4112231879312012 
0.9535449850617348 0.026830661099224943 
0.22067419002018154 0.535082144007448 
0.7905501438480902 0.1140498539853861 
0.002822429846507518 0.9515798336863557 
0.019823332010799805 0.8641496554026984 
0.44982376907554456 0.3330774762929815 
0.02675009743490414 0.8414330404382943 
0.3225422139574563 0.4378572192327679 
0.4666895457397223 0.3210676032821391 
0.4732352906688163 0.3167944603301687 
4.549862262221843E-4 0.9837765715165344 
0.9003946872544839 0.05450072265005441 
0.20380097843847908 0.5537154501832828 
0.24336903994175973 0.5105150001131368 
