0.0 1.00354348145585 
0.9998370749270519 0.0019127054429574665 
0.35949910347759667 0.403158331226389 
0.8013075976205587 0.10690769130064603 
0.32841426500042387 0.4307427589113321 
0.08109076284291084 0.7186260458390605 
0.574064735027436 0.24458409383492605 
0.1562889553387961 0.6081974315240648 
0.026944040375522393 0.8394345015819421 
0.5000846551777378 0.295656960231582 
0.8250124973482206 0.09376351682477736 
0.016593613231687065 0.8747327346965386 
5.602031729892987E-4 0.9805498207452985 
0.4813947368359625 0.3088292301408331 
0.06926946844569226 0.7400310209082562 
0.2873350526092567 0.46655184454272636 
0.04171107725207249 0.7991881022603537 
0.18543744884898727 0.5727260958313243 
0.05119893555612348 0.7768677631615223 
0.6741164668160237 0.1811177789510422 
0.009509440538499933 0.9065174970513749 
0.6309823302820216 0.20805451350680576 
0.020066282472962438 0.8624483854223265 
0.7725206145546295 0.12313936610296304 
0.6918623651803558 0.17036413205126358 
0.9101402768489241 0.04795219686145098 
0.09066582731487347 0.7019206124123268 
0.7590048459985063 0.13096350599815196 
0.4685976007801415 0.3183183618004824 
0.16924886111658238 0.5917555145502899 
0.43535481501559004 0.34311844558604915 
0.3960500816425124 0.3731787432551632 
0.8853193373473908 0.06093324995930026 
0.4148273685324036 0.35956073732955224 
0.5296347163893376 0.2746171369079871 
0.14031820964424427 0.6282957039373608 
0.7452357094139535 0.13892822101602578 
0.3745370953535184 0.39048143903246196 
0.5947423875750225 0.23216168394977732 
0.4570115793625328 0.32709730098103224 
0.6625917167097058 0.18862344904699663 
0.9709369447698051 0.01724159499688557 
0.0626694247775762 0.7527860770687894 
0.033794682339641 0.8195348683669917 
0.42035557977269045 0.35419324692500903 
0.13179761204623053 0.6402277559338785 
0.9847631552454907 0.010240085964458596 
0.056938648439715384 0.7654518869458516 
0.9478332910872047 0.028257965821034924 
0.22268588850910387 0.530947653428445 
0.1024186685891445 0.6836925154496639 
0.9139265309289493 0.04591844032047311 
0.8649810763051807 0.07189925969765107 
0.2728945012979115 0.480310176553577 
0.9323197161897276 0.03639933718995015 
0.006262412850826793 0.9246617069626638 
0.25465015875716646 0.49803225806073004 
0.5143056615781982 0.28522752761059206 
0.21012365854017068 0.5442852325924418 
0.11300524982734428 0.6669161121938876 
0.6473037985712058 0.19780002402365912 
0.2445226074058217 0.5082992992705028 
0.0038396365011318864 0.9415953154296566 
0.09713298591717105 0.6914330730087327 
0.6182307918342991 0.21595863830501635 
0.0027753282262813865 0.9518241500767567 
0.16616206323747842 0.5961059332878845 
0.5589243268262359 0.25477911738996456 
0.7020154616187114 0.16427831451053737 
0.036698970811803074 0.8117749407141694 
0.8761539213533276 0.06583635572387785 
0.30112460699335963 0.45392817816531794 
0.37422436973743106 0.39095771366270166 
0.20760057658666942 0.5473059286611723 
0.3000449191608789 0.4551662829411688 
0.19743334061768586 0.5585942320090713 
0.716296589826895 0.15577816486543647 
0.556974020492218 0.256801921223514 
0.5186944468963395 0.28220659400018033 
0.3256294065861519 0.4318492333644495 
0.6054114801119035 0.22415714843772375 
0.8402701886483646 0.08538771595855812 
0.8373482508516203 0.08701933835906689 
0.31471185364239285 0.44181351683423287 
0.5432761702849402 0.2653341641426654 
0.12342838942420292 0.6519517408485405 
0.31471185364239285 0.44181351683423287 
0.5427788797820748 0.2661372992372054 
0.709837812603432 0.15958538772988745 
0.8531096649769973 0.07868878982634765 
0.9353157955236153 0.03477361313981836 
0.12342838942420292 0.6519517408485405 
0.7263020453434861 0.14984132354697977 
0.008088955332384296 0.9136042853740578 
0.7725075444752845 0.12314827353704726 
0.19193518644711902 0.5654185577347924 
0.4457365359412273 0.3348231710227974 
0.6126397274676139 0.2195174054655464 
0.9970402971405966 0.0032962117527894456 
0.1386711129641692 0.6305158880980863 
