7.212459227955956E-19 1.0039988423167632 
0.9990878469599992 0.002410206788796942 
0.8120203811818842 0.10143996285808088 
0.027170291444082312 0.8394822424170666 
0.6142641611910226 0.21843153469073456 
0.9035325138163278 0.051430504357314326 
0.162982905108834 0.599283384586156 
0.016393809893988743 0.8760590470380978 
0.6618947053674449 0.18964348517892657 
0.5830342148516336 0.23900353750411432 
0.7786416422356878 0.11956060888511512 
0.7173410044053294 0.1552216806666091 
0.6409671732084775 0.20159107315657174 
0.10021473424552559 0.686678890733566 
0.10708459888026714 0.675991831702242 
0.505824881626499 0.29156951431042677 
0.8810475936161448 0.06322903778215277 
0.4919571557006657 0.30133731560892807 
0.2847905594372819 0.4693234874493414 
0.07650855904101977 0.726401007238592 
0.31946233978869093 0.43736629187113457 
0.2975244393840385 0.45843547856106304 
0.4096331080673507 0.36312176024863235 
0.005725331448139276 0.9283574960118873 
0.3589096801964482 0.40406266985134803 
0.6295812506550946 0.20898913483725076 
0.37439802939620836 0.3911473818989834 
0.30848831258236 0.4479422353866635 
0.04849339573014366 0.7837512700035874 
0.7374944196708871 0.14329881321361593 
0.18372804367689918 0.5750619413612658 
0.18372804367689918 0.5750619413612658 
0.42131806280791473 0.35440538578670017 
0.9291951090099388 0.03797348196865154 
0.14108232837375184 0.6275367248679398 
0.06761070044294135 0.743462858532758 
0.03761369451493097 0.8109687586415054 
0.0878272334874502 0.7077426311733949 
0.5363432563472516 0.2699701895752625 
0.45865563845282475 0.3257444786360975 
0.3503931716935552 0.4111002169928208 
0.03667950820520913 0.8129879128760242 
0.38264826936350826 0.38466921961367395 
0.06229742723803952 0.7535053800737015 
0.013279895535176445 0.8883783534239389 
0.9488433223893833 0.027864580969697923 
0.2657168444990423 0.48745492881097036 
0.6936297120174338 0.1693381174532757 
0.4382067057727327 0.3406572037282354 
0.0031622822001042272 0.9476569465782089 
0.5198625934553575 0.28137723037115747 
4.104401912212712E-4 0.9836731391278256 
0.1526138228483971 0.612562915026319 
0.47893604475462387 0.3107026464952326 
0.7597779563137194 0.13095323868278483 
0.2217775254676801 0.5322566264558662 
0.5502400045279274 0.26106909748091467 
0.33731833142457335 0.422185151316263 
0.8728245463512818 0.06778356643252731 
0.22732230162659084 0.5269949768550292 
0.8608986738415654 0.0747158712908612 
0.7443746809927545 0.13943470344724843 
0.2525559445092793 0.5008658061458624 
0.47249682424672773 0.3151159476280995 
0.23890364855119464 0.5143551461953905 
0.2020840175623834 0.5536556891397264 
0.9703191024803575 0.016951944252092753 
0.7785334542024462 0.1199415242398845 
0.8525619896767029 0.07879331056249346 
0.9310325741344909 0.03704734777231105 
0.11950633531074364 0.6574307637196747 
0.5656622715283618 0.2506267990014222 
0.841202334575206 0.0848115536188851 
0.2020840175623834 0.5536556891397264 
0.5262004292592881 0.27704649232329287 
0.11950633531074364 0.6574307637196747 
0.43309822915036705 0.3445748467152551 
0.8342644664671829 0.08928433548861123 
0.25450845706926073 0.49912727871866913 
0.1480767967475023 0.6189469913031908 
0.6793990231306661 0.17808988499887515 
0.1303663074352636 0.6428287904154932 
0.9943239999944161 0.004250912983504606 
0.5558410439414608 0.2571090474675761 
0.6793990231306661 0.17808988499887515 
0.001144584316277071 0.9705158873438516 
0.9703191024803575 0.016951944252092753 
0.3325772418356495 0.42675542717288334 
0.1303663074352636 0.6428287904154932 
0.009364450645379718 0.9074719107047811 
0.002081316207835804 0.9597546524800399 
0.7049515714875315 0.16271482491809808 
0.00908417808714046 0.9092156029731386 
0.46116657215255963 0.32375501913280436 
0.3959664871163779 0.3739323749257408 
0.23739183645282647 0.5165168735633987 
0.3959664871163779 0.3739323749257408 
0.08365563564139011 0.7139845570100591 
0.9576727967455331 0.023195835071862222 
0.21137221674350956 0.5436918812545577 
