0.999584753610111 0.008954809716514838 
0.0 1.0173859635296054 
0.0 1.0173859635296054 
0.3113852893082908 0.4544714297174379 
0.6570696406485786 0.19978696322540723 
0.16693257147707297 0.6053507009216555 
0.6993002092286076 0.17384538949767855 
0.9436541357726158 0.03865071787473865 
0.01690612567492719 0.8887704973499653 
0.631347397368988 0.21584013175641975 
0.2920885769872261 0.4724510545443445 
0.05543410601829557 0.7819807932402968 
0.9293113094367678 0.045066168903565705 
0.24594936383881688 0.5173894540362186 
0.5121493902368716 0.2953874192211197 
0.00387644469856005 0.9571934953289308 
0.009195449172076764 0.9235379465956104 
0.22769541149985828 0.5360374765863468 
0.5938275131799616 0.24215643498016895 
6.960475038606528E-4 0.9908605722447715 
0.02618848603168336 0.8575339912421835 
0.043804983770416264 0.8062895322267976 
0.6707644692201887 0.19129287416837162 
0.538648906714327 0.2771555809780485 
0.7608945691876599 0.13996975546258053 
0.09306368260822026 0.7099845742935147 
0.33642095962705754 0.432439238460749 
0.7368498265250669 0.15367790951956012 
0.5299773041578392 0.28447918525154364 
0.35413223938614946 0.4190138818060721 
0.8231558765133851 0.10236460708679891 
0.6155160152990248 0.22768937664648145 
0.4818796163146212 0.3186282469025702 
0.13871399108411558 0.6417506571576865 
0.17532141628798814 0.5973034180432221 
0.4227903142719641 0.36316683953390316 
0.0833203477986019 0.7264187342984172 
0.21737374456043637 0.5493913306350546 
0.40025553989135104 0.3794108514570598 
0.8448301201386996 0.09028872302156725 
0.4236782361011062 0.3610939234146765 
0.2640678167365707 0.4992789626546664 
0.7468751050386363 0.1456722111598701 
0.20154654971287442 0.5646347619551304 
0.8009732629311247 0.11474001607940557 
0.282671584527398 0.4813066482625194 
0.10886820201636734 0.6843820023993614 
0.27401247810476603 0.49158977322555 
0.25483518994890486 0.5111710142203654 
0.5675952658002298 0.25726647058434543 
0.8009732629311247 0.11474001607940557 
0.8288972939919924 0.09928458880952647 
0.557242806795297 0.26422698779467824 
0.3600117569554022 0.41222033967457833 
0.778122809365893 0.1298529595562208 
0.32611171916665405 0.44326178751637096 
0.778122809365893 0.1298529595562208 
0.06096133251182998 0.7691974205588239 
0.4572626130857343 0.33784600429835776 
0.036904390517573576 0.8238387595208863 
0.1859035163762872 0.582481458929053 
0.9682961610023961 0.02618630905092128 
0.9870137288924843 0.015204356213457804 
0.7069610786323078 0.16942794995927135 
0.013206782370213721 0.9017017170039603 
0.9075976106424517 0.05628239936590205 
0.8627515443932362 0.0822236266481632 
0.9795517846659648 0.019825004453210556 
0.8904396607269714 0.06566964203052995 
0.3990435621028091 0.3804627421051561 
0.44448004265553837 0.34514628642928763 
0.38416971140718115 0.3922528300123214 
0.12737123008434864 0.657454948225828 
0.44448004265553837 0.34514628642928763 
0.1985278150292113 0.5680149499921721 
0.5800557484556931 0.2490075240151423 
0.4990509166520505 0.30491620680760584 
0.4990509166520505 0.30491620680760584 
0.8958876920467613 0.06475561968492574 
0.14852097028094385 0.6287474869415028 
0.8549367784397606 0.08463020747358564 
0.010714371628623764 0.9134918052895302 
0.0022699718859566717 0.9695061715375769 
0.718917477958793 0.16264504287494003 
0.8758998804015407 0.07384178397332879 
0.04015457621059989 0.8154083504505176 
0.10162002505516832 0.6989306271132326 
0.027443919406829706 0.8505077190364475 
0.9682961610023961 0.02618630905092128 
0.22121787700089568 0.542931283377332 
0.47415329101670856 0.3228596091798499 
0.9075976106424517 0.05628239936590205 
0.14550223559728073 0.6327534537335546 
0.07896101895418445 0.7375522080825456 
0.11813418606873961 0.6704902126631193 
0.14852097028094385 0.6287474869415028 
0.12677298881454085 0.6583390487794475 
0.669178880401511 0.1922807162549746 
0.07896101895418445 0.7375522080825456 
0.8745087568237552 0.0742162743006533 
