0.3990887860833851
0.48373799426834524
0.4146493157519767
0.41623270088075276
0.4250538232483068
0.47119019440805665
0.4514517849801823
0.44759121393211937
0.36304922314678245
0.4175808682575968
0.4797480831595746
0.41623592478776844
0.4247080759126251
0.37715979931788957
0.5102166100436354
0.47790091668229445
0.4896755290681277
0.4203456775600034
0.4107680666765937
0.45131615418420357
0.45730198089079865
0.45703207666203066
0.47536576550464793
0.43002732229408897
0.4777283531775756
0.40102159825356554
0.4287945556608379
0.48472115965736345
0.46277324814340765
0.43690919903069414
