0.9989930988905211 6.207829276913728E-4 1.8847813429969E-4 7.435223391335669E-4 -2.726799664168743E-4 0.0010971771020486338 3.632823021629224E-4 -0.0021539151431030695 -3.602746411689254E-4 0.0019906044336392777 
3.1979037626776214E-17 6.195200132032511E-4 1.6297812345841015E-4 0.0010074102555711268 -2.7199609652072966E-4 0.001116561355374178 2.853333051271554E-4 -0.0018926294107003221 7.414672361747142E-5 0.0019906044336392777 
0.9989930988905211 6.207829276913728E-4 1.8847813429969E-4 7.435223391335669E-4 -2.726799664168743E-4 0.0010971771020486338 3.632823021629224E-4 -0.0021539151431030695 -3.602746411689254E-4 0.0019906044336392777 
0.8369104061623779 5.753771551132025E-4 4.2871031115719393E-4 0.001024382460572174 -2.734501396416938E-4 0.0011070423651268098 3.6080790788405406E-4 -0.002154101694746745 1.1472129973054526E-4 0.0019906106781736902 
0.7927588439164244 6.295352976321089E-4 3.0272616597304305E-4 6.517711369848145E-4 -2.5678995946372483E-4 0.0014795476607511724 2.63945365289972E-4 -0.0019090645282212682 -2.801732206904096E-4 0.0019905220121464494 
0.2738797414220369 5.359383887161793E-4 1.5830486393855232E-4 7.078250286110008E-4 -2.7713968504521633E-4 0.0015124257912328253 3.1219966111952657E-4 -0.0019431324239605014 4.074858427067352E-5 0.0019921969116667164 
0.20627297787885993 5.126236691169247E-4 5.8785732639581E-4 9.545460478295022E-4 -6.621382654763819E-4 0.0014710224598583862 3.7636013316770273E-4 -0.0019421932954234375 -2.8769077417531614E-4 0.0019922180795588955 
0.7733612551472366 5.257209539919937E-4 1.5665870217998826E-4 9.97251415374654E-4 -2.725245167924277E-4 -0.002180794503012015 3.5611263580013857E-4 -0.0018916489728695582 2.5463605847039078E-5 0.0019918140657439703 
0.41930985825426115 6.226738259999062E-4 5.107375106956563E-4 6.567643860972678E-4 -2.764305941868612E-4 0.001111856584941725 3.8683636098209447E-4 -0.001900074091739987 -2.9627043492795477E-4 0.0019919371526671685 
0.5056028665070094 6.316370025936066E-4 4.3174167163568134E-4 6.496755812521739E-4 -2.7201116911689714E-4 0.0010952419564956386 2.812035332777561E-4 -0.0019101472504145214 1.339973265866516E-4 0.001986773883181411 
0.6756433381415741 6.231570448238127E-4 4.33531244653325E-4 6.61724814845618E-4 -2.728142271640509E-4 0.0011488380978805501 3.1018309670112764E-4 -0.001909594702852432 1.3760760818449846E-4 0.0019917877341411165 
0.9138118714990301 6.207829276913728E-4 1.8847813429969E-4 7.435223391335669E-4 -2.726799664168743E-4 0.0010971771020486338 3.632823021629224E-4 -0.0021539151431030695 -3.602746411689254E-4 0.0019905971652791647 
0.6873052839363957 5.151347763019382E-4 1.44872758264433E-4 6.593622114590708E-4 -2.5760389749320976E-4 0.0011782618759246003 2.665816705876873E-4 -0.0018916672702848471 -3.0811320541268095E-4 0.0019918586648403963 
0.03553474171963411 5.762578668370643E-4 4.320334190630832E-4 9.960158666640821E-4 -2.722535480176764E-4 0.001108448630777413 3.615505398846805E-4 -0.0018999205805574184 1.3355268522663972E-4 0.001991759708928809 
0.945248593343263 6.262783545287797E-4 1.410413878287169E-4 7.029178885801695E-4 -6.308058280001897E-4 0.001455848120619879 3.602118789992267E-4 -0.0020149856189692686 -3.1835405989923983E-4 0.0019921835302071328 
0.5174892939597648 6.207829276913728E-4 1.8847813429969E-4 7.435223391335669E-4 -2.714197814896785E-4 0.0010971771020486338 2.817184406322645E-4 -0.0021539151431030695 -3.613475894888091E-4 0.0019906044336392777 
0.36720882802131005 6.209585220168181E-4 5.065208177458449E-4 7.498568741621896E-4 -2.1282016664892178E-4 0.0011255084397190707 3.8342133208991297E-4 -0.001877527516807898 -3.013478382886569E-4 0.0019918510482903164 
0.980244046492724 6.185712992040182E-4 1.0087169188857472E-4 6.736049071052609E-4 -2.714717155442414E-4 0.0010971771020486338 3.818830547840302E-4 -0.0018690145571756101 -3.601565317886613E-4 0.0019906044336392777 
0.6048117948720284 6.076284781523221E-4 5.94019642679537E-4 9.240349496529348E-4 -2.6285408164119313E-4 0.0014710188222153576 2.698574051207792E-4 -0.0018805495583565797 -2.663706497291053E-4 0.0019894448910699634 
0.015920004152633116 6.207829276913728E-4 1.8847813429969E-4 7.27730082260748E-4 -2.7127447302890544E-4 0.0010971771020486338 3.2111514057464347E-4 -0.0021539151431030695 -3.829151718841584E-4 0.0019906044336392777 
0.7361983962308322 5.281751353700446E-4 1.566091170190256E-4 7.029178885801695E-4 -6.212777385500379E-4 0.0017310237960216491 3.126484581046499E-4 -0.002165855641261268 -3.006404579885918E-4 0.0019922808969398994 
0.08605919370865112 6.295352976321089E-4 3.04713326634352E-4 0.0010152893611044466 -2.1456851253694395E-4 0.0015098446974203743 3.4676749416776963E-4 -0.0019090645282212682 8.487216380166598E-5 0.0019904683306073427 
0.006301894899655269 6.207457563578986E-4 3.500810256662453E-4 7.415628143724372E-4 -2.7265618888690197E-4 0.0015198910320833228 3.1499211118385254E-4 -0.001905434062219063 -2.8187362375806286E-4 0.0019925850233591135 
0.1712538418152298 5.126236691169247E-4 1.528176674919437E-4 9.513330368105125E-4 -6.458000468877818E-4 0.0014710707348100727 3.7636013316770273E-4 -0.0019421932954234375 -2.8769077417531614E-4 0.0019922162375687665 
0.30519822633715127 6.050430356530692E-4 5.526475206563578E-4 7.442815843938916E-4 -2.5757151888465216E-4 -0.001965277638480773 3.390569409383397E-4 -0.0019040311359609773 1.0598238738886479E-4 0.0021650831287462254 
0.14864355212450137 6.049310920651824E-4 1.5306694592476372E-4 6.870321174375999E-4 -2.6231671662056076E-4 0.0014730857152055244 2.6968595799040546E-4 -0.001889490281572736 -2.704178707941896E-4 0.001991794103497671 
0.0030923128971893366 5.750483839169392E-4 1.3640314349801247E-4 0.0010216580779817686 -2.53046344990007E-4 0.0014539648978390484 3.610382865105863E-4 -0.0020242904170544346 1.1267058748678711E-4 0.0019864549764757864 
0.1869326136838015 5.175433348823474E-4 1.562612218857373E-4 0.0010156757263947193 -2.725487225519168E-4 0.0014443587391596044 3.4381167597580514E-4 -0.0019190629039513784 -2.87684623740127E-4 0.0019922033271701717 
0.047378609417605105 6.039136134135667E-4 1.423088538231057E-4 9.200031488115928E-4 -6.584679257730746E-4 0.0014442155131051061 -1.2769454531274247E-4 -0.0018961080666159101 -3.8985889105376287E-4 0.0019921761616132523 
0.1270116250134034 6.050430356530692E-4 1.546845800578718E-4 0.001024947357778582 -2.5757151888465216E-4 0.0014909174878103208 3.478292539857412E-4 -0.0018874753702390772 1.0598238738886479E-4 0.0019914699904705836 
0.11875809405720222 6.232414361872008E-4 1.6245267005252396E-4 0.001046772356573991 -2.763770004199023E-4 0.0014372356571105314 2.8259652170401465E-4 -0.0019173140755075475 -3.080779229983958E-4 0.001989304605340071 
0.06777983572660351 5.187130002175197E-4 1.1708522826036721E-4 6.575871587558305E-4 -2.727108427628792E-4 0.0015021896689153607 3.166685045632334E-4 -0.002214311111840086 7.34835944554409E-5 0.00198654803423454 
2.938462753128146E-4 6.231570448238127E-4 1.6863849952455657E-4 6.61724814845618E-4 -2.728142271640509E-4 0.001509392594884321 3.109384944754455E-4 -0.001909594702852432 -2.8772160246613406E-4 0.0019917877341411165 
0.1964456679346973 5.03804755182521E-4 1.1457155414142303E-4 6.575871587558305E-4 -2.727108427628792E-4 0.001509284434328423 3.166685045632334E-4 -0.002214311111840086 7.34835944554409E-5 0.00198654803423454 
0.6556037078809525 5.359383887161793E-4 1.5830486393855232E-4 7.078250286110008E-4 -2.7713968504521633E-4 0.0015019959367028554 3.1180048500655346E-4 -0.0019431324239605014 4.074858427067352E-5 0.0019921969116667164 
0.7529655825980113 6.107964784801567E-4 2.537868931766973E-4 0.0010278423226217355 -2.7224041143973323E-4 0.0011973433771523706 2.836987038067972E-4 -0.0019069155600245137 -3.22402833209345E-4 0.001991803178755569 
0.09333335341756521 7.227543517749365E-4 1.6276755995446414E-4 0.0010064119558743695 -2.1695561388484312E-4 0.0011170231106668786 3.506720856869788E-4 -0.001878420369216246 7.882026561943723E-5 0.0019918578665283635 
0.3132346525575686 6.277770186741325E-4 3.1085333553492335E-4 7.41425740349647E-4 -2.689921906754417E-4 0.0010875252865145905 3.478575055663523E-4 -0.002202167322644634 -3.4320206356588945E-4 0.0019918935039384147 
0.8693199528262505 6.278507418019826E-4 5.167273625324582E-4 7.308433231428264E-4 -2.133360665839388E-4 0.0014563258500439728 2.853206554787181E-4 -0.0018804549357252982 9.396724526068831E-5 0.0019919107071884132 
0.43431287386322515 6.232805727308364E-4 1.303026924271422E-4 7.498568741621896E-4 -2.1282016664892178E-4 0.0011254895958284694 3.647208455715961E-4 -0.001877527516807898 -3.013478382886569E-4 0.001991847902195719 
0.1760963672175107 5.261237027012011E-4 1.5953214380336864E-4 7.078250286110008E-4 -2.563860645920593E-4 0.0015019959367028554 2.629733115338315E-4 -0.001923442844668176 3.72477878093517E-5 0.0019921987452723882 
0.04803418611184407 6.039136134135667E-4 1.6285880676325661E-4 0.0010468102800336415 -2.752516139887455E-4 0.0014442155131051061 2.8515892250133686E-4 -0.0019164046250630727 -3.8985889105376287E-4 0.0019921761616132523 
0.10023959398190899 6.668285291109902E-4 1.4455610228089478E-4 9.391294656610042E-4 -2.6571161165016256E-4 0.001184226242748411 3.176139770958148E-4 -0.0019219033571364933 -3.695034809037795E-4 0.001989304605340071 
0.875080700272274 5.147814001082734E-4 5.847504694362587E-4 9.239964103385965E-4 -2.7345293861804536E-4 0.0014644781651195807 3.7731893544288924E-4 -0.001890054357072955 1.2562044850911557E-4 0.001988553980309649 
0.4033142632217659 5.762578668370643E-4 4.320334190630832E-4 9.960158666640821E-4 -2.722535480176764E-4 0.001108448630777413 3.610382865105863E-4 -0.0021415870963108906 1.3355268522663972E-4 0.00199037099999952 
0.9477793090085925 5.069020972535969E-4 1.5833705352887115E-4 7.097380717408577E-4 -2.750754523000575E-4 -0.0023352370676358257 3.5611263580013857E-4 -0.001884356445427817 8.428399314440313E-6 0.0019921839826498445 
0.07606968638201295 6.094072339348231E-4 3.177953298916141E-4 6.835616136112329E-4 -2.723067268883303E-4 0.0011019863564744276 2.999594995443124E-4 -0.0018779863180232934 -2.8771923147695883E-4 0.0019905589822482354 
0.2462398772569578 6.232213858409414E-4 3.551441680692135E-4 0.0010167350556269977 -2.0845688364004962E-4 0.001966271364545521 3.364089199231135E-4 -0.0021567088545804145 -3.079779185524548E-4 0.001991929487514311 
0.4595493814512511 5.032577567700594E-4 5.52536026222444E-4 0.0011094244500999596 -2.7160122961290465E-4 0.002091321186576461 -1.4206613237067388E-4 -0.0021306018714356304 -4.054674507611705E-4 0.001992253305606654 
0.791780841261321 6.091820508638771E-4 3.0272616597304305E-4 6.517711369848145E-4 -2.56589866666065E-4 0.0011074507799236518 2.8448958016006557E-4 -0.0019090645282212682 -2.801732206904096E-4 0.0019905220121464494 
0.38377493285155484 5.747297176669726E-4 -5.099683580356687E-4 7.246758077143531E-4 -2.537430937336736E-4 0.0010956911876764499 3.531336410867137E-4 -0.00220414655782883 1.086854279508135E-4 0.0019918009421513155 
0.02347506551567008 6.35597426705054E-4 3.0272616597304305E-4 6.517711369848145E-4 -2.6789108844956037E-4 0.001121118403192989 2.8512648739455887E-4 -0.001892703220879315 7.348245332489302E-5 0.0019906048201466897 
0.595916432748817 6.232213858409414E-4 3.546557199831558E-4 0.0010263244496293207 -2.730368323035913E-4 0.001966271364545521 3.363234993741454E-4 -0.0021567088545804145 -3.079779185524548E-4 0.001991929487514311 
0.2897787739679074 6.076284781523221E-4 2.603303401907932E-4 0.0010163494413292463 -2.6285408164119313E-4 0.0014737149908369551 2.698574051207792E-4 -0.0018838264595103307 9.026167052646413E-5 0.0019894448910699634 
0.11007452011687685 6.300213649136055E-4 1.5002759912298831E-4 0.0010201424607975118 -2.5757151888465216E-4 0.0014909174878103208 3.478292539857412E-4 -0.0019097491594816662 -2.494676503813056E-4 0.0019914699904705836 
0.2262663749359018 5.113250000873849E-4 5.831532465702351E-4 0.0010468365050017227 -2.457784924013285E-4 0.0015218249120232004 -1.0595677714333397E-4 -0.0019410756083527178 -3.3128351872838423E-4 0.0019922173504901405 
0.013676073761022561 6.285393055474997E-4 3.60698359130072E-4 9.356339730013752E-4 -2.689921906754417E-4 0.0014735609127758727 3.478575055663523E-4 -0.00191723382292227 -3.431852394657121E-4 0.0019918935039384147 
0.23389202062911352 6.098271485238649E-4 3.582690560863526E-4 9.311803308757394E-4 -2.6568455995446867E-4 0.0011841976606454013 2.8533623848498406E-4 -0.001917453121953611 -3.465172639726439E-4 0.001992575211714407 
0.2573249632578258 6.107284367026009E-4 3.5816381546018743E-4 9.805859416635897E-4 -2.0846033223249547E-4 -0.001954492600034113 3.830671469127182E-4 -0.0021565156508770744 8.732057334392004E-5 0.0019919393000319722 
0.2897787739679074 6.076284781523221E-4 2.603303401907932E-4 0.0010163494413292463 -2.6285408164119313E-4 0.0014737149908369551 2.698574051207792E-4 -0.0018838264595103307 9.026167052646413E-5 0.0019894448910699634 
0.2262663749359018 5.113250000873849E-4 5.831532465702351E-4 0.0010468365050017227 -2.457784924013285E-4 0.0015218249120232004 -1.0595677714333397E-4 -0.0019410756083527178 -3.3128351872838423E-4 0.0019922173504901405 
0.3963441010418553 5.768726441132989E-4 8.417515132500008E-4 0.0010216580779817686 -2.5353247141576704E-4 0.0014539648978390484 3.610382865105863E-4 -0.0020242904170544346 1.120507721724912E-4 0.0019864549764757864 
0.4847324422140126 6.943031832084935E-4 3.167681118009707E-4 7.184868054280687E-4 -2.7356448519075667E-4 0.0011985909231510866 2.8548508374167373E-4 -0.0018776098428045834 -3.369952671630637E-4 0.0019971939645965567 
0.5630742505053019 5.056333102117664E-4 1.592025849259848E-4 7.078250286110008E-4 -2.723933293268162E-4 0.0010891163939329082 3.126484581046499E-4 -0.0021520079346576742 3.698591025540511E-5 0.00199219884033754 
0.2573249632578258 6.107284367026009E-4 3.5816381546018743E-4 9.805859416635897E-4 -2.0846033223249547E-4 -0.001954492600034113 3.830671469127182E-4 -0.0021565156508770744 8.732057334392004E-5 0.0019919393000319722 
0.7485164888908242 6.107964784801567E-4 2.537868931766973E-4 0.0010278423226217355 -2.7213034209258065E-4 0.0014563258500439728 3.4810712041174503E-4 -0.0019069155600245137 -3.22402833209345E-4 0.001991803178755569 
0.009151164967767828 6.285393055474997E-4 1.4421640274818475E-4 9.356339730013752E-4 -2.689921906754417E-4 0.0014735609127758727 3.478575055663523E-4 -0.00191723382292227 -3.431852394657121E-4 0.0019918935039384147 
0.3552426897195017 5.143188629181469E-4 1.6972488764366382E-4 6.768498884615758E-4 -6.45759919828154E-4 0.0014441766059047566 2.840423748217667E-4 -0.0019197422353230942 -3.502676094973689E-4 0.0019905359662923724 
0.34235698629966516 5.143188629181469E-4 5.965140835106927E-4 6.768498884615758E-4 -6.45759919828154E-4 0.0014472060669948644 2.8378204320022085E-4 -0.0019197422353230942 -3.502676094973689E-4 0.001991877741559238 
0.7188914170283327 6.230584310194249E-4 4.283337000270199E-4 6.517025577674402E-4 -2.5678995946372483E-4 0.0014795476607511724 2.63945365289972E-4 -0.0019090636377755263 -3.088568657184324E-4 0.0019905220121464494 
0.7077925303427985 5.768726441132989E-4 4.3255696424708947E-4 0.001022310561406259 -2.725194192308487E-4 0.001107512776901476 3.610382865105863E-4 -0.0021415870963108906 1.1472129973054526E-4 0.00199037099999952 
0.029310224964403747 6.207829276913728E-4 1.9265862420047002E-4 7.27730082260748E-4 -2.766798437741111E-4 0.0010972392924392103 3.2111514057464347E-4 -0.0018859489965325053 -3.829151718841584E-4 0.0019905935854838655 
0.34235698629966516 5.143188629181469E-4 5.965140835106927E-4 6.768498884615758E-4 -6.45759919828154E-4 0.0014472060669948644 2.8378204320022085E-4 -0.0019197422353230942 -3.502676094973689E-4 0.001991877741559238 
0.8915224790181095 5.187591817742976E-4 5.75080284026191E-4 6.567643860972678E-4 -2.6688904457726286E-4 0.0015203742651687293 3.126845501615433E-4 -0.0019229298140246184 3.520462335336824E-5 0.0019923880135488256 
0.1556704610130218 5.259151870253572E-4 1.595318681433689E-4 6.676842859491724E-4 -2.55760312285492E-4 0.0018554841837968461 2.655124578671215E-4 -0.001926705756414609 8.423134474675042E-5 0.0019922847712150506 
0.966918660880036 5.075415196041213E-4 1.0225427789947638E-4 6.736393557727334E-4 -2.718353888595297E-4 0.001578921535702405 3.8246017477514026E-4 -0.0018813534401096765 1.233256574817022E-4 0.00198667049049546 
0.13642611860688836 6.050430356530692E-4 5.526475206563578E-4 7.442815843938916E-4 -2.5757151888465216E-4 0.0014909174878103208 3.405579315772413E-4 -0.0018874753702390772 1.0598238738886479E-4 0.0021650831287462254 
0.5500083299608287 5.262323867227811E-4 1.1564049350160187E-4 9.96301039038371E-4 -2.727197996686478E-4 0.0020956304737697806 3.00660905490763E-4 -0.002216210491098057 -3.2181325443627923E-4 0.0019922224868801687 
0.060232994339382256 6.039136134135667E-4 1.0244720372226675E-4 9.200031488115928E-4 -2.688407988286211E-4 0.0014685438092677276 -1.2769454531274247E-4 -0.0019179889214478456 -3.918453139954539E-4 0.00199215374635538 
0.01052762946276959 6.039136134135667E-4 1.0075326885608976E-4 9.200031488115928E-4 -2.621903959760213E-4 0.0014685438092677276 -1.2769454531274247E-4 -0.001916814692964298 -3.8985889105376287E-4 0.00199215374635538 
0.5351892969964754 6.207829276913728E-4 1.8847813429969E-4 7.27730082260748E-4 -2.714715943085091E-4 0.0010971771020486338 3.2164155840607106E-4 -0.0021539151431030695 -3.601565317886613E-4 0.0019906044336392777 
0.5351892969964754 6.207829276913728E-4 1.8847813429969E-4 7.27730082260748E-4 -2.714715943085091E-4 0.0010971771020486338 3.2164155840607106E-4 -0.0021539151431030695 -3.601565317886613E-4 0.0019906044336392777 
0.07385897746002135 6.094072339348231E-4 3.177953298916141E-4 6.835616136112329E-4 -2.723067268883303E-4 0.0011019863564744276 2.8521587665538735E-4 -0.001878282159156199 -2.8913017605058553E-4 0.0019905589822482354 
0.13642611860688836 6.050430356530692E-4 5.526475206563578E-4 7.442815843938916E-4 -2.5757151888465216E-4 0.0014909174878103208 3.405579315772413E-4 -0.0018874753702390772 1.0598238738886479E-4 0.0021650831287462254 
0.8508898748459381 5.362497320565834E-4 1.5907623144683776E-4 7.078250286110008E-4 -2.734431255807735E-4 0.0015019959367028554 3.1182747942723395E-4 -0.002143621447506294 3.72477878093517E-5 0.0019921987452723882 
0.0015721845291117448 5.03804755182521E-4 1.1457155414142303E-4 6.575871587558305E-4 -2.727108427628792E-4 0.0011140293350866241 3.157068851377106E-4 -0.00221001619018514 7.34835944554409E-5 0.00198654803423454 
0.4689399541979393 5.268521011641564E-4 3.5604710888997566E-4 7.413181346439161E-4 -2.6558241844251945E-4 0.0011853838737410029 3.7091221747489024E-4 -0.001921387402207544 -2.9443006421174945E-4 0.0019918001583165844 
0.4847324422140126 6.943031832084935E-4 3.167681118009707E-4 7.184868054280687E-4 -2.7356448519075667E-4 0.0011985909231510866 2.8548508374167373E-4 -0.0018776098428045834 -3.369952671630637E-4 0.0019971939645965567 
0.10664234761111283 6.691762127787834E-4 1.6245267005252396E-4 0.001046772356573991 -2.6571161165016256E-4 0.001183432740832356 2.8259652170401465E-4 -0.0019173140755075475 -3.35296152078151E-4 0.001989304605340071 
0.32467197279025256 6.086519007570851E-4 1.0403192859724565E-4 0.0010311339821819135 -2.7183561983178133E-4 0.001581363142259342 3.465425548710842E-4 -0.0018779932540177414 1.1217375249433297E-4 0.001986492844696064 
0.966918660880036 5.075415196041213E-4 1.0225427789947638E-4 6.736393557727334E-4 -2.718353888595297E-4 0.001578921535702405 3.8246017477514026E-4 -0.0018813534401096765 1.233256574817022E-4 0.00198667049049546 
0.1556704610130218 5.259151870253572E-4 1.595318681433689E-4 6.676842859491724E-4 -2.55760312285492E-4 0.0018554841837968461 2.655124578671215E-4 -0.001926705756414609 8.423134474675042E-5 0.0019922847712150506 
0.5630742505053019 5.056333102117664E-4 1.592025849259848E-4 7.078250286110008E-4 -2.723933293268162E-4 0.0010891163939329082 3.126484581046499E-4 -0.0021520079346576742 3.698591025540511E-5 0.00199219884033754 
0.026006173763251123 6.231570448238127E-4 1.072375602427768E-4 6.28115773143337E-4 -2.56259451977833E-4 0.001509392594884321 2.644203240727029E-4 -0.0019090300649287886 -2.8058551181791945E-4 0.001991862061655965 
0.032887745177512584 6.231570448238127E-4 1.6863849952455657E-4 6.516142094384043E-4 -2.56259451977833E-4 0.001509392594884321 2.638919845088765E-4 -0.0019090300649287886 -2.8058551181791945E-4 0.001991785631571676 
0.5482478460817192 5.262323867227811E-4 1.1564049350160187E-4 9.96301039038371E-4 -2.727197996686478E-4 0.0020910368583943674 3.00660905490763E-4 -0.0018904818468207106 -3.074136581440197E-4 0.001992248629761527 
0.2404654352902236 6.107682004960765E-4 3.582690560863526E-4 0.001017919524218646 -2.6568455995446867E-4 0.0011841976606454013 2.8533623848498406E-4 -0.002121431569820703 -3.465172639726439E-4 0.0019926026813602738 
0.05831679967365406 6.107964784801567E-4 2.6124585924219986E-4 0.0010178368919885733 -2.132520311536807E-4 0.0014563258500439728 3.1630634868742586E-4 -0.002121860730776917 7.276307099195395E-5 0.00198946125812591 
0.8508898748459381 5.362497320565834E-4 1.5907623144683776E-4 7.078250286110008E-4 -2.734431255807735E-4 0.0015019959367028554 3.1182747942723395E-4 -0.002143621447506294 3.72477878093517E-5 0.0019921987452723882 
0.4508299464236618 6.008784145692947E-4 5.526475206563578E-4 7.442815843938916E-4 -2.5769720065194014E-4 0.0014909174878103208 3.4056346347914704E-4 -0.0018769014748328996 1.0752326500208903E-4 0.0021650831287462254 
