0.9963764841081506 -8.354404048869792E-5 0.0032004810658931536 0.0017705699073175714 -2.990233740622727E-4 3.9559851528225875E-4 -4.229630750175525E-5 -9.366813078209109E-4 -2.2989780462557858E-4 8.696469116574631E-4 
1.7125974280821032E-17 -1.272099822805786E-4 0.0031942244679488497 0.0018723500374399243 -3.0879323759104837E-4 0.0016830644421721099 -1.3990704225266528E-4 -8.904458439361646E-4 -3.3335985137066405E-4 6.603810937694729E-4 
0.9963764841081506 -8.354404048869792E-5 0.0032004810658931536 0.0017705699073175714 -2.990233740622727E-4 3.9559851528225875E-4 -4.229630750175525E-5 -9.366813078209109E-4 -2.2989780462557858E-4 8.696469116574631E-4 
0.17600371642622717 2.0539224405239316E-4 0.0032788696161883493 0.0017843477461303673 -2.9115419880105793E-4 0.0016606036104715419 -9.068263357931675E-5 -8.975401240443197E-4 9.946506483637855E-4 7.853982301714124E-4 
0.434993375212177 4.921687209246032E-5 0.0032907385257600432 0.001869325006169952 -7.306185571162683E-4 -9.80673307994272E-5 6.883714012109485E-4 -9.230905978907853E-4 -4.527641524876794E-4 8.355037890868843E-4 
0.8531843289960463 3.920954821417257E-5 0.0032133704550857943 0.0017311354561691551 -7.30947621100772E-4 1.2208642976464207E-4 7.01586776257531E-4 -8.644264537038841E-4 0.002268123435316743 -0.0021165117759358756 
0.19215402238836338 -1.3453019672716654E-4 0.0032356903707170272 0.0017318476675214506 -7.32181929963186E-4 1.0053271112051986E-4 7.049036463983707E-4 -8.998729578494267E-4 -1.0948695938481549E-4 0.0012533639023581847 
0.5925541963332388 -1.4813747837560885E-4 0.0031991627951656284 0.0017983372902833892 -6.246745906408994E-4 0.001744919843512102 4.056887498135297E-5 -8.905370949332446E-4 -4.752627796294228E-4 -0.0016460986359644986 
0.1555735896294249 -8.374721248245497E-5 0.003198009322166508 0.001818757049952709 -6.48759503940562E-4 3.9992123334125915E-4 -8.808048434153973E-5 -9.005500848187225E-4 -3.497225935662346E-4 -0.0022696030405245683 
0.09899567009412572 -8.373422420656345E-5 0.0032364665313605336 0.0018328501538208922 -6.318473002605773E-4 4.001023708841707E-4 5.219830357963268E-4 -9.301147753365858E-4 -2.9881471049957606E-4 -0.0021433337038143387 
0.7635426442899936 4.9275839579759595E-5 0.0032078025438456773 0.0017335188070954789 -7.412935487570558E-4 9.89420373190724E-5 -5.835601560237488E-5 -9.228503033930171E-4 -1.7024229752511146E-4 8.351363372432626E-4 
0.7207341162735825 -7.980246945464015E-5 0.003201625233946673 0.0018180397229963336 -7.140048500996223E-4 0.0016363285514477154 -6.606050623013035E-5 -8.971942618913677E-4 -3.7673615115659735E-4 7.923938330522537E-4 
0.38551244213385993 4.921687209246032E-5 0.0032906236307918136 0.0017827970624517354 -7.0366222077437E-4 -9.786280880505673E-5 6.883714012109485E-4 -9.229393127723089E-4 -4.527641524876794E-4 -0.0021474995914239434 
0.8114468384931982 4.9275839579759595E-5 0.0032078025438456773 0.0018780963042392392 -7.412935487570558E-4 9.934734459935567E-5 -5.121791573389902E-5 -9.228503033930171E-4 -6.9203954899034E-5 8.351363372432626E-4 
0.6656574112066835 4.588301929991401E-5 0.0032754416968877784 0.0017805011570735448 -7.57808724928802E-4 1.1311215830892249E-4 -3.862644511307734E-5 -8.90007767938231E-4 0.0022369548722253017 -0.002118632330240885 
0.14107807319183163 -1.4530563675454555E-4 0.003280563099509344 0.0017832523240348531 -7.174528789251151E-4 0.002017698768834608 -1.0647592604801799E-4 -9.262214493000863E-4 -1.382390918921055E-4 -0.0021192592609535488 
0.017069427077436 4.413284162249877E-5 0.0032364665313605336 0.0018328501538208922 -6.318473002605773E-4 4.001023708841707E-4 5.219830357963268E-4 -9.262112840286312E-4 -2.9881471049957606E-4 -0.0021433337038143387 
0.9661333265608176 -1.4530563675454555E-4 0.003277890649046808 0.0017860712235551015 -7.061207710793609E-4 4.6130505080592757E-4 -9.024167722840689E-5 -9.248887641282805E-4 -1.382390918921055E-4 -0.0021871551182036358 
0.4590991218099545 1.976662464987552E-4 0.003297682442517443 0.0017843223911240553 -2.887337432149823E-4 0.0018639231878000199 0.0010561184359492676 -8.976794349334375E-4 -4.889334171778268E-4 -0.0023341416817690285 
0.03946926752696492 -6.299832393572371E-5 0.003206032068921239 0.0017955232420194425 -1.7695675409856623E-4 1.4171451228089103E-4 6.45505105814191E-4 -8.900458809191254E-4 -1.6208218385545264E-4 -0.002333008686809055 
0.5361040650626785 1.841895681464816E-4 0.003196009788588886 0.0017749696850952387 -2.822720047406072E-4 4.2184954760515005E-4 -9.24729426080306E-5 -9.215984222343571E-4 -2.6761489097253447E-4 -0.0021215875222045147 
0.78574341994613 4.927554396372336E-5 0.0032077422412838696 0.0017811525781051617 -7.413529056829193E-4 1.1351802063074557E-4 -3.9507566298138346E-5 -9.228503033930171E-4 0.0021999857962380397 7.476801259268056E-4 
0.28782824716709055 -5.7840844167982094E-5 0.0032998280144455774 0.0018183918600745855 -7.387164070171616E-4 4.628372896901882E-4 -1.070900129125429E-4 -9.301147753365858E-4 0.0023877018464940635 -0.002242961899654835 
0.6478097603238913 4.220950627662525E-5 0.003279003782114958 0.0017782092053883977 -7.12332505060264E-4 4.42360138765304E-4 8.288016752639368E-4 -9.282327243721317E-4 0.0022371139821265973 -0.002117155526983554 
0.08685683778461664 1.4502999105208103E-4 0.003198700222561128 0.0017830159825448857 -7.150591168593373E-4 4.493141626738938E-4 4.165889739298005E-5 -9.228569696162183E-4 0.0023530921351801143 -0.0019213277668070118 
0.4261307583400758 -1.1752856983450076E-4 0.0032803783676385047 0.0028107343008560697 -7.147278670709226E-4 0.0017287463257363313 1.0098809360910006E-4 -8.98656498560926E-4 -2.348700237514076E-4 -0.002330450206157758 
0.9831473807486342 -1.3900403833065427E-4 0.0032351586474866968 0.0018228559821119954 -7.477550561032135E-4 4.0505407971847213E-4 8.310705284839655E-4 -9.019265419723256E-4 -3.4495984909590333E-4 -0.002102168921262927 
0.7434214571233831 -2.553508245794643E-4 0.003237805425703293 0.0018231469427742203 -7.327857365124375E-4 8.135580751517113E-5 -5.236436559857293E-5 -9.246018977532479E-4 -3.562532328981222E-4 -0.0021148227887519523 
0.13230131708398224 -1.870480673210735E-4 0.003234773149256916 0.0018222940270621268 -6.33592268175595E-4 -8.383979625873304E-7 -9.89610550426186E-5 -9.137548592076217E-4 -3.880512506596912E-4 7.242220453762007E-4 
0.10795236372986249 -7.543671869521298E-5 0.0032772257111593093 0.001780560430989755 -6.299085933778911E-4 1.1049863557539006E-4 -4.031658305093759E-5 -8.710842755621667E-4 0.0022898620989256577 -0.0018834645461738143 
0.5113208009675769 1.841895681464816E-4 0.003196009788588886 0.0017749696850952387 -2.8002508777753333E-4 1.0719467915518821E-4 -8.883024665768183E-5 -9.215984222343571E-4 -2.6761489097253447E-4 -0.0021221540729129966 
0.41035722796178403 1.345109306012347E-4 0.0032018492035071587 0.001730919213288399 -7.139759811585433E-4 4.7420310028710964E-4 6.249150709593785E-5 -8.970721865252079E-4 0.0023970932564253643 -0.0021376039500483435 
0.27207347852104946 -2.0513704749375934E-4 0.003234773149256916 0.0018222940270621268 -6.306014550667007E-4 8.733200484203951E-6 8.638053788024114E-5 -9.13804088301448E-4 0.0022894974157370344 -0.0018660316471631822 
0.8768469945326233 3.920954821417257E-5 0.003231489927849828 0.0017309582568163532 -7.30947621100772E-4 5.009461819539459E-4 7.28711030825051E-4 -9.137360507068492E-4 -1.8521302763843174E-4 -0.0021165117759358756 
0.6172696558740611 3.4492191498081784E-5 0.003294906600561088 0.0017805668373460381 -3.014848108111601E-4 1.2944040490359674E-4 -5.418893996991937E-5 -8.928380043521672E-4 0.0024992897508893572 -0.002276675189044421 
0.49726336449385833 4.698810407617837E-5 0.0031991486680111522 0.0017739520584423405 -2.6868718179609986E-4 0.0017455966061214307 -8.903107819306039E-5 -9.261765625301169E-4 -2.6866546022929393E-4 -0.0016500405571117926 
0.06276008211025919 -1.370496449640186E-4 0.0032008015134172576 0.001781674917317249 -7.15379450821264E-4 4.116277690112863E-4 7.402874195188986E-4 -9.128285557488945E-4 0.0022982057283231837 -0.002280435573797049 
0.5246775081395897 4.591915271344988E-5 0.003196009788588886 0.0017739520584423405 -2.6868718179609986E-4 0.0017455966061214307 -8.903107819306039E-5 -9.261765625301169E-4 -2.6866546022929393E-4 -0.002174806290850836 
0.9338201255993404 -1.41378047032237E-4 0.0032785730169887146 0.0017832523240348531 -6.03502193008937E-4 0.001996280312540752 -1.0647592604801799E-4 -9.272298464410838E-4 0.002515280909677501 -0.0021192592609535488 
4.1239273090513257E-4 -1.3689115223672443E-4 0.0032359817167013057 0.0018228559821119954 -7.474132530152848E-4 4.413840676994417E-4 8.310705284839655E-4 -8.898653458450887E-4 -3.4495984909590333E-4 -0.0021024666681589976 
0.0013810883571328536 -1.3117707552172403E-4 0.0032119771574292627 0.0017922516733437691 -8.364813172613442E-5 4.0177734557210725E-4 -7.394172568691882E-5 -8.985177820880466E-4 -3.28025293024105E-4 6.011621734086706E-4 
0.4880514225851944 4.0452096296290994E-5 0.0032976385730071017 0.0017826736790281102 -6.308106915302397E-4 0.0018639231878000199 7.245896458402913E-4 -8.998729578494267E-4 -4.889334171778268E-4 -0.0022697983867318978 
0.6361049560456575 3.3582950239920134E-5 0.0032981224680484066 0.0017805668373460381 -3.0134870546762426E-4 1.2944040490359674E-4 -1.4416580258181928E-4 -8.973703169391707E-4 0.002496782803235258 -0.002103185053208 
0.12162535176611103 -1.436946008926111E-4 0.0032131993242832495 0.001778067317498683 -7.101088990914795E-4 1.411749561169983E-4 6.427575119520207E-4 -8.892587608163491E-4 0.002262504819355325 -0.0021082053967432057 
0.4734460842174892 -8.733237995762894E-5 0.003275960823434482 0.0017748126377712485 -2.801086426817315E-4 1.008967629087105E-4 -8.883024665768183E-5 -9.185154713468054E-4 -3.801356746554788E-4 -0.0021221454629566424 
0.022000408793173665 -6.299832393572371E-5 0.003204268193528783 0.0017955232420194425 -1.7695675409856623E-4 1.4171451228089103E-4 6.45505105814191E-4 -8.900458809191254E-4 -1.6208218385545264E-4 -0.002333008686809055 
0.5717244609019334 -1.332755483451475E-4 0.0032972497956237946 0.0017842143822454529 -1.639913033368117E-4 0.0020578316901157293 -5.1139476369064325E-5 -9.243711593767326E-4 -3.755541241296527E-4 -0.002252869360990846 
0.003367610542750768 -1.3900403833065427E-4 0.0032359817167013057 0.0018228559821119954 -7.477550561032135E-4 4.0685301700882777E-4 8.310705284839655E-4 -9.019265419723256E-4 -3.4495984909590333E-4 -0.0021070740719879156 
0.25076506859046177 1.7276823158589053E-4 0.00323458422486221 0.0018228559821119954 -3.0994263608790913E-4 4.0685301700882777E-4 8.310705284839655E-4 -9.360815684382975E-4 -3.431462008590344E-4 9.49281806549126E-4 
0.5813944389817216 -8.722478851383623E-5 0.003275960823434482 0.0017748126377712485 -2.801086426817315E-4 1.008967629087105E-4 -5.063269949827229E-5 -9.185154713468054E-4 -3.8732385126745894E-4 -0.002124790512703535 
0.053894672406222935 5.610903498631871E-5 0.003274832035212675 0.0018733449791387307 -7.140240092722946E-4 0.0016851927440233129 -9.014906829275523E-5 -8.904458439361646E-4 -3.781668289700704E-4 7.976197602428157E-4 
0.0757071816171395 1.6007507801455903E-4 0.003212367011137209 0.001858395373678576 -7.180440653911081E-4 0.0020606051980827066 7.533407693916867E-4 -9.12936990728131E-4 0.0023839411463495767 -0.0023999330971437756 
0.21844091253920464 2.3636089250390405E-5 0.003198054665715952 0.001822390336927406 -3.018222707102047E-4 1.071165618473012E-4 -6.828939921539162E-5 -9.221500506784891E-4 -2.454929823934907E-4 -0.0021199877993001628 
0.710563142799471 4.588331491595024E-5 0.0032754416968877784 0.0017359644356381059 -7.577493680029385E-4 9.853617499724931E-5 -8.871704220682449E-5 -8.90007767938231E-4 0.0022356994602744608 -0.0021010624183231057 
0.08215844285052046 -8.029295313216627E-5 0.0032006334020784947 0.001818757049952709 -2.7892045906158735E-4 4.4012658573939746E-4 -8.962588837526427E-5 -8.99751292105412E-4 0.0023512866614226837 -0.0022696030405245683 
0.22430869092188332 -7.221907623380911E-5 0.0032754128608841744 0.0017805011570735448 -7.57808724928802E-4 1.1229300812174966E-4 -3.862644511307734E-5 -8.898779946256717E-4 -4.6245044948423867E-4 -0.0021280203534921375 
0.029822896258910547 -1.1412155642736001E-4 0.003290712610007493 0.001783490237885118 -7.140004161901346E-4 0.0016851927440233129 -8.222265670366859E-5 -8.910951939859043E-4 -1.761822894220906E-4 7.976197602428157E-4 
0.0434278975463355 -5.9626090405001114E-5 0.0033023339755648543 0.0018705779652002073 -6.030902377603196E-4 0.0016861831539174343 -8.875959655460749E-5 -8.893401870696023E-4 -3.781668289700704E-4 6.920742548141576E-4 
0.36895410112776494 -7.980246945464015E-5 0.0032978903280677196 0.0018180397229963336 -7.140048500996223E-4 0.0016363285514477154 -6.606050623013035E-5 -8.902034296482358E-4 -3.767537339106206E-4 8.46160527993923E-4 
0.05069996187738321 -6.23568093971011E-5 0.003200676212403197 0.001780610372743929 -3.0917339433476665E-4 4.7702901053567776E-4 -5.45023062506844E-5 -8.897282425292157E-4 0.0023188286813731265 -0.0021063703123444613 
0.06796543468367144 -1.1412155642736001E-4 0.003290712610007493 0.001869193947810662 -7.300227418387206E-4 0.0016912387378465706 -8.222265670366859E-5 -8.910951939859043E-4 -1.761822894220906E-4 7.973096076975695E-4 
0.20812521204260326 -2.0513704749375934E-4 0.0032330092738644596 0.0018222940270621268 -6.306014550667007E-4 8.733200484203951E-6 8.638053788024114E-5 -9.13804088301448E-4 0.0022894974157370344 -0.0018660316471631822 
0.7524856114166243 -2.6794801405516833E-4 0.003235364261510452 0.0017829121165189204 -6.283160554374987E-4 0.0018639231878000199 0.0010412312442822608 -8.998729578494267E-4 -4.889334171778268E-4 -0.0023293074553092695 
0.6934191432895039 -7.98642170397099E-5 0.003201610897338691 0.0018180397229963336 -2.9638041694120455E-4 4.5304112562109767E-4 -6.606050623013035E-5 -8.971942618913677E-4 -3.7673615115659735E-4 7.923938330522537E-4 
0.839220931294995 3.920954821417257E-5 0.003277383720929414 0.0017311354561691551 -7.30947621100772E-4 1.2057856790970137E-4 6.888246563514755E-4 -9.22932515958366E-4 -1.6902173499867357E-4 -0.0021165117759358756 
0.1196175763022047 -1.436846558633557E-4 0.003279161935793425 0.0017811406254831215 -7.188628660430822E-4 0.0017181304918364568 4.916485008495135E-4 -9.241865063408729E-4 0.0025466386788220398 -0.0021062597069410488 
0.8996209042965423 -1.444758038429167E-4 0.00321601670078708 0.0017329703590020637 -7.374852441536315E-4 5.862154221990901E-4 5.602082834775645E-4 -8.983108111203552E-4 0.0023983444288812003 -0.0021072516926578873 
0.02974901746802744 -1.1412155642736001E-4 0.003290712610007493 0.0018733449791387307 -7.140004161901346E-4 0.0016851927440233129 -9.006874222404677E-5 -8.904458439361646E-4 -1.761822894220906E-4 7.976197602428157E-4 
0.006969740956411709 -1.4361918930183248E-4 0.0032008015134172576 0.0017820750265451547 -7.15379450821264E-4 4.116277690112863E-4 7.51481745664498E-4 -9.128285557488945E-4 0.002299579949835513 -0.002280435573797049 
0.8796874764406515 3.920954821417257E-5 0.003231489927849828 0.0017309582568163532 -7.353086689323052E-4 1.5123900228134103E-4 7.28711030825051E-4 -9.137360507068492E-4 -1.6842489673740148E-4 -0.0021165117759358756 
0.7945849897714763 2.0871055483524779E-4 0.0032788696161883493 0.0017783368592307178 -2.838791167436343E-4 1.2677948617307179E-4 -1.9470734011275807E-4 -8.975413916901473E-4 -1.0308987253316703E-4 7.977387747037178E-4 
0.23602880706637483 1.789370504901752E-4 0.0032793984430167533 0.0017781770040058442 -7.477550561032135E-4 3.5534305926398406E-4 -1.3518811060163135E-4 -9.012474475290481E-4 -5.108004456051476E-4 -0.002124900671481501 
0.2394723269030944 2.0539224405239316E-4 0.0032788696161883493 0.0017824499824683354 -3.087214138206441E-4 0.0016606036104715419 -9.068263357931675E-5 -8.904996853247699E-4 -2.90094727334452E-4 7.86510311478355E-4 
0.00996411210416076 -1.3117707552172403E-4 0.0032119771574292627 0.0017785331715132408 -8.364813172613442E-5 4.0177734557210725E-4 -7.394353373534166E-5 -8.985177820880466E-4 -3.28025293024105E-4 6.011621734086706E-4 
0.3549201637895328 -1.3897555225375895E-4 0.0032803783676385047 0.0017325778821704173 -7.152323757695696E-4 0.0017163317990227492 8.40255587848653E-4 -9.250851234576066E-4 -3.4946374225979106E-4 -0.0023928124123031766 
0.00996411210416076 -1.3117707552172403E-4 0.0032119771574292627 0.0017785331715132408 -8.364813172613442E-5 4.0177734557210725E-4 -7.394353373534166E-5 -8.985177820880466E-4 -3.28025293024105E-4 6.011621734086706E-4 
0.20275985612768938 -5.851087431190629E-5 0.003277971318591424 0.001784177311561804 -6.117206677262901E-4 1.514904719979608E-4 -1.4229554091716188E-4 -8.686984307256024E-4 0.0010245122445029604 -0.0021192399495303157 
0.5604462025173429 -2.363301388704578E-4 0.0032755861779121057 0.0017793805620295324 -7.308884826189903E-4 1.2870930097574104E-4 6.727880032109772E-4 -8.971899490220656E-4 0.0024116844233902177 -0.0023742263624031163 
0.9465013855796931 1.323927196004605E-4 0.0032006494102213884 0.0017805907216230307 -6.0338293801959E-4 4.461438356903201E-4 -1.1877576297298815E-4 -9.281017206451707E-4 0.002318835161130021 -0.0021075807298006114 
0.3135443684758825 -1.3932413217722226E-4 0.0032039909072377683 0.0017756820267977177 -7.412197274206921E-4 0.0017376165493288315 -5.8342745258595326E-5 -9.262583209474966E-4 -1.76663206796537E-4 -0.0026613699454638264 
0.2984182162152142 4.840788731899831E-5 0.0032039909072377683 0.001795446446142187 -7.412197274206921E-4 0.0017643783884038864 -5.835601560237488E-5 -9.26256049545446E-4 -1.7369491527486204E-4 8.351363372432626E-4 
0.46383136661129687 1.841895681464816E-4 0.003196009788588886 0.0017749696850952387 -2.801086426817315E-4 1.0719467915518821E-4 -8.883024665768183E-5 -9.215984222343571E-4 -2.6761489097253447E-4 -0.0021221454629566424 
0.839220931294995 3.920954821417257E-5 0.003277383720929414 0.0017311354561691551 -7.30947621100772E-4 1.2057856790970137E-4 6.888246563514755E-4 -9.22932515958366E-4 -1.6902173499867357E-4 -0.0021165117759358756 
0.6219293802387036 -1.4127823298668637E-4 0.0031978237037165987 0.0018222770692514526 -6.483549604722777E-4 4.4395447705059546E-4 3.405256628961998E-5 -8.742363005198179E-4 -3.601698858526268E-4 -0.0022713805412451988 
0.8049856672118848 -1.243146291819529E-4 0.003212667614156464 0.0018684963497307325 -7.14327643608078E-4 4.0823538268295033E-4 -1.1972250795729586E-4 -8.643948071953437E-4 -1.855656307918679E-4 7.56221570336319E-4 
0.3444233776057538 4.2534860856409984E-5 0.0032745416667400865 0.0017809952501585144 -7.30885677670831E-4 -9.894161499363871E-5 6.855404988694258E-4 -8.971899490220656E-4 -4.6406961416561095E-4 7.994439578684976E-4 
0.3348552032049467 -1.4185579282667934E-4 0.0031998999880829084 0.0018729046580013065 -7.306185571162683E-4 6.098184819989313E-4 6.883714012109485E-4 -9.250683224800033E-4 -4.527641524876794E-4 8.376205609146197E-4 
0.6777396438938436 -1.4127823298668637E-4 0.0032023405056347243 0.0018222770692514526 -6.314816433714849E-4 4.4382569610626E-4 3.5503370286693386E-5 -8.742363005198179E-4 -5.275680383657153E-4 -0.002104368059979811 
0.3131996294455206 -1.4069702656167244E-4 0.003277210138091197 0.0017754749469224256 -7.313203339273417E-4 3.980116875823002E-4 5.9005124235679356E-5 -9.268664798430924E-4 0.0023959315660147017 -0.0026751126897716663 
0.006135729279902136 -1.3192460876285757E-4 0.0032359817167013057 0.0018228559821119954 -3.0994263608790913E-4 4.0729868457751843E-4 8.310705284839655E-4 -9.354824960254699E-4 0.002168065173195953 -0.0021360754210536545 
0.9180251144284292 -1.4530563675454555E-4 0.0032793861863344887 0.0017832523240348531 -6.035837653465712E-4 0.002017698768834608 -1.0647592604801799E-4 -9.262087100598727E-4 -1.382390918921055E-4 -0.0021192592609535488 
0.2954695475148774 4.839121422000089E-5 0.0032039909072377683 0.0017320665776719925 -7.412197274206921E-4 0.0017643783884038864 -5.835601560237488E-5 -9.26256049545446E-4 -1.7369491527486204E-4 8.351363372432626E-4 
0.3976306952717112 4.921687209246032E-5 0.0032907385257600432 0.0017836212962444077 -7.145962314676822E-4 -1.0411332462268493E-4 6.883714012109485E-4 -9.230905978907853E-4 -4.527641524876794E-4 8.358139416321305E-4 
0.2578246243852662 1.747981335556308E-4 0.0032345585307421583 0.0018203790940035359 -3.0994263608790913E-4 4.0685301700882777E-4 8.310705284839655E-4 -9.329451459154834E-4 -4.83829401962551E-4 9.251297042865303E-4 
0.2636292380144319 4.869999234783604E-5 0.0032889546182516146 0.0018733449791387307 -7.140240092722946E-4 0.0016851927440233129 -9.006874222404677E-5 -8.904458439361646E-4 -3.781668289700704E-4 7.904114173965114E-4 
0.3252498015954255 2.0871055483524779E-4 0.003274536840962401 0.0017784363004962017 -2.941084950004541E-4 0.0016606036104715419 -9.256650254099979E-5 -8.975401240443197E-4 -5.870621299550096E-5 7.153254991998502E-4 
0.3638468582891038 -8.029295313216627E-5 0.0032005528347899045 0.001818757049952709 -2.7892045906158735E-4 4.4012658573939746E-4 -9.985326105165312E-5 -8.99751292105412E-4 0.002352290586853716 -0.0023963069940285318 
0.6777396438938436 -1.4127823298668637E-4 0.0032023405056347243 0.0018222770692514526 -6.314816433714849E-4 4.4382569610626E-4 3.5503370286693386E-5 -8.742363005198179E-4 -5.275680383657153E-4 -0.002104368059979811 
0.16382560770730556 2.0708260429883312E-4 0.003290712610007493 0.0017356154792669111 -7.308165219732058E-4 0.0016606557231021476 -1.022172739262062E-5 -8.910160883187181E-4 -1.4718193496350302E-4 8.241412911707807E-4 
0.699616852032894 4.228694134014587E-5 0.003294773701096656 0.0017723765611020695 -7.297896824846903E-4 0.001687382791223195 -3.8115351846116394E-5 -9.141943644068573E-4 -1.752574882610948E-4 -0.0021192592609535488 
