0.0 -6.282021856514097E-5 4.5335657382760466E-4 -5.665553051451597E-4 -2.1887669798421693E-4 8.882061079278501E-4 -8.35422098931023E-4 6.936048417079768E-5 5.17961143605297E-4 -1.2124054876602767E-4 
0.9993872759904908 -4.0108493719558756E-5 5.017375928493489E-4 -5.596580023447524E-4 -2.0237792194506947E-4 9.434589653588018E-4 -7.970352719922621E-4 5.560365482531244E-5 5.535413767424515E-4 -2.952322114969395E-4 
0.21824037883570052 -6.198151856331389E-5 4.524936654215468E-4 -5.703232215855115E-4 -2.1534683131853598E-4 8.881471513650846E-4 -0.0012661030571643104 6.936048417079768E-5 5.184188586026296E-4 -1.2124054876602767E-4 
0.8704780558639567 -5.6195367341785035E-5 1.9038134253893867E-5 -6.817010170494513E-4 -2.5009183670100343E-4 8.822763882248318E-4 -7.138116156511887E-4 6.15882158069534E-5 0.0014989945391985385 -2.688015863916564E-4 
0.0013891584540806912 -6.282021856514097E-5 4.3718668350055254E-4 -6.823110899923239E-4 -2.1887669798421693E-4 8.882061079278501E-4 -8.35422098931023E-4 6.936048417079768E-5 5.17961143605297E-4 -1.2123948951921096E-4 
0.31105944666301194 -2.3073810802739318E-5 5.0196449398796E-4 -5.146206766561878E-4 1.2513659909770783E-4 0.0010739431535920047 -8.522186195229632E-4 -4.2807290666176394E-4 0.0015018360862949452 -1.152406671204888E-4 
0.2809370849937884 -6.23586291323238E-5 4.941094300453514E-4 -5.654255393581964E-4 3.3396387989539494E-5 8.924309484955306E-4 -7.925288422519354E-4 -3.154420780829154E-5 6.412481115514066E-4 -1.231260456228449E-4 
0.2992832054119075 -4.254808446992497E-5 5.148430868816424E-4 -5.721776564872423E-4 -3.135165309729449E-4 8.877547866740527E-4 -7.954517938457365E-4 4.3300442513726693E-4 9.866788204619327E-4 -1.2295552414330648E-4 
0.8112230547739532 -5.404715141454336E-5 4.780922568251708E-4 -5.727821248314933E-4 3.0553758525342875E-5 8.865429469440861E-4 -8.710020599852923E-4 5.9951952409705805E-5 0.0010280635280496041 -1.1606200809391305E-4 
0.9483455120009363 4.3383444578871196E-5 4.824807801824438E-4 -5.385168472890669E-4 2.8926939354617014E-4 8.885936932802199E-4 -7.942623620774625E-4 6.153870834449087E-5 9.707723042798158E-4 -2.683301238771643E-4 
0.46084585165180053 -4.5704413809994986E-5 5.014188608575871E-4 -6.805418221032195E-4 3.109259628747528E-4 8.928340886621715E-4 -7.789901650443567E-4 6.154903637116724E-5 5.433929604096362E-4 -3.015866123625262E-4 
0.4070786926278391 -4.511893263246141E-5 5.335266504002623E-4 -5.537337155756252E-4 2.2222077097049046E-5 0.0011581307332827768 -8.519323308871866E-4 -4.7953860990768995E-4 9.9533353699425E-4 -1.317386878225834E-4 
0.7006674469588615 -3.5366905000431386E-5 5.162904442728454E-4 -5.616322221110299E-4 2.8469317478672636E-4 8.835754008270195E-4 -9.231716542413204E-4 5.0069778344520215E-5 0.0010318417206199876 -2.8807556878142793E-4 
0.9699250870466141 -3.163714007729046E-5 5.162795426866611E-4 -8.061980913785304E-4 2.8668389933932483E-4 8.838017693258473E-4 -0.0012722413471264917 6.121307897383185E-5 0.0016622300753501647 -2.9158809840925065E-4 
0.38246494161784983 -6.282021856514097E-5 4.5335657382760466E-4 -5.665553051451597E-4 -2.1131542959361074E-4 8.839533189900312E-4 -8.35422098931023E-4 6.936048417079768E-5 5.17961143605297E-4 -1.2202656297403657E-4 
0.8457329299921327 -8.935165102920055E-5 5.016989636818515E-4 -6.805418221032195E-4 1.0494999094330151E-4 8.90779182627439E-4 -8.561327330342289E-4 6.205039530229764E-5 0.0017148108258884913 -1.1279060976080243E-4 
0.03229440280079671 -5.420956523951955E-5 4.997364914039914E-4 -5.487904399156288E-4 -1.0746569769750981E-4 9.393961882414115E-4 -9.219449008876546E-4 5.645565263601205E-5 0.00164012857268419 -2.650637022002337E-4 
0.10085464892094731 -4.547985886678432E-5 -2.515923388400859E-5 -5.247856447466387E-4 2.064734327011216E-5 0.0011937679688692098 -8.687539732488979E-4 -4.3697562845350585E-4 0.00110919085429292 -3.015094787670874E-4 
0.2033159044569675 -6.10203222928408E-5 2.8361168284515213E-4 -6.831402027447455E-4 -2.8505631885711097E-4 8.877406666814032E-4 -7.950512640227301E-4 6.123733072012703E-5 5.738926550183495E-4 -2.9729424353527173E-4 
0.6571805714655854 4.54679698358388E-5 4.92686155046689E-4 -5.625763886113217E-4 3.1484358664660606E-5 8.89861740065311E-4 -7.916453764279088E-4 4.918095610361287E-5 9.710627572230668E-4 -1.0205371266623697E-4 
0.10298759839946625 -2.0434819188548817E-5 4.539609031210273E-4 -5.504235323809732E-4 2.7481918432449223E-4 9.336125765285939E-4 -9.110504700074327E-4 4.902256088673589E-5 0.0016146168341884478 -2.6817640076688085E-4 
0.01568076083578697 -5.6118962107858525E-5 4.3441954092988554E-4 -5.732034405387153E-4 4.2516352344938474E-5 8.878659320308097E-4 -8.543537510428072E-4 5.694707567498807E-5 9.453388263182105E-4 -2.726724737498179E-4 
0.9993599025553072 -4.0914625995223385E-5 4.90003935490892E-4 -5.597203229659659E-4 2.7566418765667515E-4 0.0010737728946863807 -8.180197399684334E-4 5.484838704101878E-5 0.0010435080505991298 -1.2126422360009797E-4 
0.2702078756999956 -4.346265898643378E-5 4.990266810945821E-4 -5.711103807472258E-4 -2.629701945403153E-4 0.001141656230360594 -8.126893769483572E-4 5.9568848723163556E-5 0.0016562207591880025 -1.1650902171970433E-4 
0.12032913300588013 3.9295053316988664E-5 4.3477970848527245E-4 -8.030733569350606E-4 -2.7088922735025555E-4 9.343608471219539E-4 -8.414197210240516E-4 5.48373667464091E-5 9.634008833192293E-4 -1.0472911392054403E-4 
0.024527544202235685 -5.351297477231243E-5 2.630508743062854E-4 -5.732034405387153E-4 4.301342099630643E-5 9.290530436986615E-4 -8.516417450178923E-4 4.784644136238827E-5 9.453388263182105E-4 -1.2521528632620276E-4 
0.6020361399157023 -3.349333680555535E-5 4.954004262164897E-4 -5.350170028921415E-4 1.3379467930726835E-4 0.0010053375226790901 -8.186501995070847E-4 6.0244310239022516E-5 9.671956782857741E-4 -2.779706137461004E-4 
0.4913748575261643 -6.282021856514097E-5 4.5335657382760466E-4 -5.665553051451597E-4 -2.1131542959361074E-4 8.839533189900312E-4 -8.35422098931023E-4 6.936048417079768E-5 5.17961143605297E-4 -1.2202656297403657E-4 
0.44649573947389115 4.5827199316838E-5 -3.1798700286782646E-5 -5.521193709065611E-4 3.1618461063206857E-4 8.911677574524905E-4 -7.789901650443567E-4 6.160245645573866E-5 5.583883994087713E-4 -3.0743306545345214E-4 
0.6807438568651355 -2.344973124818618E-5 4.3477970848527245E-4 -5.574379264914786E-4 3.000623674596714E-4 9.348038538252185E-4 -8.169026627450136E-4 5.484057396915107E-5 9.64565018511196E-4 -1.0472911392054403E-4 
0.912373614180697 -1.156025241547795E-4 2.614830563930309E-4 -7.255540081901559E-4 -2.6154853700126524E-4 8.768437940156532E-4 -7.084588590900999E-4 7.52165963374876E-5 5.061027122814271E-4 -2.684834556231947E-4 
0.008280786409832597 -1.156025241547795E-4 2.1605078481125957E-6 -5.785390425051789E-4 -2.621911880590546E-4 0.0010783249487181209 -8.312014374591495E-4 -4.051681160601667E-4 5.648142766002091E-4 -2.760600715177986E-4 
0.021086751706508214 -4.511893263246141E-5 5.335266504002623E-4 -5.527289837762254E-4 3.065787812905633E-5 0.0011612422299255673 -8.519323308871866E-4 -3.2427036877544665E-5 9.96859002301033E-4 -1.2572460510979058E-4 
0.7940584665012064 4.4872017773492774E-5 4.3564318891714505E-4 -8.509702276018978E-4 2.7623977609685134E-4 0.0010054295482292124 -7.922756981760936E-4 5.484838704101878E-5 9.731356295466688E-4 -2.6843263897359006E-4 
0.03783586442963277 -3.367874839405772E-5 4.5715971127060947E-4 -5.566608160022669E-4 3.3989801515311096E-4 9.753379039055328E-4 -8.729176848843709E-4 5.56239808961055E-5 0.0010229203801480418 -3.0330138046673555E-4 
0.7853332441576741 -6.124034113430803E-5 2.7870538096091735E-4 -8.20887821178293E-4 -2.6281102142661835E-4 8.877406666814032E-4 -7.950512640227301E-4 6.123733072012703E-5 5.738926550183495E-4 -2.9729424353527173E-4 
0.33090708593428403 -8.36539220777371E-5 4.933091940132542E-4 -5.650913048568314E-4 3.365253264432539E-4 9.311587533972351E-4 -8.505081574094501E-4 4.809665192445792E-5 0.0010839790704495456 -2.972229244756478E-4 
0.23527287410360084 -6.151504625510162E-5 5.343261094551583E-4 -5.501624160039468E-4 3.1610014816155116E-5 8.862288402963768E-4 -8.585222689202302E-4 4.612246492774769E-5 6.375618300351895E-4 -1.230569909830201E-4 
0.054356327360130276 -0.0010577133451755375 5.03237003316739E-4 -5.651381226387253E-4 -1.5668746424008913E-4 9.323972360764418E-4 -7.848585823554909E-4 -3.949852652333116E-5 5.187330652442078E-4 -3.0476822614206056E-4 
0.43598211888749966 -7.413611367961669E-5 -2.6396787426386393E-5 -5.563628512819202E-4 -2.586783767456658E-4 8.988287731190217E-4 -7.893479133579494E-4 -4.3974436325179946E-4 5.128327535759629E-4 -1.1470560467206277E-4 
0.6386523369924535 -1.1181675794747483E-4 5.040983736139112E-4 -5.671404578328429E-4 -2.1374688935537657E-4 9.346945026396919E-4 -8.556672547378606E-4 -9.466413414473276E-6 9.716422038556866E-4 -1.140467013346672E-4 
0.06870027251459437 -8.877642660681677E-5 4.933091940132542E-4 -5.647595781114779E-4 4.6859202168947185E-5 9.312872582241732E-4 -8.248743598434294E-4 4.804888972482544E-5 0.0010839790704495456 -2.708780773053775E-4 
0.08233794611168893 -2.322796534678281E-5 4.933091940132542E-4 -5.647595781114779E-4 2.9548250011182014E-5 0.001173709819821491 -7.785493069115166E-4 4.808690897433742E-5 0.0010839790704495456 -2.724359684609434E-4 
0.07456240300870448 -8.90392358258784E-5 5.015932003261546E-4 -6.805418221032195E-4 3.1618461063206857E-4 8.909477946531676E-4 -7.83871549291905E-4 6.160245645573866E-5 5.165818830097108E-4 -2.701891687110321E-4 
0.8972415435486185 -2.118663642175774E-5 5.148166824203876E-4 -5.146206766561878E-4 3.237049183387445E-4 0.0010643132188441775 -8.687553997659795E-4 5.3254582718641625E-5 0.0010182775433561359 -1.2113804752859117E-4 
0.04838735560271373 -0.001097409870181231 4.959909491104745E-4 -5.645085204710087E-4 3.906527219773224E-4 0.0011786672454856188 -0.0013057934459170446 -2.955880643820181E-5 9.618292551963882E-4 -2.704850203848341E-4 
0.5630101336958891 -4.526325933728573E-5 4.621774992895934E-4 -6.817010170494513E-4 -2.5505128501827304E-4 0.0011862082501821125 -7.138116156511887E-4 -4.364169839610782E-4 0.0011192570980736603 -2.688015863916564E-4 
0.9272202236848073 -5.7338759402121114E-5 5.095469866478383E-4 -5.658537342194924E-4 3.055550955911136E-4 9.982464026726588E-4 -8.602119810675066E-4 5.99665020816922E-5 9.79695769136258E-4 -1.161629497616213E-4 
0.19463155776241486 4.3383444578871196E-5 4.824807801824438E-4 -5.385168472890669E-4 -2.6060017805340356E-4 8.885936932802199E-4 -7.946796674647399E-4 6.153870834449087E-5 9.503592281212615E-4 -2.6843263897359006E-4 
0.5345558273465726 -6.41412339162016E-5 5.343261094551583E-4 -6.707072915807552E-4 2.806750295423865E-4 0.001812728492696587 -8.537818329059137E-4 -3.187705237565593E-5 9.830482847411415E-4 -2.783214759149359E-4 
0.5792631723376651 -6.282021856514097E-5 4.5335657382760466E-4 -5.665553051451597E-4 -2.1131542959361074E-4 8.822615836067191E-4 -8.35422098931023E-4 6.936048417079768E-5 5.17961143605297E-4 -1.2202656297403657E-4 
0.04320547538265242 -6.180795547914978E-5 5.314365324401665E-4 -5.659488539552526E-4 3.065787812905633E-5 0.0011612422299255673 -8.346654519034002E-4 6.907782982213566E-5 9.96859002301033E-4 -1.258499653171358E-4 
0.005218851268232478 -4.511893263246141E-5 4.971249265624932E-4 -6.701861253568962E-4 2.5033139051114213E-5 0.0011699272092317566 -7.868878943626961E-4 5.520939605060324E-5 9.890512309494025E-4 -2.717516875659428E-4 
0.7172737614082547 -4.256948371643836E-5 5.031009180159997E-4 -5.673693353045632E-4 -2.2533767600965785E-4 8.877375420156513E-4 -8.504360322471292E-4 5.5823097408005636E-5 0.0013175577310502867 -2.68392201141388E-4 
0.41309848652261716 -4.3747777795208475E-5 -2.669943482789591E-5 -5.674248565966984E-4 -1.9999404227708705E-4 8.746446951869623E-4 -7.794066006465038E-4 -4.6917331304497924E-4 0.001024953566734895 -2.7196261640551E-4 
0.6269118879938324 -4.43732553051401E-5 4.892024625718002E-4 -7.377554067357393E-4 2.736526430388628E-4 8.886046564321234E-4 -7.835875758216398E-4 4.398393205036773E-5 5.173902022872621E-4 -1.1957452876728426E-4 
0.15348686957355512 -5.675810549154623E-5 5.03237003316739E-4 -5.58945886574581E-4 -1.538295710871925E-4 9.304166975424093E-4 -7.848585823554909E-4 -3.949852652333116E-5 5.179714274364675E-4 -3.0476822614206056E-4 
0.6838218556512201 -5.682950843979779E-5 5.173639596707985E-4 -5.615791541759892E-4 4.680123296180904E-5 8.927065919036852E-4 -9.231716542413204E-4 4.993163611753046E-5 0.001269049864336226 -1.1623438138480292E-4 
0.08233794611168893 -2.322796534678281E-5 4.933091940132542E-4 -5.647595781114779E-4 2.9548250011182014E-5 0.001173709819821491 -7.785493069115166E-4 4.808690897433742E-5 0.0010839790704495456 -2.724359684609434E-4 
0.7408044907564613 -2.0081180145452662E-5 4.953199076467908E-4 -5.349825593436729E-4 1.3845278930475728E-4 0.0010598497415938131 -8.531864184434645E-4 -8.466181642946307E-5 0.0015460745298598178 -2.781515333974094E-4 
0.9639858723712318 -4.293183851771492E-5 4.314966691164802E-4 -5.717421701841638E-4 -2.7951656409597777E-4 3.8715148082500396E-4 -8.125816954594686E-4 5.9701659884405795E-5 0.0012360739079671226 -1.1640444515613699E-4 
0.34693828599385595 -4.254808446992497E-5 4.973340848729159E-4 -5.553596100665985E-4 -3.135165309729449E-4 8.877547866740527E-4 -7.892462872309544E-4 4.3300442513726693E-4 9.866788204619327E-4 -1.2295552414330648E-4 
0.47833084349804744 -1.9321136027594787E-5 5.034540037590659E-4 -5.420323768268004E-4 -6.431252474056989E-5 8.884458653565578E-4 -7.831738367461815E-4 5.9855970190225835E-5 5.166869265710663E-4 -2.779706137461004E-4 
0.734403953093072 -3.663911847322754E-5 5.17650312270783E-4 -5.741783798225668E-4 3.351536917514359E-4 0.0010079326013970583 -0.0012802200453261446 6.096057232320133E-5 9.68307012007234E-4 -2.7881866119566464E-4 
0.369839805230485 -4.4875443695878534E-5 -2.418587201555315E-5 -5.676539271226834E-4 1.44780671593906E-4 0.0010983309518674137 -7.842723276682918E-4 -4.6640984143454936E-4 0.0013118693523162513 -1.1520013341741302E-4 
0.6504918032394745 -1.1181675794747483E-4 5.040983736139112E-4 -5.665553051451597E-4 -2.1374688935537657E-4 8.907398352625295E-4 -8.559948173476493E-4 -9.466413414473276E-6 5.562717714922534E-4 -3.093249458906596E-4 
0.5579634828279615 -6.373392179745893E-5 4.90003935490892E-4 -6.80604142724433E-4 2.7566418765667515E-4 0.0010699624526221663 -8.180197399684334E-4 5.4868713111811847E-5 0.0010482335033408605 -1.2624006475277807E-4 
0.34332482725766206 -4.411565640489505E-5 4.898875019160291E-4 -5.594947595595018E-4 2.449531507031718E-4 8.878958926236076E-4 -8.130172265279641E-4 3.801064351696752E-5 0.0010443442429766989 -1.1997869991763334E-4 
0.5045351939035171 -5.4867398778037916E-5 4.334931224973989E-4 -5.55726122872315E-4 3.6459832898097104E-4 0.0010576528763334098 -8.736993779935507E-4 5.4589992721153235E-5 5.220000571236255E-4 -1.0841445949466219E-4 
0.6269118879938324 -4.43732553051401E-5 4.892024625718002E-4 -7.377554067357393E-4 2.736526430388628E-4 8.886046564321234E-4 -7.835875758216398E-4 4.398393205036773E-5 5.173902022872621E-4 -1.1957452876728426E-4 
0.18268720831582771 -4.445200125836074E-5 5.034540037590659E-4 -5.345866432412348E-4 -6.431252474056989E-5 0.0010053284506442066 -8.09783881322017E-4 3.987532161345264E-5 5.790182249046281E-4 -1.2207916519156603E-4 
0.0033696952153495843 -4.809600615134419E-5 4.994250323306171E-4 -5.710704284197052E-4 -3.1492493098152165E-4 4.0089038463537514E-4 -8.803514751387812E-4 5.9701659884405795E-5 0.00124493796261934 -1.1640444515613699E-4 
0.8861272640413586 -7.560444484170971E-5 -2.6396787426386393E-5 -5.563628512819202E-4 -2.586783767456658E-4 8.988287731190217E-4 -8.706727788081496E-4 5.566156466612408E-5 5.128327535759629E-4 -1.1470560467206277E-4 
0.5937034990189616 -3.349333680555535E-5 4.954004262164897E-4 -5.374135587307585E-4 1.3379467930726835E-4 8.827490896404287E-4 -8.186501995070847E-4 6.0244310239022516E-5 9.707724787187917E-4 -2.77970541833673E-4 
0.25824979118277325 -4.262704817985689E-5 4.993437693687219E-4 -5.676621297447404E-4 -2.7107909177170414E-4 9.39171740621182E-4 -9.324328030486237E-4 -4.6444299571354826E-4 0.0012970364219863416 -2.701963900186629E-4 
0.130933474807297 -2.0434819188548817E-5 5.027725401404714E-4 -7.09283178399662E-4 2.6174609017922605E-4 9.336125765285939E-4 -7.952806312996422E-4 6.886690902650042E-5 0.0016150791222270654 -2.682242823341752E-4 
0.7210119147992438 -4.254663427007144E-5 5.148283230932962E-4 -5.673693353045632E-4 -2.2533767600965785E-4 8.877375420156513E-4 -8.504360322471292E-4 5.5823097408005636E-5 0.0013146609403956256 -2.937427667222051E-4 
0.36052820658259066 -2.322796534678281E-5 4.933091940132542E-4 -5.647595781114779E-4 2.9548250011182014E-5 0.001173709819821491 -8.647629985422581E-4 4.808690897433742E-5 0.0010833182592103825 -2.724359684609434E-4 
0.5045351939035171 -5.4867398778037916E-5 4.334931224973989E-4 -5.55726122872315E-4 3.6459832898097104E-4 0.0010576528763334098 -8.736993779935507E-4 5.4589992721153235E-5 5.220000571236255E-4 -1.0841445949466219E-4 
0.5242853490112712 -6.480324712355683E-5 4.993891559360459E-4 -5.359423484110011E-4 4.567514670370787E-5 0.0010040968341327912 -0.0012781969650081857 -4.478721417085215E-5 9.710610679518093E-4 -2.7871143133806537E-4 
0.1506077273159629 -4.6580933126183376E-5 -2.515923388400859E-5 -6.821373512777295E-4 2.064734327011216E-5 0.0011937679688692098 -8.691015263340657E-4 -4.3697562845350585E-4 0.00110919085429292 -3.015094787670874E-4 
0.13217092665030628 3.9295053316988664E-5 4.3477970848527245E-4 -8.024882042473775E-4 -2.7088922735025555E-4 8.904061797447915E-4 -8.417472836338403E-4 5.48373667464091E-5 5.480304509557962E-4 -3.0000735847653646E-4 
0.7679635506950705 -4.315903136401407E-5 4.5353260144183837E-4 -5.240453807149143E-4 -9.083965734792897E-5 3.960226310800415E-4 -8.642420019486551E-4 6.877864586637733E-5 4.661963699942809E-4 -2.771178171109976E-4 
0.18674380209664967 -4.397437287641618E-5 -4.3777902544023565E-5 -5.70387666285109E-4 2.736669165255314E-4 8.880064246122442E-4 -7.819047617236451E-4 3.896682602020962E-5 5.603206207976042E-4 -1.2125964841994043E-4 
0.06132942248864409 -6.151504625510162E-5 -2.904001839141115E-5 -5.709983550121393E-4 2.732956585543496E-4 8.862288402963768E-4 -7.870689577603027E-4 4.617081750868268E-5 5.153825983883091E-4 -1.2533984285642737E-4 
0.1413017022201204 -1.914086908569802E-5 5.027725401404714E-4 -5.416062567075174E-4 -2.0468572803139008E-4 9.32366028051245E-4 -9.110504700074327E-4 -4.5567764182209345E-4 5.520684878415755E-4 -2.6813814855114135E-4 
0.37788239269240853 -6.394519220875199E-5 4.871206473314966E-4 -5.370025742506318E-4 4.9501935713949404E-5 9.761111371564987E-4 -9.231716542413204E-4 6.869866535410986E-5 5.286395589383479E-4 -2.7004185255508913E-4 
0.12077674467730212 -1.7611416676539756E-5 5.034540037590659E-4 -5.420323768268004E-4 -6.526311179226298E-5 8.884458653565578E-4 -8.411593665654265E-4 5.9855970190225835E-5 5.061004915873754E-4 -2.739744028503773E-4 
0.25603572416423026 -4.262704817985689E-5 4.887961960798225E-4 -5.600236968565247E-4 4.438289304469476E-5 9.39171740621182E-4 -9.256010345080697E-4 6.862556282277523E-5 0.0013168388056046608 -2.691506153516888E-4 
0.5832244879828155 -4.3900060827373184E-5 4.5907470200625035E-4 -5.665553051451597E-4 -2.114871678613855E-4 8.820007368632E-4 -7.82021378542148E-4 6.936048417079768E-5 5.17961143605297E-4 -1.2202656297403657E-4 
0.8371797317031616 -4.511893263246141E-5 4.971249265624932E-4 -6.701861253568962E-4 4.356162065985363E-5 0.0011699272092317566 -8.499620186134024E-4 5.018593330960658E-5 9.890512309494025E-4 -1.1682875878297918E-4 
0.8304335584095871 -1.1579909942008807E-4 1.446889645603737E-5 -7.198169753807177E-4 -2.648305576910716E-4 8.874847235456269E-4 -7.943725940065909E-4 6.285724927959404E-5 0.0016572525536763093 -2.6918863204401376E-4 
0.5242853490112712 -6.480324712355683E-5 4.993891559360459E-4 -5.359423484110011E-4 4.567514670370787E-5 0.0010040968341327912 -0.0012781969650081857 -4.478721417085215E-5 9.710610679518093E-4 -2.7871143133806537E-4 
0.3314536381702823 -8.365159019711305E-5 5.012258465031829E-4 -6.849061471224392E-4 3.365253264432539E-4 8.905541556167823E-4 -7.816951175907046E-4 6.130961267501725E-5 0.0010839790704495456 -2.972229244756478E-4 
0.7538660413680717 -4.3276323096760674E-5 4.884643263219644E-4 -5.240453807149143E-4 -9.083965734792897E-5 3.960226310800415E-4 -8.644288729475051E-4 4.7579324726203636E-5 0.0012411944324416107 -2.763913874863831E-4 
0.7550237023983023 -4.254663427007144E-5 5.148283230932962E-4 -5.673693353045632E-4 2.8167261229010464E-4 8.877545793378968E-4 -8.507888348432884E-4 8.552841914656438E-5 0.0013116088477710475 -1.134742676773434E-4 
0.16469835016344825 -4.6251368134552297E-5 -1.0565335662490348E-5 -6.808808801179426E-4 2.064734327011216E-5 0.001197367432186897 -8.691015263340657E-4 -4.321005138733184E-4 0.00110919085429292 -3.015094787670874E-4 
0.059909141842273334 -1.899334695199205E-5 -2.860490520790264E-5 -5.7104019844944E-4 2.736669165255314E-4 8.880064246122442E-4 -7.819047617236451E-4 5.016588290832026E-5 5.190868963123471E-4 -3.064612306152235E-4 
0.47878623302847173 -2.0229716878895217E-5 5.03693581081431E-4 -5.648620365193198E-4 -6.431252474056989E-5 8.884458653565578E-4 -7.822755145009237E-4 5.9855970190225835E-5 5.166869265710663E-4 -2.779706137461004E-4 
0.7679635506950705 -4.315903136401407E-5 4.5353260144183837E-4 -5.240453807149143E-4 -9.083965734792897E-5 3.960226310800415E-4 -8.642420019486551E-4 6.877864586637733E-5 4.661963699942809E-4 -2.771178171109976E-4 
