0.0 -1.7489299655566834E-4 -6.984613926004206E-4 8.238953048220958E-4 -4.3113317940480914E-4 -7.04185245116308E-5 6.098526764552414E-4 7.658911751284693E-4 -7.958541766124407E-4 0.0013827778949774307 
0.9998618837737481 -1.4785788042502115E-4 2.0575882168343153E-4 8.808043209215805E-4 -7.770745262318634E-4 8.534277440897787E-5 4.6926404544412546E-4 8.66721546751773E-4 -7.849815731077534E-4 0.0013638608302276466 
0.0 -1.7489299655566834E-4 -6.984613926004206E-4 8.238953048220958E-4 -4.3113317940480914E-4 -7.04185245116308E-5 6.098526764552414E-4 7.658911751284693E-4 -7.958541766124407E-4 0.0013827778949774307 
0.006286308190486922 -1.7388128765200126E-4 -8.71132210504197E-4 8.446347475830752E-4 -4.453018399150693E-4 -1.2655323934665448E-4 4.762106825302728E-4 7.626431072384152E-4 -9.124048543340725E-4 0.0013783118263586888 
0.22439864436444892 -1.7381540734368657E-4 -6.98591342557756E-4 8.26420262031771E-4 -4.767597017639628E-4 1.1053664540882658E-4 4.727874931304375E-4 7.657036176005759E-4 -7.995689507208285E-4 0.0013691526073752154 
0.013192443963069345 -1.7382343869729088E-4 -6.985061671637105E-4 8.238953048220958E-4 -4.781028296017777E-4 -7.974736747458647E-5 6.050086581739025E-4 7.658911751284693E-4 -7.958541766124407E-4 0.001421851105683662 
0.4333334944686327 5.803344189951713E-4 -8.950406044524302E-4 8.300141326891956E-4 -6.876226251999167E-4 -8.805554969261922E-5 4.826251860078231E-4 7.598650423109655E-4 -7.80615460460238E-4 0.0016554967949121843 
0.001572730447432873 -1.805848908168563E-4 -6.982940274930046E-4 8.23901909092091E-4 -4.7028909824859647E-4 8.401954485461007E-5 4.4820983821746666E-4 7.68234382451355E-4 -7.958541766124407E-4 0.0013678732159502407 
0.4547451662935404 -1.781868501322852E-4 -7.141100198166485E-4 8.276509906248702E-4 -5.964300826992128E-4 9.180027466236415E-5 4.5085321522577874E-4 7.601551287183696E-4 -7.788085092367226E-4 0.001409277576982907 
0.3762317681721761 -1.6928926714351167E-4 -6.865970950498312E-4 8.272369435747546E-4 -6.878011774247841E-4 1.260423034050186E-4 2.773357585214224E-4 7.88344963584756E-4 -8.002885941625999E-4 0.001460388493952765 
0.16182745220381958 -1.4918599268067266E-4 -6.907272535570022E-4 8.807402231606464E-4 -6.027018776265054E-4 8.873131332780152E-5 4.876254086701619E-4 7.989886321457877E-4 -8.614085825680749E-4 0.0017026589770151505 
0.8908900172899508 -1.7374782497032808E-4 -6.880141636700723E-4 8.824139555927374E-4 -7.866386891061672E-4 8.22260736490943E-5 5.982244378991648E-4 7.86891897378244E-4 -7.961659603274022E-4 0.0013686452207084593 
0.3410668362142814 -1.8019504626018374E-4 -7.044042169313235E-4 8.224650119376116E-4 -4.2891426324327236E-4 -1.1470789887398941E-5 4.4031149291035195E-4 7.85506448627307E-4 -8.050566082248312E-4 0.0014253391320800635 
0.29132889063970074 -1.7382343869729088E-4 -6.984613926004206E-4 8.261411745186285E-4 -4.1751510178372883E-4 -8.720721417765915E-5 4.553585779885701E-4 7.658911751284693E-4 -7.85176409535633E-4 0.0013827778949774307 
0.39772903334674703 -1.752875115193806E-4 -6.510429569108372E-4 8.29418519902973E-4 -6.210382995576156E-4 1.3588785294416547E-4 4.526858176875556E-4 8.960446629366473E-4 -9.050958070125079E-4 0.0013612175344389552 
0.6456979321051433 -1.8373425439100591E-4 -1.997246587981537E-4 8.302407627600245E-4 -4.0617920553157017E-4 1.2593066795086975E-4 5.809173231742763E-4 7.614730682387193E-4 -7.7979825474583E-4 0.0017325096255967453 
0.17504228510210773 -1.3923139145396546E-4 -7.174049594600745E-4 8.254586268269725E-4 -6.930743174657963E-4 1.0517112125532532E-4 6.066311540874261E-4 7.626717251128734E-4 -7.971689186635428E-4 0.0014183896014076246 
0.19474769842565515 -1.4613857901400298E-4 -9.07649462661958E-4 8.551111036384963E-4 -4.2560333265161967E-4 9.991748054308044E-5 6.048656429075306E-4 6.96476409941574E-4 -7.78888898783402E-4 0.0013773938030194877 
0.11470159651771863 -6.901103738800275E-4 -6.012478038975107E-4 8.287959498821053E-4 -8.825571794720508E-4 8.597266365659875E-5 4.5359027801094177E-4 7.8759140497228E-4 -7.800606599838797E-4 0.0013855702306795545 
0.9117676671181221 -1.4918599268067266E-4 -8.812413761680859E-4 8.807362707328085E-4 -8.770773299417946E-4 8.873131332780152E-5 4.876254086701619E-4 7.989886321457877E-4 -8.083292949453336E-4 0.0017026589770151505 
0.7897188750669156 -1.801750053380357E-4 -7.127340682789318E-4 8.264249938987872E-4 -6.960148076754228E-4 1.3951722639129772E-5 2.798218848285199E-4 7.884072267554744E-4 -8.001125613664731E-4 0.0016973040870754395 
0.6239851555345728 -1.6844926858878754E-4 -6.969608050818571E-4 8.818467396954599E-4 -6.878011774247841E-4 9.164677277504152E-5 2.773357585214224E-4 7.88344963584756E-4 -8.002885941625999E-4 0.001460388493952765 
0.3534705145140341 -1.7377796626935718E-4 -7.032373084918438E-4 8.309654959690996E-4 -9.431899848870251E-4 -2.5178392033039846E-5 6.932695162066794E-4 7.886564738280156E-4 -8.020591919348539E-4 0.0013509974253375833 
0.09326863640572614 -1.7067531299276638E-4 -6.101573682636668E-4 9.226925419712419E-4 -6.286576535809673E-4 -1.8966585822022796E-5 4.678724152647463E-4 7.54108966842132E-4 -8.00293148235148E-4 0.0014619305397090094 
0.18447065860544487 -1.7225504559240776E-4 -5.704785534819519E-4 8.274535887261607E-4 -6.024710486132888E-4 8.54398354345241E-5 4.598394511561085E-4 7.983131699743433E-4 -8.56425292658592E-4 0.0013636676470204934 
0.6178279427945025 -1.722039592646509E-4 -7.168023612101633E-4 8.808043209215805E-4 -7.817863729836971E-4 -9.864597898406626E-6 4.5603764771408415E-4 8.681087465695802E-4 -7.851940514941536E-4 0.001434316468639632 
0.13195495480558275 -1.769416675248663E-4 -6.046940204046264E-4 8.287959498821053E-4 -8.825571794720508E-4 -8.875347730372295E-5 4.529892217168972E-4 7.60465389272728E-4 -7.800606599838797E-4 0.0013847280630940601 
0.12527683148426078 -6.972904391275825E-4 -6.347449585737924E-4 8.500734751516445E-4 -4.456405578987144E-4 -1.2158885147183426E-4 4.700500931648622E-4 7.643695561476108E-4 -8.613384941222483E-4 -0.001549130999317197 
0.2749454553010316 -1.722039592646509E-4 -7.169097070354011E-4 8.808043209215805E-4 -7.817863729836971E-4 -8.783519136928431E-5 4.5603764771408415E-4 8.68046434326923E-4 -7.849815731077534E-4 0.001350429166695772 
0.14874655838871742 -1.4918599268067266E-4 -5.706706305596782E-4 8.210553563197095E-4 -6.034035202470753E-4 8.299771371514028E-5 4.598394511561085E-4 7.989877687336125E-4 -7.806871034409732E-4 0.0013687592917459763 
0.7016693079716952 -1.8370078461293695E-4 -7.127340682789318E-4 8.26451759617677E-4 -6.960148076754228E-4 1.3951722639129772E-5 2.798218848285199E-4 7.890674631737636E-4 -8.001125613664731E-4 0.0017326687966353865 
3.283279597618982E-4 -1.8033532059925206E-4 -5.905535012865312E-4 8.226418312113315E-4 -4.2962946803867255E-4 -7.247068273942835E-5 4.4127314355093096E-4 7.658911751284693E-4 -7.958541766124407E-4 0.0013681548478266736 
0.6711131459180562 -1.746179669455418E-4 -7.17265470015036E-4 8.26420262031771E-4 -4.767597017639628E-4 -1.26457428650148E-4 4.7302091304683887E-4 7.550174529048884E-4 -8.003018580142368E-4 0.0013697671854752097 
0.934326675300849 -1.8373425439100591E-4 -6.849469530521802E-4 9.130430042402894E-4 -4.0613727124438675E-4 1.2593066795086975E-4 5.809173231742763E-4 7.614783459246705E-4 -7.797897160116344E-4 0.0017395315276366146 
0.46800734383321907 -1.5106493884225648E-4 -7.14124861758656E-4 9.118994547387068E-4 -6.868506203279881E-4 -2.545326696803587E-5 6.067002694531031E-4 7.625982124359204E-4 -7.801570850072924E-4 0.0013816558181150478 
0.8239891583593966 -1.5331882115394389E-4 -6.347449585737924E-4 6.820031660043144E-4 -6.866813296268253E-4 -1.2158885147183426E-4 4.700500931648622E-4 7.670401392508482E-4 -9.071908816713733E-4 -0.0014770580207635897 
0.023175720072783013 -1.7382343869729088E-4 1.9712348199832187E-4 8.824139555927374E-4 -7.813075203059924E-4 -8.162433517490976E-6 5.982244378991648E-4 7.86891897378244E-4 -7.961659603274022E-4 0.0014001158878681763 
0.8379455006732615 -7.45763955171988E-4 -6.351531934319054E-4 -0.0018774664132861136 -6.799502657393974E-4 -9.510622941464111E-5 5.825373264606944E-4 7.667606739751818E-4 -7.80040301219847E-4 0.0013679205829323828 
0.530918400041389 -1.6575056167411584E-4 -6.969608050818571E-4 8.818467396954599E-4 -4.561867688564993E-4 9.164677277504152E-5 2.773357585214224E-4 7.88344963584756E-4 -8.00288548572845E-4 0.0014605835346522453 
0.7690066529973109 -1.7202877428882627E-4 -7.139704471542108E-4 7.848071282788573E-4 -5.897031465629317E-4 -8.251448214455229E-6 4.56813372780551E-4 6.94446225145742E-4 -7.800266441275386E-4 0.0014078344414972348 
0.588002537487812 -1.6570081893164647E-4 -7.138361673817115E-4 8.818718167086707E-4 -4.549981726877535E-4 1.0452607304552297E-4 4.702157868956986E-4 8.672912026913956E-4 -7.815055645268053E-4 0.0013599396520248615 
0.14302818689915253 -1.4918599268067266E-4 -5.706706305596782E-4 8.212736157174294E-4 -6.034035202470753E-4 8.299771371514028E-5 4.598394511561085E-4 7.978270294234055E-4 -7.963921853499768E-4 0.0013687592917459763 
0.9533687300989498 -7.070443822582832E-4 -5.748544913227604E-4 8.247160197880955E-4 -4.466776738252965E-4 -2.5292935822638343E-5 4.6787610071403264E-4 8.534495454278682E-4 -8.030736999781831E-4 0.0013672160925447612 
0.38564403214653153 -1.752875115193806E-4 -6.510429569108372E-4 8.29418519902973E-4 -6.210382995576156E-4 -1.1740622257377994E-4 4.526858176875556E-4 7.600118733979814E-4 -9.050420788535769E-4 0.001361150174468662 
0.47834922562542126 -1.5042643706935545E-4 -7.17382820777083E-4 9.118994547387068E-4 -6.891138918220328E-4 -2.545326696803587E-5 6.067002694531031E-4 7.625982124359204E-4 -7.935583162911035E-4 0.0013816558181150478 
0.03062466061351929 -1.7365154514654418E-4 -7.010297570338113E-4 8.815115931212592E-4 -4.445367671894437E-4 -1.1840941883018006E-5 4.5603764771408415E-4 8.68046434326923E-4 -7.930129801918744E-4 0.001425042279807945 
0.018852242779882455 -6.66859858714496E-4 -2.0954698033285815E-4 8.998306711382821E-4 -6.696249255454021E-4 8.78203157373981E-5 4.5574634879723007E-4 8.661936771426815E-4 -9.068334130145725E-4 0.0014137306358687838 
0.8108604489760088 -1.801750053380357E-4 -7.193329626390315E-4 8.282359490748769E-4 -6.960148076754228E-4 7.654529427599254E-5 4.5903714602988553E-4 7.884072267554744E-4 -8.001125613664731E-4 0.0013848775919631082 
0.05914545382535524 -1.519893698836372E-4 -6.347124051300788E-4 6.873746353119868E-4 -4.4560820118641443E-4 -1.252408328814212E-4 8.091480579970525E-4 7.626453104388739E-4 -8.654566755034509E-4 -0.0012239465663983484 
0.9811205930956044 -1.4665996020631595E-4 -5.735103839772458E-4 8.290045215615316E-4 -4.0617920553157017E-4 8.860103101512057E-5 5.823986896471479E-4 8.653294103124368E-4 -7.798658744062783E-4 0.0017325096255967453 
0.5001062520824395 -1.866079619801779E-4 -6.09946482607445E-4 7.79547038575745E-4 -4.376980181840886E-4 1.1822392847224644E-4 4.594411303981204E-4 6.840896057870767E-4 -9.225086309805616E-4 0.0013675047541507803 
0.3069926945739784 -1.7408455765775748E-4 -7.143089658630617E-4 8.412928102168718E-4 -4.5294417207602085E-4 -1.1004494695947426E-5 4.489297939868366E-4 7.601551287183696E-4 -7.801448247119628E-4 0.001409277576982907 
0.038826601064717026 -1.7366762383255114E-4 -5.801261544686374E-4 8.283277454537051E-4 -4.4502034191789755E-4 -1.1447401830939134E-5 4.6220877165990294E-4 7.623500338043047E-4 -7.93538730530563E-4 0.0014253391320800635 
0.20767968146074106 -1.7225504559240776E-4 -5.704785534819519E-4 8.274535887261607E-4 -6.695245368278161E-4 8.54398354345241E-5 4.5707785403529633E-4 7.983131699743433E-4 -8.020848659985839E-4 0.0013636676470204934 
0.921476831977005 7.019487526205377E-4 -7.225017679535891E-4 8.980178582013159E-4 -4.4855678905402407E-4 1.177893156547302E-4 6.018483981256262E-4 7.611979132363163E-4 -7.965751212026612E-4 0.0013818033781468231 
0.97416986849504 -1.9378631810811498E-4 -5.704852357951114E-4 8.441271788141217E-4 -6.900622269214193E-4 7.617160796108402E-5 4.571489592482915E-4 8.604997613110479E-4 -7.81434263416124E-4 0.0013797183980614116 
0.8753814050245192 -1.5117548658943E-4 -5.44032622954385E-4 8.25789586101815E-4 -6.891138918220328E-4 1.1764412606395786E-4 6.067002694531031E-4 7.62655011763349E-4 -7.935583162911035E-4 0.0013816558181150478 
0.849910855398446 -7.552975758074939E-4 -6.352323548831131E-4 7.842654515457547E-4 -6.835733997194569E-4 9.44850782505991E-5 4.5364724881617855E-4 7.626448189845699E-4 -7.800393717491401E-4 0.0013723620297674496 
0.3229785961770485 -6.640697659009391E-4 -8.84966283874949E-4 8.234506453513185E-4 -4.966979002967045E-4 1.01727149635722E-4 4.7637784466934147E-4 7.652700115502176E-4 -7.817609097623406E-4 0.0013815477392918035 
0.3229785961770485 -6.640697659009391E-4 -8.84966283874949E-4 8.234506453513185E-4 -4.966979002967045E-4 1.01727149635722E-4 4.7637784466934147E-4 7.652700115502176E-4 -7.817609097623406E-4 0.0013815477392918035 
0.2514950400806335 -1.5066425249640863E-4 -7.140300089548475E-4 8.266598579722971E-4 -5.89072950128991E-4 -1.1004494695947426E-5 4.570077202898174E-4 7.601551287183696E-4 -7.801448247119628E-4 0.001683302396747063 
0.4154711335133148 -7.552975758074939E-4 -6.352323548831131E-4 7.842654515457547E-4 -6.832178514903537E-4 -2.545326696803587E-5 3.4176165441983776E-4 7.626448189845699E-4 -7.935950975181198E-4 0.001372309495247968 
0.26976350553168493 -1.6570081893164647E-4 -7.138361673817115E-4 8.818702584930274E-4 -4.549981726877535E-4 1.0417144506716329E-4 4.702157868956986E-4 8.680592919753209E-4 -7.848674161309946E-4 0.0013606259653523992 
0.4154711335133148 -7.552975758074939E-4 -6.352323548831131E-4 7.842654515457547E-4 -6.832178514903537E-4 -2.545326696803587E-5 3.4176165441983776E-4 7.626448189845699E-4 -7.935950975181198E-4 0.001372309495247968 
0.7499801416947912 -7.540859726056785E-4 -6.963738202655018E-4 8.982516224885267E-4 -6.834443910969267E-4 -2.657317664685055E-5 4.558550655557114E-4 7.591959059177175E-4 -9.068334130145725E-4 0.0014138450747722274 
0.03282220495381069 5.97252676208732E-4 -8.993164719206481E-4 8.29778134978104E-4 -6.17342366714552E-4 -6.897911768038332E-5 5.767470378339207E-4 7.651521492889604E-4 -9.111633221743918E-4 0.0013857762136937166 
0.057651893707070356 -1.7366762383255114E-4 -5.801261544686374E-4 8.283277454537051E-4 -4.4502034191789755E-4 -1.1447401830939134E-5 2.88472208623027E-4 7.986890907357719E-4 -7.822139990339022E-4 0.0014253391320800635 
0.5534960912616512 -1.8375601327847146E-4 -5.735103839772458E-4 8.290045215615316E-4 -4.0617920553157017E-4 1.25685239642032E-4 5.817962799006791E-4 7.614730682387193E-4 -7.7979825474583E-4 0.0017325096255967453 
0.8753814050245192 -1.5117548658943E-4 -5.44032622954385E-4 8.25789586101815E-4 -6.891138918220328E-4 1.1764412606395786E-4 6.067002694531031E-4 7.62655011763349E-4 -7.935583162911035E-4 0.0013816558181150478 
0.04277144836649263 -2.2623336939611802E-4 -5.787582211928497E-4 8.266833412384701E-4 -4.4413126625961067E-4 1.2420750742308512E-4 8.140782878715601E-4 7.578283875768037E-4 -8.002396794853008E-4 0.001410362867212904 
0.9484453527702053 -1.5097060495032958E-4 -7.188134706365641E-4 8.252050867212734E-4 -6.685991574000554E-4 1.2455106986230537E-4 4.5704508786895116E-4 8.620289767713277E-4 -8.030582236523971E-4 0.0013696604604698384 
0.06997137431076432 -1.795109361592308E-4 -2.0629495395476028E-4 9.170301580117536E-4 -4.102872875905853E-4 -1.2959065675222274E-4 2.804961357209292E-4 7.546304558402549E-4 -8.000579846370751E-4 0.0013723232574387575 
0.07721802573045458 -6.83313473905104E-4 -6.810168636586767E-4 9.158902289871436E-4 -6.181093288548688E-4 -5.304883968344163E-5 4.608125485978362E-4 7.616453404131083E-4 -9.110306426558299E-4 0.0014017903073043874 
0.10610533794124721 -1.729427796703936E-4 1.7117826920298927E-4 8.281229461586336E-4 -6.876887577421074E-4 -8.805554969261922E-5 5.747411336771893E-4 7.598650423109655E-4 -7.80615460460238E-4 0.0016554967949121843 
0.5475964130013388 -1.7382063844289088E-4 -5.716003137115279E-4 8.25238701890509E-4 -4.345076952024258E-4 -7.305609958281392E-5 6.113520425997997E-4 7.539190663664332E-4 -8.00460224214435E-4 0.0013827778949774307 
0.207193171608535 -1.7225504559240776E-4 -5.704785534819519E-4 8.274535887261607E-4 -6.024710486132888E-4 8.54398354345241E-5 4.598394511561085E-4 7.983131699743433E-4 -8.56425292658592E-4 0.0013636676470204934 
0.24286486457970793 -7.552975758074939E-4 -6.352323548831131E-4 7.842654515457547E-4 -6.835733997194569E-4 1.0307291515469088E-4 3.4176165441983776E-4 7.626448189845699E-4 -7.801208083147523E-4 0.001372309495247968 
0.5113827412897394 -1.743160753695474E-4 -7.009328394837228E-4 8.41380916809268E-4 -4.4344737796016026E-4 1.243570404254755E-4 6.812048602961758E-4 8.002411967840983E-4 -7.528439532649134E-4 0.0013830876652885353 
0.24286486457970793 -7.552975758074939E-4 -6.352323548831131E-4 7.842654515457547E-4 -6.835733997194569E-4 1.0307291515469088E-4 3.4176165441983776E-4 7.626448189845699E-4 -7.801208083147523E-4 0.001372309495247968 
0.7102662327719462 -7.552975758074939E-4 -6.351531934319054E-4 8.966801171486443E-4 -6.01956974847986E-4 -9.400876018202441E-5 4.5353225241113386E-4 8.967973977849605E-4 -7.80040301219847E-4 0.0013670345343505558 
0.049674308535482874 -1.6515934141854644E-4 -7.141100198166485E-4 7.793540022692411E-4 -5.90810253102154E-4 -8.289834442251788E-5 4.489297939868366E-4 7.601551287183696E-4 -7.800266441275386E-4 0.001409277576982907 
0.08953526043265253 -1.729427796703936E-4 -6.505897937338227E-4 8.281561013702482E-4 -6.04696625726457E-4 1.2604694903721879E-4 5.769108769245932E-4 7.600444455533845E-4 -8.00159217946824E-4 0.001655544016546132 
0.849910855398446 -7.552975758074939E-4 -6.352323548831131E-4 7.842654515457547E-4 -6.835733997194569E-4 9.44850782505991E-5 4.5364724881617855E-4 7.626448189845699E-4 -7.800393717491401E-4 0.0013723620297674496 
0.10610533794124721 -1.729427796703936E-4 1.7117826920298927E-4 8.281229461586336E-4 -6.876887577421074E-4 -8.805554969261922E-5 5.747411336771893E-4 7.598650423109655E-4 -7.80615460460238E-4 0.0016554967949121843 
0.744629308088717 6.263134931384533E-4 -6.329359033545007E-4 8.308234265811894E-4 -6.833928539533533E-4 -6.558367672549386E-5 2.982876759975281E-4 -6.188412200206991E-4 -7.966433643635601E-4 0.0013674929488028506 
0.5113827412897394 -1.743160753695474E-4 -7.009328394837228E-4 8.41380916809268E-4 -4.4344737796016026E-4 1.243570404254755E-4 6.812048602961758E-4 8.002411967840983E-4 -7.528439532649134E-4 0.0013830876652885353 
0.6844531182713466 -1.801750053380357E-4 -7.193329626390315E-4 8.264249938987872E-4 -6.960148076754228E-4 1.3951722639129772E-5 2.773843327324103E-4 7.884072267554744E-4 -8.001125613664731E-4 0.0017224060861571987 
0.5655057823796507 -1.8495393349717668E-4 2.0575882168343153E-4 8.808043209215805E-4 -7.770745262318634E-4 1.2242698303588929E-4 4.686616356976568E-4 7.628652046780555E-4 -7.849139534473052E-4 0.0013638608302276466 
0.7315468194755592 -6.781876469060165E-4 -7.00243905474745E-4 7.812044341444823E-4 -5.940675650743189E-4 1.1333564799044719E-4 2.8896310229929636E-4 7.989725660631225E-4 -7.822249799328194E-4 0.0013677956024673843 
0.0835517922704248 -1.729427796703936E-4 -6.576699377597048E-4 8.281561013702482E-4 -5.016912358399273E-4 1.2604694903721879E-4 5.769108769245932E-4 7.653305110468313E-4 -8.00159217946824E-4 0.001655544016546132 
0.6585748023076106 -1.6844926858878754E-4 -6.969608050818571E-4 8.818467396954599E-4 -6.878011774247841E-4 1.0981247189039071E-4 2.7738606037196076E-4 7.88344963584756E-4 -8.002885941625999E-4 0.001460388493952765 
0.6844531182713466 -1.801750053380357E-4 -7.193329626390315E-4 8.264249938987872E-4 -6.960148076754228E-4 1.3951722639129772E-5 2.773843327324103E-4 7.884072267554744E-4 -8.001125613664731E-4 0.0017224060861571987 
0.30277315146670164 -1.7366762383255114E-4 -7.044330912531907E-4 8.271781977719109E-4 -4.7324103702909334E-4 -1.1470789887398941E-5 4.746584052072699E-4 7.85506448627307E-4 -8.050566082248312E-4 0.0014253391320800635 
0.06997137431076432 -1.795109361592308E-4 -2.0629495395476028E-4 9.170301580117536E-4 -4.102872875905853E-4 -1.2959065675222274E-4 2.804961357209292E-4 7.546304558402549E-4 -8.000579846370751E-4 0.0013723232574387575 
0.5983290039377032 6.592954981633039E-4 -6.967236604172707E-4 8.532296475428632E-4 -7.788981386859326E-4 1.417278594377912E-4 4.7996639307923395E-4 7.052635770093482E-4 -7.872251752495396E-4 0.0016993096988078384 
0.352219411586151 -1.7377796626935718E-4 -7.032373084918438E-4 8.309654959690996E-4 -6.85146007540653E-4 -2.872697876144625E-5 6.932695162066794E-4 7.883466120192395E-4 -8.020591919348539E-4 0.0014636194380620688 
0.04749096341813924 -1.9297699221349133E-4 -5.704852357951114E-4 8.453953404591991E-4 -6.900622269214193E-4 7.617160796108402E-5 4.624382237840322E-4 8.604951142437106E-4 -7.81434263416124E-4 0.0013797183980614116 
0.5679345086479707 -1.7370830465132507E-4 -5.725115829600688E-4 7.793020972036775E-4 -4.766781903547927E-4 8.805596791950907E-5 4.733746607993558E-4 7.542218188142634E-4 -8.003929319527788E-4 0.0013696017008294785 
0.5362968741611288 -1.553229615120565E-4 -6.969593608379229E-4 8.818467396954599E-4 -6.818638889314187E-4 9.177972984923258E-5 2.773357585214224E-4 7.883394359107266E-4 -8.00288548572845E-4 0.0014605835346522453 
0.6564850120016603 -1.6844926858878754E-4 -6.969608050818571E-4 8.858509731688134E-4 -5.919345515557954E-4 1.1314330814272826E-4 2.77522182549902E-4 7.88344963584756E-4 -7.825173663736233E-4 0.001460388493952765 
