0.9996326666795893 2.7693139911245024E-4 7.018498469725171E-4 1.663139915644654E-4 -2.82506443124795E-4 -5.54728275126195E-5 3.1152182721647746E-6 0.0011126077476713223 2.09833803852625E-4 -0.001558476456790411 
0.9996326666795893 2.7693139911245024E-4 7.018498469725171E-4 1.663139915644654E-4 -2.82506443124795E-4 -5.54728275126195E-5 3.1152182721647746E-6 0.0011126077476713223 2.09833803852625E-4 -0.001558476456790411 
0.0 2.822299771638692E-4 7.072058421130035E-4 1.141736196549517E-4 -3.11121525700459E-4 6.307036776093914E-5 4.5088124292545385E-5 0.0011121863985888744 2.6006815469829293E-4 -0.0015925023373454964 
0.7802433251912839 2.8678811578102437E-4 7.119328120124077E-4 1.5743893736828348E-4 -4.033007433208404E-4 -1.2432108124272125E-4 -6.0951492188083394E-5 9.793256825942319E-4 2.4467527479094447E-4 -0.0015920620754385612 
0.18560264844168423 2.85174003540411E-4 7.097044847258725E-4 5.996498020522649E-4 -3.013550157591312E-4 0.0014912053937896565 4.602101514894122E-5 0.0011177435798488287 2.29174249139307E-4 -0.0015602142891260704 
0.8900602819500237 5.132048723478108E-4 7.105046813378011E-4 1.405529213993341E-4 -2.78046282050095E-4 0.0014983394547153552 4.607107980592114E-5 0.0011112726618313308 2.0845326085203885E-4 -0.0016128569423924206 
0.7531576545167493 2.8539299513040325E-4 7.104949626531626E-4 1.575130271455664E-4 -3.490875504852171E-4 6.858406019827042E-5 -5.1869816142055895E-5 9.905482230855524E-4 2.1070578755344197E-4 -0.0015785511337738 
0.31294091594804296 2.920325290401881E-4 7.093692503173767E-4 1.5706631716253124E-4 -3.621568897184901E-4 0.001394291104868446 1.1516194694610735E-4 9.720083536029716E-4 2.3078737654730477E-4 -0.0015157406236416772 
0.1678598774237794 7.851549475662717E-4 7.093000157304092E-4 5.953889213345634E-4 -3.605955476740599E-4 0.0014914732504365394 4.667032147234537E-5 9.697815077359689E-4 5.92124126606595E-4 -0.0015136958439687675 
0.24812529139583883 2.916274881688862E-4 7.46370449798151E-4 8.155140031578716E-5 -2.833845136191759E-4 0.001494172273525753 4.94528440185111E-5 9.931716762608229E-4 2.4327971951127524E-4 -0.0015788912347920246 
0.9159253268721568 5.048435995522596E-4 7.103845497036293E-4 2.974233576359098E-4 -5.908090957593651E-4 0.0014868371221927637 7.9190323261937E-5 0.0011113028240739625 2.0973414231335253E-4 -0.0015592263756654405 
0.329586099111322 2.920325290401881E-4 7.093692503173767E-4 1.705735672791196E-4 -3.6252291963859493E-4 0.001394291104868446 1.1744367774590723E-4 9.681181390728096E-4 2.3078737654730477E-4 -0.0015157406236416772 
0.41003279756558303 2.906485093079556E-4 7.041891673642881E-4 3.0309293202293033E-4 -4.0880197429974015E-4 -1.1470469372272176E-4 4.591942584222154E-5 0.0011136105366863626 2.948110415699552E-4 -0.0015968318211388147 
0.7163856609373829 2.8178658657543505E-4 7.032793838734556E-4 1.5746977935505283E-4 -3.654381197485951E-4 0.0016906614128730949 4.645726443394587E-5 0.0011145786695201392 2.579796308274132E-4 -0.001602796696857264 
0.031950581904508196 2.7357377673584393E-4 7.09445476389876E-4 6.070840973215043E-4 -3.493843096966058E-4 0.0014975422083260345 -5.0691053599142085E-5 9.8515409148116E-4 2.221468041184297E-4 -0.0015119831446389971 
0.8698673278359073 2.97008761689388E-4 7.103960928020873E-4 6.472484196500571E-4 -3.0698203135506044E-4 -1.8942831693014711E-4 -5.8939694535862984E-5 0.001110821907231736 2.3029176794556088E-4 -0.0015162992395429276 
0.0028212941261409417 2.8479442479857435E-4 7.07251157846022E-4 1.5294507588274348E-4 -3.08199646333625E-4 6.858406019827042E-5 -5.1869816142055895E-5 9.827467368582882E-4 2.100166582952409E-4 -0.0015791155589405471 
0.4602302601931455 2.9051082876468146E-4 7.037784252017995E-4 3.0309293202293033E-4 -4.0864735181143366E-4 -1.1470280194557097E-4 4.478747616601949E-5 9.92320333726236E-4 2.946628406894526E-4 -0.0015915811214911296 
0.3722484440219566 3.0098462598686024E-4 8.070998386406691E-4 2.0668052588756678E-4 -3.470865670785212E-4 0.001395356751367518 -5.844725559887176E-5 9.875084911967747E-4 2.3506871219344225E-4 -0.0016014369523420734 
0.010478671510710429 2.884635358063707E-4 7.09445476389876E-4 1.6345866603521462E-4 -3.107606176341419E-4 0.0015070765216346751 -5.326409207899739E-5 9.8515409148116E-4 2.225888247030402E-4 -0.0015788551716089964 
0.05611503410846594 2.9814793531373165E-4 7.957485416118656E-4 1.804977188408836E-4 -3.515746874258615E-4 0.0018075193172482295 4.643271372662109E-5 9.910689573571878E-4 2.0977412412747197E-4 -0.0015935883214611656 
0.6156350309643771 2.725784922740544E-4 7.033490257027839E-4 1.4637267734717471E-4 -3.1151179998284716E-4 0.001317229399847499 -4.527246570867184E-5 9.91408118007208E-4 2.0081353226350147E-4 -0.0015163179493248341 
0.08034491941209748 2.883773250122872E-4 7.47463053611181E-4 5.983528800496388E-4 -2.8186461787638287E-4 0.0014956732875959545 -5.654380362522057E-5 9.85048773846156E-4 1.9591294817384027E-4 -0.0015788912347920246 
0.1989817739914621 3.0467477034499613E-4 7.03962970175089E-4 1.7297439441368612E-4 -3.5931415728428467E-4 -1.0299951605027325E-4 -6.387529987469397E-5 9.694533767915122E-4 2.429863989405689E-4 -0.0015584737388833624 
0.22707185931048435 2.924775729058939E-4 7.115546321810608E-4 1.7387305638416598E-4 -3.48222570175403E-4 -1.809026685067573E-4 4.614242593522136E-5 0.0011108485800361127 2.115645640687892E-4 -0.0015809263558488485 
0.7993491057457203 2.823461449203164E-4 7.407088555428178E-4 2.3096191045735056E-4 -3.1020274213630584E-4 0.0014811182714937901 4.505817483053783E-5 0.0011131029348577213 2.610586960456696E-4 -0.0015936793578896426 
0.6311813241528924 2.867733795182292E-4 7.073979008696611E-4 1.57307902978964E-4 -4.033007433208404E-4 -1.2432108124272125E-4 -6.0951492188083394E-5 0.001110705629592729 2.445465621670892E-4 -0.0015920620754385612 
0.3446159299606387 2.8183378740718394E-4 7.139737394003039E-4 1.739368888280263E-4 -3.533314002399889E-4 0.0012889006359686622 3.5239849785376635E-6 9.918799649534975E-4 2.613993359298033E-4 -0.0015921782513125115 
0.29735972972837194 2.920325290401881E-4 7.110585811261514E-4 1.6514417597350136E-4 -3.621568897184901E-4 0.0014982075116677417 1.1242530597415601E-4 9.722982120873948E-4 1.7230098975776139E-4 -0.0015148932489944425 
0.5305261877088958 2.6167500282363884E-4 7.092191133309606E-4 1.6693353708182386E-4 -2.813622885419397E-4 4.0788292754628526E-5 -1.1325969598590982E-5 0.001000644454030763 1.963556628419107E-4 -0.001579793161413195 
0.6867284348401866 4.7777608803185347E-4 7.038674941651353E-4 2.3017120232877566E-4 -3.0979765841898616E-4 0.0014811182714937901 4.6413535483509616E-5 0.0011131029348577213 2.099230177543414E-4 -0.0015936631537377915 
0.08991519111321612 2.819415804265241E-4 7.141293565892048E-4 1.403189465363193E-4 -3.4914058094802125E-4 0.0012899889141389155 -5.2454370671504974E-5 9.919929735070986E-4 2.6058173166162605E-4 -0.001563312653977813 
0.9645477561093839 2.8215819827330735E-4 7.072058421130035E-4 1.5880765547903635E-4 -3.11312664832518E-4 6.307036776093914E-5 -4.731914033281257E-5 9.673802598605065E-4 2.5989306951727597E-4 -0.0015925023373454964 
0.476759112421267 4.709413453643401E-4 7.025963433850419E-4 1.4128822346459144E-4 -3.0988614111279505E-4 0.0014811938130549211 -6.171180066868166E-5 0.0011064243401260846 2.485284541258268E-4 -0.0015930165168261314 
0.6422741879517545 3.0083707646967497E-4 7.070079084708904E-4 2.3106303109431237E-4 -3.1201632458125773E-4 1.560845395177514E-4 5.813377932541955E-6 0.0011802063051698408 2.3195130682212062E-4 -0.001592603739797779 
0.8545012819180418 2.8203576919329237E-4 7.039250609815979E-4 1.6693754122475526E-4 -3.1082159341444657E-4 -1.1931561881952063E-5 -5.8796795677612215E-5 0.001114205841006626 5.934727891250028E-4 -0.001591449976482985 
0.019003891013452012 2.8215819827330735E-4 7.072058421130035E-4 2.946410051844848E-4 -3.11312664832518E-4 6.307036776093914E-5 -4.7631169024477444E-5 0.0011132573547552567 2.6006815469829293E-4 -0.0015925023373454964 
0.15692619531037058 3.022218809092623E-4 7.115649782771956E-4 1.7235974890237208E-4 -2.8249644976304037E-4 0.0014134657476061708 7.914598983189096E-5 0.0010570141190485507 2.251757945504012E-4 -0.0015810432010296982 
0.3903489150803286 3.013934268630981E-4 8.070998386406691E-4 2.2389214211568657E-4 -3.470865670785212E-4 0.001395356751367518 -5.338537146823335E-5 9.85015361905082E-4 2.3506871219344225E-4 -0.0015802757568438807 
0.9797966243382686 2.8678811578102437E-4 7.119328120124077E-4 1.4825929221460088E-4 -4.032523130571455E-4 -1.0897722031158149E-4 -6.0951492188083394E-5 9.793256825942319E-4 2.450022160640806E-4 -0.0015927950429364425 
0.6723991099871527 2.7894894853129393E-4 7.03932627531472E-4 2.9098322229792386E-4 -2.8151084073889013E-4 -4.690078444556634E-6 8.531728954639624E-5 0.0011142074124923368 2.4020117092809508E-4 -0.001600658778680266 
0.5221683557886683 2.820253038056406E-4 7.948639732053536E-4 1.5331549018096424E-4 -3.110990316803823E-4 0.0014863205529746634 -7.281013173749498E-5 9.775357959623504E-4 2.0176321035683524E-4 -0.0015580606355991176 
0.1329864154364857 2.849152947381365E-4 7.901508250710836E-4 6.00225392329655E-4 -3.694487965262286E-4 -1.130606307484637E-4 4.5830647324842736E-5 0.0011829428368775419 1.9291506287989356E-4 -0.001579495833928222 
0.06581346536410207 2.979551356042745E-4 7.930935023913176E-4 1.5698434158900525E-4 -3.696124089646656E-4 0.0018185899726662744 -5.007490370549044E-5 9.873695556652936E-4 1.8502183317020945E-4 -0.0015787532176620173 
0.25780052483408245 2.914525465214739E-4 7.937831968365517E-4 2.9294594597404234E-4 -2.8442154383941397E-4 0.0015292675171742311 5.654213531862886E-5 9.973173053569502E-4 1.9868271159678849E-4 -0.0015788586801448667 
0.7368589452188277 4.7619863930786256E-4 7.141658353035943E-4 1.6424821260147208E-4 -3.0775156846624515E-4 0.0013825615140753045 -6.035776171198983E-5 9.723797038275029E-4 2.2756074448146164E-4 -0.0015585753533185168 
0.4013161832736385 2.8677031692504696E-4 8.070998386406691E-4 2.0448614752914367E-4 -4.04344400039767E-4 0.0012853501632862775 6.370574385544415E-6 9.85015361905082E-4 2.3220708200887057E-4 -0.001592652144219359 
0.4475271457473522 2.7168269489132317E-4 7.119104050710785E-4 1.7482227438539726E-4 -3.0696946259637975E-4 -1.8942831693014711E-4 -7.874839802789818E-5 9.791377486319767E-4 2.3156235376855564E-4 -0.0015186130916316242 
0.03786058582374413 2.9173000516487994E-4 7.0372393857937E-4 5.8535465063873E-4 -4.0356797911398316E-4 0.0014812875797127552 7.998133082469925E-5 9.91966965027675E-4 2.098979729210094E-4 -0.0015583268780361937 
0.8236462837184166 2.8203576919329237E-4 7.039250609815979E-4 1.6693754122475526E-4 -3.1082159341444657E-4 -1.1931561881952063E-5 -5.8796795677612215E-5 0.001114205841006626 5.934727891250028E-4 -0.001591449976482985 
0.05024913756399463 2.82403626329599E-4 7.132149518383969E-4 1.1282703934857087E-4 -3.968669797512185E-4 0.0015183052498269113 -5.096038725270836E-5 9.805089710685007E-4 2.3156079683122832E-4 -0.0015786292792047023 
0.5727712752910796 2.8269366182488964E-4 7.121596220491383E-4 1.5421191580185673E-4 -3.0567341818513475E-4 -1.102177716398278E-4 5.248626757201788E-5 9.719605964888292E-4 2.3094947616550754E-4 -0.0015612342180857095 
0.023854864099516704 2.9803253299983155E-4 7.040196665006475E-4 5.987715685905062E-4 -3.5055100205438883E-4 0.001490458590913546 4.733422976352532E-5 9.820907145426175E-4 2.4219338953345652E-4 -0.001605255789271428 
0.07256108739776734 2.970518361005832E-4 7.388811030443226E-4 1.668805141933909E-4 -3.4840075442125004E-4 -3.0332394645941787E-5 4.6469420391050454E-5 0.0011126077476713223 2.1738608188910717E-4 -0.0015588612410206164 
0.564281311778547 2.8492497977625615E-4 7.096780338043269E-4 5.996498020522649E-4 -3.013550157591312E-4 0.0014912053937896565 4.7056947114798025E-5 9.900125827693328E-4 2.2954871482191611E-4 -0.0015589606879051851 
0.5085781842141713 3.0295075048893745E-4 7.110547791051042E-4 1.7379072991375883E-4 -3.4969777501933863E-4 0.0015172410014939674 5.896187652690803E-6 0.0010035871285758626 2.3012556358604496E-4 -0.001592554854033451 
0.929270890336358 2.8183378740718394E-4 7.151029937878193E-4 3.127506655042417E-4 -4.055334570445002E-4 0.001317229399847499 4.63846926089401E-6 9.919049876035782E-4 2.0097313712862482E-4 -0.001591667210546474 
6.240598156701249E-4 2.829815226679901E-4 7.076461329856538E-4 1.6628381552517818E-4 -3.1092226090568707E-4 -1.128831943498319E-5 -2.0245107169600044E-6 0.001113187277846783 2.1712988800342512E-4 -0.001579793161413195 
0.006278353773442824 5.013912936652987E-4 7.120301741225514E-4 1.6193425065684267E-4 -3.031704717608737E-4 0.0014862294461366577 -5.88519300502265E-5 9.662988122856487E-4 2.251757945504012E-4 -0.001580968597741402 
0.8092919542658434 2.853998117286974E-4 7.026147229528071E-4 2.0282669599844507E-4 -3.505941003695435E-4 0.0014976287385219846 -5.0267005515700715E-5 9.885630355463066E-4 2.078170379077432E-4 -0.0015792242072572727 
0.38016713827953463 2.7084923213433924E-4 7.07353308903243E-4 2.7304350029656236E-4 -3.0979765841898616E-4 0.0015898828792515743 4.753564811787588E-5 0.0011115771633203894 2.09830137909983E-4 -0.0015936631537377915 
0.8434456097428848 2.9814793531373165E-4 7.957485416118656E-4 1.5800373846827653E-4 -3.495639543109133E-4 0.0018125821928736618 4.643271372662109E-5 9.910689573571878E-4 2.1018721222690678E-4 -0.0015935883214611656 
0.09974778028326703 7.88847765026791E-4 7.091507478146155E-4 5.953889213345634E-4 -3.104637130973676E-4 -7.610435256626157E-5 -6.943090109070004E-6 9.875428618831565E-4 5.920374557493563E-4 -0.0015139844163031479 
0.5085781842141713 3.0295075048893745E-4 7.110547791051042E-4 1.7379072991375883E-4 -3.4969777501933863E-4 0.0015172410014939674 5.896187652690803E-6 0.0010035871285758626 2.3012556358604496E-4 -0.001592554854033451 
0.28955661264115595 2.9202172078811203E-4 7.018498469725171E-4 1.663139915644654E-4 -2.8273663964636247E-4 -5.54728275126195E-5 -8.924620462019075E-6 9.723841754888431E-4 1.7316920853547652E-4 -0.0015149796752566233 
0.48409472643995044 2.8671679024084315E-4 7.036764690181007E-4 1.8073625559202888E-4 -3.098826226926175E-4 0.0014813460290973495 6.331328760273931E-5 0.0010905533101027043 2.4528492029645993E-4 -0.0015533986563555635 
0.93762197090166 5.132048723478108E-4 7.105046813378011E-4 1.405529213993341E-4 -2.78046282050095E-4 0.0014983394547153552 4.607107980592114E-5 0.0011112726618313308 2.0845326085203885E-4 -0.0016128569423924206 
0.9901833293026185 2.8669246945779356E-4 7.119328120124077E-4 1.4825929221460088E-4 -4.032523130571455E-4 -1.0897722031158149E-4 -6.0951492188083394E-5 9.74522408808486E-4 2.450022160640806E-4 -0.0015927950429364425 
0.14090224604432744 2.834054791852322E-4 7.095280170140647E-4 1.5698434158900525E-4 -3.6989514359799333E-4 0.0014968040222737683 -4.953567333158502E-5 9.872982448765667E-4 2.3182532675738654E-4 -0.00157895911378323 
0.04509536686217941 2.9173000516487994E-4 7.970355934714589E-4 5.8535465063873E-4 -4.0356797911398316E-4 0.0014873848013076075 7.998133082469925E-5 9.91966965027675E-4 2.097115930515272E-4 -0.0015583268780361937 
0.5890521416428072 2.916274881688862E-4 7.46370449798151E-4 5.992125573643116E-4 -2.833845136191759E-4 0.001791031210358906 4.94528440185111E-5 9.870402750731479E-4 2.4327971951127524E-4 -0.0015788912347920246 
0.005360431015394615 2.765188194616567E-4 7.388811030443226E-4 1.6718063847616618E-4 -3.031804651226284E-4 1.757624244349133E-5 -5.6147240820069117E-5 0.0011126077476713223 5.755548634903939E-4 -0.0015585799084915706 
0.10906914550743455 2.822735810572995E-4 7.09445476389876E-4 1.5814759319484194E-4 -3.5056464137752947E-4 -5.0513205928830055E-5 -5.0691053599142085E-5 9.768565292683862E-4 2.3725172818165292E-4 -0.0015145811218326426 
0.1145162614869824 2.8345347077046577E-4 7.09419861425511E-4 1.575130271455664E-4 -3.49579708490317E-4 6.858406019827042E-5 -5.1869816142055895E-5 9.905482230855524E-4 2.1050773614811455E-4 -0.001578036348533615 
0.5529792874481767 2.8183378740718394E-4 7.989467913394261E-4 5.821070952950245E-4 -4.047879785370693E-4 0.001442285333257207 6.727395026609649E-5 9.920246529573995E-4 2.0081353226350147E-4 -0.0015507221558983854 
0.43256617303145156 2.721335905376449E-4 7.033130279598851E-4 1.7482227438539726E-4 -3.0689079399971183E-4 -1.8942831693014711E-4 -7.959377724336764E-5 0.001110821907231736 2.3029176794556088E-4 -0.0015162992395429276 
0.35271182399693013 2.796377112429922E-4 7.403689570759349E-4 6.005876226009072E-4 -3.109550797363541E-4 8.799119421425302E-5 -5.2802702261451296E-5 9.83585352579208E-4 2.6006334566134557E-4 -0.001579503133798205 
0.1244960464309372 2.834054791852322E-4 7.88129981855316E-4 1.5698434158900525E-4 -2.830794966056978E-4 -4.425689392452284E-5 -4.953567333158502E-5 9.922355776690339E-4 2.3182532675738654E-4 -0.0016014851164466073 
0.2175062508969705 2.7694616972764185E-4 7.388811030443226E-4 1.668805141933909E-4 -2.82506443124795E-4 -5.518745608699548E-5 8.539537180763243E-5 0.0011126077476713223 5.755548634903939E-4 -0.0015586532338625802 
0.739102172273537 2.669817770807741E-4 7.141658353035943E-4 1.642369269802859E-4 -3.078505221356594E-4 0.001396093104200147 1.3339730018120785E-6 9.731448159866608E-4 2.301161163982233E-4 -0.0015580342221851197 
0.6627456479001383 2.7692491718055574E-4 7.07253424213735E-4 1.663139915644654E-4 -2.829171317152923E-4 0.0015037711607948623 -6.405973671374642E-5 9.815789169471101E-4 2.09833803852625E-4 -0.0015928348540653681 
0.4408753592854896 7.851549475662717E-4 7.092394177882947E-4 5.942329488734021E-4 -3.608017922486515E-4 0.0013949990399295547 4.667032147234537E-5 9.690348174502193E-4 5.930234167197392E-4 -0.0016035008844009191 
0.43256617303145156 2.721335905376449E-4 7.033130279598851E-4 1.7482227438539726E-4 -3.0689079399971183E-4 -1.8942831693014711E-4 -7.959377724336764E-5 0.001110821907231736 2.3029176794556088E-4 -0.0015162992395429276 
0.14090224604432744 2.834054791852322E-4 7.095280170140647E-4 1.5698434158900525E-4 -3.6989514359799333E-4 0.0014968040222737683 -4.953567333158502E-5 9.872982448765667E-4 2.3182532675738654E-4 -0.00157895911378323 
5.125535570709716E-4 2.833891911909159E-4 7.88129981855316E-4 3.022686776265677E-4 -2.84167310689284E-4 -4.425689392452284E-5 -4.953567333158502E-5 9.922355776690339E-4 2.3182532675738654E-4 -0.0016014851164466073 
0.01459512285877207 2.864669918374442E-4 7.117818172905148E-4 2.8409264192004935E-4 -4.019655655458208E-4 -1.0897722031158149E-4 -6.0298269378429845E-5 0.001123622737341671 2.305572315803111E-4 -0.0015927950429364425 
0.5853736824381132 2.8492497977625615E-4 7.937724510075647E-4 5.996498020522649E-4 -3.013649910196949E-4 0.0014912053937896565 4.733560372490085E-5 9.900125827693328E-4 2.291424369257759E-4 -0.0015589606879051851 
0.04169407163403277 2.884735160647517E-4 7.47463053611181E-4 5.906316567870506E-4 -2.81865302344737E-4 0.001313206666837386 -5.654380362522057E-5 0.0011020344562046997 1.9591294817384027E-4 -0.0015793440580364388 
0.48409472643995044 2.8671679024084315E-4 7.036764690181007E-4 1.8073625559202888E-4 -3.098826226926175E-4 0.0014813460290973495 6.331328760273931E-5 0.0010905533101027043 2.4528492029645993E-4 -0.0015533986563555635 
0.9528693223342982 2.864669918374442E-4 7.117818172905148E-4 1.4825929221460088E-4 -4.019655655458208E-4 -1.0897722031158149E-4 -5.998624068676497E-5 9.777456424469207E-4 2.3038214639929417E-4 -0.0015927950429364425 
0.1215377733762767 2.834057458411028E-4 7.097044847258725E-4 5.996498020522649E-4 -3.0143528822056104E-4 -8.58097087540129E-5 -4.9477810607296E-5 9.922830179626312E-4 2.29174249139307E-4 -0.0015581024814012372 
0.9490490507621221 2.9531576320927626E-4 7.040196665006475E-4 2.930979852717878E-4 -3.5055100205438883E-4 0.001490296437173769 4.733422976352532E-5 9.813399247517902E-4 2.43305946344172E-4 -0.001605255789271428 
0.28171555609469595 2.821856983616585E-4 7.074327382991552E-4 1.778020216748321E-4 -3.1283720619053616E-4 0.0014959435627373353 6.46762343677185E-5 0.0011116706785301931 2.407868642777863E-4 -0.0015577470391968868 
0.6990077333842657 2.823575387104602E-4 7.038674941651353E-4 2.3017120232877566E-4 -3.0979765841898616E-4 0.0014811182714937901 4.6413535483509616E-5 0.0011131029348577213 2.098995755619335E-4 -0.0015936631537377915 
0.014111039121889435 3.01097215019E-4 7.120301741225514E-4 1.7265987318514732E-4 -3.031704717608737E-4 0.0014862294461366577 -6.239662279581059E-5 0.0010570141190485507 2.251757945504012E-4 -0.001580968597741402 
0.15754613530478406 3.0103413277266324E-4 7.945932328766267E-4 2.860125854820788E-4 -4.0238677358996543E-4 4.134881658282238E-5 4.5682045889051017E-5 0.001181851573407688 2.403404132285889E-4 -0.0016015949313176359 
0.26669600017688194 2.821876309343136E-4 7.074327382991552E-4 1.777486670318186E-4 -3.128851853781521E-4 0.0014959435627373353 6.46544165250842E-5 0.0011116706785301931 2.407868642777863E-4 -0.0015576016980108495 
0.6022857114395239 5.048435995522596E-4 7.102336877410437E-4 1.3104536947884286E-4 -5.908090957593651E-4 0.0014868371221927637 7.807583897958065E-5 0.0011114224894277836 2.0957453744822917E-4 -0.001559777153839138 
0.35271182399693013 2.796377112429922E-4 7.403689570759349E-4 6.005876226009072E-4 -3.109550797363541E-4 8.799119421425302E-5 -5.2802702261451296E-5 9.83585352579208E-4 2.6006334566134557E-4 -0.001579503133798205 
0.26669600017688194 2.821876309343136E-4 7.074327382991552E-4 1.777486670318186E-4 -3.128851853781521E-4 0.0014959435627373353 6.46544165250842E-5 0.0011116706785301931 2.407868642777863E-4 -0.0015576016980108495 
