0.0 -6.56428237969671E-4 0.001753064741140349 -3.489728652287658E-5 -8.911629943155018E-4 -1.334922987829352E-4 -0.001651052965740633 -0.0026033082234001945 9.781192681191687E-4 -0.0016222345551660231 
0.0 -6.56428237969671E-4 0.001753064741140349 -3.489728652287658E-5 -8.911629943155018E-4 -1.334922987829352E-4 -0.001651052965740633 -0.0026033082234001945 9.781192681191687E-4 -0.0016222345551660231 
0.9997399422547933 -7.274933222473129E-4 0.0017802100909064368 -3.480913431396819E-5 -7.190051002317246E-4 1.2360068870002768E-5 -0.0016909347079371447 -0.0030002677282283206 0.0010133749622117064 -0.0016283881457217946 
3.4096096560803923E-4 -6.666734852946554E-4 0.00175381028482216 -3.638588291841729E-5 -7.273856758277948E-4 7.248550892178157E-6 -0.0016394801555553555 -0.002629576621252381 9.831059668820932E-4 -0.0016454361303812985 
0.3476630318511341 -8.103827132629668E-4 0.0018068979630070632 -3.760572920038616E-5 -8.414568545598167E-4 -3.950380454638724E-6 -0.002123551933009003 -0.002583189087601665 9.776373196141684E-4 -0.001656261404253993 
0.06466062639382042 -6.06963086378634E-4 0.002379254713244258 -2.3091593950337207E-4 -7.022166636015604E-4 -1.5866105247825703E-4 -0.0022263015088180784 -0.00309534111708025 0.001000353351209155 -0.0016465603981293177 
0.8196980184659134 -6.041279367985111E-4 0.0024004591927737793 -4.9890857240295186E-5 -7.022166636015604E-4 -1.5866105247825703E-4 -0.0021237910267077192 -0.0030971807579113476 0.001002203563271859 -0.0016465603981293177 
0.145324998313963 -4.895619672847216E-4 0.001759138886256827 -3.961791119063201E-5 -0.0011789633645162894 -1.3966585266342834E-5 -0.0021233842943900734 -0.002972492935118792 9.182018793076224E-4 -0.0016167517452244716 
0.9055600793169706 -4.460375408638284E-4 0.002427973123318482 1.897144806411087E-5 -6.784990312085348E-4 4.976507398743325E-5 -0.002134631374604617 5.202358601447501E-5 0.0010008882441419518 -0.001644944358949883 
0.0038614747636719765 -4.2578087497934804E-4 1.537418406483452E-4 -2.2850207324829328E-4 -8.8234618451729E-4 -1.360775150992939E-4 -0.001661523046751207 -0.0026029612849555305 9.500704030364217E-4 -0.0016451809010196085 
0.18178309983042457 -7.471807864288799E-4 0.0017668661163342202 -4.296160912097222E-5 -8.090048876104018E-4 -2.9608693310239275E-6 -0.0016701380684346564 -0.0031036039522391937 9.84461783284247E-4 -0.0016595308062804929 
0.9788544185778413 -7.291137731264208E-4 0.0017711459125169205 -3.349086812523878E-5 -8.728897059750281E-4 1.5531538844088524E-5 -0.0016919214760533208 -0.0030002648156809194 9.19738972867473E-4 -0.0016190342601171814 
0.48640385362948657 -4.5944473697378586E-4 0.0016927650955947835 2.2773880005144398E-5 -8.126592609883519E-4 -1.313146240609344E-4 -0.001684164102259196 -0.002627540320396813 9.845775761771706E-4 -0.001618616678884137 
0.568188956130345 -6.054262859185446E-4 0.001769940865567238 -4.0494764178968926E-5 -8.188370145212625E-4 -9.857181535607385E-6 -0.0016627920870103006 -0.002623138591086126 9.802314708709198E-4 -0.0016348440534377966 
0.37905356956974645 -7.274933222473129E-4 0.0017797565921790935 -3.480913431396819E-5 -7.190051002317246E-4 1.2360068870002768E-5 -0.0016909347079371447 -0.0030002677282283206 0.0010133583347414286 -0.001656248439523825 
0.7099028553985255 -4.460375408638284E-4 0.0017658385225009876 1.897144806411087E-5 -6.784990312085348E-4 4.976507398743325E-5 -0.002134631374604617 5.202358601447501E-5 0.0010008882441419518 -0.0016461772524816493 
0.053826210945793984 -6.161706637289056E-4 0.0017754406725401365 -4.797968994689154E-5 -8.276490167918638E-4 -9.608021405606586E-6 -0.0016712970342644302 -0.003146604450159627 0.0010086464920772411 -0.0016181440687523213 
0.6577749500144245 -8.006947094154692E-4 0.001754680652335006 -2.3223028011912526E-4 -7.176750370387652E-4 2.1347026287976262E-5 -0.0016980894919023958 -1.0206449527760952E-5 0.001002115259891856 -0.001656738142310675 
0.2957340380317732 -7.762405815726343E-4 0.0017128993526759867 -3.02091179324382E-5 -8.244656346190524E-4 2.1675412943539367E-5 -0.002172081325169075 -0.002993141617430889 9.652846858280443E-4 -0.0016408092582601492 
0.28140906131698207 -3.691994992360331E-4 0.0016858889699441085 -3.2863725680051125E-5 -7.094444133429384E-4 1.9937441143122773E-5 -0.0016919389673341876 -0.0030901694953401307 9.978899843416753E-4 -0.001619714383887796 
0.08838793692067054 -6.564426720422064E-4 0.0024313874597305138 -3.740763588876417E-5 -6.726858241761922E-4 2.0217535174487598E-5 -0.002121316241719409 -0.0030000439124762864 0.0010010587321567302 -0.0016238812044860767 
0.04226520677107423 0.001324036258646995 0.0017118824168112247 -5.362220514684845E-5 -8.522044218226189E-4 -1.3588297465493284E-4 -0.002212837179652403 -0.003000097081164926 9.839884653161158E-4 -0.0016179906701282826 
0.07616688187643672 -4.4416496836256617E-4 0.0019970393204555834 -4.0572295497986354E-5 -7.985249616561189E-4 2.6456009622827497E-5 -0.0022169308257094186 -0.00299347712550448 9.608888785158315E-4 -0.0016358384921948412 
0.837666920931563 -6.100128103776534E-4 0.0017621066972440683 8.839243706514653E-6 -8.221187256455742E-4 -2.380248081770168E-5 -0.0016855706752548617 -0.002623903222846164 0.001001234837550066 -0.0016356261258067847 
0.4430693862048123 -4.596136701001543E-4 0.0016953654614995457 2.5003306124995014E-5 -8.845809436643728E-4 3.571317898760767E-5 -0.0022339295566287656 -0.002998946203943485 9.995539693116466E-4 -0.0016503581305690664 
0.19602314871819765 -6.649298311842734E-4 0.0018730451320629635 -2.87662238860805E-5 -8.379001642168843E-4 1.9341460132476354E-5 -0.0021862199834680103 -0.0026413868314676694 0.0010017196394694094 -0.0016441776698922776 
0.5894938215826346 -6.504195467889652E-4 0.0017438818067091492 -3.2799326843515085E-5 -8.765849719834508E-4 1.913051995613461E-5 -0.0017622457265357226 -0.0026380547324515494 9.988521812188528E-4 -0.0016440157828159518 
0.30660892005450247 -5.906517436831906E-4 0.001776254023266425 -3.755220629056299E-5 -8.276490167918638E-4 -1.3381217662600242E-4 -0.0016564100735973666 -0.0026223790087055677 0.0010018943531312037 -0.0016596650526774447 
0.1712991181854237 -5.203830027496022E-4 0.0017649974236461738 -3.4589324684840934E-5 -8.781292602980357E-4 -1.4076799959043538E-5 -0.0016356125872061956 -0.0031371395407250075 9.085589590344598E-4 -0.0016549274722670521 
0.23939160045489913 -3.8565350708754607E-4 0.0022161915425845985 -3.450311509383309E-5 -8.073011589053204E-4 -1.3971131713176897E-4 -0.0016917460778180478 -0.002632176285733005 9.979123380847758E-4 -0.0016249882456837047 
0.03336242498674297 -5.069104197904648E-4 0.0018999981943586806 -2.1900145694629368E-4 -7.161207087093641E-4 2.7074742490687062E-5 -0.0021226179209139907 -0.002630215666195294 9.608888785158315E-4 -0.001645500540329682 
0.21215294958621747 -4.890181212338239E-4 0.001803384312767497 -3.522362546855585E-5 -0.00137534593135765 -1.4139712779102637E-5 -0.002123375464495068 -0.0029905849862065345 9.162492422456009E-4 -0.001643594845049035 
0.12357554002372599 -5.906517436831906E-4 0.0017762572112982181 -3.7195081012446946E-5 -8.273130974877907E-4 2.0638438827913814E-5 -0.001635724672616087 -0.0031350474609681926 9.928829633623233E-4 -0.0016596705098771052 
0.8489620662322078 -6.133638703119988E-4 0.001804918345750015 -2.2050503406344756E-4 -7.022166636015604E-4 -1.3480087667554569E-4 -0.0021117574403319655 -0.002628245300974921 0.0010020349492706401 -0.0016503363399554053 
0.8915306737447134 -6.666686521226065E-4 0.001713948233287588 -3.754876129038993E-5 -8.276490167918638E-4 -1.3268071854438787E-4 -0.001688199194495965 -0.002626594446616301 9.844708980318953E-4 -0.0016176737633361456 
0.00893914969668913 -4.104151253741302E-4 0.002427973123318482 -2.8754902913011434E-5 -6.784990312085348E-4 6.456494935305417E-6 -0.002131319819757663 7.141515206002952E-5 0.0010008882441419518 -0.001644944358949883 
0.04832222534035817 -6.564426720422064E-4 0.0024313874597305138 -3.740763588876417E-5 -7.124964541987522E-4 2.0217535174487598E-5 -0.002121316241719409 -0.0030000402078848385 0.0010008192246114824 -0.001623879922174111 
0.1604834397472937 -4.2418486302681286E-4 1.6547708057005803E-4 -2.253130364952551E-4 -7.497069734905432E-4 -1.3648216943342798E-4 -0.002124779056544581 -0.0026133618508290836 9.512370512098065E-4 -0.0016189276070826466 
0.410812895239933 -3.2341288962364214E-4 0.001739343556042393 -3.965942369275773E-5 -0.0011795886096430776 -7.855443304688827E-6 -0.0021211642390571482 -0.0030000401888425864 9.639778687158309E-4 -0.0016179181545315422 
0.2702295709408744 -4.4413314778794853E-4 0.0017535791425360439 -2.2126022290567136E-4 -8.568413769759007E-4 2.0091108237485558E-5 -0.002113004909753074 -0.0029895574312300815 9.60737723983794E-4 -0.0016566184500716864 
0.7324090009230793 -4.452314542606759E-4 0.0017756240772894283 2.3263227588906275E-5 -8.844643653583187E-4 -1.232748352280863E-5 -0.0022339295566287656 -0.003021714644416983 0.0010030888479290753 -0.001619589785917904 
0.1076077478706407 -8.046203074359962E-4 1.8296937924231708E-4 6.71774488239956E-6 -7.111628491906142E-4 4.0779734760997756E-5 -0.0021177882552829335 2.756809887435722E-5 0.0010078273506387615 -0.001636042851683516 
0.6484939460950943 -6.548938915860369E-4 0.0017416168229505602 -2.8398236894957557E-5 -6.855901080721331E-4 4.119200682514499E-5 -0.002119906551804896 -0.0030189798713318497 9.16000963313904E-4 -0.0016548186464844922 
0.09851978327613015 -7.439008757357633E-4 0.0018678153833880911 -4.73651720679069E-5 -7.144839074233271E-4 -5.783799000845767E-6 -0.002155984680064011 -0.002622414464902174 9.836318893318265E-4 -0.0016571807103973226 
0.7591577421260641 -4.7014402356396374E-4 0.0017647339624719985 -3.135065178930421E-5 -8.209718109165986E-4 2.867276385676282E-5 -0.0016531110921427518 -0.00259122204634545 9.654118019087402E-4 -0.0016570509522273846 
0.6231945968659317 -6.654795794475134E-4 0.0018550199840197763 1.1291401556855898E-5 -8.27334297050371E-4 -2.4439868520805474E-5 -0.0016877037156838779 -0.002629416273134218 9.835940546964728E-4 -0.0016357605619242521 
0.7499361679746301 -4.2310791241971946E-4 0.0021211259547673864 -2.2850207324829328E-4 -8.8234618451729E-4 -1.35745012924204E-4 -0.0016625694287652898 -0.0026029612849555305 9.500704030364217E-4 -0.001644911991600242 
0.22261038621094845 -5.23504022843855E-4 0.0017459305140664827 -2.797164310714902E-5 -8.827113439205672E-4 1.981963495904949E-6 -0.0017505931977799783 -0.002615520675506421 9.518569242185012E-4 -0.0016440124983666438 
0.35869621733796697 -4.987032050376277E-4 -0.001438756896224622 1.1051475613396323E-5 -7.136366486554791E-4 -7.4788285718200895E-6 -0.0016248023438152758 -0.0030001370388373443 0.0010014755087076658 -0.0016356849520522427 
0.3669453610167314 -6.035870417147454E-4 -0.0014115928971872884 -3.785619341272631E-5 -8.590778586415708E-4 -1.566387821451181E-4 -0.0021213635398535167 -0.002601857275599093 0.0010027523132437068 -0.0016465603981293177 
0.2518686724370647 -5.778768000322279E-4 0.001777583457859814 -4.7140130561245855E-5 -8.89573147925379E-4 -6.156725718887738E-6 -0.0016660227927480131 -0.0031117286997825342 9.836442283385949E-4 -0.00165756766728838 
0.25883415561314466 -8.033412595620657E-4 -0.001425642586164677 -2.8649920003674537E-5 -8.27564390082764E-4 -2.430149524691194E-5 -0.001697561157733629 6.342837077359664E-5 9.128914152469482E-4 -0.0016357620570699727 
0.5485374955267195 -4.233893500327011E-4 0.0018506208552759398 -2.1999827217110353E-4 -8.191743505800808E-4 -1.363388538841085E-4 -0.001661523046751207 -0.0026029612849555305 9.500704030364217E-4 -0.0016451809010196085 
0.5804639773989917 -4.412402573005886E-4 0.0017434258011016378 -5.392574868085088E-5 -8.777883094812805E-4 -9.004204496147144E-6 -0.0017622457265357226 -0.003111034152449452 9.633027925939763E-4 -0.0016568108173003833 
0.022641706273619888 -6.062700900375325E-4 2.385587753774706E-4 -3.127491417904773E-5 -8.2145773923157E-4 2.0368793184026508E-5 -0.0017148389619559036 -0.00259122204634545 9.854541764156362E-4 -0.001657319661867779 
0.69769239347648 -4.5944473697378586E-4 0.0016956335926705279 -2.846008024148505E-5 -8.129945702615217E-4 3.8735077710650165E-5 -0.0022355123398094946 -0.002594830487945067 9.99537980575888E-4 -0.0016508844904900262 
0.395916355453086 -3.2459662102078354E-4 0.0017604179781089283 -2.8398236894957557E-5 -6.799812459227615E-4 5.165295531009767E-5 -0.0021094538815727495 -0.0030189798713318497 0.0010027200934047181 -0.0016548186464844922 
0.4982339471205536 -6.56428237969671E-4 0.0017531406007974988 -3.51790590203182E-5 -8.780079917912625E-4 -1.313355585209702E-4 -0.0016836485434957096 -0.0026033082234001945 9.120552768376155E-4 -0.0016222345551660231 
0.20249382417976014 -6.76857447130568E-4 0.0017535791425360439 -2.2329828554414532E-4 -6.863166072906462E-4 2.099110417103218E-5 -0.002123200728775905 -0.0029914111098290385 9.60737723983794E-4 -0.0016552956049304855 
0.08001093764886151 -4.462933547938667E-4 0.001783920566703629 -2.2475813224173216E-4 -8.802625178123345E-4 -1.3393703533378592E-5 -0.0021129648426082576 -0.0025993314000974693 9.781301897679754E-4 -0.0016518603931188936 
0.11653906990392982 -4.7014402356396374E-4 0.0017644866750256521 -3.136808439465128E-5 -8.20908369742357E-4 2.8666674808843068E-5 -0.0016531110921427518 -0.00259122204634545 9.666889103886286E-4 -0.0016570420520042929 
0.7897168791893276 -4.251420313733368E-4 0.0017647339624719985 -2.304554899518004E-4 -8.209718109165986E-4 2.867276385676282E-5 -0.0016531110921427518 -0.002591193689990502 9.654118019087402E-4 -0.0016570509522273846 
0.6780923164273515 -4.7014402356396374E-4 0.0017647339624719985 -3.135065178930421E-5 -8.209718109165986E-4 2.8666674808843068E-5 -0.0016531110921427518 -0.00259122204634545 9.654118019087402E-4 -0.0016570420520042929 
0.31778917813041396 -3.1875364081674035E-4 0.00175961703669039 -3.289660468509743E-5 -7.834047877592598E-4 1.915706077534895E-5 -0.0016247810432155393 -0.0029931654014420323 0.0010014332419986571 -0.0016365728630206423 
0.13420894448447007 -5.88907013348313E-4 0.0018568867604532517 -2.8365944006074255E-5 -8.243861501133599E-4 1.9981901276692296E-5 -0.0016460795572247606 -0.00310563465368771 9.835361094527738E-4 -0.0016571462521381515 
0.4265211300635171 -5.075013591817496E-4 0.0017767139183119782 -3.6118151907024064E-5 -7.97417965058801E-4 -1.4076799959043538E-5 -0.0016617756674674865 -0.00299353748802755 9.992921678367507E-4 -0.001629324467706663 
0.960993595350277 -4.5047208708190917E-4 0.0017749925353075006 -2.797073265772317E-5 -8.801575876441304E-4 3.4877118935041894E-5 -0.0022339295566287656 -0.00299909725976506 0.0010030888479290753 -0.001651857597523793 
0.7743131927938417 -4.5944473697378586E-4 0.0016962886404780547 2.2773880005144398E-5 -8.129926976896005E-4 -9.305584799766134E-6 -0.0022355123398094946 -0.002617460562034048 9.99537980575888E-4 -0.001618616678884137 
0.5396286152000037 -4.452314542606759E-4 0.0017749690294819015 -2.797073265772317E-5 -8.844662379302401E-4 3.571317898760767E-5 -0.0022339295566287656 -0.002999084570328002 0.0010030888479290753 -0.001651857597523793 
0.10229684769789466 -6.564426720422064E-4 0.0017578496779577185 -3.3455387896472854E-5 -8.507042903207751E-4 2.0209263211007734E-5 -0.002121316241719409 -0.003000046747893299 9.606127569935549E-4 -0.0016191387168805129 
0.6371637119704026 -8.006947094154692E-4 0.001754680652335006 -2.0841947857869138E-4 -7.157403942084526E-4 2.1347026287976262E-5 -0.0021498631457863037 -0.0029693511951078143 0.001002455382282273 -0.0016565135575922242 
0.7999474926299859 -5.126932726009811E-4 0.001720706453109162 -4.834390607947209E-5 -7.027701783112271E-4 -1.3185105136126848E-4 -0.00165070815424703 -0.0031032076743033707 9.781205466139209E-4 -0.001621883867872715 
0.32353923346996566 -3.1875364081674035E-4 0.00175961703669039 -2.8276742670823695E-5 -7.834047877592598E-4 -8.964684523638303E-6 -0.0016247810432155393 -0.002990299122968874 0.0010014332419986571 -0.0016366049890825668 
0.7351910607310194 -4.1956827567813445E-4 1.7800944651489203E-4 -3.854624695711462E-5 -7.503813516331938E-4 3.5979617736945258E-6 -0.002123294132429052 -0.0026217589256212143 8.695473046332981E-4 -0.0016294760957698017 
0.6780923164273515 -4.7014402356396374E-4 0.0017647339624719985 -3.135065178930421E-5 -8.209718109165986E-4 2.8666674808843068E-5 -0.0016531110921427518 -0.00259122204634545 9.654118019087402E-4 -0.0016570420520042929 
0.4275224858374435 -6.79995678297195E-4 0.001752320472082028 -3.760572920038616E-5 -8.414568545598167E-4 -3.950380454638724E-6 -0.002123189781631012 -0.002587188876426817 9.60979455586735E-4 -0.001656261404253993 
0.6082439205832917 0.0014383942306075974 0.0022527762933575697 -2.27764049856982E-4 -8.576474798923346E-4 -2.2266132807225476E-5 -0.0021235599180511144 -0.002953878959599967 8.718505424221914E-4 -0.0016292361276733821 
0.9643196485945699 -4.2757717229925684E-4 0.0017952091656730043 -2.1740987721486092E-4 -8.873329997512925E-4 -1.2598740008505925E-4 -0.001667882457690302 -0.003000112830454016 9.602800494133348E-4 -0.0016518936153436731 
0.6081954693756038 0.0014382453979156357 0.002254917378094766 -2.27764049856982E-4 -8.576474798923346E-4 -6.9611834120639585E-6 -0.002123558942300815 -0.002953937098564539 9.591148750985421E-4 -0.0016185212332635237 
0.029317142055108436 -5.066089185942193E-4 0.001893894024818995 -3.602569834026117E-5 -7.161207087093641E-4 -1.3365808529469805E-4 -0.0021226179209139907 -0.0026302841565829967 9.608888785158315E-4 -0.0016471202943227476 
0.5214499170737069 -5.058009904398787E-4 0.0017376764170597316 9.466876205404385E-6 -0.0011749366198901573 -7.118454952457079E-6 -0.0021299608237131725 -0.002629440345255408 9.596372881374022E-4 -0.0016352870816467586 
0.016572174116984473 -4.1050600427450354E-4 0.0017416880392714025 -2.8505288009194455E-5 -8.911687700779306E-4 5.9896588173305584E-6 -0.0017537386138345551 -0.0031355724091877077 9.762903475997006E-4 -0.0016560389688522045 
0.004812562969973289 -3.124316033989386E-4 0.001719776500246899 -3.6179683054461564E-5 -7.882590334064023E-4 5.99251176080814E-6 -0.0016484456221055159 -0.0029632606201097636 9.83464692615231E-4 -0.0016293586357782452 
0.32353923346996566 -3.1875364081674035E-4 0.00175961703669039 -2.8276742670823695E-5 -7.834047877592598E-4 -8.964684523638303E-6 -0.0016247810432155393 -0.002990299122968874 0.0010014332419986571 -0.0016366049890825668 
0.9288623128579048 -4.1050600427450354E-4 0.0017416880392714025 -2.8787060506636066E-5 -8.780137675536914E-4 5.9896588173305584E-6 -0.0017537386138345551 -0.0031355724091877077 9.102263563181473E-4 -0.0016560389688522045 
0.014487392634854046 -5.901533612480241E-4 0.001758641760632629 -4.030656412095909E-5 -8.188772258243572E-4 -9.83534411688763E-6 -0.0017069473770796426 -0.002623138591086126 9.79793628054684E-4 -0.0016348440534377966 
0.46767842965199724 -6.654795794475134E-4 0.0018583946719864836 -3.2426368625576574E-5 -8.264833534474288E-4 -1.3422323494602855E-4 -0.0016877037156838779 -0.0026276208722320095 9.843547335534049E-4 -0.0016357605619242521 
0.1363586690566544 -5.319418394139352E-4 0.001778392224604999 -2.2109443307077382E-4 -8.530052471527977E-4 3.6107129295141866E-5 -0.0016780643481000084 -0.003001106405481284 9.602158152898653E-4 -0.0016237178931191745 
0.8751398657695887 -8.081140579343184E-4 0.0018583946719864836 -2.844836334368299E-5 -7.990111709536441E-4 3.6804495240670964E-5 -0.0016781547606556431 1.1645810134353497E-5 0.001001842840254762 -0.0016358694274835606 
0.7791475263980423 -6.666734852946554E-4 0.0022395326463986267 -3.638588291841729E-5 -7.308698684848274E-4 -1.4730554746441058E-4 -0.0016394801555553555 -0.0026145621960249384 9.831059668820932E-4 -0.0016454361303812985 
0.22154291806373286 -5.752386590135026E-4 0.0017745624032297724 -2.87662238860805E-5 -8.389722791344694E-4 1.883471646913827E-5 -0.002196453350826379 -0.002639876384833998 9.181306916269902E-4 -0.0016441776698922776 
0.86416512381421 -5.992302233136466E-4 0.002211386201518246 5.650550990693441E-6 -8.063730931193792E-4 2.0937335186011887E-5 -0.0016825579923833338 -0.0026198229416025316 9.846656775752446E-4 -0.0016250056757189752 
0.2411737777020987 -8.192199769960686E-4 0.001863200013052836 -2.844836334368299E-5 -7.990074608676602E-4 3.6804495240670964E-5 -0.0016771029248482672 1.1645810134353497E-5 0.001001842840254762 -0.0016358694274835606 
0.45802945312645776 -3.1250336150818775E-4 0.00175961703669039 -2.8276161859849408E-5 -7.834047877592598E-4 -8.960012536640624E-6 -0.0016771440913506137 -0.002633821126325439 0.0010020239427927446 -0.001636630103374955 
0.46767842965199724 -6.654795794475134E-4 0.0018583946719864836 -3.2426368625576574E-5 -8.264833534474288E-4 -1.3422323494602855E-4 -0.0016877037156838779 -0.0026276208722320095 9.843547335534049E-4 -0.0016357605619242521 
0.405464841814651 -8.046109565553591E-4 0.0017396252300394888 -3.958330931569112E-5 -0.0011795886096430776 2.0026703496348084E-5 -0.0021211642390571482 -0.0029992677619284816 9.653935758949446E-4 -0.001619619764475262 
0.8783936797721932 -6.663896781884869E-4 0.0018611897557164235 -2.844836334368299E-5 -7.280232444985015E-4 7.222901738026361E-6 -0.0016398833630392245 1.1645810134353497E-5 0.001001842840254762 -0.0016358694274835606 
0.02064167888436627 -7.274933222473129E-4 0.0017797565921790935 -3.480913431396819E-5 -7.188764494284616E-4 5.567643754835513E-6 -0.0016909347079371447 -0.0031350114738693097 9.759946391995186E-4 -0.0016562435638320164 
0.5293198831861873 -6.658024734205467E-4 0.0022185017900000097 -3.699551306355816E-5 -8.210707913807785E-4 2.0275864675074195E-5 -0.0016532468739317314 -0.0025864725817522174 9.836331816106857E-4 -0.0016249789988824425 
0.007152960826850685 -8.075301756138707E-4 0.001863200013052836 -2.844836334368299E-5 -7.990111709536441E-4 3.6804495240670964E-5 -0.0021498297229440404 1.1645810134353497E-5 0.001001842840254762 -0.0016358694274835606 
