0.0 2.1742585604696404E-4 -0.0028978103509860634 -4.700361315788943E-4 2.467887064672691E-4 0.0029590426202441584 1.0230140347031627E-4 -0.002187865758017099 1.0932320854351461E-4 6.051910118894206E-4 
0.0 2.1742585604696404E-4 -0.0028978103509860634 -4.700361315788943E-4 2.467887064672691E-4 0.0029590426202441584 1.0230140347031627E-4 -0.002187865758017099 1.0932320854351461E-4 6.051910118894206E-4 
0.9995276209818629 2.2595007275736512E-4 -0.002905392019739432 -4.7146382446165843E-4 3.228661865149442E-4 0.0029702592404486083 9.880403078145365E-5 -0.0021798454986667 3.746232628697004E-4 6.004265917293634E-4 
0.9995276209818629 2.2595007275736512E-4 -0.002905392019739432 -4.7146382446165843E-4 3.228661865149442E-4 0.0029702592404486083 9.880403078145365E-5 -0.0021798454986667 3.746232628697004E-4 6.004265917293634E-4 
0.5547526063644271 2.0734308733189017E-4 -0.002905061250898569 -5.446586055099323E-4 3.685600627506434E-4 0.0029487023370620984 -1.1063313445449415E-4 -0.0021795636215641524 1.199128549161627E-4 6.103703198455208E-4 
0.09984056826783169 2.2490690963717237E-4 -0.0029048475191485006 -4.806877438170119E-4 4.767827279845731E-4 0.0029316119077359586 9.863889444499692E-5 -0.0021583074006943682 9.05707841815209E-5 6.004423612388141E-4 
0.1126942041164303 2.1643654273493677E-4 -0.0029013419308546898 -5.281175385524574E-4 4.476823311277056E-4 0.0029474316039411115 -1.5034261803347642E-4 -0.0021826267021169033 9.460472861205256E-5 5.879278901771713E-4 
0.7019930259469402 1.523570945819454E-4 -0.0028987925228799068 -4.5397837906423E-4 5.288314415357834E-4 0.0029670075025728156 1.8055272508047082E-4 -0.0021880267988532505 3.3837898615752756E-4 6.061193617112193E-4 
0.24978937502335952 8.809100355958246E-4 -0.0028979959856317455 -4.682935912820387E-4 4.465090822404242E-4 0.002960042526153105 1.0236860218929827E-4 -0.0021878936310862854 3.9361939979985956E-4 5.976627436551615E-4 
0.673703894713082 2.2500776662283352E-4 -0.0029029928906558937 -4.7473552472097544E-4 4.7664928381848125E-4 0.002930388129800198 4.1512925873165515E-5 2.470845459004255E-4 9.378602087996751E-5 6.0156879725031E-4 
0.9717110416380597 2.0409194830381508E-4 -0.002903283767138837 -4.696983651038361E-4 4.4540180889105256E-4 0.0029341516256998984 3.794432993504028E-4 -0.002192713493960661 3.76437738964241E-4 6.003198554987962E-4 
0.5307629383065906 2.1747923491653498E-4 -0.0028975871997756098 -4.693501502740639E-4 4.4310948617354946E-4 0.0029474316039411115 1.6396264943821336E-4 -0.0021878620851979616 9.740685096866687E-5 6.110572060490643E-4 
0.35800051996793525 2.2500776662283352E-4 -0.0029029928906558937 -4.8129222956948964E-4 4.7664928381848125E-4 0.0029685281253680924 4.1512925873165515E-5 2.174558290219317E-4 9.378602087996751E-5 5.994934337288485E-4 
0.8992822579600863 2.2523770553415756E-4 -0.0028997373379215305 -4.809520165561095E-4 4.594171988010678E-4 0.0029302240564273926 1.335969112957876E-4 -0.0021835910885317227 8.924819342469428E-5 6.098249034323565E-4 
0.26394634237323983 9.538007187322832E-4 -0.0029054682608264625 -4.8063995956866573E-4 4.7814866257027714E-4 0.0029578137156590955 3.8105747498466366E-4 -0.0021584098868249703 3.7758448677837437E-4 9.582070921278466E-4 
0.03396964873733288 1.9209196243086713E-4 -0.0029034105503355514 -4.810987155899095E-4 4.449062412129331E-4 0.0029356045208525604 1.2773848007058367E-4 -0.0021540165629803294 1.0741918702545991E-4 6.225756275943294E-4 
0.12770064204784898 2.1589785606673616E-4 -0.002903117118460567 -5.261655459972483E-4 4.8623531277069954E-4 0.0029474316039411115 0.0012520615656014932 -0.002187799143610655 9.737697542957125E-5 5.89294239264686E-4 
0.9466289289723838 9.730091968138873E-4 -0.002905227280133051 -4.6920271311830307E-4 -0.0018420499785437305 0.002931081096998031 3.656473773433423E-5 -0.002206059201539578 2.3297340083505155E-4 9.42425795142461E-4 
0.20463134120110005 2.1742585604696404E-4 -0.002897417420026419 -4.8152482264576747E-4 2.4684620394611396E-4 0.002930011079227058 3.678168429915625E-5 -0.0021918106596788716 1.1115817357790339E-4 6.051911410083875E-4 
0.5797534252418556 1.9897705252384237E-4 -0.0029032217812688197 -4.6974768300515576E-4 4.6756231851200825E-4 0.002943868268382192 1.377085207893698E-4 -0.0021877433499274263 3.211333211398447E-4 5.937978776616837E-4 
0.8396289227455389 1.918039253584573E-4 -0.002903558992790244 -4.8118705617070925E-4 4.779814091154459E-4 0.0029675817953731818 1.3373469762415272E-4 -0.002157604451584852 3.6897736313260346E-4 6.407926414072871E-4 
0.7846850406814938 9.697024838929607E-4 -0.0028974626084600887 -4.681451691626322E-4 2.501122292934666E-4 0.0029591905053352554 4.8123570848115156E-5 -0.0021929075103624914 3.7755997401681666E-4 5.891950009058305E-4 
0.009216907162836907 2.1743278399860775E-4 -0.002899613208078753 -5.285870443276547E-4 2.4883622891311324E-4 0.002959063771183752 1.523220399202314E-4 -0.002187557067926824 1.1037729173747705E-4 6.050645415569716E-4 
0.06263320988789411 9.713820369571353E-4 -0.002903280309730346 -4.592299581601561E-4 4.6020828112822805E-4 0.002947593798090243 9.867671673920645E-5 -0.0021590896833829434 4.180019428611651E-4 5.868177279713186E-4 
0.024434476244818586 2.164914930850081E-4 -0.0028990677300787175 -5.154958281557786E-4 2.4376057852154565E-4 0.002947708473291033 1.3408764691555676E-4 -0.002187880987894546 9.716241556982881E-5 6.012112271612074E-4 
0.2776312758113342 6.761324082667352E-4 -0.0028911114867077466 -4.6901615229751525E-4 4.469402788545458E-4 0.0029518109429859276 3.618938440180529E-4 -0.002179115380583589 3.935878574133627E-4 6.423918178858414E-4 
0.19322786793988173 2.2864938717496276E-4 -0.0029032960399131224 -4.8112231709861885E-4 4.6191638716677015E-4 0.0029306790670602903 9.863889444499692E-5 -0.0021590896833829434 4.018201981953352E-4 6.004423612388141E-4 
0.04670347023136176 2.265367079713031E-4 -0.0028990677300787175 -4.753451694489078E-4 3.981851789708936E-4 0.0029510953759245492 1.3655836991134258E-4 -0.0021833347498670425 3.684455672026421E-4 6.012112271612074E-4 
0.922160801315143 2.1924339634692852E-4 -0.002905756821349774 -4.6920271311830307E-4 -0.0018420499785437305 0.002931081096998031 3.6316127190917186E-4 -0.0022065080817883255 2.3297340083505155E-4 9.42425795142461E-4 
0.3796500316452764 1.365006177264927E-4 -0.0029033134961243376 -5.243878517859333E-4 4.6948909664406007E-4 0.002958877999476454 1.377085207893698E-4 -0.002206846200581324 1.9825097470628424E-4 5.959873354849244E-4 
0.3966270221911472 2.4560864340787865E-4 -0.002903021640737889 -4.6901615229751525E-4 4.6371368463739217E-4 0.002951693067291263 1.258195836362556E-4 -0.002185991576247677 3.85300040418577E-4 6.385640307964631E-4 
0.8258804142217089 9.84482868045763E-4 -0.0028911114867077466 -5.163976742882078E-4 4.898073528279081E-4 0.002977041329472738 9.969774079015451E-5 -0.002187790366228926 3.7611029346981537E-4 6.419592411156057E-4 
0.7410629198087327 2.2174577704655525E-4 -0.0029031173736213905 -5.172886227444445E-4 3.952053950827623E-4 0.00296001833917725 1.0380321154263503E-4 -0.0021880165135620988 3.6419202934403344E-4 6.016446356075357E-4 
0.03953286806032519 1.968629879916716E-4 -0.0028991586709424437 -5.159023289922312E-4 3.669023889492437E-4 0.0029474890205423232 1.340392385457424E-4 1.7562655249488005E-4 8.89833335680375E-5 0.0030955350524241106 
0.4115490449995428 2.0461656697157304E-4 -0.002903283767138837 -4.7578650058903806E-4 4.4540180889105256E-4 0.002975590817007458 3.4388697308068E-5 -0.002192713493960661 6.633628929544233E-4 6.003198554987962E-4 
0.08524021659447392 2.461478919226811E-4 -0.0029030374087680717 -4.6768147953571773E-4 2.3747647662625745E-4 0.0029590181327831377 1.0206801043109594E-4 -0.002187880987284343 1.0663250817044541E-4 5.921045593197255E-4 
0.07629767488964728 2.3670038264937015E-4 -0.0029048588011701534 -4.683118541814057E-4 -0.001922160109813563 0.0029316119077359586 9.863889444499692E-5 -0.0021584263664545605 3.885891291155235E-4 5.963947535691586E-4 
0.1565497570691411 2.1643654273493677E-4 -0.002903110469281602 -5.261655459972483E-4 4.557303395058084E-4 0.0029474316039411115 -1.5034261803347642E-4 -0.002181987915879814 9.737697542957125E-5 5.878801466812473E-4 
0.23070753715782272 1.497725646514361E-4 -0.002904654390165079 -4.57521617052832E-4 4.5022451452584396E-4 0.0029455451904703074 3.5669440637401464E-4 -0.0021873827317272134 3.6491065997790645E-4 5.991424169328306E-4 
0.808168450114982 2.2735015721895568E-4 -0.002901425577977358 -4.695939848920774E-4 3.221686129541643E-4 0.0029673011809255526 9.804774783140613E-5 -0.0021878346062300966 9.407347222667006E-5 5.998773972886502E-4 
0.5858111094095542 1.4385954435849785E-4 -0.0028957281202753723 -4.83567809619724E-4 4.759330243809261E-4 0.002967536419416033 7.997816495741348E-5 -0.0021589947208641666 3.618476557845644E-4 6.03983354947614E-4 
2.7217346975599854E-4 1.9726452367581324E-4 -0.00290479564821431 -5.158967897302637E-4 4.7756452746178083E-4 0.002967005171674453 -1.2259599672649613E-4 1.7562655249488005E-4 3.7752659295108606E-4 5.953304388687122E-4 
0.42005041903028334 1.3858872709444033E-4 -0.002903155304032918 -4.7608207894138757E-4 4.7131659649096507E-4 0.0029588038860516724 3.709880032289233E-5 -0.0021931541303064866 6.738152942050715E-4 5.937077514814883E-4 
0.4772390753140301 2.1747923491653498E-4 -0.0029026003917210583 -5.286532614481583E-4 4.7555380157672484E-4 0.00294830935362776 1.6396264943821336E-4 2.3687909367222423E-4 9.386348678917248E-5 5.995691933087972E-4 
0.764551182198848 1.9966163785261042E-4 -0.0029032109927925142 -4.692162059392081E-4 4.421597583436789E-4 0.0029605597409973635 3.055072539949333E-5 -0.002187748269599211 3.1749796491434984E-4 5.873425933189225E-4 
0.4329821997919203 8.41482011622335E-5 -0.002890913047119257 -5.038629050937975E-4 4.223231192068779E-4 0.0029592633146818845 -1.173871422847287E-4 -0.002186311744110957 3.783180593255413E-4 6.177561749269421E-4 
0.48787003120585903 2.0912970012736343E-4 -0.0029950159405435603 -5.24921252242659E-4 4.931281799842368E-4 0.0029383578444835087 4.1481769300673815E-4 -0.002188378842924255 1.221502166346737E-4 5.985599925925123E-4 
0.05317553415505654 2.164914930850081E-4 -0.0028990677300787175 -5.154958281557786E-4 2.4376057852154565E-4 0.002947708473291033 1.3408764691555676E-4 -0.002187880987894546 9.716241556982881E-5 6.012112271612074E-4 
0.32386066165951455 1.9849328818212562E-4 -0.002901385242778603 -5.281037472743645E-4 4.886262887944008E-4 0.002960581176941692 1.5222284904950652E-4 -0.002180735480394616 1.3611028946073424E-4 6.339696345278841E-4 
0.745276892079638 2.1635442534177437E-4 -0.0029050740451200944 -5.139185510999307E-4 4.4361398096612727E-4 0.002951608693974338 -3.321768510336517E-5 -0.002187859764899951 7.70828071767083E-5 5.954195341005525E-4 
0.0014611153135172805 9.066592662692018E-4 -0.0029975073427300526 -4.961953619330524E-4 4.892964305626317E-4 0.0029769423433447083 9.857062208220424E-5 -0.0021883415507495518 1.221502166346737E-4 5.985803002654022E-4 
0.4636287315316003 2.1742600918979641E-4 -0.0028978325864393215 -4.7101989605565555E-4 4.925120143720579E-4 0.0029590426202441584 1.0230140347031627E-4 -0.002187869363797395 1.0880813413232876E-4 6.051910118894206E-4 
0.18146295462007794 1.3207976387811664E-4 -0.002899692662139559 -4.5777411544732264E-4 4.5877445947017817E-4 0.002935426296362151 1.3346209072310556E-4 -0.0021835910885317227 3.639593362301891E-4 6.098249034323565E-4 
0.5158713328672919 1.3778055655995502E-4 -0.002905206946072935 -5.03338504609665E-4 6.037494492168097E-4 0.0029592759536181856 1.719092293048116E-4 -0.002175418117899799 2.0910749529121574E-4 6.229325698499261E-4 
0.30591080613315896 2.584282033945875E-4 -0.0029013970953931122 -4.741717009833272E-4 3.1891974910043877E-4 0.002970213230444468 1.7564390697517378E-5 -0.0021807353696613385 3.8054940008972534E-4 6.394241776829655E-4 
0.8587778871368761 1.3382068280093774E-4 -0.002905152730322405 -4.6364677759648456E-4 4.798708318261131E-4 0.002928375472129413 -1.6902385163440517E-4 -0.0021837424003379024 9.87514672094289E-5 5.889651256855803E-4 
0.64814708050862 1.9209196243086713E-4 -0.0029032842421792986 -4.810987155899095E-4 4.4525972308475016E-4 0.002934075426875464 1.1765241118799358E-4 -0.0021119083339457296 6.951673644236922E-5 6.007650973710193E-4 
0.7168713342722073 2.2939679488360385E-4 -0.0028909118703723553 -4.8118705617070925E-4 4.486053437986726E-4 0.002929994465815468 1.0068703612469882E-4 -0.0021821266249401013 3.7778462498378194E-4 6.005010905120978E-4 
0.012552518992824613 2.1742585604696404E-4 -0.0028978103509860634 -4.700361315788943E-4 2.467887064672691E-4 0.0029590426202441584 1.0230140347031627E-4 -0.002187865758017099 1.0880813413232876E-4 6.051910118894206E-4 
0.6636224291240789 2.2504740737276982E-4 -0.0029029959426306587 -4.7473552472097544E-4 4.7665884914677576E-4 0.002930393068059228 3.916475709650408E-5 2.470845459004255E-4 6.988742668906077E-5 6.005305763819423E-4 
0.2902550518381266 1.497725646514361E-4 -0.002904654390165079 -4.57521617052832E-4 4.5039672321918673E-4 0.0029455451904703074 3.4285222105522907E-4 -0.002187339552821287 3.6491065997790645E-4 5.991424169328306E-4 
0.1352059109605619 1.9765286909756793E-4 -0.0028974633283071795 -5.266352740141344E-4 4.82192993799749E-4 0.002958403885477622 0.0012351375223912026 -0.0021932225074584146 3.7755997401681666E-4 5.891950009058305E-4 
0.38582824816574146 9.449582390411283E-5 -0.0029032109927925142 -5.231638922816809E-4 4.6780152161405816E-4 0.0029605108816957684 1.5236675307654586E-4 -0.002190016276841966 3.9539346302343536E-4 5.872747961236435E-4 
0.1771332102356241 1.319879187572959E-4 -0.002899686316616778 -4.577173798889644E-4 4.594171988010678E-4 0.002935426296362151 1.3346209072310556E-4 -0.0021835910885317227 3.639593362301891E-4 6.098249034323565E-4 
0.16757554915527603 2.2864938717496276E-4 -0.002903293551511802 -4.592299581601561E-4 4.6020828112822805E-4 0.002947593798090243 9.867671673920645E-5 -0.0021590896833829434 4.180019428611651E-4 6.004423612388141E-4 
0.883605444693205 2.0960425473796388E-4 -0.0029050123925044866 -4.679957995399643E-4 2.9486596749181795E-4 0.0029287066213153612 3.3916062874268256E-5 2.199290866967225E-4 3.937968433446379E-4 6.042501240484847E-4 
0.31577879717656393 2.602180380618462E-4 -0.002902992812447462 -7.397691508379363E-4 4.7885346280720787E-4 0.002970234556163952 1.937728871629054E-5 -0.0021807353696613385 3.4014798651385987E-4 6.373424965190731E-4 
0.6264294150838363 1.1348506442100144E-4 -0.002905013768629845 -4.8259410131811545E-4 5.328862821654021E-4 0.0029666614594666962 1.3168154094993144E-4 -0.00218634617805906 3.808132147782866E-4 6.061344216591285E-4 
0.7168713342722073 2.2939679488360385E-4 -0.0028909118703723553 -4.8118705617070925E-4 4.486053437986726E-4 0.002929994465815468 1.0068703612469882E-4 -0.0021821266249401013 3.7778462498378194E-4 6.005010905120978E-4 
0.9845567342911394 2.265367079713031E-4 -0.0029058471281141686 -4.7574310769692125E-4 3.981851789708936E-4 0.0029510953759245492 3.9557234742690833E-4 -0.0021833209991718133 3.685151393338376E-4 6.012112271612074E-4 
0.058468504328822266 1.4760544840321086E-4 -0.0029032244038108145 -4.696605563616319E-4 4.454437614716506E-4 0.0029670276584851905 1.3421745017395124E-4 -0.0021878588824690544 3.1791442636823144E-4 5.884924766586522E-4 
0.883605444693205 2.0960425473796388E-4 -0.0029050123925044866 -4.679957995399643E-4 2.9486596749181795E-4 0.0029287066213153612 3.3916062874268256E-5 2.199290866967225E-4 3.937968433446379E-4 6.042501240484847E-4 
0.3358155019881499 2.2326285201607784E-4 -0.0028957484213125552 -4.8118705617070925E-4 4.7747281896955114E-4 0.002967558384683313 1.4645027937615457E-5 -0.002253944854827619 3.778279602562641E-4 9.323089204820031E-4 
0.004828979382426601 2.1643654273493677E-4 -0.0029029957209803685 -5.164384559798651E-4 4.4310948617354946E-4 0.0029474316039411115 -3.5567904626102455E-5 -0.002187862702479866 9.737697542957125E-5 5.89294239264686E-4 
0.6547152861152775 2.2326285201607784E-4 -0.0028987107564211654 -4.7463035132219505E-4 4.7747281896955114E-4 0.0029294183891154183 1.4972156025808713E-5 -0.002212294115133866 3.7778462498378194E-4 6.432403384198205E-4 
0.14068234021377668 2.1643654273493677E-4 -0.002903117118460567 -5.261655459972483E-4 4.5573447442270485E-4 0.0029474316039411115 0.0012520615656014932 -0.0021878763510748142 9.737697542957125E-5 5.89294239264686E-4 
0.002925330833812828 2.0783189315541495E-4 -0.0028978103509860634 -4.700361315788943E-4 2.467887064672691E-4 0.0029590426202441584 1.5328832609220986E-4 -0.0021880626680824433 1.1034935172244523E-4 6.011967226613351E-4 
0.019135042305618133 9.691302541377937E-4 -0.0029062246791922643 -4.7314502137183454E-4 3.1723481086146755E-4 0.0029702592404486083 -1.284691699081196E-4 -0.0021795512900412294 3.7758193077965386E-4 5.868019584618679E-4 
0.21795855101956424 1.3382068280093774E-4 -0.0029032855172987557 -4.6364677759648456E-4 4.798708318261131E-4 0.002927821883418612 -1.6902385163440517E-4 -0.0021837424003379024 9.87514672094289E-5 5.890683348577405E-4 
0.22978774038853092 6.609798636274613E-4 -0.0028992517753878722 -5.138166206965446E-4 4.2610234972155524E-4 0.0029669635395266083 9.051591105668105E-4 -0.0022062897872803834 9.521618773613913E-5 5.894897484806172E-4 
0.8602662079292872 1.968629879916716E-4 -0.0029050947826897793 -5.158967897302637E-4 3.669023889492437E-4 0.002967005171674453 1.3114004123183145E-4 1.7562655249488005E-4 3.745679250411326E-4 5.953304388687122E-4 
0.4658993103159036 2.0635939964916303E-4 -0.0029032805994688863 -4.6354624584544915E-4 5.404739330980299E-4 0.0029276690918727745 3.8023029515725016E-4 -0.002188343517562743 9.87514672094289E-5 5.886115509964128E-4 
0.6042360291773798 1.1269545363121883E-4 -0.0028830554238879627 -4.5763801268382243E-4 2.661065945610057E-4 0.002968129891568149 1.2833509719459779E-4 -0.0021915467694435457 3.639593362301891E-4 6.230766559413743E-4 
0.5206898305802237 1.319879187572959E-4 -0.002901416908315242 -4.577173798889644E-4 4.589221581862454E-4 0.002935426296362151 4.150415394049197E-4 -0.0021835910885317227 3.639593362301891E-4 6.098249034323565E-4 
0.21795855101956424 1.3382068280093774E-4 -0.0029032855172987557 -4.6364677759648456E-4 4.798708318261131E-4 0.002927821883418612 -1.6902385163440517E-4 -0.0021837424003379024 9.87514672094289E-5 5.890683348577405E-4 
0.5005256802522036 1.5246446622939474E-4 -0.0029053976948323866 -5.278294369242515E-4 4.455303754281084E-4 0.002967535815261957 3.630095187152992E-5 -0.0021878701347763617 2.386353461357158E-4 6.039163518916393E-4 
0.3390119113703298 2.2326285201607784E-4 -0.0028987107564211654 -4.8118705617070925E-4 4.7747281896955114E-4 0.002967558384683313 1.4972156025808713E-5 -0.00224192283201236 3.7778462498378194E-4 6.411649748983591E-4 
0.7752502296991574 2.2490432018251562E-4 -0.0029031173736213905 -5.172886227444445E-4 4.7716388333657865E-4 0.0029303595458799753 9.865973195254361E-5 -0.002158674684951289 3.6419202934403344E-4 6.016446356075357E-4 
0.6042360291773798 1.1269545363121883E-4 -0.0028830554238879627 -4.5763801268382243E-4 2.661065945610057E-4 0.002968129891568149 1.2833509719459779E-4 -0.0021915467694435457 3.639593362301891E-4 6.230766559413743E-4 
0.929639062618073 1.9726452367581324E-4 -0.0029048235188840386 -5.158967897302637E-4 4.7756452746178083E-4 0.002967005171674453 1.3141883582164723E-4 1.7562655249488005E-4 3.745679250411326E-4 5.953304388687122E-4 
0.81056805191211 1.523570945819454E-4 -0.0028987925228799068 -4.5397837906423E-4 5.288314415357834E-4 0.0029670075025728156 1.8055272508047082E-4 -0.0021880267988532505 3.3837898615752756E-4 6.061193617112193E-4 
0.5005256802522036 1.5246446622939474E-4 -0.0029053976948323866 -5.278294369242515E-4 4.455303754281084E-4 0.002967535815261957 3.630095187152992E-5 -0.0021878701347763617 2.386353461357158E-4 6.039163518916393E-4 
0.14068234021377668 2.1643654273493677E-4 -0.002903117118460567 -5.261655459972483E-4 4.5573447442270485E-4 0.0029474316039411115 0.0012520615656014932 -0.0021878763510748142 9.737697542957125E-5 5.89294239264686E-4 
0.4455348522181822 2.1643654273493677E-4 -0.0029029957209803685 -4.577811694659689E-4 4.601891310846539E-4 0.002947400627848602 -3.5567904626102455E-5 -0.002187848158933745 9.737697542957125E-5 5.89294239264686E-4 
0.9906947376569093 2.2595007275736512E-4 -0.002905392019739432 -4.7146382446165843E-4 3.231289293494166E-4 0.0029591025076614362 1.0197339146321964E-4 -0.0021798454986667 3.746232628697004E-4 5.88732401478538E-4 
0.4424818789229582 1.968629879916716E-4 -0.0028973651148026776 -5.159023289922312E-4 3.669023889492437E-4 0.0029474890205423232 1.340392385457424E-4 1.7187285845180551E-4 8.868045754279963E-5 0.0030955350524241106 
0.9354321794082897 1.9726452367581324E-4 -0.0028977897830296273 -5.158967897302637E-4 4.7721097438768826E-4 0.002967005171674453 1.3141883582164723E-4 1.7562655249488005E-4 3.746934185180276E-4 5.953843731058358E-4 
0.08188428198107658 9.81449937233788E-4 -0.002890678154893211 -4.8003422707687256E-4 2.3707355488600197E-4 0.0029583149102130704 1.0763422279539922E-4 -0.002187880987284343 1.0663250817044541E-4 5.921045593197255E-4 
0.1648717090803421 9.718840892613646E-4 -0.002898497169819386 -4.825599689194394E-4 -0.0017920639679873938 0.002931359674886283 1.0183215239963374E-4 -0.002192918066687007 7.621786960592955E-4 6.055783143237401E-4 
0.34893354505044694 2.2001282409096106E-4 -0.002903074009418663 -5.279606848541525E-4 4.636238387440575E-4 0.002959980269400445 1.2737285014851184E-4 -0.002241838488693594 7.60805331283785E-4 5.65645899497287E-4 
