0.9973535882365038 0.0013131194095115965 0.00118969993754644 -2.0569021805676938E-4 -1.5146038301955055E-4 2.3076361669287866E-4 1.5120053251549084E-4 -0.0028526372772149475 8.224221564700888E-5 -5.004662354230603E-4 
0.0 0.0012912677646382362 0.0011692645591531855 -1.6774625753853615E-4 -1.7303264038600325E-4 -3.531540994175843E-5 -2.868599626874615E-4 -0.0035686967020516712 9.632273791258629E-5 -3.673821179584198E-4 
0.0 0.0012912677646382362 0.0011692645591531855 -1.6774625753853615E-4 -1.7303264038600325E-4 -3.531540994175843E-5 -2.868599626874615E-4 -0.0035686967020516712 9.632273791258629E-5 -3.673821179584198E-4 
0.649615683258369 0.0012211613039721405 0.0011846594648451572 -1.7748971808408657E-4 -1.658295356478768E-4 -7.494119545298888E-5 -2.6320541183378596E-4 -0.0029945257441064597 9.6503277686093E-5 -3.9595653227607775E-4 
0.15758889419276895 0.0012055993521838612 0.001185160153702525 -0.001419122385859881 -1.618480246768042E-4 -2.507786780879513E-4 8.040951192423195E-4 -0.003394021269910022 1.1011730402225254E-4 -3.7168788993369325E-4 
0.21805171587994304 0.0012048774732303234 0.0011899458356646063 -2.275571550446026E-4 -1.2139914038732222E-4 2.700899515302612E-4 7.76430372298437E-4 -0.0025887045873516142 1.9386837874378122E-5 -5.802296178966926E-4 
0.25304730411471305 0.0013276121642691755 0.0011834041576607936 -1.5383602261003648E-4 -3.5976804809624135E-4 2.424969553339381E-4 -2.479148097167187E-4 -0.002469300862892639 3.222717357358261E-5 -5.683324989889213E-4 
0.1375881895994303 0.0010559247670510104 0.0012190275680672926 -2.0463676237132163E-4 -3.1785535032683083E-4 2.3130233230627756E-4 1.221921731648012E-4 -0.0030762498163362097 2.925840911140176E-4 -5.014776170732988E-4 
0.5213798354654844 0.0013038519291335919 0.0012201147160654405 -1.2698433518785305E-4 -3.340798824158658E-4 3.323061909380371E-4 1.4974081315576905E-4 -0.0024974060492183128 3.677360952445593E-5 -4.933729224691726E-4 
0.27767930007498975 0.0013361523105604068 0.0012027538716777415 -2.2112246990306218E-4 -1.2044580949812638E-4 2.561459895407881E-4 1.9827001203737545E-4 -0.002771024687871446 2.6112794901190963E-4 -5.050586064396825E-4 
0.9117882165792969 9.82168553309524E-4 0.0012055419152058014 -2.1803240500259825E-4 -3.132650017844741E-4 2.6960539356365385E-4 -2.458762842524492E-4 -0.0031337593928084 1.5185307364315624E-5 -3.7936401705288925E-4 
0.2982738052582493 0.0011888267251416278 0.001184809888018589 -2.2388426474203796E-4 -1.2139914038732222E-4 3.0982283962152407E-4 7.423865278291964E-4 -0.0025900409115683903 2.578346654056231E-4 -3.455253331537217E-4 
0.542934345418052 0.0010156236157784064 0.001182310729706225 -2.2681001179843165E-4 -1.3179389143887915E-4 2.165866428756355E-4 -2.4861309860760576E-4 -0.0034675181228808988 9.877457102450024E-5 -3.4398131335665636E-4 
0.6290936194663675 0.0012251992983176821 0.0012200487913124733 -1.7747652383072506E-4 -1.6141795246360358E-4 2.797048604366064E-4 -2.891863660561524E-4 -0.0028587541268057255 7.205720994692735E-5 -5.038677583471998E-4 
0.03803559133937353 0.0012925471676251564 0.0011692645591531855 -1.6774625753853615E-4 -1.676251329325603E-4 -2.7368944677209172E-5 -2.868599626874615E-4 -0.0035712549463413476 -1.50268224346514E-4 -3.673821179584198E-4 
0.1694674909564817 0.001221809761133133 0.0011703687076905786 -2.449616980991939E-4 -3.3079769661864485E-4 2.1030032392964078E-4 -2.599279517119108E-4 -0.0025845405287943032 -8.02239491067717E-4 -4.994779952479314E-4 
0.8405615078717272 0.0012210519520744723 0.0012018083251004103 -2.751190199590958E-4 -1.5597931727248042E-4 -2.938111366736942E-5 -2.687137423471159E-4 -0.002990524952619747 9.859905511776533E-5 -3.9955436936806087E-4 
0.35546955336767727 0.001220021363663568 0.001182305036344533 -2.1230138968972832E-4 -1.622723514421571E-4 1.9667236430684582E-4 -2.457828795637385E-4 -0.0028540230591159897 1.9713557552800901E-4 -3.438477591458165E-4 
0.0023864787242917074 0.0013085805331616426 0.0011990102032720456 -1.7857164584679513E-4 -2.7489732023619154E-4 5.044322861518763E-4 1.1622454303083638E-4 -0.002730329713228218 2.6141493510512025E-4 -5.047204754971294E-4 
0.6776553544124337 0.001205341539563558 0.0011739112436309612 -1.6818230674945622E-4 -2.727857240219382E-4 -2.0699432177684752E-5 -2.805445235668058E-4 -0.002734517363172772 2.6396570195397066E-4 -3.7887444015586306E-4 
0.005124327496633774 0.0013083779178980116 0.0012065753857078063 -2.3043126920482547E-4 -3.0411356783627936E-4 5.00888477189447E-4 1.685082729910122E-4 -0.002758532346794735 9.383386513112782E-5 -3.7158814034979993E-4 
0.8141530111783315 0.0013130569446562872 0.0011901170536237514 -2.0571166638669381E-4 -1.514603946409935E-4 2.7228973600360685E-4 1.53697305391515E-4 -0.0028537634586434423 -1.4818587952485147E-4 -5.01497043953059E-4 
0.7047935033373354 0.0012059734131711407 0.0011738561767684226 -2.313606765053916E-4 -3.0173546044280647E-4 1.9227283945178828E-4 -6.783990437678662E-4 -0.002732688191828256 2.4769059971381784E-4 -3.7888818757258265E-4 
0.26783413944169193 0.001056344667657816 0.0011846160388925794 -1.792320708328655E-4 -2.703671612192573E-4 -5.001706741784368E-5 -3.0907312325159305E-4 -0.0031298464969359966 1.6934179245530966E-5 -5.77370632365334E-4 
0.4058913395830057 0.0012049057539957225 0.001182464936694824 -1.4722810082406224E-4 -1.3200284469091323E-4 4.520089457680774E-4 1.1495701757283363E-4 -0.0034209780228825638 9.584688463088988E-5 -3.6550467499671326E-4 
0.615530299393364 0.0011905233460107242 0.0011994363552249782 -2.3790904071176747E-4 -3.3404955058998967E-4 -2.6012724610025744E-5 1.1199191901748367E-4 -0.002494420150159689 -1.3327798587476226E-4 -3.9888456381816464E-4 
0.08715613854387005 0.0012215580299848683 0.001199776738099928 -4.539553543125682E-5 -1.589575200537558E-4 2.668594895380345E-4 -2.7245390978037867E-4 -0.0028540100172883237 -8.421210454470642E-4 -3.7200468532229273E-4 
0.12663449503385077 0.0010559247670510104 0.0012190275680672926 -2.0463676237132163E-4 -3.1785535032683083E-4 2.3130233230627756E-4 -2.66784351702255E-4 -0.0030835016126204047 2.915791308094419E-4 -4.905712885426494E-4 
0.8481410634989852 0.001209760475365954 0.0011562235923257053 -2.7608602131204256E-4 -3.086380144340467E-4 -2.961298052526785E-5 1.107044215642288E-4 -0.002731757952678593 2.6141493510512025E-4 -5.590837661819376E-4 
0.07833368625318951 0.0013077583647179895 0.0011880782601189001 -1.6412995002120306E-4 -2.7084400335801657E-4 2.783831914083545E-4 -2.871487501424957E-4 -0.003122733535191837 -8.719890650114059E-4 -3.673054671122708E-4 
0.18952211629223228 0.001016141005084348 0.0011989664864414998 -2.0853826974712774E-4 -3.086380144340467E-4 -6.252503073354252E-5 -2.494873420657063E-4 -0.002731757952678593 2.6141493510512025E-4 -5.034787624488414E-4 
0.1804869549080309 0.001206492141930841 0.0012179521120835913 -2.1807794203191608E-4 -1.7128065703985547E-4 -1.5382665736641686E-5 -2.965562570566762E-4 -0.003127634286170921 9.553162498652686E-5 -4.97230884310602E-4 
6.641235653114391E-4 0.0012024387076827636 0.001173149063091373 -1.4755067832400505E-4 -3.189345544738774E-4 2.4481178964745994E-4 -2.655936838170739E-4 -0.003408833903111695 -1.2662047145913194E-4 -3.670750309761707E-4 
0.5052821487545609 0.0013361523105604068 0.0012027538716777415 -5.189162327737308E-5 -1.5791006763511017E-4 2.561459895407881E-4 1.7939292553882904E-4 -0.002771024687871446 2.942558589767865E-5 -5.006557166660963E-4 
0.9524069156352902 0.0013081296019808034 0.001180192005169526 -1.5187961297884607E-4 -3.324657786924049E-4 2.1231197784597267E-4 -2.7868141976226474E-4 -0.0034895900076978353 -7.991740370376689E-4 -3.7168788993369325E-4 
0.02704368654694156 0.001314132042690099 0.001189649212541094 -2.0463676237132163E-4 -3.12735177256947E-4 2.304116791627391E-4 -2.683468761540651E-4 -0.002857325796076214 1.019177915747815E-4 -4.905712885426494E-4 
0.020027571049924087 0.001308129069756115 0.0012064376398179223 -1.4771065377139036E-4 -1.5893245523055546E-4 -2.5811200866838633E-4 1.1500477820227938E-4 -0.002839958212074726 3.0626549034871624E-5 -3.7168788993369325E-4 
0.8948593062746006 0.0010049948131056236 0.0011989664864414998 -2.0792675915818937E-4 -3.038470566570598E-4 -6.226537361226028E-5 -3.260989970399012E-4 -0.002731757952678593 2.61721374998046E-4 -5.034787624488414E-4 
0.38151915023314625 0.0013280247402041253 0.00121297324238002 -1.4012068358588948E-4 -1.5880497689626887E-4 -4.998537458006722E-5 1.0388990244170087E-4 -0.0031269868718472897 -8.539828230279272E-4 -3.983205791570414E-4 
0.2353245927290486 0.0010096907108941094 0.0011566907152798453 -2.7734854547098345E-4 -3.086380144340467E-4 -2.961298052526785E-5 1.107044215642288E-4 -0.002731757952678593 2.6141493510512025E-4 -5.638963449867384E-4 
0.7299141514500175 0.001206492141930841 0.0012029239544358752 -2.1763471700521003E-4 -1.6825891688508165E-4 -1.5382665736641686E-5 -3.027529113364512E-4 -0.0031164258551693623 9.553162498652686E-5 -5.275115378960806E-4 
0.04623776515286521 0.0013322636215313333 0.0011834004947114368 -1.5468798599720828E-4 -3.590077666703863E-4 -2.750061141343587E-4 -2.479148097167187E-4 -0.002478772479215976 3.2224968322344375E-5 -5.708885337765502E-4 
0.7284972725901058 0.001310294873237234 0.0011900371953734161 -1.239877918900305E-4 -1.5132303720739044E-4 2.3076361669287866E-4 1.1207327451881637E-4 -0.0028526372772149475 -8.405547273956634E-4 -5.296541923214253E-4 
0.07110672653524458 0.001313619830996458 0.0012000415167054727 -1.9976651182366593E-4 -1.5140216349514076E-4 2.3076361669287866E-4 1.5120053251549084E-4 -0.0028367980211202247 8.224221564700888E-5 -3.695069287317958E-4 
0.46594361823149 0.001010806841331546 0.0012061734236914197 -1.5209518776351907E-4 -3.3194045843957956E-4 8.253096871816795E-5 -2.6665539344468127E-4 -0.0024941946249912497 1.0287344030001631E-4 -3.716065301203544E-4 
0.30840915466439106 0.0012271259699725109 0.0011846160388925794 -1.792320708328655E-4 -2.703671612192573E-4 -5.001706741784368E-5 -3.0907312325159305E-4 -0.0031298464969359966 9.688842421750135E-6 -5.77370632365334E-4 
0.203020549207227 0.001206492141930841 0.0012179521120835913 -2.2131340795337572E-4 -1.6552403760586976E-4 -1.5382665736641686E-5 -2.965562570566762E-4 -0.003635813070686485 9.578622726882978E-5 -4.97230884310602E-4 
0.41767181083746535 0.0012199855481330097 0.00118191283878704 -2.1230138968972832E-4 -1.622723514421571E-4 3.190149424698777E-4 -2.8111354427472695E-4 -0.0028540230591159897 1.9713557552800901E-4 -3.9981837186079256E-4 
0.49765461952034223 0.0013241374244204608 0.001213899615652533 -2.178513628845822E-4 -1.6656551935738002E-4 -1.5194877798991647E-5 2.951322617672095E-4 -0.0032335075080619155 -8.595709097006243E-4 -3.9318478107595265E-4 
0.10534814941629214 0.0012048774732303234 0.0011899458356646063 -2.275571550446026E-4 -1.2139914038732222E-4 2.700899515302612E-4 7.758648417786413E-4 -0.0025887045873516142 9.105678981888357E-5 -5.802296178966926E-4 
0.23326185931280694 0.0010156918326904296 0.001188044371636651 -2.7734854547098345E-4 -3.086380144340467E-4 7.920478452626621E-5 -3.199322367050794E-4 -0.002731757952678593 2.6141493510512025E-4 -5.604403479304483E-4 
0.9829203738891006 0.001206492141930841 -2.8684336163103496E-4 -2.0638979612312586E-4 -1.6476581123768473E-4 2.269508337260268E-4 -2.965562570566762E-4 -0.0028524950874957533 8.245739329754358E-5 -4.97230884310602E-4 
0.8701480082719788 9.81360507756637E-4 0.0012063168408118538 -1.7181122206571303E-4 -3.1327473178785687E-4 3.4712971075202153E-4 -2.785247284061647E-4 -0.0033955774886365885 -1.9029999903938743E-4 -3.7895802088396853E-4 
0.013238695492220329 0.0012091018891180908 0.0011770012840926188 -1.265016399251553E-4 -1.6770393396452681E-4 2.1536381019742845E-4 1.1273341799344463E-4 -0.0027678478432207497 -1.5399387512242564E-4 -5.011032339475729E-4 
0.9627583859074316 0.0013096366378772535 0.001047978035808861 -1.6408864368895774E-4 -1.6719402023191227E-4 4.5495092192238265E-4 6.655038991441745E-5 -0.003126948681432906 9.710572031704169E-5 -3.5825334837980574E-4 
0.04175196687779076 0.0013130569446562872 0.0016177725152944841 -2.0571166638669381E-4 -1.6759053795985788E-4 2.7228973600360685E-4 -2.5324853370943404E-4 -0.002853754367059434 2.0368364109794648E-5 -5.014968144258644E-4 
0.0601221541731477 0.0012050396507415479 0.0011739171434976836 -5.494174937420668E-5 -1.2139914038732222E-4 2.090522350196098E-4 -6.531098879742957E-4 -0.0027088503386814987 -1.7768165598805718E-4 -5.274609436791148E-4 
0.5708754075476441 0.0012251992983176821 0.0012200487913124733 -2.1702757567545873E-4 -1.6134496090611288E-4 2.797048604366064E-4 -2.891863660561524E-4 -0.0028587541268057255 7.205720994692735E-5 -5.032153805861875E-4 
0.008562048247204912 0.001332381453716559 0.0011555193580041435 -2.3291545811853718E-4 -3.590077666703863E-4 -2.750061141343587E-4 -2.479148097167187E-4 -0.0024879140723904195 3.230494206490843E-5 -5.708885337765502E-4 
0.06529706326997883 0.0012050083106111091 0.001184809888018589 -5.494174937420668E-5 -1.2139914038732222E-4 2.0911657149781394E-4 -2.652780877713518E-4 -0.003411836890986541 -1.566277016770396E-4 -5.295519420817922E-4 
0.9734773791731923 0.001010806841331546 0.0012061734236914197 -1.5187961297884607E-4 -3.081760506188906E-4 8.253096871816795E-5 -2.6665539344468127E-4 -0.002731842542428431 1.0287344030001631E-4 -3.716065301203544E-4 
0.4842886516702102 0.001322370307253336 0.0011899866468839241 -5.079973111647869E-5 -1.5146038301955055E-4 2.7520257638183224E-4 1.521407111193567E-4 -0.002854394248000234 -1.4792942714655634E-4 -5.017198925250188E-4 
0.3322153480378921 0.0013096366378772535 0.0011880860830690834 -1.6408864368895774E-4 -2.7084400335801657E-4 4.520089457680774E-4 6.655038991441745E-5 -0.003126948681432906 9.708803749724099E-5 -3.658707290059288E-4 
0.9343827871582987 0.001016141005084348 0.0011989664864414998 -2.0792675915818937E-4 -3.038470566570598E-4 -6.252503073354252E-5 1.1622454303083638E-4 -0.002731757952678593 2.6141493510512025E-4 -5.034787624488414E-4 
0.4784438333662576 0.001322370307253336 0.0011882206332578219 -1.639875460274616E-4 -1.5146038301955055E-4 2.750188707714735E-4 -2.8131666208785296E-4 -0.002854394248000234 -1.4792942714655634E-4 -5.017198925250188E-4 
0.9343827871582987 0.001016141005084348 0.0011989664864414998 -2.0792675915818937E-4 -3.038470566570598E-4 -6.252503073354252E-5 1.1622454303083638E-4 -0.002731757952678593 2.6141493510512025E-4 -5.034787624488414E-4 
0.4563168073805928 0.0013042509684847478 0.0012026469117845952 -2.334875660308389E-4 -3.324657786924049E-4 3.383996875688702E-4 1.496347585811918E-4 -0.0025956731259288916 2.5153587015459215E-4 -3.8136564660436645E-4 
0.5985703427479481 0.001052532934371738 0.0011982238554975211 -2.1543700324375028E-4 -3.1800739490946904E-4 2.7466874639099436E-4 1.655688599498651E-4 -0.002733752712781585 2.638138612031071E-4 -4.912301848530518E-4 
0.5546760119426001 0.0012252431229047688 0.0012128472869357898 -6.858671584087004E-5 -3.0318557708833413E-4 5.114177499242285E-4 1.7160019523812119E-4 -0.003087971193856394 8.315606275335197E-5 -3.992593299547814E-4 
0.3187413969050873 0.0012271217665273816 0.0011846160388925794 -2.0483250010454174E-4 -2.704687271348091E-4 -4.949752839231915E-5 -3.0700238757907524E-4 -0.0031298464969359966 1.8972249091662573E-5 -5.77370632365334E-4 
0.7527486510953002 9.81360507756637E-4 0.001199260066188744 -1.7066474219455454E-4 -3.262140500610242E-4 2.1304634273256433E-4 -2.6670092638220936E-4 -0.0027471480888099547 -1.8217196574089116E-4 -3.763733870288813E-4 
0.7780134405889084 0.0012113993945225775 0.0011980923339582315 -1.8952180315849945E-4 -3.236433382255364E-4 -5.27676974995109E-5 -2.833304125958864E-4 -0.00340010181294007 -1.870424524177329E-4 -5.625786685839136E-4 
0.12974679758795826 0.0012267060693657052 0.001218241371740736 -2.2136187038794894E-4 -3.303577003779114E-4 2.355886913967507E-4 -2.684827984558893E-4 -0.0030835016126204047 -8.183559887802084E-4 -4.900286795699989E-4 
0.689966496751157 0.001280902732859303 0.0011801350617537288 -1.5152811483450985E-4 -2.727857240219382E-4 2.024829094813284E-4 -2.711646770400807E-4 -0.003514611665941554 2.4769059971381784E-4 -3.7888818757258265E-4 
0.6987201188361802 0.001206492141930841 0.0012029239544358752 -2.775819557011999E-4 -1.7128065703985547E-4 -1.5382665736641686E-5 -3.027529113364512E-4 -0.0031267411493540475 9.553162498652686E-5 -5.266033425812832E-4 
0.11125690947398892 0.0012267060693657052 0.0012189287411453389 -2.2136187038794894E-4 -3.177914452042849E-4 2.355886913967507E-4 -2.684827984558893E-4 -0.0030835016126204047 -8.011194370912417E-4 -4.905712885426494E-4 
0.022508568986213576 0.001308129069756115 0.0012085695731211578 -1.5187961297884607E-4 -1.6177553510284855E-4 -2.3341157954372057E-4 7.739421660445344E-4 -0.00339741291435313 9.363644036857357E-5 -3.768631277819816E-4 
0.7832628322743356 0.001315660639831189 0.0012224903318321088 -2.0711073920291344E-4 -1.7226411189822388E-4 2.8349185440913294E-4 -2.6871212068021213E-4 -0.002852657027036792 9.89036946262909E-5 -5.014203221484769E-4 
0.7527486510953002 9.81360507756637E-4 0.001199260066188744 -1.7066474219455454E-4 -3.262140500610242E-4 2.1304634273256433E-4 -2.6670092638220936E-4 -0.0027471480888099547 -1.8217196574089116E-4 -3.763733870288813E-4 
0.3216576648900869 0.001206492141930841 -1.4673531437081264E-4 -2.0638979612312586E-4 -2.684157943637891E-4 2.2400885757172152E-4 -2.965562570566762E-4 -0.0028524950874957533 8.24397104777429E-5 -5.048482649367251E-4 
0.2020023032399572 0.001206492141930841 0.0012179521120835913 -2.482897636261372E-4 -1.6552403760586976E-4 -1.7566508677716107E-5 -2.965562570566762E-4 -0.003631377341750767 9.578622726882978E-5 -3.739049876144416E-4 
0.7986206616161873 0.001222094567298627 0.0016189472557605565 -1.2121046021800008E-4 -1.6770393396452681E-4 -2.945848653179722E-5 1.2260815890586163E-4 -0.002742141818215385 -1.4624345165898222E-4 -3.9958093973593704E-4 
0.0947942762795631 0.0013226930403350218 0.0012001809736847252 -4.866896170559377E-5 -1.589575200537558E-4 2.668594895380345E-4 8.660352315845347E-5 -0.0028371202783062264 7.842267083309288E-5 -3.673854693283814E-4 
0.3676248456373479 0.0013227763928732035 0.0012004061547353242 -2.1230138968972832E-4 -1.622723514421571E-4 3.4294209494188226E-4 1.3791351167556296E-4 -0.0028539748031958844 1.9638225424875792E-4 -4.0021267849594215E-4 
0.3911093426450088 0.0012091059729429222 0.0011690884580860196 -2.243053251526014E-4 -3.048756557340445E-4 -9.584603520501786E-5 -2.491358032360013E-4 -0.002626524199947106 -1.179287252818302E-4 -4.5319085022826335E-4 
0.8092357420640236 0.0013130569446562872 0.0011901170536237514 -2.0571166638669381E-4 -1.51460641193254E-4 2.7228973600360685E-4 -2.5324853370943404E-4 -0.002853754367059434 2.0368364109794648E-5 -5.014968144258644E-4 
0.009789144781968129 0.0012119264253924531 0.0011770012840926188 -2.0820406609189417E-4 -1.6770393396452681E-4 2.1536381019742845E-4 1.9911824313856885E-4 -0.0027678478432207497 -1.5399387512242564E-4 -5.011032339475729E-4 
0.3690046709442372 0.0012175826829607975 0.00118191283878704 -2.0583379076920128E-4 -1.623634021324252E-4 2.321026544377019E-4 1.3791351167556296E-4 -0.0028540230591159897 1.9713557552800901E-4 -4.0021267849594215E-4 
0.7932909004541413 0.0013279424825929154 0.001197141849781162 -1.688023635630126E-4 -1.6885428455503515E-4 -2.7394479046937835E-5 1.1226593566122361E-4 -0.002761613842869121 -8.290245984130072E-4 -3.950889858559201E-4 
0.0947942762795631 0.0013226930403350218 0.0012001809736847252 -4.866896170559377E-5 -1.589575200537558E-4 2.668594895380345E-4 8.660352315845347E-5 -0.0028371202783062264 7.842267083309288E-5 -3.673854693283814E-4 
0.05346223401973632 0.0012841428109487197 0.0016189472557605565 -1.2536108596775114E-4 -1.6770393396452681E-4 -3.541841608845967E-5 1.440887626160853E-4 -0.002742141818215385 -1.4624345165898222E-4 -3.764126242657474E-4 
0.7672917209110478 0.0013160746602736571 0.0012199899117922588 -2.0711073920291344E-4 -2.7189938451845915E-4 2.8349185440913294E-4 -2.6871212068021213E-4 -0.003251247620395892 9.89036946262909E-5 -3.6908967625805424E-4 
0.33925755359082205 0.0012278716725391853 0.0011881162151762582 -1.6365233167894069E-4 -2.750383054603904E-4 7.439545477251806E-5 -2.823102663239589E-4 -0.0031301386798562973 -1.3223466247729338E-4 -3.6608157129062183E-4 
0.584356215973304 0.0011907760582532418 0.0011171068192034005 -2.1666564417125827E-4 -3.1780768559701327E-4 -8.173298566947402E-4 2.8229536277368274E-4 -0.0032336832873200196 2.5714061951020615E-4 -4.0540297115017007E-4 
0.33925755359082205 0.0012278716725391853 0.0011881162151762582 -1.6365233167894069E-4 -2.750383054603904E-4 7.439545477251806E-5 -2.823102663239589E-4 -0.0031301386798562973 -1.3223466247729338E-4 -3.6608157129062183E-4 
0.8719465881928223 0.0011837466605378018 0.0011177626955979434 -2.1666564417125827E-4 -3.13037933542492E-4 -8.173298566947402E-4 -2.666648442921312E-4 -0.0032336832873200196 2.5714061951020615E-4 -4.0540297115017007E-4 
0.05371654091624108 0.001291070436845902 0.0011788363923560582 -1.2536108596775114E-4 -1.6770393396452681E-4 -3.541841608845967E-5 1.114031197838932E-4 -0.002742141818215385 -1.4624345165898222E-4 -3.764126242657474E-4 
0.7635865419252725 0.001280143384628231 0.0011809036201367608 -2.0608935090636816E-4 -2.727857240219382E-4 2.3087817207888723E-4 -2.683216611021207E-4 -0.003514611665941554 9.806042824014727E-5 -3.7888818757258265E-4 
0.5736443847658989 0.001228729085025033 0.0012172081817161757 -1.763312350614415E-4 -1.364723183823095E-4 2.267421421374647E-4 -2.8206845878247063E-4 -0.0028587266086481464 3.127787114146663E-4 -3.714824875848436E-4 
0.8839105528774691 9.81360507756637E-4 0.0012016235877870887 -1.716318241214053E-4 -3.1327473178785687E-4 3.4712971075202153E-4 -2.785247284061647E-4 -0.0032892339250891888 -1.8217196574089116E-4 -3.7895802088396853E-4 
