0.0 -2.3664592144373203E-4 6.857668810287968E-4 -7.746342471659437E-4 5.411651869910911E-4 -3.857175118661342E-4 -0.002458931943935167 -7.651416553678741E-4 -9.681539265394643E-4 4.982703165320934E-4 
0.999980534319152 -2.3602747371085942E-4 -9.89800188032274E-5 -7.737400902800506E-4 6.902118512139128E-4 -3.878119125237674E-4 -0.0024717422290774617 -7.64621694089205E-4 0.001045165400252616 3.0728643878862304E-4 
0.0 -2.3664592144373203E-4 6.857668810287968E-4 -7.746342471659437E-4 5.411651869910911E-4 -3.857175118661342E-4 -0.002458931943935167 -7.651416553678741E-4 -9.681539265394643E-4 4.982703165320934E-4 
0.31506348367427994 -8.471983744053444E-5 4.000979602951989E-5 -3.9262537816065987E-4 6.480918058664282E-4 -5.052745219526709E-4 -0.001722956554761908 -9.66915955849036E-4 -9.598912943412687E-4 2.8222718582520984E-4 
0.08036477673313781 -1.375226031833154E-4 6.613773526546172E-4 -6.506186123345968E-4 6.449676621484313E-4 -3.8660881855481164E-4 -0.0028796609746555837 -9.347849207910599E-4 -8.401555375205632E-4 2.5568745874792083E-4 
0.5791435481243388 -2.3516730034917052E-4 -2.3116779535074695E-6 -3.626358588915302E-4 7.169763406824543E-4 -3.864525834330485E-4 -0.002517082998577798 -7.615574587364186E-4 -8.793332839512855E-4 2.8516800050140694E-4 
0.04911828754099867 -2.942782339253776E-4 -5.1389735457042806E-5 -7.744061140349244E-4 5.661767358560058E-4 -9.83016495565757E-4 -0.0018700334021315708 -8.79261697257053E-4 -7.939564490911873E-4 2.669594700728259E-4 
0.8441638209520643 -2.4184256263123498E-4 4.021673407455725E-5 -6.261196773656829E-4 6.070493753216412E-4 -4.5424259980092984E-4 -0.0018476420983151677 -9.262897355629743E-4 8.96544274245872E-4 2.649618624566702E-4 
0.342938896979987 -8.955707236081817E-5 -1.1561041870162685E-4 -6.997823320744702E-4 0.0015731825563002982 -3.9414312557266816E-4 -0.002567075630567247 -8.930552329699387E-4 7.544697652227616E-4 4.725960198534993E-4 
0.972506325950852 -2.8163723760813266E-4 1.2939860448636898E-5 -8.281541062610294E-4 0.0015708392974976236 -3.090400791660173E-4 -0.0018525264418643166 -9.54494764315278E-4 0.001296413039130971 4.945387641287144E-4 
0.4898825177225822 -1.3139169769398173E-4 6.65707131212424E-4 -6.564986239344628E-4 7.220292907234156E-4 -3.759735928160441E-4 -0.0024602889186630846 -9.320170293480257E-4 -7.612277479368718E-4 4.989026327177936E-4 
0.06282814649523966 -2.9231787115467997E-4 -4.5122481577472974E-5 -7.293124330127598E-4 5.651754651297868E-4 -3.902416456529963E-4 -0.0018697914005637796 -9.260474676350359E-4 7.54278452694163E-4 2.644452103535438E-4 
0.5031254541360953 -1.3620518131658824E-4 6.858228032572172E-4 -8.2966415154009E-4 5.834691616027385E-4 -3.6207306728242055E-4 -0.0019132519982719275 -9.442454736872713E-4 7.856437262793019E-4 4.731158316415019E-4 
0.3876580544615002 -9.224041499569148E-5 -5.978725537746528E-5 -8.409927961082615E-4 0.001680727364261473 -3.865914665424074E-4 -0.001917943273470478 -7.240929793223102E-4 6.848399465015032E-4 5.033935825966463E-4 
0.7836644636382664 -1.341298318424664E-4 7.404335942098607E-5 -3.321778795739677E-4 5.859001783190353E-4 -3.7597181392649175E-4 -0.0018865216679597517 -7.620658295696337E-4 -8.350206918098782E-4 2.942263046472812E-4 
0.21082672267782515 -1.5556227257649676E-4 6.66269917665019E-4 -7.750919132119081E-4 5.674377470136907E-4 -3.759735928160441E-4 -0.0024602889186630846 -8.109211675455662E-4 -7.839824705654739E-4 4.989026327177936E-4 
0.1566898214121173 -2.3659586626342065E-4 6.863835407346456E-4 -9.162373871031956E-4 7.237729979939335E-4 -4.220907809175593E-4 -0.002576280281365542 -9.556972176049673E-4 -7.430674513513896E-4 2.515255293186483E-4 
0.43092479244672066 -2.3137640643332478E-4 6.715574336892508E-4 -7.738036174339256E-4 6.105025032339304E-4 -3.839737405020077E-4 -0.0024545072719083295 -8.059398600793235E-4 -9.805000178321587E-4 4.988522307866712E-4 
0.021458165904826132 -3.239408917122254E-4 6.660107905439592E-4 -7.74737060067944E-4 7.220292907234156E-4 -6.102069664277445E-4 -0.0018885943340799449 -8.042919873153187E-4 -7.71236651230228E-4 4.834567705435382E-4 
0.9014982155010987 -2.3316301489204467E-4 -5.8418044162743255E-5 -3.918856676721695E-4 5.922414814975309E-4 -9.890905432557886E-4 -0.002516620002999793 -8.143024403066448E-4 -8.35837161614328E-4 4.8232754302784324E-4 
0.22753132644797724 -2.801044212129807E-4 8.085718129402221E-5 -4.3635078552018477E-4 0.0015770602939193955 -4.608304869656034E-4 -0.0018525264418643166 -7.420256992130773E-4 8.547023766535078E-4 4.923768344279189E-4 
0.8703950174771623 -6.598946893046329E-5 6.863835407346456E-4 -9.172225323194343E-4 7.237729979939335E-4 -4.220103195355831E-4 -0.002576280281365542 -8.106046176262672E-4 -9.802627897163285E-4 4.4157700657315404E-4 
0.8300186657224753 -2.4177097804070489E-4 4.021673407455725E-5 -6.297537835570243E-4 6.070493753216412E-4 -4.5271370045711894E-4 -0.0027942745523964123 -9.584005414117259E-4 8.96544274245872E-4 2.649618624566702E-4 
0.13085608681706606 -2.474907829922437E-4 6.820128117475594E-4 -9.060019601480299E-4 7.097803291593953E-4 -3.634445553172165E-4 -0.0018977159203029219 -9.617091388108339E-4 -8.374799751463118E-4 2.8201402848018574E-4 
0.0036288435495133164 -3.2401361404452037E-4 2.503654480089661E-5 -7.108411172111124E-4 5.868064969676275E-4 -4.062229105100734E-4 -0.0018389707088703557 -7.222251474277154E-4 -9.758680281860674E-4 5.082689481572014E-4 
0.008352530239207116 -1.4022789057607576E-4 -2.9815464879598722E-5 -8.667564170781023E-4 0.0016191672668014424 -3.576369794255721E-4 -0.0025679046591957576 -7.534440887457617E-4 -9.989494947148605E-4 2.5818135021254935E-4 
0.28417732017287267 -2.3776638631050354E-4 -1.5322308135989183E-4 -7.026716398103056E-4 0.0015731825563002982 -8.777893862242854E-4 -0.0025499178406346718 -8.894649961779925E-4 8.213381506886767E-4 2.835943188153302E-4 
0.46873313351224594 -2.997318753577221E-4 6.655852823922958E-4 -4.0331807847620454E-4 5.635264680578264E-4 -3.758630890714866E-4 -0.0018862446996515195 -8.123124297127846E-4 -8.425137357714648E-4 5.042629872378317E-4 
0.2615990690697539 -2.441501441857047E-4 6.595373691127176E-4 -6.555088040677983E-4 6.469076382696356E-4 -3.6402122725298457E-4 -0.0018881500014522271 -9.426076807128503E-4 7.297119027093368E-4 4.615450630890717E-4 
0.015007469518101585 -2.3664652948824754E-4 8.185760559361403E-5 -7.072782611658307E-4 5.91892815519679E-4 -3.8653162530031025E-4 -0.0018763782530377322 -9.558112539295717E-4 -7.406198464830398E-4 4.760587365903083E-4 
0.09328574178305643 -1.3387391411719875E-4 -6.640020663646986E-6 -3.381197688000568E-4 6.09975775770789E-4 -3.895040005235085E-4 -0.0029323922352201565 -7.617631455197741E-4 -8.374799751463118E-4 2.8631302090886905E-4 
0.41097432546681745 -2.3137640643332478E-4 6.714701334382846E-4 -7.737378068911737E-4 6.105025032339304E-4 -3.839737405020077E-4 -0.0024545072719083295 -7.561371486704343E-4 -7.795999085039812E-4 5.024868330100252E-4 
0.7253255431952434 -9.392882647579816E-5 6.299570823690674E-4 -7.021815595653671E-4 5.631486771887648E-4 -6.043404904446771E-4 -0.002461437606877302 -8.075474897074852E-4 6.850565913242034E-4 3.0376526030278394E-4 
0.10638921796098044 -2.3640285392893093E-4 5.530197048223592E-4 -8.667564170781023E-4 5.773719035044837E-4 0.0010345179018153635 -0.002561601846947312 -7.653169877848931E-4 8.931816382892963E-4 2.954640235854253E-4 
0.18227702461060286 -2.3646171150760922E-4 6.724142126561264E-4 -3.7586590906755796E-4 6.988687337789676E-4 -9.256288475152075E-4 -0.0024536705277186555 -7.804856366634385E-4 -8.559798245479169E-4 2.505773277327104E-4 
0.6065471210082402 -8.866134829634227E-5 6.975853156528014E-4 -7.02651362142298E-4 0.0016791196983519984 -3.928909459632968E-4 -0.002559324269272465 -8.906742993864885E-4 0.0010598706081867862 2.527298907682509E-4 
0.19598366961908784 -2.490030051330598E-4 6.55384382405736E-4 -7.826215068359012E-4 6.71789114642429E-4 -5.025589990537386E-4 -0.002881245836311619 -8.916159876092617E-4 7.419135798101429E-4 4.989026327177936E-4 
0.27128656638993953 -2.9416975650822775E-4 -4.6410697732446104E-5 -6.59091312849707E-4 5.898033539793623E-4 -4.892006161559024E-4 -0.0025245356679367394 -7.841645859375268E-4 -8.432697614696931E-4 2.7795863590667424E-4 
0.9926455452030725 -7.652828489438931E-5 -1.0287886513642738E-4 -7.596535430598183E-4 6.307589829347653E-4 -3.88040612764591E-4 -0.0025240071166674712 -0.0010402119973474547 -0.0010566135370145462 4.396613611617355E-4 
0.30255683180971565 -2.4328378439137456E-4 6.565087815839286E-4 -6.66492516478951E-4 5.118658917271037E-4 -3.630515413155884E-4 -0.0018881500014522271 -8.058036197873558E-4 -9.715683974101084E-4 4.659930487947105E-4 
0.8885659508353664 -8.497743417036007E-5 6.675288155424568E-4 -3.908761132492205E-4 6.480918058664282E-4 -9.8171283558322E-4 -0.002516736578652519 -0.0010149512247691335 8.194816318816101E-4 2.755743200720586E-4 
0.5387813960964674 -2.997318753577221E-4 6.552279487947799E-4 -4.043063055815039E-4 5.635264680578264E-4 -3.8325320988346235E-4 -0.0018862446996515195 -8.123124297127846E-4 -8.465711348499701E-4 2.99337113682321E-4 
0.2959341285268287 -2.2285751679055013E-4 6.998593441623292E-4 -7.469338291175127E-4 6.143717102238087E-4 -3.785230891885068E-4 -0.002928905596711836 -7.651614932495329E-4 0.001065652684937381 2.858379269916668E-4 
0.6460478657968224 -2.3516418971121196E-4 -2.3116779535074695E-6 -3.593709697591285E-4 5.164644818666826E-4 -4.2234269938397253E-4 -0.0025634889643799566 -7.241670733516426E-4 0.0010859432453675336 5.089027515699132E-4 
0.5243815434545165 -2.4344470988301605E-4 6.563582622074745E-4 -8.350048691643302E-4 5.145898744032781E-4 -3.800128636333125E-4 -0.0025207207300297495 -0.001016872541597962 -0.0010045614528221582 2.8191080630935404E-4 
0.8138537165917945 -3.1973114322767534E-4 2.2570281923524533E-6 -8.36383802528409E-4 7.261611097326534E-4 -3.681170346132781E-4 -0.0018860311971075194 -9.674530664766326E-4 -8.395098463725106E-4 2.743764245895159E-4 
0.026091595119111022 -3.2681119590788576E-4 -6.640020663646986E-6 -8.360694644341431E-4 5.832638667985116E-4 -3.905697679124004E-4 -0.0018893942382724313 -7.488923687696123E-4 -8.374707227112515E-4 2.8619393240298096E-4 
0.1395576330081821 -9.101364498284868E-5 -3.527005746207845E-5 -8.965956600894445E-4 6.477957486342629E-4 -3.7839003255876015E-4 -0.0024292739464289587 -7.611712536851499E-4 -8.350131231525781E-4 2.891484893120263E-4 
0.7617542116732022 -3.2393595001018474E-4 2.2570281923524533E-6 -8.36383802528409E-4 7.220487765755602E-4 -3.681810084493072E-4 -0.0018860311971075194 -9.67116167822963E-4 -8.384702484135854E-4 2.7257924425299083E-4 
0.6752743576959264 -2.3524176793081949E-4 -4.606700367397001E-6 -0.0010167861299858832 6.106114220103282E-4 -3.8690454690024057E-4 -0.0025171085111815638 -7.618980311552925E-4 -8.35837161614328E-4 2.852283796002941E-4 
0.6248773570319214 -2.296695450074156E-4 2.4968150431340882E-5 -8.281578430449417E-4 6.070745993644267E-4 -3.0716133151836156E-4 -0.0018928807055094148 -7.227698278749033E-4 -9.786489285670105E-4 4.911482507794153E-4 
0.24789269700363448 -1.408806240126917E-4 -4.985640557525321E-5 -6.478404323335586E-4 5.635269238541982E-4 -3.8352232999634987E-4 -0.0018697914005637796 -9.361347090859606E-4 8.518079637622095E-4 2.651069648375949E-4 
0.4218033181211075 -2.299975332459378E-4 6.939375571425681E-4 -9.080076924983699E-4 6.461654648555833E-4 -4.2220308355522275E-4 -0.0018013734561696196 -9.548387547196773E-4 -7.206883578887484E-4 2.775983951401672E-4 
0.11730286377548238 -1.3891925123117103E-4 -9.608294102027672E-5 -7.360789415502678E-4 5.686379829882034E-4 -3.865405699755423E-4 -0.0028353767111615916 -7.255024311718475E-4 -8.465711348499701E-4 2.6578482654550687E-4 
0.12005113508716984 -1.3869280142965492E-4 6.815369765611184E-4 -7.746342471659437E-4 5.390570592096576E-4 -3.857175118661342E-4 -0.002458931943935167 -7.651416553678741E-4 -9.679640488678984E-4 2.7795300485078996E-4 
0.6065471210082402 -8.866134829634227E-5 6.975853156528014E-4 -7.02651362142298E-4 0.0016791196983519984 -3.928909459632968E-4 -0.002559324269272465 -8.906742993864885E-4 0.0010598706081867862 2.527298907682509E-4 
0.043087028843714015 -3.1000949070322434E-4 6.877506518218258E-4 -9.277721065953046E-4 5.819221927222126E-4 -3.685194421461441E-4 -0.0018773806427150757 -7.979168097057461E-4 0.0011328681399083286 2.8460358313979256E-4 
0.36712707343723916 -1.574361441179211E-4 5.533996030236758E-4 -8.289738152218862E-4 0.0015398376250852026 8.817866730803429E-4 -0.002559831067020987 6.622171976785541E-4 9.386910638086331E-4 2.739847169798001E-4 
0.7076892389530673 -2.353134656870185E-4 6.998809206742907E-4 -3.381296679839068E-4 5.408210639982546E-4 -3.869429738874103E-4 -0.002458931943935167 -7.651416553678741E-4 -8.332979384555844E-4 2.75068653387149E-4 
0.2345963049396405 -9.761735154700576E-5 1.5714758782923679E-6 -7.734921781274368E-4 4.995108563250095E-4 -4.1962808461112075E-4 -0.0025498160517416902 -0.0010104133636456374 -7.92857392978118E-4 2.528887518255372E-4 
0.6909443181131678 -2.3524176793081949E-4 -6.952992585811254E-5 -0.0010167861299858832 5.936531622224026E-4 -3.8690454690024057E-4 -0.002519839614221083 -8.059699460378363E-4 -8.35837161614328E-4 4.8232754302784324E-4 
0.20096013934145063 -1.566414115483735E-4 6.66269917665019E-4 -7.750919132119081E-4 5.75300782724397E-4 -3.759735928160441E-4 -0.0018025818975240194 -9.607480249440037E-4 0.001246344964944898 4.989026327177936E-4 
0.7984964361582136 -8.802194797503783E-5 6.819663919831224E-4 -8.311845425776652E-4 7.094519466053611E-4 -3.634445553172165E-4 -0.0018860311971075194 -9.441624159778092E-4 0.0013111929935965742 2.743764245895159E-4 
0.03968299046248913 -3.106770110364527E-4 6.467914207750269E-4 -9.258207633572579E-4 5.325621001851306E-4 -3.878853378897824E-4 -0.002545009091558706 -7.922719157719033E-4 0.0010326728240318602 4.7827027399217345E-4 
0.9204068153067817 -3.239408917122254E-4 6.704383434471286E-4 -7.74737060067944E-4 7.220292907234156E-4 -6.112807172535237E-4 -0.001852427586067608 -8.042919873153187E-4 -8.37955313402326E-4 4.834567705435382E-4 
0.03428406447997964 -3.239408917122254E-4 6.362099046375868E-4 -7.744061140349244E-4 5.22146363918177E-4 -3.759735928160441E-4 -0.0024667140541268255 -8.80212412491449E-4 -7.686568439222911E-4 4.989026327177936E-4 
0.002425571690714917 -2.3664592144373203E-4 7.512599433978344E-4 -7.737378068911737E-4 6.825277519412747E-4 -3.877865801534726E-4 -0.0024723376742219463 -8.072768063255244E-4 -9.797708426383628E-4 4.924600190448419E-4 
0.36712707343723916 -1.574361441179211E-4 5.533996030236758E-4 -8.289738152218862E-4 0.0015398376250852026 8.817866730803429E-4 -0.002559831067020987 6.622171976785541E-4 9.386910638086331E-4 2.739847169798001E-4 
0.45322751671190775 -7.525808302778662E-5 7.006200167352533E-4 -3.259112847947342E-4 5.520323821666252E-4 -5.575375572456061E-4 -0.0029238837650730075 -8.884820614886593E-4 -7.687895857669544E-4 2.589817853779288E-4 
0.7418080102955551 -3.239408917122254E-4 6.660107905439592E-4 -7.74737060067944E-4 5.880798577229753E-4 -6.087377783905692E-4 -0.0018648185883411274 -8.068201125345011E-4 -7.728665858904364E-4 4.835473648538637E-4 
0.6485368106972776 -3.135520059085568E-4 6.741512958550133E-4 -8.337310811632172E-4 6.070745993644267E-4 -3.7728792880684065E-4 -0.0018934014753945057 -7.227698278749033E-4 -9.786489285670105E-4 2.738468308481549E-4 
0.6248773570319214 -2.296695450074156E-4 2.4968150431340882E-5 -8.281578430449417E-4 6.070745993644267E-4 -3.0716133151836156E-4 -0.0018928807055094148 -7.227698278749033E-4 -9.786489285670105E-4 4.911482507794153E-4 
0.7588159675741741 -8.96435791651771E-5 -1.2171144671412878E-4 -7.012200430514579E-4 0.001575490897320472 -3.8417782312990753E-4 -0.0019033469484724284 -8.930693144580641E-4 -8.216949738349058E-4 2.9759061391877663E-4 
0.030312592271757477 -2.9231787115467997E-4 -4.5122481577472974E-5 -7.293124330127598E-4 5.651754651297868E-4 -9.285364164215121E-4 -0.0018697914005637796 -9.260474676350359E-4 8.216164966161781E-4 2.651069648375949E-4 
8.00376086269608E-4 -1.375226031833154E-4 -9.911917320090159E-5 -0.0010204409426623079 7.513094645817508E-4 -4.0569428698083055E-4 -0.0028834272798166014 -7.470142608398507E-4 -8.569403030052249E-4 5.177122256832729E-4 
0.4638621015460636 -9.17879383651599E-5 -5.8418044162743255E-5 -3.918856676721695E-4 5.820611151298191E-4 -0.0010259334636504853 -0.002516620002999793 -8.143024403066448E-4 -8.732611591892725E-4 4.8232754302784324E-4 
0.244404917340925 -2.945809549687861E-4 3.316345254874062E-5 -4.154948534361633E-4 0.001663749399114869 -8.759138120275658E-4 -0.001850481474849914 -7.616531236415997E-4 0.0010598706081867862 2.5328712218803344E-4 
0.8765804205265147 -1.294874514865654E-4 8.2568106795103E-5 -9.082164410101682E-4 0.001661816248091238 -3.74998373704005E-4 -0.0025240071166674712 -9.336068334946288E-4 -0.0010780304270752827 4.388457772821057E-4 
0.7120308505257407 -8.278338404237071E-5 -1.2548335319023928E-4 -7.596832012601493E-4 6.304468491291544E-4 -3.880394580655675E-4 -0.0025245044366194688 -7.650343655329535E-4 8.970374846259571E-4 4.982892019579316E-4 
2.853655948112377E-5 -2.3664592144373203E-4 7.512599433978344E-4 -7.727763414609623E-4 6.825277519412747E-4 -3.8778618888426884E-4 -0.002528105936708021 -8.072768063255244E-4 -9.797708426383628E-4 4.844042435209986E-4 
0.3517159661682192 -8.955707236081817E-5 -1.0533753563058849E-4 -7.7975741836641E-4 7.265686191932415E-4 -3.9414312557266816E-4 -0.0025627673572920355 -8.932191327362532E-4 7.544697652227616E-4 2.4930622684940957E-4 
0.010162390854849768 -1.3515630714339632E-4 6.739324306511139E-4 -8.311845425776652E-4 5.824570323521248E-4 -3.590903280801239E-4 -0.0019132519982719275 -9.469635008815399E-4 7.86432281730681E-4 4.991321015009908E-4 
0.012326351517637611 -3.239408917122254E-4 6.660107905439592E-4 -7.744061140349244E-4 7.220292907234156E-4 -4.0695144296998373E-4 -0.0018885943340799449 -8.953490719373131E-4 -7.71236651230228E-4 4.991303355969471E-4 
0.7396552011408389 -9.719986017372053E-5 -7.586437877414739E-6 -9.280798856797424E-4 5.017914832058988E-4 -3.8571687777925166E-4 -0.002542779629452727 -7.6527333392023E-4 -0.001001852461566195 4.737293552433693E-4 
0.9522656332855565 -2.3645943277830937E-4 -6.965471237047673E-5 -3.865534255400149E-4 5.772350713283745E-4 -5.028874756240519E-4 -0.002453662884690077 -7.804856366634385E-4 -8.559798245479169E-4 4.98814805274408E-4 
0.45322751671190775 -7.525808302778662E-5 7.006200167352533E-4 -3.259112847947342E-4 5.520323821666252E-4 -5.575375572456061E-4 -0.0029238837650730075 -8.884820614886593E-4 -7.687895857669544E-4 2.589817853779288E-4 
0.06858887806260433 -8.486589528855287E-5 6.552503373603297E-4 -3.8024515007296835E-4 5.676835668223472E-4 -3.865405699755423E-4 -0.0024998125098638444 -8.102269382255821E-4 -8.483280814007783E-4 2.8227569318813397E-4 
0.5663391989371616 -2.4177097804070489E-4 4.021673407455725E-5 -6.238480466389325E-4 6.070493753216412E-4 -4.5270060863547335E-4 -0.002794845167091904 -9.584005414117259E-4 8.96544274245872E-4 2.8669632904689755E-4 
0.09994993705763744 -1.3816702042470053E-4 6.445761938282176E-4 -8.841301230709774E-4 5.832201583936014E-4 -4.7216489286519927E-4 -0.0025222460759179778 -7.538129777952359E-4 8.931816382892963E-4 4.7406053908530835E-4 
0.1759807917538223 -2.366854662101935E-4 6.559651303833527E-4 -7.695672478846889E-4 6.993362610776825E-4 -9.433716743972287E-4 -0.00246404001375652 -9.155114483199557E-4 -9.444344899794178E-4 2.5233205215116405E-4 
0.6871992803622731 -3.2401361404452037E-4 5.801691390187931E-5 -7.232439441644148E-4 5.869073673027052E-4 -4.062229105100734E-4 -0.0025637135105651275 -7.536022258146795E-4 -7.890206713818712E-4 5.083923089911765E-4 
0.8045677149512818 -1.341298318424664E-4 7.404335942098607E-5 -3.321778795739677E-4 5.859001783190353E-4 -3.7597181392649175E-4 -0.0019258296336112524 -7.25581738849075E-4 -8.350206918098782E-4 2.938342451931906E-4 
0.001201252600808389 -1.5556227257649676E-4 7.892079672658849E-4 -7.750919132119081E-4 6.71789114642429E-4 -0.0011145711535079212 -0.0025376743175282725 -0.0010515109560267747 -7.990862555235538E-4 4.946128234706101E-4 
0.9351970071682788 -3.092520970843876E-4 6.877506518218258E-4 -9.277721065953046E-4 5.314054530512552E-4 -3.685194421461441E-4 -0.0025453855960164357 -7.922719157719033E-4 0.0011346804234176012 4.736012632175085E-4 
0.5293907653707237 -2.3026728555448168E-4 -9.95065527724653E-5 -9.339277494885075E-4 6.978690346239352E-4 -3.9254727973998474E-4 -0.0024641243692848933 -9.59835772176521E-4 0.0010644533426768142 3.0764248184144446E-4 
0.5528275466205078 -2.3137503141226239E-4 -3.4987207855252645E-5 -9.358709325869584E-4 6.073812145133219E-4 -9.719683382141707E-4 -0.0024639199669575125 -9.573226253407925E-4 -8.486727314719818E-4 2.844473223242535E-4 
0.6649171583780737 -9.529828673524297E-5 6.293733500664417E-4 -6.312477542897359E-4 6.100863990769416E-4 -5.645831353981901E-4 -0.002558926866721741 -7.610740683681982E-4 7.946280210418104E-4 4.4227510311987543E-4 
0.17101273017305563 -2.3670621469856198E-4 6.559651303833527E-4 -7.695672478846889E-4 7.010427384777411E-4 -9.363135713656436E-4 -0.002453142173343723 -9.155114483199557E-4 -9.72796049433959E-4 2.5279885106109555E-4 
0.39715368476967816 -3.0250936445190785E-4 6.647569596522553E-4 -4.1973045830352105E-4 5.627017428963248E-4 -3.805984269686496E-4 -0.0018862446996515195 -9.542411658356407E-4 9.669806810130395E-4 2.850787074407378E-4 
0.9522656332855565 -2.3645943277830937E-4 -6.965471237047673E-5 -3.865534255400149E-4 5.772350713283745E-4 -5.028874756240519E-4 -0.002453662884690077 -7.804856366634385E-4 -8.559798245479169E-4 4.98814805274408E-4 
