0.9998770156060516 -8.244596853135193E-4 0.0012449712715647916 -4.8824129467907795E-5 -1.3946247900704963E-4 3.8520842721580305E-4 0.001376210087276745 8.87457312153543E-4 2.020581442987476E-4 3.3806549335332995E-4 
0.0 -8.272022012253623E-4 0.0012496884726094257 -6.852988965198715E-5 -1.7898752659084523E-4 3.9067101727182957E-4 0.0013978268238575766 9.026946647494573E-4 2.0224401792936648E-4 3.3792047581689046E-4 
0.12167193388445544 -8.23828195586087E-4 0.0013712036022774517 -1.0587579005361756E-4 -0.0019268272733552136 3.922835166029512E-4 0.0013842387840374848 5.629036146691068E-4 2.3217230409205682E-4 -0.0025044233309913792 
0.454568986688635 -8.272206597267368E-4 0.0012500245846795717 -1.1802095893576045E-4 -8.088919504766437E-4 0.0013360915258627767 0.0014394297902194668 9.041221922893651E-4 2.3435554818513954E-4 3.248852937332224E-4 
0.5309376413940751 -8.238228611194113E-4 0.0012487580757670768 -3.39026686764703E-4 -0.0016749060363676657 0.0013389683648540596 0.0013880926386144864 9.059791360977088E-4 1.9924292373225253E-4 3.2981737626652395E-4 
0.2328857967598223 -8.235262453983532E-4 0.0012775336607526383 -6.9592805239617E-5 -1.9889920691831201E-4 0.0012221665700520611 0.0018852585738023508 5.610542856680426E-4 6.478807459470318E-4 2.2020813184935544E-4 
0.143836599177602 -8.234995249255339E-4 0.0012719047671339544 -6.829104296671729E-5 -0.0016910237256390986 3.5496299043786975E-4 0.0013980173669387733 9.557004291760149E-4 2.5125160574099433E-4 3.3493443753737043E-4 
0.01401561949269775 -8.236685936574773E-4 0.0012692686979995614 1.1922842351986393E-5 -1.797378680485802E-4 1.8626768143432918E-4 0.0013534889217317616 8.931450722114349E-4 2.3486894713552474E-4 1.8631663797566048E-4 
0.9273221920916983 -8.271973982780054E-4 0.001249778952724915 5.406142804904385E-6 -7.623736179722062E-4 2.449080742799621E-4 0.00182300027388876 9.037046954679959E-4 2.4583539664404906E-4 5.059533489658741E-4 
0.2566240740809612 -8.272034391280204E-4 0.0012502494568831343 -2.3249517366832076E-4 -1.7898752659084523E-4 3.9082941304610425E-4 0.001409377754409721 9.026946647494573E-4 2.0234789294913468E-4 3.3792047581689046E-4 
0.024338582219750216 -8.271139163755089E-4 0.0012494287816610114 -4.3789800680050985E-5 -1.1478485731563162E-4 3.778566449812551E-4 0.001405725145163383 5.72511704097322E-4 6.677773910740916E-4 3.086038766757183E-5 
0.3021471180606874 -8.269707040725304E-4 0.0012769602019413466 -5.0452007204193836E-5 -0.0017164059145968371 1.9035267883525265E-4 0.0013680879446479137 5.530946844917945E-4 4.4490703076402135E-4 -0.002025329471987465 
0.15958928409502124 -8.235619387990739E-4 0.0012447640283495848 -7.957242596718243E-5 -1.7814564891239663E-4 0.0013360915258627767 0.0014394297902194668 5.717266464271891E-4 2.252213974985923E-4 4.4275415917508713E-4 
0.6591670128672832 -8.272776961260298E-4 0.001247552882748535 -9.956952515786108E-5 -2.1603336267044622E-4 2.4485360164640095E-4 0.00182300027388876 9.03481916154713E-4 2.4583539664404906E-4 -0.001747958579331632 
0.005580382182126902 -8.271616011464292E-4 0.0013164996486970714 -1.0686442774022968E-4 -9.41489436781805E-5 3.922835166029512E-4 0.0014216010348219394 5.564584706602224E-4 6.449877616194683E-4 4.7961859200998727E-4 
0.6150240319856163 -8.238228611194113E-4 0.0012463768150617735 -1.0713639044748515E-4 -1.3342298053350304E-4 0.0013243701243106896 0.001379695024700626 9.036429195931738E-4 2.00890662691082E-4 3.2617348263106627E-4 
0.01401561949269775 -8.236685936574773E-4 0.0012692686979995614 1.1922842351986393E-5 -1.797378680485802E-4 1.8626768143432918E-4 0.0013534889217317616 8.931450722114349E-4 2.3486894713552474E-4 1.8631663797566048E-4 
0.08933198024131211 -8.236428692721993E-4 0.0012466577381274459 -3.302098870611734E-4 -1.6761388953149701E-4 4.115602806336737E-4 0.001883706914601467 7.010688390145814E-4 6.478807459470318E-4 2.230536122902335E-4 
0.43847817293106384 -8.270939458655323E-4 0.0013698831200308367 -1.0709482118779818E-4 -9.415658217712061E-5 0.0013558102698918613 0.0013897072954301092 5.603070595081982E-4 2.1999154642000815E-4 4.7951502136015856E-4 
0.3105138386605895 -8.236868910620489E-4 0.0012775021306053445 -3.849169601876199E-4 -1.6905967249471464E-4 2.921035722282808E-4 0.001359863417812255 6.771452639031052E-4 4.5397098041794165E-4 5.061279360882719E-4 
0.42353157352409015 -8.235406406062993E-4 0.0012689650995987272 -8.225476487781984E-5 -0.0016683661238103941 0.001335737419423866 0.0013898611614309704 5.500485093848276E-4 2.5125160574099433E-4 2.7511047063540566E-4 
0.36520393557332165 -8.271616011464292E-4 0.0013692081901573972 -1.0712008193624954E-4 -1.0996891772910159E-4 3.922835166029512E-4 0.0018649409782408527 5.644535083330005E-4 6.376871150741818E-4 4.7961859200998727E-4 
0.8077662726921399 -8.272733903642879E-4 0.0012719602448917964 -1.2490590965874367E-4 -0.0016356105446567785 3.9167526801893877E-4 0.0018953149397002219 5.752918311974409E-4 2.3383826367453362E-4 5.323062092605101E-4 
0.6783510581427133 -8.270895676615804E-4 0.0012494757563769943 -3.3966680137139754E-4 -7.418770192543639E-4 4.0189686359791334E-4 0.0018615531238327665 8.751209128180999E-4 6.299040665150744E-4 -0.002119986928496034 
0.0307892876237352 -8.272376524130873E-4 0.0012495251652087276 -1.0687176253577485E-4 -9.366869447184398E-5 4.675970862880838E-4 0.0014403005405520944 5.341585791164479E-4 6.396540791981716E-4 5.390961421506869E-4 
0.19635283948640153 -8.272205627005894E-4 0.0012516327876391279 -4.374431215652092E-5 -1.5782955066235443E-4 3.8545560799929234E-4 0.0018627715091779813 8.874989234646132E-4 2.0234789294913468E-4 3.3792047581689046E-4 
0.10257438737646923 -8.238228611194113E-4 0.0012466073681086066 -1.0713639044748515E-4 -1.3342298053350304E-4 0.0013243701243106896 0.001379695024700626 9.205379005023493E-4 2.030857603460182E-4 3.2451507749172695E-4 
0.9003883361516021 -8.271976999528784E-4 0.0012506519746270772 -7.260889060326939E-5 -0.0017178207044614008 1.9030230250281525E-4 0.0013963042312688132 9.343552098952689E-4 4.5292721788830874E-4 2.731511346534836E-4 
0.7695644614187004 -8.236591577587119E-4 0.0012457265352397663 -3.302000102698617E-4 -6.98259641834E-4 4.070022249286164E-4 0.0018971752439170312 7.045224163327237E-4 6.478807459470318E-4 2.230536122902335E-4 
0.1052966860415798 -8.270939458655323E-4 0.0013712036022774517 -1.0709482118779818E-4 -9.415658217712061E-5 3.922835166029512E-4 0.0013842387840374848 5.626986669109667E-4 2.3217230409205682E-4 4.7961859200998727E-4 
0.5876746756045004 -8.237049339806893E-4 0.001313853222149164 -1.064082428424412E-4 -1.824109959567101E-4 0.0013736739370919866 0.001820343616743746 8.889692776038065E-4 6.216118630948739E-4 5.121841134248459E-4 
0.06461568271615709 -8.236299225366681E-4 0.0012457275424339834 -1.962610612101862E-6 -2.713383516694324E-4 4.07629699951402E-4 0.001391764588917627 9.355582532892746E-4 4.319858697307213E-4 2.2310195436486992E-4 
0.002505184569787544 -8.236227237765399E-4 0.001251500535364611 -8.159959074676172E-5 -6.936143884492532E-4 4.072503849046452E-4 0.0013652050641500494 9.045228172648223E-4 2.3423876568313674E-4 4.0767722231778653E-4 
0.8224997875355026 -8.272737143899801E-4 0.0012712207209220874 -1.2509939174060728E-4 -1.2239122681850323E-4 3.678527809229294E-4 0.0018953149397002219 8.874425391203174E-4 2.2937365558180353E-4 4.718427349075294E-4 
0.8358515482539453 -8.236591577587119E-4 0.0012514940732486204 -3.2811431352125053E-4 -6.98259641834E-4 4.070022249286164E-4 0.0018971752439170312 7.045224163327237E-4 6.478807459470318E-4 2.355836007324771E-4 
0.8630368369247082 -8.235718338697343E-4 0.0012506148706460736 -3.270831011589368E-4 -0.0016600474760609617 4.6941154502766973E-4 0.0019166390451960517 9.292765040769173E-4 2.2767526392968067E-4 -0.0018803878245636629 
0.8489677745137972 -8.243833628825359E-4 0.0012464129578622593 -8.35563523576781E-5 -1.8490177078582412E-4 0.0013566366861465415 0.0018395250413189986 5.6031231337222E-4 4.3737438729035314E-4 5.727262146014475E-4 
4.825424172658632E-4 -8.271616011464292E-4 0.001248342245829185 -6.788715821467343E-5 -7.183296338825407E-4 3.922835166029512E-4 0.0018649409782408527 9.396905291132046E-4 2.3217230409205682E-4 4.783813585509858E-4 
0.33858245265414433 -8.272022012253623E-4 0.0012496884726094257 -3.316889130575248E-4 -1.7898752659084523E-4 3.908875286643184E-4 0.0013981243807200854 8.860989785341277E-4 2.0234789294913468E-4 5.33926550411008E-4 
0.13373687521248645 -8.235508013462806E-4 0.0012465985992658692 -3.382172463262853E-4 -7.77574781517463E-4 0.0013389683648540596 0.0013950447479367835 9.196442080041321E-4 2.4738672504517325E-4 4.0893111952417237E-4 
0.9426149968072008 -8.2451334635536E-4 0.0012489706220140159 -2.352454227363844E-4 -1.4458534947129936E-4 5.187472409202418E-4 0.0013626723691667981 9.081207464312487E-4 2.0231266761492326E-4 3.002760812983811E-4 
0.1876413183863599 -8.272236661819434E-4 0.001417777146754126 -4.374431215652092E-5 -1.7898752659084523E-4 3.8508080644844187E-4 0.0013759413999565532 8.874737926778862E-4 2.0234789294913468E-4 3.3792047581689046E-4 
0.4026959670100798 -8.244333428017631E-4 0.001269621828450837 9.102038676963232E-6 -1.8490177078582412E-4 0.0013360943752276577 0.0013885680848850581 8.942514412432145E-4 4.4197888686373007E-4 5.738571308383014E-4 
0.9644577011501323 -8.236334071826368E-4 0.0012529441473342123 -3.867611545546861E-4 -1.6905967249471464E-4 2.925329275727476E-4 0.001359863417812255 6.71501011223586E-4 2.0136277287379693E-4 5.061279360882719E-4 
0.04626594420862037 -8.23539400783882E-4 0.0012693042139070927 -1.2650619608090094E-4 -5.1275747837735354E-5 4.864479755830066E-4 0.0013897986973148545 5.752756184957268E-4 2.2929873749906506E-4 4.598736353308472E-4 
0.6475087161063177 -8.244800130677601E-4 0.001275221316264384 -1.1084802976804581E-4 -1.5185530824795635E-4 0.0012632585915208663 0.0013976787495670912 9.335068620756578E-4 4.357382712765822E-4 5.033651232815667E-4 
0.7093007984895048 -8.236982585325591E-4 0.0012494757563769943 -3.3966680137139754E-4 -7.418770192543639E-4 4.0189686359791334E-4 0.0018615531238327665 8.751209128180999E-4 6.174720566281469E-4 -0.002119986928496034 
0.47288174645270464 -8.235391445192479E-4 0.0013169984884396622 -3.0877973018612025E-4 -0.0016108098500089455 3.782902294658032E-4 0.0014042060855373824 5.724244712546313E-4 6.677773910740916E-4 3.086038766757183E-5 
0.6063247487606925 -8.237519820912357E-4 0.0012690542861053236 -1.2650619608090094E-4 -4.0020805946166195E-5 4.885297095766003E-4 0.0013888517577840351 5.770855162078508E-4 2.2929873749906506E-4 4.598736353308472E-4 
0.9896700732351511 -8.244596853135193E-4 0.0012449712715647916 -0.002657482670700286 -0.0015619213332470892 4.1240091322150693E-4 0.0014336791358085389 8.87457312153543E-4 2.035511310733514E-4 -0.0017511266689027804 
0.07392057486170889 -8.270939458655323E-4 0.0013712036022774517 -1.0709482118779818E-4 -9.415658217712061E-5 0.0013560610905175546 0.0013842387840374848 5.603070595081982E-4 2.1999154642000815E-4 4.800807904102588E-4 
0.5141619118162994 -8.272776961260298E-4 0.001249778952724915 -3.342356722581328E-4 -7.613099607949071E-4 2.449080742799621E-4 0.00182300027388876 9.034818306739169E-4 2.4583539664404906E-4 5.121841134248459E-4 
0.7804287799330352 -8.236795745893307E-4 0.0012481444804739086 -9.298690500030081E-5 -2.0034724649665623E-4 1.6564899291403768E-4 0.001393768292519241 5.60936078032737E-4 6.181146836545373E-4 2.9489857145847064E-4 
0.08515583343489372 -8.271616011464292E-4 0.0013692081901573972 -1.0632944364595033E-4 -9.415658217712061E-5 3.922835166029512E-4 0.0018649409782408527 5.626986669109667E-4 2.3217230409205682E-4 4.7961859200998727E-4 
0.005580382182126902 -8.271616011464292E-4 0.0013164996486970714 -1.0686442774022968E-4 -9.41489436781805E-5 3.922835166029512E-4 0.0014216010348219394 5.564584706602224E-4 6.449877616194683E-4 4.7961859200998727E-4 
0.04162504449487117 -8.235354430181225E-4 0.0012485603604310517 -3.39026686764703E-4 -4.5993605373137285E-5 0.001340045945068307 0.0013880926386144864 9.059791360977088E-4 2.2874385582831035E-4 3.2981737626652395E-4 
0.5927506997936471 -8.272586020034716E-4 0.0013693189275931072 -2.390719970619558E-4 -1.5965834337749416E-4 3.428661442324971E-4 0.0018798841404887195 5.640670932380637E-4 2.319058518256142E-4 4.1367711361096703E-4 
0.5669761291933105 -8.272246586840245E-4 0.0013172691636946746 -3.7665762344019007E-4 -3.08384405551232E-4 3.095276293711752E-4 0.0014026426021027292 5.711033219258132E-4 6.316739388669875E-4 2.837247396370721E-4 
0.35115993680204205 -8.244596853135193E-4 0.0012449712715647916 -4.8824129467907795E-5 -1.7760951814126236E-4 4.1431961093910986E-4 0.001376210087276745 8.87457312153543E-4 2.020958920927447E-4 3.378903378032234E-4 
0.39359614593325243 -8.272652890428773E-4 0.0012460815873606861 -2.2696471182380025E-4 -0.0015901820373936419 3.591846960378499E-4 0.001409857490520777 7.002671367610465E-4 2.2115153882687396E-4 2.998904268000309E-4 
0.699371794255226 -8.270895676615804E-4 0.0012494757563769943 -3.3966680137139754E-4 -7.418770192543639E-4 4.0189686359791334E-4 0.0018615531238327665 8.751209128180999E-4 6.299040665150744E-4 -0.002119986928496034 
0.5094103687159179 -8.272776346376938E-4 0.001249778952724915 -1.0662083226500448E-4 -6.428503127017089E-5 2.449080742799621E-4 0.00182300027388876 8.883416982918874E-4 2.071875402228774E-4 5.121841134248459E-4 
0.0015076095554944352 -8.273419991373969E-4 0.001251500535364611 -8.159959074676172E-5 -7.10252189442896E-4 4.072503849046452E-4 0.0018786210463116386 9.045228172648223E-4 6.41414362602962E-4 4.254310698436003E-4 
0.0771289652045111 -8.239078396581312E-4 0.0013187892626365387 -1.084372362201451E-4 -7.795318564956652E-4 3.9244393758298447E-4 0.0018827156725477888 5.762934418703341E-4 2.2690120802706834E-4 2.695500062283311E-4 
0.5486842153607556 -8.272246586840245E-4 0.0012694971780969806 -3.7665762344019007E-4 -3.08384405551232E-4 3.0819761721662234E-4 0.0013509587891249802 5.711033219258132E-4 2.3480502292677825E-4 2.837247396370721E-4 
0.27208124390820326 -8.273297241825784E-4 0.0013170911627772646 -9.014890398194643E-5 -7.203397758607016E-4 4.674954216872151E-4 0.0014167775421351952 5.529762058754141E-4 1.99297491556912E-4 5.344043828833916E-4 
0.1684144534849802 -8.27203431898657E-4 0.001417777146754126 -4.384742295434359E-5 -1.7898752659084523E-4 3.9079350841051726E-4 0.0014098714695272077 8.874737926778862E-4 2.0234789294913468E-4 3.3792047581689046E-4 
0.5669761291933105 -8.272246586840245E-4 0.0013172691636946746 -3.7665762344019007E-4 -3.08384405551232E-4 3.095276293711752E-4 0.0014026426021027292 5.711033219258132E-4 6.316739388669875E-4 2.837247396370721E-4 
0.32567738162167925 -8.23601101371011E-4 0.0012451125629125814 -6.873428220422135E-5 -0.0016767239610783326 3.912442926681954E-4 0.001895770013287869 9.034948126866554E-4 2.2348413858219244E-4 3.167981026267441E-4 
0.9599463396154264 -8.271299889303204E-4 0.0012781226458052416 1.2537007949908681E-5 -3.1202046851137844E-4 1.9025174774275867E-4 0.0013881505357738193 9.355580793151934E-4 2.4952805650954005E-4 2.3721371413420002E-4 
0.6355944320811975 -8.235825577790425E-4 0.0012506274232020212 -1.0717942145245204E-4 -1.814846114746399E-4 4.3838782980342914E-4 0.0018675846421159314 8.829226034223472E-4 6.477630034236486E-4 4.814756622967145E-4 
0.4849085448940342 -8.238518591386862E-4 0.0012711629852044993 -2.2548341951345152E-4 -0.001656512539272243 3.9244393758298447E-4 0.0018769630675055894 5.763230091505743E-4 2.3367457051562713E-4 2.6840214202864324E-4 
0.20866023333621422 -8.245078544155432E-4 0.0012696946762965618 -1.160432757986033E-4 -1.572638830187806E-4 0.001265897447140619 0.0018889916202071322 7.047501456068361E-4 4.4000070782427105E-4 7.062433546670167E-4 
0.4277866090583233 -8.239123771882053E-4 0.001250555520172283 -3.376594702658342E-4 -7.442451297731311E-4 3.7207132762725125E-4 0.00140387708199884 5.545195442704144E-4 2.4586514988798094E-4 3.554277505776013E-4 
0.4956007155243224 -8.24547694498368E-4 0.0012717109636532413 -3.449579980097025E-4 -1.2835890312336344E-4 1.961421164463723E-4 0.0019237070003203175 8.853589673875629E-4 2.2937365558180353E-4 5.31778350680034E-4 
0.28530755788462664 -8.235619387990739E-4 0.0012500336913324529 -3.1905882966893186E-4 -8.088919504766437E-4 0.0013360915258627767 0.001402980640174368 9.194106919928982E-4 2.3435554818513954E-4 4.080926284490869E-4 
0.7259614590173276 -8.239078396581312E-4 0.0012501122469658905 -3.398192596762123E-4 -7.795318564956652E-4 2.1319050962402238E-4 0.0018656179065260749 9.342368516191889E-4 2.4292443747044634E-4 -0.0018240438204525102 
0.32771567263010337 -8.23601101371011E-4 0.0012451125629125814 -7.257638642879823E-5 -0.0016767239610783326 1.9649871161856952E-4 0.0019238093853883764 9.028425751907618E-4 2.2348413858219244E-4 3.167981026267441E-4 
0.7402504839975654 -8.234833847595072E-4 0.0012457240228922418 -6.863390752320374E-5 -6.98259641834E-4 4.070022249286164E-4 0.001895733082595163 7.045224163327237E-4 6.478807459470318E-4 2.230536122902335E-4 
0.37672486621271184 -8.235303927291791E-4 0.001317540777894028 -3.762303047237172E-4 -6.899569697368338E-4 2.738489875028432E-4 0.0019006770079894402 9.21157307410368E-4 6.879429583844664E-4 4.6304477579059324E-4 
0.02534576115628595 -8.269653970639053E-4 0.001249403153361502 -4.533377294568127E-5 -1.0072079828484851E-4 3.923191026472942E-4 0.0018958168469439954 6.688177813482686E-4 1.9134022111205623E-4 5.410150420088387E-4 
0.237469586529654 -8.271555578115061E-4 0.0012516327876391279 -1.974930402129374E-5 -1.5782955066235443E-4 3.853853454551705E-4 0.0018524053073555834 8.874989234646132E-4 2.0072849819729102E-4 3.3792047581689046E-4 
0.37672486621271184 -8.235303927291791E-4 0.001317540777894028 -3.762303047237172E-4 -6.899569697368338E-4 2.738489875028432E-4 0.0019006770079894402 9.21157307410368E-4 6.879429583844664E-4 4.6304477579059324E-4 
0.20951686349665524 -8.245078544155432E-4 0.0012696946762965618 -1.160432757986033E-4 -1.519878493266733E-4 4.0142761139871084E-4 0.0018889916202071322 7.047501456068361E-4 4.4000070782427105E-4 4.720402809939288E-4 
0.28530755788462664 -8.235619387990739E-4 0.0012500336913324529 -3.1905882966893186E-4 -8.088919504766437E-4 0.0013360915258627767 0.001402980640174368 9.194106919928982E-4 2.3435554818513954E-4 4.080926284490869E-4 
0.20951686349665524 -8.245078544155432E-4 0.0012696946762965618 -1.160432757986033E-4 -1.519878493266733E-4 4.0142761139871084E-4 0.0018889916202071322 7.047501456068361E-4 4.4000070782427105E-4 4.720402809939288E-4 
0.8843138080636422 -8.23474918394196E-4 0.0012459040668817512 -3.842144260745461E-4 -1.7849967689015034E-4 2.4174179738584666E-4 0.001443288371142598 9.042947514742803E-4 1.9703997163163592E-4 3.2981737626652395E-4 
0.6355944320811975 -8.235825577790425E-4 0.0012506274232020212 -1.0717942145245204E-4 -1.814846114746399E-4 4.3838782980342914E-4 0.0018675846421159314 8.829226034223472E-4 6.477630034236486E-4 4.814756622967145E-4 
0.7804287799330352 -8.236795745893307E-4 0.0012481444804739086 -9.298690500030081E-5 -2.0034724649665623E-4 1.6564899291403768E-4 0.001393768292519241 5.60936078032737E-4 6.181146836545373E-4 2.9489857145847064E-4 
0.7217352169852908 -8.272981912065673E-4 0.0012717109636532413 -1.2509939174060728E-4 -0.0016363945813715373 3.9088769749599816E-4 0.0018962104348928801 5.752918311974409E-4 2.3383826367453362E-4 5.997183974500292E-4 
0.9349806042777804 -8.235619387990739E-4 0.0012446680704387594 -7.957242596718243E-5 -1.4000370887579694E-4 0.0013069803421394699 0.0013984866727075273 5.761493594684581E-4 2.0307991096621313E-4 2.7723204296613453E-4 
0.8095121005000504 -8.272797145209241E-4 0.0012717109636532413 -1.2509939174060728E-4 -0.0016363945813715373 3.9088769749599816E-4 0.0018953149397002219 5.752918311974409E-4 2.3383826367453362E-4 5.323062092605101E-4 
0.2458751783165085 -8.2452277424592E-4 0.0012686115989614338 -2.3255075790322045E-4 -0.0016894917837290695 1.941497481933079E-4 0.0013881628148555672 5.762923267801324E-4 2.52311094379901E-4 2.3721371413420002E-4 
0.27326677210743494 -8.272177083155695E-4 0.0013170911627772646 -9.254515009544599E-5 -9.613030501667074E-5 4.7043520809811215E-4 0.001418485142376891 9.013075087963866E-4 6.396540791981716E-4 5.339178466098086E-4 
0.34730843329542155 -8.244596853135193E-4 0.0012527015799524235 -2.0626904166013262E-5 -2.2422934992054647E-4 4.745288318055589E-4 0.001874230600092888 5.751501438332404E-4 2.3115177261656092E-4 2.2813856044744205E-4 
0.8995499036396573 -8.271976999528784E-4 0.0012507010764227268 -8.203469379837867E-5 -0.001716891161551365 2.2475306157667037E-4 0.0013963042312688132 9.346643120442212E-4 2.0578032280268072E-4 2.731511346534836E-4 
0.13596971972655916 -8.23418290368287E-4 0.0013692081901573972 -1.0712008193624954E-4 -1.0996891772910159E-4 0.001333411280651077 0.0018645943341975872 5.644535083330005E-4 6.376871150741818E-4 4.7961859200998727E-4 
0.03646929589606651 -8.269653970639053E-4 0.001249403153361502 -4.3916861384865635E-5 -1.0073655343438538E-4 3.9793473981687916E-4 0.0018958327934460429 6.710823989638529E-4 1.9134022111205623E-4 5.410150420088387E-4 
0.17831448798572297 -8.273351026154315E-4 0.0013678849986583626 -8.086262780390013E-5 -7.238093754650268E-4 4.392213686117745E-4 0.0013973703100516495 8.865267630849779E-4 2.0305479684314996E-4 3.3019422572361717E-4 
0.060240696721602205 -8.235391445192479E-4 0.0012692591677799872 -3.0877973018612025E-4 -0.0016108098500089455 0.001366124965822047 0.0013897986973148545 5.713954545619056E-4 6.677773910740916E-4 3.0835507834851135E-5 
