7.212459227955956E-19 1.8688726217763312E-4 -0.0010063898686600292 -0.0010404933118253338 -7.686136869831617E-4 -3.6466490230630606E-4 -5.321865925174854E-4 -1.745020114777023E-4 -7.108060134883465E-4 0.0011769499477047587 
0.9990878469599992 2.1311678518733313E-4 -9.749160180770767E-4 -0.0010436054372004613 -7.340868484129806E-4 -3.255290432549483E-4 -5.403191294536762E-4 -1.5902193646217188E-4 -7.059038207829821E-4 0.001179394998943651 
0.8120203811818842 2.154505272780588E-4 -9.767886091591202E-4 -0.0011913433231064315 -7.315407463403074E-4 -2.7530691633321965E-4 -4.3457575340670126E-4 -1.1203681975465476E-4 0.0011368891929929832 0.0011693090954319177 
0.027170291444082312 2.130020088293154E-4 -0.0010766281735522343 -0.0010939180693742816 -7.311971340257096E-4 -3.421483625659536E-4 -5.208583445072439E-4 2.2816081620619588E-4 -0.0011015573549274173 0.0011662114203336918 
0.6142641611910226 1.914375363496386E-4 -9.733968634632041E-4 -0.0011072747957738892 -7.321743274062749E-4 -1.7608141221750823E-4 -4.441394671942553E-4 -1.7936207969706803E-4 3.876793247396232E-4 0.0011739669625392573 
0.9035325138163278 2.1297463820257634E-4 -0.00100016498805537 -0.001090249360887043 -7.340846349090581E-4 -3.1075305648980343E-4 -4.4705534042083347E-4 -1.7554008575374448E-4 -5.075365872765944E-4 0.0011815143337922545 
0.162982905108834 2.1702059124273056E-4 -8.515294091280925E-4 -0.0010388041160395926 -7.681981821737407E-4 -3.989750361007192E-4 -5.227681795637357E-4 -1.4685616045304056E-4 -6.859081326689515E-4 0.0011743902521720987 
0.016393809893988743 1.8839954482653367E-4 -8.437131152581547E-4 -0.0014976801952623204 -7.686562358873914E-4 -3.2500837794898277E-4 -5.046423941373394E-4 -1.4541765911038252E-4 4.4521207865262966E-4 0.0011730766449146507 
0.6618947053674449 1.8746737560623126E-4 -0.001002824745161311 -0.0016167820832519734 -7.320523671779432E-4 -3.4109250620856295E-4 -5.474118239487461E-4 -1.5125121237585804E-4 -9.140377891364966E-4 0.0011743101848680514 
0.5830342148516336 2.1429038841401851E-4 -9.73395281242064E-4 -0.0010169361739775261 -7.680883526528301E-4 -4.057777497405601E-4 -6.381302320131785E-4 -1.755677469880065E-4 -8.117794983247475E-4 0.0011732481732620852 
0.7786416422356878 2.129760665708192E-4 -8.448028681007165E-4 -0.0010826588212148305 -7.322019177158141E-4 -3.254694896618013E-4 -4.532279275807752E-4 -1.9058221500749666E-4 -4.925352165550003E-4 0.0011801437250572528 
0.7173410044053294 1.8955240903580954E-4 -0.0010001012346594889 -0.0010892521887954918 -7.327285612297248E-4 -4.0714465943523246E-4 -5.613324344484579E-4 -1.4406107991665198E-4 3.700758296295943E-4 0.001176897589442099 
0.6409671732084775 2.1740082421237627E-4 -8.429206721141458E-4 -0.001087477937286917 -7.686562358873914E-4 -3.2526009703243126E-4 -4.4712998996731244E-4 -1.7976936683090282E-4 3.9263852556518036E-4 0.0012666175504206627 
0.10021473424552559 2.1537449473212685E-4 -0.0010508566837700295 -0.0010875159678381732 -7.327788963508251E-4 -4.0714465943523246E-4 -4.2495395241105334E-4 -1.2975726602335134E-4 3.9101937674185374E-4 0.0012209726677224586 
0.10708459888026714 2.172792703858161E-4 -0.0010553797512356153 -0.0010891900265139758 -7.324484155060002E-4 -3.255744497329291E-4 -4.2442834902560944E-4 -1.4366921470158049E-4 -5.354628367742805E-4 0.0011858424189877096 
0.505824881626499 2.150144945163447E-4 -8.423617719103592E-4 -0.0010440708901819744 -7.32875314507295E-4 -2.7872658486034014E-4 -5.437994732948038E-4 -1.615967560966055E-4 0.001139250279890709 0.0011745965320361256 
0.8810475936161448 2.1297463820257634E-4 -8.485792263847538E-4 -0.001090249360887043 -7.340846349090581E-4 -3.1060455410222674E-4 -4.4705534042083347E-4 -1.773143273166941E-4 -5.075365872765944E-4 0.001173232479588668 
0.4919571557006657 2.162696351371752E-4 -9.715146850721146E-4 -0.0010469367315219561 -7.309602123694149E-4 -9.154969837212822E-4 -1.8830523440934628E-4 -1.811866435257069E-4 -6.350854691147064E-4 0.0011799272334389794 
0.2847905594372819 1.8984387656135028E-4 -0.0010009371895511737 -0.0010571410511837943 -7.30290216199551E-4 -8.385207291247181E-4 -4.409667888995996E-4 -1.7796945433284174E-4 3.697537245593317E-4 0.0011776175697253907 
0.07650855904101977 1.888835813283479E-4 -8.343910335823918E-4 -0.0010836113100737381 -7.681923469485302E-4 -3.2500837794898277E-4 -5.024813115370324E-4 -1.446130668849927E-4 3.949652462103011E-4 0.0011730766449146507 
0.31946233978869093 2.155818826678365E-4 -0.0010533654075297683 -0.0011005580987471664 -7.317656417440452E-4 -2.192155363235237E-4 -2.1293387940297012E-4 -1.8016342976778636E-4 3.7595120169352724E-4 0.001170906445289154 
0.2975244393840385 1.8746737560623126E-4 -0.001002824745161311 -0.0016167820832519734 -7.320523671779432E-4 -2.0210661718934972E-4 -5.474118239487461E-4 -1.5125121237585804E-4 -9.140377891364966E-4 0.0011743101848680514 
0.4096331080673507 2.1496758929415342E-4 -8.458796795900649E-4 -0.0010177548328095072 -7.32875314507295E-4 -3.254551245142029E-4 -5.399460672579466E-4 -1.473567970048196E-4 0.0013108473154366002 0.0011747238735932213 
0.005725331448139276 1.8597054885118955E-4 -0.001071676400010723 -0.0010791638746644357 -7.699077296494775E-4 -3.3707551021177365E-4 -5.732813670778227E-4 -6.30837034713315E-4 3.603051953991157E-4 0.0011742063057054136 
0.3589096801964482 2.1447242347129034E-4 -0.0010524672909047275 -0.00107930617493351 -7.321216680239456E-4 -3.265448905901493E-4 -4.2665357182504005E-4 -1.1309490163286952E-4 0.0010186196867410097 0.001224025037754319 
0.6295812506550946 2.3078940808293196E-4 -8.409490203011068E-4 -0.001045334244670772 -7.328753796103687E-4 -2.787184516126403E-4 -5.429787524181391E-4 -3.7848050679680656E-4 -9.216042026025818E-4 0.001174637183268665 
0.37439802939620836 2.134856648431347E-4 -0.001044317761370865 -0.0010782643305798085 -7.344272965726602E-4 -8.071823810118224E-4 -1.6414506340804816E-4 -1.5957739556046244E-4 -6.073473264480433E-4 0.0012669200344671723 
0.30848831258236 2.1310993092200236E-4 -0.001012015985638782 -0.0014829123009361708 -7.356086645029862E-4 -2.123998419607528E-4 -1.8321541037748064E-4 -1.766865630528422E-4 -6.066427396661537E-4 0.0012621896754242512 
0.04849339573014366 1.9159298259309628E-4 -8.467280743302658E-4 -0.00145748842701661 -7.670880906521946E-4 -2.6952852558206794E-4 -1.6701373103372271E-4 -1.4244303148090834E-4 -8.237498753122417E-4 0.0011693073496472244 
0.7374944196708871 2.1237029616007615E-4 -8.437131152581547E-4 -0.0011119311955309224 -7.662314799884918E-4 -3.252246033774031E-4 -5.539474897859255E-4 -1.488400985371516E-4 4.4521207865262966E-4 0.00117495642759969 
0.18372804367689918 2.1781337213922083E-4 -8.435870964212447E-4 -0.0016274624954269068 -7.686562358873914E-4 -3.115104167590729E-4 -5.490155078348735E-4 -1.482638042390131E-4 3.9062266758040716E-4 0.0011741847181906196 
0.18372804367689918 2.1781337213922083E-4 -8.435870964212447E-4 -0.0016274624954269068 -7.686562358873914E-4 -3.115104167590729E-4 -5.490155078348735E-4 -1.482638042390131E-4 3.9062266758040716E-4 0.0011741847181906196 
0.42131806280791473 2.1418823102832888E-4 -0.0010494331282257909 -0.0014492241534651152 -7.312174575182984E-4 -7.98347803844026E-4 -5.550542311287751E-4 -1.4158839851764724E-4 -6.258200006022904E-4 0.001184435384641985 
0.9291951090099388 2.135588408809141E-4 -0.001001970527101433 -0.0010379878187473893 -7.681734610549578E-4 -3.0967752654281305E-4 -4.4105750520206927E-4 -1.744839655576804E-4 -5.07197104643681E-4 0.001179785931850378 
0.14108232837375184 2.1297463820257634E-4 -0.0010001613712098617 -0.001170997646352373 -7.338981584001986E-4 -3.1075305648980343E-4 -4.4705534042083347E-4 -1.7554008575374448E-4 -4.7870881202524283E-4 0.0011775523078587154 
0.06761070044294135 2.3049498267411898E-4 -9.81662540198272E-4 -0.0011129200095257334 -8.232166460334116E-4 -3.138563164197198E-4 -6.376997799845718E-4 -1.7480450966104303E-4 4.683466010245527E-4 0.0011729784540369208 
0.03761369451493097 2.164232979852935E-4 -0.0010032669699596756 -0.001181042626981414 -7.299640878192242E-4 7.029997283989316E-5 -1.5305536041712014E-4 -6.30837034713315E-4 0.001362274058019311 0.001270960265090677 
0.0878272334874502 2.2994609357364425E-4 -0.0010008114700181476 -0.0010436054372004613 -7.35676989533935E-4 -1.9558470938076046E-4 -1.908150708246976E-4 2.4166006152579348E-4 0.0013345381239085773 0.0012194662006836552 
0.5363432563472516 2.1327013417280662E-4 -9.72678039354407E-4 -0.0010902455219830532 -7.344764470127532E-4 -2.3843961615760694E-4 -3.965083204975237E-4 -1.755683347054141E-4 4.30254234081929E-4 0.0012196193655181326 
0.45865563845282475 2.128251354637655E-4 -9.707465466592602E-4 -0.0010383013191621777 -7.3195036037094E-4 -8.793034754328902E-4 -5.47871515715333E-4 2.5576321600083863E-4 -7.688106240657892E-4 0.0011729064738828009 
0.3503931716935552 2.14426472078972E-4 -0.0010049298549993694 -0.0010781031354301085 -7.32087637191529E-4 -3.3654260781780597E-4 -5.645797096394251E-4 -1.9866416083756937E-4 9.268437935980663E-4 0.0011728413175388737 
0.03667950820520913 2.146601382906673E-4 -9.763734414587006E-4 -0.0010451088189024297 -7.300078079520528E-4 5.36349465040823E-5 -4.451257479834326E-4 -1.7452794235604268E-4 0.001363153276423588 0.0012607842233286993 
0.38264826936350826 1.8631784250865404E-4 -8.422603548979861E-4 -0.0010816710430218686 -7.692365057963993E-4 -3.856506032611696E-4 -1.6508940670778563E-4 1.6621655857423028E-4 0.001287874768904521 0.0012608388418309479 
0.06229742723803952 2.1498857004518095E-4 -8.394604527580854E-4 -0.0011058907573465453 -7.315522219455743E-4 -3.1075305648980343E-4 -5.399460672579466E-4 -1.473567970048196E-4 4.2526066582812197E-4 0.0011747238735932213 
0.013279895535176445 2.3045716209531416E-4 -9.589635208831722E-4 -0.001101456757066777 -7.343412616045146E-4 -3.9978327732721096E-4 -1.4426629584951523E-4 -6.105095994437449E-4 4.4300377963618447E-4 0.0011745692833152685 
0.9488433223893833 2.1566597869512787E-4 -0.00100016498805537 -0.001090249360887043 -7.679626510911982E-4 -3.245954391027592E-4 -4.4106099410205123E-4 -1.7554008575374448E-4 -5.075365872765944E-4 0.001179785931850378 
0.2657168444990423 2.1358094834373768E-4 -0.0010023304914809426 -0.0010853481461898953 -7.341286264271265E-4 -3.436833934160117E-4 -6.376364393811398E-4 -1.7540739102939182E-4 4.30254234081929E-4 0.0012196193655181326 
0.6936297120174338 2.125036237534512E-4 -8.395065374518805E-4 -0.0010865925179488073 -7.632468553962687E-4 -3.1442514934847235E-4 -5.470526892754554E-4 -9.953984067500088E-5 4.3879607819998705E-4 0.0012703187623711357 
0.4382067057727327 2.3165203887801647E-4 -9.697064272036764E-4 -0.0010868807805461348 -7.262290222264533E-4 -3.3684314095957135E-4 -1.6336795176111326E-4 -6.187055100630777E-4 3.627668461162451E-4 0.001269310303559958 
0.0031622822001042272 1.8705487815249584E-4 -0.0010026670573350502 -0.0010599766635038057 -7.671600248454441E-4 -3.6515804757776256E-4 -5.307056758907553E-4 -1.7437066382365338E-4 -6.936982464291347E-4 0.0011769499477047587 
0.5198625934553575 2.1304543712543527E-4 -0.0010002090991090469 -0.0010853481461898953 -7.347030082794071E-4 -3.2532027872941556E-4 -3.9570335446773567E-4 -1.7540264600980838E-4 4.30254234081929E-4 0.0012196193655181326 
4.104401912212712E-4 2.1304167052256192E-4 -0.0010026670573350502 -0.0010600322708667475 -7.676637445910263E-4 -3.4220527576336456E-4 -5.323388753065493E-4 -1.745020114777023E-4 -6.67379099576503E-4 0.0011769021519214967 
0.1526138228483971 2.1314333047014688E-4 -0.0010032669699596756 -0.001181042626981414 -7.299640878192242E-4 -2.823034751375248E-4 -1.5305536041712014E-4 -6.30837034713315E-4 -4.5205136768378335E-4 0.0011735385196579822 
0.47893604475462387 1.7542238500414998E-4 -9.8190231887719E-4 -0.0010459648583276736 -7.309602123694149E-4 -9.154969837212822E-4 -1.8830523440934628E-4 -1.811866435257069E-4 -6.350854691147064E-4 0.0011799272334389794 
0.7597779563137194 2.129865305487147E-4 -0.0010226906857118895 -0.0014968965988298986 -7.340026462627507E-4 -4.0749332548707483E-4 -1.554544612792479E-4 -1.764611009687618E-4 3.533263715284026E-4 0.001272825288384264 
0.2217775254676801 1.8962473994303363E-4 -0.0010003054080058196 -0.0010593081480987252 -7.30290216199551E-4 -8.530965821248692E-4 -5.490314927666836E-4 -1.779852717214668E-4 3.697537245593317E-4 0.0011769904076956853 
0.5502400045279274 2.1245593020372027E-4 -9.719914785879302E-4 -0.0011910069431129548 -7.316946133533994E-4 -2.7530691633321965E-4 -4.381816367262419E-4 -1.1078492423265368E-4 0.0010618911782667186 0.0011732949955788792 
0.33731833142457335 2.125980731885607E-4 -0.0010063898686600292 -0.0010933960848099544 -7.306712410703552E-4 -3.3959298736905305E-4 -5.321865925174854E-4 -1.4924162803437214E-4 -7.108060134883465E-4 0.0012608405411972039 
0.8728245463512818 2.1297463820257634E-4 -0.00100016498805537 -0.001090249360887043 -7.340846349090581E-4 -4.0690919929699737E-4 -4.4965514405346065E-4 -1.7481530123722032E-4 -5.075365872765944E-4 0.0011815143337922545 
0.22732230162659084 2.1737608676333792E-4 -0.0010762364195479645 -0.001042992380313233 -7.312053996367138E-4 -3.3595477796354283E-4 -2.375530167061726E-4 -1.7920521267680533E-4 0.0013627330895569108 0.0011774125604068258 
0.8608986738415654 2.1544084299708198E-4 -0.0010048511667454549 -0.001088116742028899 -7.68167026760372E-4 -8.864779626789671E-4 -4.6397147272431876E-4 -5.948582180466986E-4 5.178857647330575E-4 0.0012593608468909165 
0.7443746809927545 2.1283631792956418E-4 -0.0010753834251052564 -0.0010865761792346134 -7.326717400934456E-4 -3.3597181049733533E-4 -5.934766776837614E-4 -9.91637450361113E-5 3.625297754962958E-4 0.0011742030740726852 
0.2525559445092793 2.1311324361160148E-4 -0.0010499441862651347 -0.0010782643305798085 -7.344272965726602E-4 -8.071823810118224E-4 -5.165991080441082E-4 -1.5957739556046244E-4 -6.073473264480433E-4 0.0012669200344671723 
0.47249682424672773 1.8626111397616955E-4 -9.970238278668472E-4 -0.0010144692213620201 -7.680961437111552E-4 -2.4160509766469346E-4 -5.33052725198486E-4 -1.7478768557179514E-4 -6.357905821527632E-4 0.0011793092727915124 
0.23890364855119464 1.8962473994303363E-4 -0.0010005156645585959 -0.0010428444427614918 -7.30290216199551E-4 -8.611467197442691E-4 -5.382189220894837E-4 -1.779852717214668E-4 3.697537245593317E-4 0.0011769904076956853 
0.2020840175623834 1.709873509667655E-4 -0.0010033771882115368 -0.001056188939834441 -7.669141011912451E-4 -3.644568195208959E-4 -5.137509999558689E-4 -1.7467785150755718E-4 -8.068195186665566E-4 0.0011793529430100646 
0.9703191024803575 2.1625634832750075E-4 -0.0010049545887644118 -0.0010896219126172604 -7.341183531058639E-4 -3.126600770740705E-4 -4.4705199001233384E-4 -1.7620283974602007E-4 -5.15990469850579E-4 0.0012656634988279587 
0.7785334542024462 2.128818683950817E-4 -9.99634775742528E-4 -0.0010826776013716508 -7.343568397737794E-4 -3.080194759097063E-4 -5.600449413330456E-4 -1.9056988883523298E-4 -6.073473264480433E-4 0.0012659694917461673 
0.8525619896767029 2.1544084299708198E-4 -0.0010048511667454549 -0.001083061049641088 -7.68167026760372E-4 -3.432903641012793E-4 -4.6397147272431876E-4 -1.1101913868136041E-4 5.182387374316184E-4 0.0012577230135203585 
0.9310325741344909 2.1280702222771362E-4 -0.00100016498805537 -0.0010903049682499846 -7.345883546546403E-4 -3.10259911218347E-4 -4.486885398366274E-4 -1.7567143340779342E-4 -5.075365872765944E-4 0.0011815143337922545 
0.11950633531074364 2.1647762937758913E-4 -0.0010515808135412917 -0.0010406335734904164 -7.350867010829918E-4 -4.0714510883145495E-4 -4.249630851765163E-4 -1.265096845636566E-4 3.9108736696869423E-4 0.0012209726677224586 
0.5656622715283618 2.1369570613945655E-4 -9.733100871570573E-4 -0.0010311268625159066 -7.335869050518042E-4 -7.909703806022579E-4 -4.469339507216666E-4 -1.8030823820077807E-4 -7.675072788626984E-4 0.0012221544147866888 
0.841202334575206 2.2953313640948522E-4 -0.001050274265099362 -0.0010397239755805037 -7.350867010829918E-4 -4.0714878887293754E-4 -1.6013336169231902E-4 -1.2521322805247718E-4 3.9108736696869423E-4 0.0012209726677224586 
0.2020840175623834 1.709873509667655E-4 -0.0010033771882115368 -0.001056188939834441 -7.669141011912451E-4 -3.644568195208959E-4 -5.137509999558689E-4 -1.7467785150755718E-4 -8.068195186665566E-4 0.0011793529430100646 
0.5262004292592881 2.110151621330844E-4 -0.0010035408157279342 -0.0010865925179488073 -7.320728238226352E-4 -2.0082134646197918E-4 -3.962897947635337E-4 -1.5601918304896682E-4 -6.077156573329142E-4 0.0012196193655181326 
0.11950633531074364 2.1647762937758913E-4 -0.0010515808135412917 -0.0010406335734904164 -7.350867010829918E-4 -4.0714510883145495E-4 -4.249630851765163E-4 -1.265096845636566E-4 3.9108736696869423E-4 0.0012209726677224586 
0.43309822915036705 2.1297463820257634E-4 -9.694616783512172E-4 -0.0011680117509576813 -7.335967245139013E-4 -3.1075305648980343E-4 -4.4705534042083347E-4 -1.7554008575374448E-4 -4.7870881202524283E-4 0.0012649554864613986 
0.8342644664671829 2.2976183729834802E-4 -0.0010241044261991013 -0.0011166099282193353 -7.682132651930741E-4 -4.0949714819736057E-4 -1.6406904945090084E-4 -1.7673723832647336E-4 0.0011895170844841636 0.0012724906637568702 
0.25450845706926073 1.8599772728967055E-4 -8.47886779792256E-4 -0.0010428363042738783 -8.277406852868976E-4 -3.8589198706003155E-4 -5.175434513438456E-4 1.660763429955932E-4 0.0012464826218576005 0.001260774412225036 
0.1480767967475023 2.1297463820257634E-4 -8.436416109651457E-4 -0.0016099444130008276 -7.695920692074044E-4 -3.1075305648980343E-4 -4.4705534042083347E-4 -1.7554008575374448E-4 -4.825831888020139E-4 0.0011737139010128826 
0.6793990231306661 2.1296859681057534E-4 -0.0010246677023563822 -0.001106197785510008 -7.346885391147811E-4 -3.1116599533602705E-4 -5.536632281047019E-4 -1.4883700316281612E-4 3.9062266758040716E-4 0.0012683459523625395 
0.1303663074352636 2.166702733817017E-4 -9.713844930966865E-4 -0.001087548052428896 -7.390441416255743E-4 -4.0786200444427995E-4 -5.713990625847408E-4 -1.1359585993304353E-4 -0.0011831437311156873 0.0011748808603046132 
0.9943239999944161 2.1361771704241287E-4 -0.0010001471488609325 -0.001090249360887043 -7.68608999302271E-4 -3.1075305648980343E-4 -5.068649235372214E-4 -1.152898203436654E-4 -5.075365872765944E-4 3.1933275054031336E-4 
0.5558410439414608 1.8900928439714737E-4 -9.733289300612395E-4 -0.0010953761713352924 -7.297710170453308E-4 -4.156903040110795E-4 -5.402840321086797E-4 -1.803893234026624E-4 -7.254978883880853E-4 0.0012708143870445892 
0.6793990231306661 2.1296859681057534E-4 -0.0010246677023563822 -0.001106197785510008 -7.346885391147811E-4 -3.1116599533602705E-4 -5.536632281047019E-4 -1.4883700316281612E-4 3.9062266758040716E-4 0.0012683459523625395 
0.001144584316277071 2.1629681574955421E-4 -9.733129698028471E-4 -0.0010883620751443368 -7.696880300833295E-4 -8.793034754328902E-4 -4.4531488900706565E-4 -5.900912234901496E-4 3.565190320119454E-4 0.001173051038696823 
0.9703191024803575 2.1625634832750075E-4 -0.0010049545887644118 -0.0010896219126172604 -7.341183531058639E-4 -3.126600770740705E-4 -4.4705199001233384E-4 -1.7620283974602007E-4 -5.15990469850579E-4 0.0012656634988279587 
0.3325772418356495 2.1297505095455138E-4 -0.0010206259604338382 -0.0010939180693742816 -7.311971340257096E-4 -3.375503701252893E-4 -5.656277975713147E-4 -1.4892580345803746E-4 -0.0011182931666794667 0.0012669621619489822 
0.1303663074352636 2.166702733817017E-4 -9.713844930966865E-4 -0.001087548052428896 -7.390441416255743E-4 -4.0786200444427995E-4 -5.713990625847408E-4 -1.1359585993304353E-4 -0.0011831437311156873 0.0011748808603046132 
0.009364450645379718 1.8962813914058199E-4 -0.0010402960636569046 -0.0010865925179488073 -7.633555353847695E-4 -3.882391814448704E-4 -1.7157688507100384E-4 -9.866291704483586E-5 -9.712525981688269E-4 0.0012741853647898842 
0.002081316207835804 2.164232979852935E-4 -0.0010031495191702795 -0.001181042626981414 -7.699077296494775E-4 -2.0516146256448353E-4 -1.5525072046782782E-4 -6.176343965867821E-4 0.0013622777734231372 0.0012707092648834614 
0.7049515714875315 2.1309067116026482E-4 -0.0010061015587286169 -0.001097357390591953 -7.621760026948808E-4 -2.1101289227928565E-4 -1.6984102279531395E-4 -6.040849620184514E-4 -6.454267496156677E-4 0.0011729676043626784 
0.00908417808714046 2.1297476749008494E-4 -0.0010766281735522343 -0.0014899227105932252 -7.356344067728026E-4 -3.4121590262322163E-4 -1.8321541037748064E-4 -1.766865630528422E-4 -5.222235857748434E-4 0.001261956366727944 
0.46116657215255963 2.1404245668738437E-4 -9.743130265689841E-4 -0.001195381427822267 -7.340339630964933E-4 -3.260956605501311E-4 -4.295318933752097E-4 2.587584991392226E-4 -8.655163070632705E-4 0.001175098693424026 
0.3959664871163779 2.1498857004518095E-4 -8.395250230046018E-4 -0.0010440708901819744 -7.32875314507295E-4 -3.1075305648980343E-4 -5.399460672579466E-4 -1.473567970048196E-4 0.0013108473154366002 0.0011747238735932213 
0.23739183645282647 2.145969151520189E-4 -0.0010762364195479645 -0.001042992380313233 -7.31198747593076E-4 -3.3595477796354283E-4 -2.1530369673325694E-4 -1.7903493502966205E-4 0.0013627330895569108 0.0011774125604068258 
0.3959664871163779 2.1498857004518095E-4 -8.395250230046018E-4 -0.0010440708901819744 -7.32875314507295E-4 -3.1075305648980343E-4 -5.399460672579466E-4 -1.473567970048196E-4 0.0013108473154366002 0.0011747238735932213 
0.08365563564139011 2.1664433272325226E-4 -0.0010009333812792645 -0.001090249360887043 -7.340846349090581E-4 -3.1075305648980343E-4 -4.470008607345469E-4 -1.7554008575374448E-4 -5.075365872765944E-4 0.0011815143337922545 
0.9576727967455331 2.3151215398589068E-4 -8.462368171236645E-4 -0.0010861423090480298 -7.676086787110983E-4 -3.2558691098885726E-4 -4.4705059253614374E-4 -1.2882477754822983E-4 -4.4618651245572055E-4 0.001184432887218785 
0.21137221674350956 2.155564558449516E-4 -0.0010001860929652233 -0.001040578629622236 -8.224199451631581E-4 -4.015744262593691E-4 -4.258088505566732E-4 -1.7998920206539886E-4 -9.256093326676118E-4 0.0012718199188719356 
