3.7995705489118423E-17 9.77446962366394E-4 -4.6264110466507735E-4 -3.4291722303543526E-4 -3.488637632099786E-5 -2.8064879634554562E-5 1.1565507109332932E-4 8.705618558779197E-4 7.358800219890452E-4 5.879766958910968E-4 
0.999621464731201 8.927164258668419E-4 -5.438372807435015E-4 -1.9090737039804455E-4 -1.4968301465692887E-5 -1.4347313263548148E-5 1.3329585716799816E-4 8.495675692564976E-4 7.403398434728998E-4 7.919999011632314E-5 
0.12626980276666583 9.704658276082863E-4 -5.097356149617193E-4 -1.8512829133005297E-4 -3.189991934162869E-4 2.4266981158802537E-4 1.53144179406306E-5 8.388153493743375E-4 6.557497169979247E-4 4.098414794665782E-4 
0.7793469126725798 9.390956602530251E-4 -6.497334508245545E-4 -1.9344937650739853E-4 -1.6781880010462608E-4 1.9985305264141884E-4 1.1955932451062929E-4 8.511837610436893E-4 6.523950734723668E-4 5.079297926250229E-4 
0.8054552773762067 -7.258673829420924E-4 -4.63136446038205E-4 7.483743101420097E-4 1.9234634532637647E-4 -1.8252529872940705E-5 2.0473584394227378E-4 8.662811735976097E-4 7.407249533721908E-4 0.0022777074705514154 
0.7068712417696799 9.363421254874051E-4 -5.760373014587916E-4 -1.9289540729100003E-4 -2.3886179328259322E-5 -3.807819541283065E-5 1.2224754656407365E-4 8.721269683702864E-4 7.182025052970731E-4 1.9890626616299507E-4 
0.15373612038689097 1.984910892948626E-4 -4.954562430035283E-4 7.584576487812147E-4 -1.3658615088005737E-4 -1.1059245471626925E-4 1.2036851045366229E-4 8.333587794676926E-4 6.578533132215128E-4 1.4889192328315973E-4 
0.7319430535506223 9.363421254874051E-4 -5.760373014587916E-4 -1.9289540729100003E-4 -2.3886179328259322E-5 -3.807819541283065E-5 1.2224754656407365E-4 8.713829392909469E-4 7.182025052970731E-4 1.9890626616299507E-4 
0.001326977144492536 -6.125397676679401E-6 -5.195722509561582E-4 -1.969200749242124E-4 -3.400052632671808E-4 2.4301562925790212E-4 1.7478503795227803E-5 8.70464170771814E-4 7.36590977915663E-4 4.048713695572175E-4 
0.6679687766718749 8.027280074963277E-5 -4.639560895184341E-4 -1.7602638317635132E-4 -1.3717612291490146E-4 1.9637182687522878E-4 1.7542599549504395E-4 1.871166422793383E-4 7.57781727954187E-4 4.6211139469930907E-4 
0.02270024954811861 8.399047417931187E-4 -4.2724837612467803E-4 -1.911427323225498E-4 -1.7673015170692588E-5 -1.4641779041274115E-5 1.3457061989508102E-4 8.820993555993578E-4 7.323710609293431E-4 4.063938880602438E-4 
0.3193903046343251 9.78350197368017E-4 -5.439576879718944E-4 -3.4291722303543526E-4 -2.5157005959929432E-5 -2.8064879634554562E-5 1.1565507109332932E-4 8.677859714696416E-4 7.358800219890452E-4 2.266799233648751E-4 
0.8247356425055711 6.898036203333763E-4 -5.11693027050458E-4 -1.9809673286061208E-4 -3.6438233741869434E-4 -1.7563196694368246E-5 2.064782398324301E-4 8.729623098651053E-4 7.409835826494962E-4 2.0371193040004152E-4 
0.8656789091719873 7.648880571775826E-4 -6.555397776384236E-4 -2.1470962068340113E-4 -1.998248096867008E-4 -9.99995813580648E-5 1.0946881082472121E-4 8.072805051174545E-4 7.403398434728998E-4 0.0022906285139814788 
0.9691582577422851 9.783368118552458E-4 -4.895756359411219E-4 -2.654376713152097E-4 -2.4991241269483042E-5 1.9914543243779124E-4 1.386736528678769E-4 8.288401996988073E-4 6.498801447625105E-4 3.933433121827188E-4 
0.1130336489347697 9.783368118552458E-4 -4.895756359411219E-4 -2.649909553858427E-4 -2.285202998185202E-5 -2.6913439691748795E-5 1.2017143026165131E-4 8.336783523923701E-4 7.276649732015247E-4 3.933433121827188E-4 
0.06766212809797056 9.550012247379373E-4 -7.082791642483315E-4 -2.62985168603665E-4 -1.5325759141600762E-4 -1.0572558291543663E-4 1.0814092053594342E-4 8.713362932020812E-4 7.194671446753103E-4 4.3434170936436063E-4 
0.015858305876184003 6.47584058618543E-4 -4.89588891824233E-4 -3.402245360503034E-4 -2.4288169537938168E-5 1.7653282143064095E-4 1.1955083542051072E-4 8.336464417970343E-4 9.960746102570769E-4 4.830629903341463E-4 
0.3033725227477605 9.77446962366394E-4 -5.441894982078664E-4 -3.250690297169964E-4 -1.8765342988986416E-5 -2.8108571622781087E-5 1.1565507109332932E-4 8.721514684940458E-4 7.358800219890452E-4 2.266799233648751E-4 
0.9157498079318503 0.0010007994274224485 -5.126918272295481E-4 -2.727943763510856E-4 -2.3997441987293487E-4 -1.9738564785779105E-5 0.0013147302877633432 1.4190966563807375E-4 6.557497169979247E-4 0.002541886781575537 
0.009610163695524587 1.0133188194254338E-4 -7.165799857913042E-4 -4.217853870312964E-4 1.9234634532637647E-4 -8.964699294661613E-5 1.156579953791222E-4 8.709066451774262E-4 7.408923649957257E-4 5.303815824020595E-4 
0.19315533226517517 9.86624203421997E-5 -4.947698326549343E-4 -1.4916527294811914E-4 -2.0188204679555134E-4 2.2433916718385324E-4 1.1039777742977792E-4 8.724420162489906E-4 7.287322454562173E-4 0.0022525454992308987 
0.09698097561182462 -2.1194442001323116E-5 -6.585751943805056E-4 -1.8891958376335781E-4 -1.7010971458752052E-4 -1.009809226907083E-4 1.7086084212945433E-5 8.50047665468394E-4 7.41042277150292E-4 1.3128520833807647E-4 
0.5466546544678577 6.898036203333763E-4 -5.196490362582512E-4 -2.2778412058283172E-4 -9.525310896946535E-6 -3.8245484786349204E-5 1.2183463890373902E-4 8.730267837980228E-4 7.184256541760883E-4 2.098502209068869E-4 
0.5618253077239784 -0.0021566304487570746 -4.261436399383305E-4 7.769096319652621E-4 3.358811285993194E-4 -1.3970054654955275E-5 1.6799730559355797E-4 8.492638561550975E-4 7.490166474869472E-4 2.9820757147041308E-5 
0.2768479348904044 6.311883036864339E-4 -5.092825452812012E-4 -3.402245360503034E-4 -2.022785815270403E-5 -1.0075311074006457E-4 1.1955083542051072E-4 8.345384657214381E-4 9.810692553934913E-4 7.583965866667959E-5 
0.17514086414000057 7.318796698979274E-4 -4.8192593305623147E-4 6.924758096669221E-4 -5.2288964571815295E-6 2.0298275479562985E-4 1.0551978847156002E-4 8.330685395726022E-4 7.356903086666885E-4 0.0024670634587663108 
0.16275355397213853 1.359461013365092E-4 -4.906009325559217E-4 7.584576487812147E-4 -1.993740672197295E-4 -1.0633344725098677E-4 1.055406660136548E-4 8.333587794676926E-4 8.607381139452337E-4 3.7691694265129354E-4 
0.9862841949330462 8.959709143026687E-4 -5.10758325575951E-4 -2.1547087471442258E-4 -1.4242078257292032E-4 -6.624264627654448E-6 1.654953643254125E-4 8.335362362372664E-4 6.587250912032314E-4 -2.1172098301685876E-5 
0.6128010894231263 7.30119163938348E-4 -5.117103891821278E-4 -2.4166615556098296E-4 -1.6681223540059928E-4 2.0061107820407067E-4 1.2056423878122746E-4 8.721382984657843E-4 7.400537261272262E-4 0.002531474273225652 
0.8399937997971695 -7.258673829420924E-4 -4.63136446038205E-4 7.483743101420097E-4 1.9234634532637647E-4 -1.8252529872940705E-5 2.0473584394227378E-4 8.418038506509771E-4 7.407249533721908E-4 0.0022871394751474553 
0.8953208572122306 9.788036186011782E-4 -5.258079156218993E-4 -1.7238604196556052E-4 -2.396091523078397E-4 -2.195320629630938E-5 1.692121438838698E-4 1.197811661179278E-4 7.424942914019364E-4 3.3397684415005535E-4 
0.41986264600325957 9.25292913865759E-4 -5.22118735473753E-4 -1.9065199935634845E-4 -1.3717612291490146E-4 1.9627446856592973E-4 1.2055623837218674E-4 8.703868771352263E-4 7.065846979972204E-4 4.6073650354919973E-4 
0.5980542130041334 9.789404604809554E-4 -4.265803122359374E-4 -1.782024397233435E-4 -2.0328596572133492E-4 2.0600371110238432E-4 1.5063284390091225E-4 8.705880275993443E-4 7.50418493258348E-4 2.5416617186768643E-4 
0.5328037222808913 6.898036203333763E-4 -5.263442728818442E-4 -2.2778412058283172E-4 -1.190244961986339E-5 -3.8245484786349204E-5 1.2183463890373902E-4 8.729623098651053E-4 7.184256541760883E-4 2.0381206330199206E-4 
0.6238698313139122 9.701066296515323E-4 -5.070969651266225E-4 -1.8910976480889327E-4 -1.4316926267548627E-4 -1.7957598602968942E-5 1.4483403542117321E-5 8.698098118183621E-4 9.947795129286357E-4 2.0093012938781233E-4 
1.9035723683154954E-4 1.4406976731409633E-4 -7.219413419317955E-4 -4.154233029742101E-4 1.9364601879872612E-4 2.4039811063232466E-4 1.8199811152445122E-4 8.708972554059768E-4 8.674504611900018E-4 4.7035654229526464E-4 
0.45230529490423177 0.0010058340180125408 -4.0759266621829345E-4 -2.6304958413798403E-4 -1.397424820937076E-4 2.1793110215619934E-4 1.4078533524344115E-4 8.481153159679925E-4 7.310307489887272E-4 4.416823613125841E-4 
0.05882033250465071 -0.0020661724011130887 -5.274678053290454E-4 -1.929931176118239E-4 -5.388090611899215E-4 -2.2555214681882423E-5 2.386281587935898E-5 8.533184493197505E-4 9.77465553881486E-4 0.002670935683195334 
0.20714090582279707 8.118498744715531E-4 -4.6142513365339397E-4 7.211705518652572E-4 1.750999173456109E-4 -2.508756441797541E-5 9.703551703959028E-5 8.479379879769176E-4 7.351954154061139E-4 3.4897518128839105E-4 
0.3631424125045828 4.2910669698599155E-5 -5.265232354253861E-4 -3.714412590343655E-4 -1.3650762679343208E-4 -1.947602765477764E-5 1.347036266107544E-4 2.041525037437548E-4 7.456792922335168E-4 4.045594754111914E-4 
0.26614573542459663 6.311883036864339E-4 -5.107448254110168E-4 -3.5547952306670016E-4 -3.722479767500111E-4 1.8334869356230715E-4 1.1948230144325814E-4 8.345384657214381E-4 9.952118635019125E-4 2.1777928332521057E-4 
0.33579012190211 9.117002616163066E-4 -5.126539509658204E-4 -2.1545226572962264E-4 -1.4432057500865037E-4 -6.624264627654448E-6 1.1293794825187567E-4 8.07792109429748E-4 7.401528944852924E-4 0.002234065501613854 
0.25837342686967435 8.040978490348972E-4 -4.6429435502763004E-4 -2.997981600243738E-4 -3.477992329247806E-5 -2.8585892321989893E-5 6.512608248886761E-5 8.705404099324116E-4 7.263948350012628E-4 4.6116848529928305E-4 
0.3829817533695872 9.944294256325568E-4 -4.258899485389862E-4 -1.861317951613047E-4 -1.6976791060214702E-4 2.005921385811259E-4 5.5035749541969227E-5 8.500243839692607E-4 7.40254232548886E-4 0.002296996833207901 
0.0074339267426419275 9.959542012392734E-4 -6.522016160954932E-4 -3.7545112990717297E-4 -2.0190687112104288E-4 1.9459793091692286E-4 1.0984716528868345E-4 8.721588838759814E-4 6.555909781871077E-4 4.4495044616103645E-5 
0.5124844260169763 0.001094449246175955 -5.27928794088199E-4 -3.741144789361252E-4 -1.3603971028235912E-4 1.9763653977317722E-4 0.0012682476380729277 8.710335908301953E-4 7.320666519912445E-4 4.920745605033953E-5 
0.03229696784533187 7.286742461322245E-4 -4.880687578792775E-4 -2.3583175254365926E-4 -9.0765834359306E-5 -8.77410434134729E-5 1.1168637106527473E-4 8.706238283922972E-4 7.21609125038052E-4 1.2118283821125857E-4 
0.5753999140487935 9.319751164579008E-4 -4.974015874506481E-4 -1.9662047358300414E-4 -1.731713437758289E-4 -9.145024099337348E-5 1.3994410440270894E-4 8.705061548757521E-4 6.51280140486155E-4 0.0026971788184726865 
0.8867462149802567 8.160537042654778E-4 -5.26578889642441E-4 -2.616658812982446E-4 -1.3442185472563507E-4 -2.3591746896675602E-5 0.0013014074108742854 8.692488957759706E-4 6.495873773891457E-4 7.542693229753032E-5 
0.7499869757018476 7.318796698979274E-4 -0.001725207720861811 6.933491585393021E-4 -1.2076977224575726E-5 2.0298275479562985E-4 1.1436719512008652E-4 8.748247389979389E-4 7.355326308470509E-4 0.00227916568993733 
0.037893331431904265 -8.654282074677225E-4 -6.522016160954932E-4 -2.4248275786218937E-4 -2.0293759501819974E-4 1.946595924248831E-4 1.0984716528868345E-4 8.721588838759814E-4 6.555909781871077E-4 4.451168606768159E-5 
0.07781139032274065 8.875532384832117E-5 -5.262674875797513E-4 -1.977024385067299E-4 -3.423824019900976E-4 2.4470562665221006E-4 1.8482851329856176E-5 2.1303283580374836E-4 7.366969079619788E-4 3.988332119523227E-4 
0.23093668136643516 -0.002252569045313341 -5.218046996449615E-4 -2.290613835899747E-4 -8.745793729818778E-5 -1.0198822901869768E-4 1.943870231790576E-4 8.706238283922972E-4 7.404983443878064E-4 0.0023691750015957494 
0.005181666369164117 9.959542012392734E-4 -5.273316016154592E-4 -2.4204149990873916E-4 -1.341039056730436E-4 2.0079747145140874E-4 1.6827456629824844E-4 8.234723101040293E-4 7.59342232186962E-4 0.002377268186193461 
0.9440828769665395 -9.062913696884866E-4 -6.557197778113813E-4 -2.1511295130070552E-4 -1.6811860768278303E-4 -9.99995813580648E-5 1.1053407354270964E-4 8.501781500110952E-4 7.403398434728998E-4 0.0023007869299063533 
0.4688646494167242 -9.187934213939792E-4 -6.51718468913588E-4 -1.9224062126608398E-4 -1.670666543728908E-4 -1.0589017799171888E-4 1.402930286694053E-4 8.265597712097436E-4 7.188478360579205E-4 7.307232473323442E-5 
0.01919317562497913 -6.125397676679401E-6 -5.723456835626877E-4 -1.969200749242124E-4 -3.2464411764181785E-4 2.4301562925790212E-4 1.7478503795227803E-5 8.721707187338596E-4 7.36590977915663E-4 4.048713695572175E-4 
0.44289247120850395 8.963131643796142E-4 -5.231331731045386E-4 -2.150445436145335E-4 -1.4328869572756162E-4 -1.02510062865277E-4 1.5679682235523605E-4 8.499150516940847E-4 7.512399709091676E-4 -2.541147481614054E-5 
0.6897196114870884 8.027280074963277E-5 -5.464287207444203E-4 -1.7602638317635132E-4 -1.3717612291490146E-4 1.9637182687522878E-4 1.7542599549504395E-4 1.871166422793383E-4 7.57781727954187E-4 4.6211139469930907E-4 
0.08724839552468458 6.74740435323818E-5 -5.125761002636863E-4 -4.2773464340605763E-4 -1.3346058277010684E-4 -1.1621374957307321E-4 1.8571371876370546E-4 8.332476977611012E-4 7.403140088253712E-4 4.63739447357576E-4 
0.9519209795686285 9.77433576853623E-4 -4.898074461770938E-4 -2.654376713152097E-4 -1.8599578298540025E-5 1.9914543243779124E-4 1.386736528678769E-4 8.288401996988073E-4 6.498801447625105E-4 3.933433121827188E-4 
0.6897196114870884 8.027280074963277E-5 -5.464287207444203E-4 -1.7602638317635132E-4 -1.3717612291490146E-4 1.9637182687522878E-4 1.7542599549504395E-4 1.871166422793383E-4 7.57781727954187E-4 4.6211139469930907E-4 
0.7540958923094646 6.20532890863786E-6 -0.0016574122565659664 -2.999678949845391E-4 -3.4819299697738334E-4 -1.659470063341482E-5 1.1429479634792242E-4 8.697702307919758E-4 7.35530213924565E-4 5.610472374224957E-4 
0.07326492258561634 1.3554461328744397E-4 -7.269710501376608E-4 -4.2335039085856135E-4 2.078648149452056E-4 -8.782033140748947E-5 1.7570991882571462E-4 1.8274134240198008E-4 8.573659922543835E-4 4.62078326433807E-4 
0.5237697643150723 0.0011446476798197592 -5.438939510983298E-4 -3.741144789361252E-4 -1.3603971028235912E-4 1.9763653977317722E-4 1.5510520605415367E-4 8.720179739382921E-4 7.320666519912445E-4 4.920745605033953E-5 
0.48365337456476554 8.081886469295399E-4 -5.801932147338625E-4 -1.9330690272286038E-4 -2.4431799658738217E-5 -2.6304907942866775E-5 1.540126805857881E-4 8.719888403433731E-4 7.279777890117288E-4 1.559272464202926E-4 
0.657135780713596 8.205264795020124E-5 -5.226431990310265E-4 -1.801481690168376E-4 1.7194631005683898E-4 -1.1255764499244345E-4 9.573861953098355E-5 8.702898122351732E-4 7.508344598782826E-4 0.0022915064971372975 
0.4650699286779324 9.59425629992242E-4 -6.599083559227261E-4 -1.477685275435229E-4 -1.6764821467471445E-4 -1.02510062865277E-4 1.104760961285215E-4 8.500851874360993E-4 7.397089513658981E-4 7.044040558147336E-5 
0.33330054917712465 9.117002616163066E-4 -5.10758325575951E-4 -2.1545226572962264E-4 -1.4242078257292032E-4 -6.624264627654448E-6 3.0474756213431494E-5 8.335362362372664E-4 6.587250912032314E-4 0.002234065501613854 
0.6377838929229006 -0.0023711001204786237 -4.635495087583442E-4 7.352286626467389E-4 -9.0765834359306E-5 -1.0198822901869768E-4 1.943870231790576E-4 8.706238283922972E-4 7.404983443878064E-4 0.002371076429205906 
0.5869877888341147 7.9548925379413E-6 -5.109009433949583E-4 -2.999678949845391E-4 -3.4133645023425106E-4 -1.7957598602968942E-5 1.4483403542117321E-5 8.698098118183621E-4 7.34952676597038E-4 4.047469828884929E-4 
0.24065286090244303 9.005817554333362E-5 -5.234582865968076E-4 -2.0734354713957206E-4 1.7194631005683898E-4 -1.1621374957307321E-4 9.573861953098355E-5 8.702934420010875E-4 7.403140088253712E-4 0.0022633476792383108 
0.2095223613007257 8.108078363665294E-4 -4.953438061506146E-4 7.212652865739969E-4 -7.113645015328915E-5 -9.810891445288873E-6 7.083430834433485E-5 8.480676998179849E-4 7.226990921135824E-4 4.0845126258538746E-4 
0.29569745408073417 7.30119163938348E-4 -5.111139469923175E-4 -2.4166615556098296E-4 -1.6681223540059928E-4 2.0061107820407067E-4 0.0013473710143003304 8.709416542171114E-4 7.415762666314828E-4 0.0023129785925597463 
0.9273782755494169 -7.815361931679829E-4 -4.880687578792775E-4 -2.3717749048686256E-4 -8.99740789005524E-5 -8.77410434134729E-5 1.1168637106527473E-4 8.706238283922972E-4 7.21609125038052E-4 1.2118283821125857E-4 
0.04953872567289313 9.684694150708088E-4 -4.915456204496785E-4 7.460349145903043E-4 -2.619700368193919E-4 -3.9380538474012096E-5 1.5436119441469576E-4 8.715653743667299E-4 7.183268419438879E-4 1.9890626616299507E-4 
0.4320612925788758 9.423574349576946E-5 -4.918095431087884E-4 -2.7472837532688396E-4 1.736956453141468E-4 2.0039912282122376E-4 1.2020196926554827E-4 8.672083521184861E-4 6.609272674887815E-4 4.7061083354022794E-4 
0.08530229919565534 9.410136705601408E-5 -4.92712373869185E-4 -4.2773464340605763E-4 1.7463308860242503E-4 -1.1621374957307321E-4 1.8571371876370546E-4 8.332476977611012E-4 7.403140088253712E-4 4.702049958649889E-4 
0.35127600684653915 6.547589491593861E-4 -5.105673422161744E-4 -2.595930932849493E-4 -1.425306277845233E-4 1.9627446856592973E-4 1.2361277475726731E-4 8.085632752472923E-4 9.893092075013467E-4 4.6073650354919973E-4 
0.640432012654445 5.063239397962258E-6 -5.072612161051327E-4 -3.0151305885447283E-4 -1.6811860768278303E-4 -9.99995813580648E-5 8.92672441985621E-6 8.501781500110952E-4 7.403398434728998E-4 5.575531701617337E-4 
0.28836650607720987 -8.870606775708747E-4 -7.219413419317955E-4 -4.0477309982634325E-4 -1.4037713973356805E-4 1.8109582994150315E-4 1.8199811152445122E-4 8.67671918403004E-4 6.584277643031521E-4 4.8562013412756634E-4 
0.6517449247113744 -6.913478419916838E-4 -4.63136446038205E-4 7.483743101420097E-4 1.9234634532637647E-4 -8.965514897876584E-5 1.9830566920740644E-4 8.705618558779197E-4 7.404988940506077E-4 0.002370475837587525 
0.39522115828091364 -0.0021819344069551015 -4.662323857899688E-4 8.337136891916365E-4 -1.4422484878511715E-4 -1.0202242111993869E-4 1.5643447594956936E-4 8.707971910210333E-4 7.352796591424333E-4 5.763702866243915E-4 
0.4944445182192618 9.86624203421997E-5 -4.952655908352878E-4 -1.4916527294811914E-4 -2.0188204679555134E-4 1.9468402209567377E-4 1.1039777742977792E-4 8.724446587323947E-4 7.28751420017436E-4 3.632307766161635E-4 
0.03229696784533187 7.286742461322245E-4 -4.880687578792775E-4 -2.3583175254365926E-4 -9.0765834359306E-5 -8.77410434134729E-5 1.1168637106527473E-4 8.706238283922972E-4 7.21609125038052E-4 1.2118283821125857E-4 
0.18236418830960494 9.36527745832052E-4 -5.78377589215889E-4 -1.9299560470762672E-4 -1.9387763409763672E-4 2.0600371110238432E-4 1.5316717974668648E-4 8.52923860843399E-4 7.191660934535247E-4 2.0105019119169673E-4 
0.35127600684653915 6.547589491593861E-4 -5.105673422161744E-4 -2.595930932849493E-4 -1.425306277845233E-4 1.9627446856592973E-4 1.2361277475726731E-4 8.085632752472923E-4 9.893092075013467E-4 4.6073650354919973E-4 
0.4095828558373672 6.544592617492856E-4 -4.6142513365339397E-4 7.524958963627796E-4 1.8182288454268887E-4 -2.508756441797541E-5 9.83877621277844E-5 8.708410176722581E-4 7.351954154061139E-4 3.4897518128839105E-4 
0.21981764512479957 -0.0010139245038718104 -5.239642509919449E-4 -1.9333044095915208E-4 -3.425032838877443E-4 -2.6304907942866775E-5 1.540126805857881E-4 8.719888403433731E-4 7.281472745246297E-4 1.57089948442182E-4 
0.8511509538341916 8.950513251734229E-5 -4.200671397262796E-4 -2.7569595529851803E-4 -1.4125717873973066E-4 -1.6873212050026117E-5 1.2886769113405332E-4 1.8593260291249254E-4 7.461989362773212E-4 4.16489081525299E-4 
0.39522115828091364 -0.0021819344069551015 -4.662323857899688E-4 8.337136891916365E-4 -1.4422484878511715E-4 -1.0202242111993869E-4 1.5643447594956936E-4 8.707971910210333E-4 7.352796591424333E-4 5.763702866243915E-4 
0.582878872226496 7.336292335272308E-4 -5.786964076908032E-4 6.933491585393021E-4 -5.220430481443441E-6 2.0161985682607574E-4 1.455580231428141E-5 8.748643200243253E-4 7.34955093519524E-4 0.0021228654354033274 
0.3606261831365639 4.280083128465518E-5 -4.200671397262796E-4 -2.7569595529851803E-4 -1.4125717873973066E-4 -1.947352127700525E-5 1.348091963295589E-4 1.8593260291249254E-4 7.462459047728013E-4 4.16489081525299E-4 
0.4095828558373672 6.544592617492856E-4 -4.6142513365339397E-4 7.524958963627796E-4 1.8182288454268887E-4 -2.508756441797541E-5 9.83877621277844E-5 8.708410176722581E-4 7.351954154061139E-4 3.4897518128839105E-4 
0.3844018424275503 0.0010291639795098296 -4.947698326549343E-4 -1.4916527294811914E-4 -2.0188204679555134E-4 2.2433916718385324E-4 1.162942623861525E-4 8.724381909549368E-4 8.641686780493899E-6 0.0022525454992308987 
0.005181666369164117 9.959542012392734E-4 -5.273316016154592E-4 -2.4204149990873916E-4 -1.341039056730436E-4 2.0079747145140874E-4 1.6827456629824844E-4 8.234723101040293E-4 7.59342232186962E-4 0.002377268186193461 
0.054772350123923175 6.897844181651619E-4 -5.11693027050458E-4 -1.9826001956164719E-4 -1.4443849296946667E-4 -2.256195058741016E-5 2.064782398324301E-4 8.292910186134046E-4 7.409052392820853E-4 1.928210451664926E-4 
0.04178238071372538 9.973880362604578E-4 -4.971738936404784E-4 -1.9150587247096545E-4 -1.3822256423883135E-4 -9.364011256423868E-5 6.191888220444688E-5 8.289449531002816E-4 7.249489312365557E-4 4.550359177395413E-5 
0.18455046968291627 9.36527745832052E-4 -5.831736752161051E-4 -2.8956826386158967E-4 -1.773045819527859E-4 2.1379727801689396E-4 6.923153234928315E-5 8.5373045206492E-4 7.191660934535247E-4 2.0105019119169673E-4 
