0.0 -1.3268352811077416E-4 7.765365508761783E-4 -0.002184228215950325 -0.002116643996184845 -0.004311707315829882 -0.0013960055739011216 -0.0011052955525421534 -2.257806184305903E-4 -2.0785419727033672E-4 
0.9959706122486601 -1.1862599981597702E-4 7.749422518301179E-4 -0.0021338058087192586 -0.002228455031776891 -0.004293848899128887 -0.0014162835250404516 -0.0011209083435001143 -3.669423280778448E-4 -6.305397800545872E-5 
0.0 -1.3268352811077416E-4 7.765365508761783E-4 -0.002184228215950325 -0.002116643996184845 -0.004311707315829882 -0.0013960055739011216 -0.0011052955525421534 -2.257806184305903E-4 -2.0785419727033672E-4 
0.9540569073466467 -1.0727836687136006E-4 8.648458968851646E-4 -0.002185087735782532 -0.0022219018846380743 -0.0031538032417649797 -0.001442462038720292 -0.001104939691434928 -2.2868952302579048E-4 -1.6062681723130485E-5 
0.8101451360849494 -1.32728452576147E-4 7.401246581102408E-4 -0.002197376269460614 -0.0021129641099349047 -0.004286454449847754 -0.0014435278866776976 -0.0011051293987802172 -2.3822625675800415E-4 2.146260043879204E-4 
0.7770946915165129 -1.1857370509937284E-4 7.750043526952394E-4 -0.002196404387987232 -0.0021139449270567894 -0.004305756708771165 -0.0014468266204602396 -0.0011215133981884674 -1.9484558837102743E-4 3.748895684852751E-4 
0.00686184312394765 -1.0737520762225677E-4 7.737456515494884E-4 -0.0021843520840979366 -0.0022761736273089134 -0.004305920516532351 -0.0014582648123658594 -0.0011224835470664194 -2.286890780803873E-4 -0.0038571321529233286 
0.7075340616947606 -1.1857370509937284E-4 7.750043526952394E-4 -0.0022181664927965646 -0.0022313542546609313 -0.004306140355909414 -0.0014259759497760984 -0.0010987368596191845 -1.6609826237218582E-4 3.7404705185251064E-4 
0.4457623269439993 1.9714819426584147E-4 7.660545002889183E-4 -0.0021871452125381318 -0.0022307651473832024 -0.004330247937344759 -0.0013951791785296462 -0.001117103045097472 -2.608001382313668E-4 2.6935947020893412E-5 
0.06660982304609557 -1.452723836869106E-4 7.486595382869326E-4 -0.0021315833218837404 -0.0022364080250745428 -0.004306446317135725 -0.0014162126858378325 -0.001120964148090783 7.705305742700467E-4 -3.6239723072405096E-5 
0.6105830999517381 -1.389100832130167E-4 7.585660591550559E-4 -0.0021956074019323737 -0.002230315542717766 -0.004306731300372863 -0.001423479825933537 -0.0011238996510785375 -3.590090563021293E-4 1.3909238786445795E-4 
0.5816660631011207 -1.2573450651448952E-4 7.584471846703965E-4 -0.0025870503838255265 -0.0022277907283897976 -0.004284981849278264 -0.001454764803596273 -0.0011135791582063594 -6.869944180142491E-4 -0.00385749694557584 
0.9182039908453336 -1.0752229337722211E-4 7.592479386452543E-4 -0.0021604511730782833 -0.0021138625275509415 -0.00430591395358866 -0.0014436515457063152 -0.0011224022840667322 7.729793102771381E-4 -0.0038884389622022004 
0.9237716476183396 -1.1398081650278347E-4 8.065219683788239E-4 -0.0021854858392725872 -0.0022219018846380743 -0.0031538032417649797 -0.001458264991872868 -0.0011171617437683444 -2.2868952302579048E-4 -1.5021728316841424E-5 
0.04674645782060974 -1.4561004007031814E-4 7.758305963241855E-4 -0.002128172881770482 -0.0021155160159794036 -0.004277195187043798 -0.0014675275566677912 -0.0011208562109667171 7.691939490408402E-4 -2.0751053911778635E-4 
0.08049845932605776 -1.452723836869106E-4 7.486595382869326E-4 -0.0021309524576413686 -0.002308958197053609 -0.00430647460796602 -0.0014818071771123954 -0.001118367103710208 -1.076497589881626E-4 -3.801425940378517E-5 
0.34010970727639966 -1.1405882568827933E-4 8.112708046569103E-4 -0.002238417189007771 -0.0021112716111801465 -0.004306072933220564 -0.0014145747283083035 -0.0011047733723359013 -2.999235787375847E-4 -5.909467229724152E-5 
0.5555089488543296 -1.2465763289418045E-4 7.521989950442709E-4 -0.002189348308579356 -0.0022307668343865177 -0.004330247937344759 -0.0013951791785296462 -0.001117103045097472 -2.608001382313668E-4 2.6935947020893412E-5 
0.4035362721387212 -1.0673912494585363E-4 7.685183877785765E-4 -0.0021881381836944074 -0.0022299719666095687 -0.00430538766502529 -0.0013977546254303663 -0.0011210577111165462 7.940203232222921E-4 4.199318559888899E-4 
0.8846270793931668 -1.1857370509937284E-4 7.417283198745891E-4 -0.0021960995572448305 0.001098070848131248 -0.004305756708771165 -0.0014468266204602396 -0.0011215055060920045 -1.9484558837102743E-4 3.748895684852751E-4 
0.6363355482576618 -1.1669262641597503E-4 7.370073942330038E-4 -0.0021881381836944074 -0.002228626626737089 -0.00430538766502529 -0.0014416733686255267 -0.0011210577111165462 7.940203232222921E-4 4.199318559888899E-4 
0.2188789728511466 -1.1870115330285336E-4 7.753243080393454E-4 -0.002176207941102578 -0.002113608438193131 -0.004306806127020738 -0.00144312964694892 -0.0011151794919823258 -3.559803307931313E-4 5.550179402302631E-4 
0.14538535066871117 -1.0720441396736191E-4 8.67232660115813E-4 -0.0022104122777341795 -0.0021151240577560924 -0.00427789621902494 -0.0014682911285318213 -0.0011051431672773628 -1.803639816942421E-4 -9.848483104867297E-5 
0.17696387862039017 -1.349767556379865E-4 7.754736767508381E-4 -0.002591852862669234 -0.0022257669373912494 -0.004303609240210286 -0.0014722089848561697 -0.0011212973437392003 -2.602521832575332E-4 2.4291127781138474E-4 
0.05678849448054746 -1.1665644317332538E-4 7.370073942330038E-4 -0.0021858877788326655 -0.0022286273437925304 -0.00430538766502529 -0.0014164320385987837 -0.0011210577111165462 7.920075452102447E-4 -1.3378075612579892E-4 
0.0012519521656508825 -1.321818949667212E-4 7.7370195627329E-4 -0.0021888688025950382 -0.0022321910458271256 -0.004306145435175908 -0.0014276481345793456 -0.0011157536973943373 -2.950555714873197E-4 -2.5452934930230895E-4 
0.4706065662815726 -1.3250768052009584E-4 7.758128166773833E-4 -0.0021850802143753524 -0.0021134117026860785 -0.004311704078488714 -0.0014440481230662537 -0.0011052955525421534 -2.8024490921799963E-4 -1.396642759592748E-4 
0.765388995938096 -1.330283915403766E-4 7.851270003731442E-4 -0.0021791644488789994 -0.00222880783217592 -0.004306157939202662 -0.0014424006927206514 -0.0011049395443615089 -3.24093015908716E-4 9.27040542533608E-5 
0.09612424565080824 -1.2970357854640043E-4 7.52661398404002E-4 -0.002217353944264834 -0.0021337178961480974 -0.004285863709097518 -0.0014749534171776659 -0.0011171457759741946 -4.6155000687455987E-4 2.0800409470982464E-4 
0.08384176981223682 1.6561874326577407E-4 7.686476919937942E-4 -0.0021882461553149315 -0.0021139676892015626 -0.00430538766502529 -0.0013977546254303663 -0.0011210577111165462 7.610770966778252E-4 4.199318559888899E-4 
0.6895628107099113 -1.0845426547476115E-4 7.754576604632916E-4 -0.0022854091526651604 -0.002304986686520137 -0.004305909894928365 -0.001482298663776196 -0.0011182852414077218 -1.824278862270693E-4 6.0678550469825746E-5 
0.009253675766360603 -1.3250488447258432E-4 7.737287805242267E-4 -0.0021963586849171506 -0.0021187495593705565 -0.004311445074907149 -0.0013943979481296008 -0.0011049708463770939 -3.032248450198145E-4 5.139166344932968E-4 
0.6271899709571971 -1.278678787229199E-4 7.398010985404107E-4 -0.0022386406995203645 -0.0022853529029473827 -0.004302057304645412 -0.001445110084534101 -0.001119521955519076 7.998143323399884E-4 -0.0038499004315822234 
0.3122560082457342 1.6479075915907344E-4 7.865885955577106E-4 -0.0021931694637314357 -0.0022259299331671423 -0.004310855413863869 -0.0014424205791725413 -0.0011050503106258215 -3.99941000922633E-4 -1.0941330930914605E-5 
0.19167161583807985 -1.1911785134619423E-4 8.67232660115813E-4 -0.002210138246958703 -0.0022950708526522983 -0.004306801225179036 -0.0014682911285318213 -0.0011051431672773628 -1.803639816942421E-4 -9.158947907313798E-5 
0.036831546674844756 -1.2106259564446565E-4 7.820670808847104E-4 -0.002132692767285565 -0.002228462812911868 -0.004293848899128887 -0.0014162235172150018 -0.00110524001128605 -2.999235787375847E-4 -6.305397800545872E-5 
0.2769102545934926 -1.184172660303107E-4 7.734013687028731E-4 -0.0021839826199214745 -0.0021334960811097378 -0.004311207297992157 -0.001465611894133525 -0.001115842908831015 -2.3012009576489113E-4 4.003103420255246E-4 
0.1558252989946735 -1.227486330309983E-4 8.319070483564592E-5 -0.0021340206738537856 -0.0022259241043494494 -0.004296790143680615 -0.00142538772177622 -0.0011262182219541619 -5.693949411250184E-4 -5.256340877656375E-5 
0.1090103774586608 -1.321818949667212E-4 7.7370195627329E-4 -0.0021888688025950382 -0.0022321910458271256 -0.004306145435175908 -0.0014276481345793456 -0.0011157536973943373 -3.795866652467415E-4 -2.5452934930230895E-4 
0.3499578525114778 -1.323785453615397E-4 7.804679054791735E-4 -0.002195310115502292 -0.00223283254539459 -0.004305863042465727 -0.0014815845673624576 -0.0011176194952200848 -2.28197880930239E-4 9.072826168228477E-5 
0.8229516523803391 -1.330283915403766E-4 8.141798973441371E-4 -0.0021791644488789994 -0.00222880783217592 -0.004306157939202662 -0.001451811655065078 -0.0011186907481457557 8.043569566911146E-4 9.27040542533608E-5 
0.25330014195821743 -1.3900531123321684E-4 7.854403217343016E-4 -0.0021542349952947135 -0.002228861892174973 -0.004306130443351264 -0.0014423745809268996 -0.0011209774390427381 -3.945264800503872E-4 -1.767839743146626E-4 
0.3239535049099203 -1.0845426547476115E-4 7.748593447937584E-4 -0.0022854091526651604 -0.0022285182198923774 -0.004305909894928365 -0.001482298663776196 -0.0011182852414077218 -3.5607952579945154E-4 2.6979134090998787E-4 
0.8641196032512293 -1.3301563830081292E-4 7.369742551015991E-4 -0.002195237194717779 -0.002111285560708966 -0.0043054018552399235 -0.0014435278866776976 -0.0011047721588617419 -2.28197880930239E-4 -5.7392991220813344E-5 
0.4885608187913471 -1.1416415709413406E-4 7.526699371055218E-4 -0.0021821196868784267 -0.0021097404769705175 -0.004306537563405212 -0.001431457537492367 -0.0011194612190010959 -3.8328572277793714E-4 -0.0038523372282810156 
0.2933718620975828 -1.3904531160998596E-4 7.588236488318185E-4 -0.0021854200874105076 -0.0022278043978783664 -0.0043152931644987935 -0.0014273204351076445 -0.0011212462098833394 7.286770025501288E-4 6.112650400697775E-4 
0.1172650010448642 -1.1866920695791802E-4 7.749055992754744E-4 -0.002241562240399683 -0.0022321910458271256 -0.004306145435175908 -0.0014276481345793456 -0.001120962531938214 7.695186089535511E-4 4.3804644998139035E-4 
0.42640933132630265 -1.32728452576147E-4 7.401246581102408E-4 -0.002196987535728953 -0.002112963991912061 -0.004286454449847754 -0.0014435278866776976 -0.0011210250106539817 -3.887024820189004E-4 2.146260043879204E-4 
0.5151591577109915 -1.391267671562275E-4 7.429533241923689E-4 -0.002196750578781664 -0.0022297507634699057 -0.004305884859310707 -0.0014268238203458293 -0.0011158759539630723 -6.792030163816748E-4 1.3484721546479185E-4 
0.42640933132630265 -1.32728452576147E-4 7.401246581102408E-4 -0.002196987535728953 -0.002112963991912061 -0.004286454449847754 -0.0014435278866776976 -0.0011210250106539817 -3.887024820189004E-4 2.146260043879204E-4 
0.5884400396815374 -1.1508326611346099E-4 7.737573240894342E-4 -0.0021881731768317106 -0.002226962770797207 -0.004328018108165388 -0.0013957998453371164 -0.0011052955525421534 -3.032594740465704E-4 -2.9485553321606647E-4 
0.2702353838348678 1.7224302925066492E-4 7.692203503696356E-4 -0.0021375925074715017 -0.0022225675123277873 -0.004306493432131507 -0.0014162274789457823 -0.001121327424761436 -2.8955848619581395E-4 -0.003902048589885622 
0.502842520716213 -1.0680494547784768E-4 8.648458968851646E-4 -0.0022343239578539397 -0.0022219018846380743 -0.0031538032417649797 -0.0014576352966218702 -0.0011046917414985486 -2.24271980794202E-4 4.1685148891138635E-4 
0.29696083151798425 -1.3281726102957418E-4 8.112708046569103E-4 -0.002238417189007771 -0.0022276589104203636 -0.004306072933220564 -0.0014145747283083035 -0.0011047733723359013 -2.999235787375847E-4 -5.6344009858746037E-5 
0.49401885075240637 -1.3677421353193586E-4 7.721786454892712E-4 -0.0025886698199452016 -0.0022302356126191404 -0.004317039460553201 -0.0014231819036083558 -0.001116560964969576 -3.193440743410023E-4 3.538798532252518E-5 
0.7501735328293113 -1.330239678189248E-4 8.117834941443136E-4 -0.0021792238903370533 -0.0022288082141229382 -0.004306157939202662 -0.0014143190865417616 -0.0011047754458030905 -3.002604176434662E-4 9.27040542533608E-5 
0.16355490722920646 -1.3570883060742714E-4 7.740469836300687E-4 -0.002240233778012807 -0.0022257878082851683 -0.004332003222151968 -0.00147209332915171 -0.001115863993797312 -3.902481092636357E-4 2.155701843406939E-4 
4.270122008014354E-4 -1.450327170718669E-4 7.345828057937922E-4 -0.002128172881770482 -0.0022231639054076076 -0.004306446317135725 -0.0014160547393536624 -0.0011220969953846863 -2.955417744692996E-4 -1.3874376674356272E-4 
0.14153633538178723 -1.189185190015362E-4 7.687127736987131E-4 -0.003000983210718772 -0.00222756596501417 -0.004306972530909751 -0.0014435984459788352 -0.0011176283476353552 -4.014425525790125E-4 -0.003822573865382925 
0.38393179890555656 -1.297376888519318E-4 7.717049407603179E-4 -0.00221981491604311 -0.002132153302005549 -0.00430120798299169 -0.0013963482768491041 -0.0011157795444307517 -3.89653839310015E-4 -0.003851414629320883 
0.041573550380555435 -1.3876514910197887E-4 7.737287805242267E-4 -0.0021963586849171506 -0.002113004266152131 -0.004311365464005215 -0.0013943979481296008 -0.0011049708463770939 -3.056568062086453E-4 5.55584000252515E-4 
0.022099465531966345 -1.0727836687136006E-4 8.648458968851646E-4 -0.002188334253671357 -0.0022219018846380743 -0.0031538032417649797 -0.0014576352966218702 -0.0011046531489161747 -2.24271980794202E-4 4.1685148891138635E-4 
0.7468677262363644 -1.294624993154712E-4 7.534869298977782E-4 -0.002210116933863442 -0.0021241894715504713 -0.004300175834215822 -0.001468534284667885 -0.0011158087981127907 -2.3587050378797586E-4 -0.0038553919370778763 
0.1285187617517049 1.9822045300888616E-4 7.734367361634948E-4 -0.002176082107595951 -0.0022217698449052093 -0.004306328535111358 -0.0014324293064083336 -0.0011213223618398887 -2.6162625903172244E-4 -0.0038893359227052727 
0.028716162038345594 -1.1398081650278347E-4 8.060297911384723E-4 -0.0021862601343094193 -0.0022219261663218443 -0.0031538032417649797 -0.001458264991872868 -0.0011171617437683444 -2.3162524819023085E-4 -1.5152441814067595E-5 
0.6505544130689163 -1.3281726102957418E-4 7.923456530380926E-4 -0.0021842011939597634 -0.0021121629115009428 -0.004306153424971853 -0.0014424006927206514 -0.0011053435315487715 -3.0896814209302014E-4 9.448643348869664E-5 
0.3622158840207175 -1.1398081650278347E-4 8.065219683788239E-4 -0.0021851245239883706 -0.0022219018846380743 -0.004324009980635547 -0.0014572570217522953 -0.00111761176484424 -2.2860254735243037E-4 -8.339843901300232E-5 
0.3674040583755096 -1.1878416266917685E-4 8.116747965815868E-4 -0.002238417189007771 -0.0021112716111801465 -0.004293836852458776 -0.001414591236320966 -0.0011206769960682835 -3.020242412054044E-4 -5.909467229724152E-5 
0.6720864683903988 -1.3677421353193586E-4 7.721786454892712E-4 -0.0025765706303520716 -0.0022237254489912597 -0.004314765164804349 -0.0013971346331243099 -0.0011042165892138284 -3.1949199560291124E-4 -0.003857034014734422 
0.7291297796567079 -1.1857370509937284E-4 7.750043526952394E-4 -0.002196404387987232 -0.0021139449270567894 -0.004305756708771165 -0.0014468266204602396 -0.0011215133981884674 -1.9484558837102743E-4 3.748895684852751E-4 
0.25330014195821743 -1.3900531123321684E-4 7.854403217343016E-4 -0.0021542349952947135 -0.002228861892174973 -0.004306130443351264 -0.0014423745809268996 -0.0011209774390427381 -3.945264800503872E-4 -1.767839743146626E-4 
0.3867396193802288 -1.0669595381853955E-4 7.437078059443743E-4 -0.002185067387268862 -0.0022259295637256536 -0.004305908758628782 -0.0013977546254303663 -0.0011210392431047892 7.760151154986255E-4 4.199318559888899E-4 
0.8846270793931668 -1.1857370509937284E-4 7.417283198745891E-4 -0.0021960995572448305 0.001098070848131248 -0.004305756708771165 -0.0014468266204602396 -0.0011215055060920045 -1.9484558837102743E-4 3.748895684852751E-4 
0.9908824315849105 1.9651771412287404E-4 7.724247611985449E-4 -0.002184569458691068 -0.0022257510286539887 -0.0046786314780881706 -0.0014283185074811392 -0.0011198484268364832 -3.9680647849191307E-4 3.110744064924668E-4 
0.8433458518462769 -1.189099386378438E-4 7.685201210910554E-4 -0.0021881381836944074 -0.002228408368267145 -0.0043013779356990646 -0.0014441122732739647 -0.0011209449719289362 -3.6104566067030004E-4 4.197289010684979E-4 
0.9740383621047761 1.9651771412287404E-4 7.724247611985449E-4 -0.002184569458691068 -0.0022257510286539887 -0.0046786314780881706 -0.0014283185074811392 -0.0011198484268364832 -3.9680647849191307E-4 3.227011815702678E-4 
0.06381805876075669 1.9544993885143983E-4 7.531504643617192E-4 -0.002152596932738319 -0.0021374679057425483 -0.004322696419725638 -0.0014699582939564455 -0.0011171440601962937 -4.2924838156378433E-4 -0.003895451142431392 
0.011729486551530832 -1.184172660303107E-4 7.51799415904785E-4 -0.0021839826199214745 -0.0021334960811097378 -0.004311207297992157 -0.001428018012397055 -0.001120995601394731 -2.3012009576489113E-4 4.003103420255246E-4 
0.1715303357181518 -1.1390686359878531E-4 7.55549263443327E-4 -0.0022108103812242346 -0.002114528484492058 -0.00427789621902494 -0.0014682911285318213 -0.001117397965225171 -1.803639816942421E-4 -2.660294110660292E-4 
0.13467710452063897 -1.189185190015362E-4 7.687127736987131E-4 -0.0022502684464357245 -0.00222756596501417 -0.004306152879898574 -0.0014435984459788352 -0.0011210069791877243 -4.014425525790125E-4 -0.003822573865382925 
0.5451569261106146 1.5133523438325946E-4 7.501309599332899E-4 -0.0022137047032697557 -0.0022266613639469095 -0.004590938217708604 -0.001442416551946166 -0.001100961787335174 7.963487825674197E-4 -0.0038538661239482987 
0.028093794635185798 -1.3238166827314333E-4 7.401724858005379E-4 -0.002184228215950325 -0.002113063915638636 -0.004311707315829882 -0.0013960055739011216 -0.0011052900066693043 -2.257806184305903E-4 -2.0785419727033672E-4 
0.017766375495143705 -1.32728452576147E-4 7.401246581102408E-4 -0.002196987535728953 -0.0021129641099349047 -0.004286454449847754 -0.0014435278866776976 -0.0011051293987802172 -3.887024820189004E-4 2.146260043879204E-4 
0.5483451390121569 -1.1508326611346099E-4 7.737573240894342E-4 -0.0021881731768317106 -0.002226962770797207 -0.004328018108165388 -0.0013957998453371164 -0.0011052955525421534 -3.032594740465704E-4 -2.9485553321606647E-4 
0.976911279774225 1.9651771412287404E-4 7.724840473482024E-4 -0.002184585761873023 -0.002224841155578825 -0.00464750728940003 -0.0014283185074811392 -0.0011054921987050492 -3.9680647849191307E-4 -1.6253404010383994E-4 
0.39658315084555085 -1.3331646723676381E-4 7.414242736697844E-4 -0.00217623612517299 -0.002229880055057707 -0.004305036921350238 -0.001432255106177427 -0.0011227374845200096 -2.522076976389605E-4 4.196993268217756E-4 
0.7291297796567079 -1.1857370509937284E-4 7.750043526952394E-4 -0.002196404387987232 -0.0021139449270567894 -0.004305756708771165 -0.0014468266204602396 -0.0011215133981884674 -1.9484558837102743E-4 3.748895684852751E-4 
0.020161653053522688 -1.3250488447258432E-4 7.737287805242267E-4 -0.0021963586849171506 -0.0021187495593705565 -0.004311445074907149 -0.0013943979481296008 -0.0011049708463770939 -3.032248450198145E-4 5.139166344932968E-4 
0.23055973161302468 -1.1567341824467983E-4 7.768886361162715E-4 -0.0029456411254497974 -0.0021124134075812297 4.3077487502655044E-4 -0.0014622493766974127 -0.001119536964773752 -3.8781165532274567E-4 -0.0038552973968360655 
0.1975006985597133 -1.1862557855798343E-4 7.749422518301179E-4 -0.0021331664546052876 -0.002228455031776891 -0.004293848899128887 -0.0014162835250404516 -0.0011154665075081543 -3.5590484617282293E-4 -6.305397800545872E-5 
0.8586219937933685 -1.3423156486083932E-4 7.369742551015991E-4 -0.002195237194717779 -0.0021105351561046606 -0.0043054018552399235 -0.0014432839346648497 -0.0011047721588617419 6.834283198355395E-4 -5.7392991220813344E-5 
0.5319759209782545 -1.256786641246057E-4 7.828537292364647E-4 -0.002187051012236004 -0.002226290829801624 -0.004328128124551929 -0.0014500893848906331 -0.0011002507852752102 7.246698475578551E-4 -0.0038566203622148318 
0.23051212349081113 -1.1578050101985509E-4 7.765328012714662E-4 -0.0029286796404557865 -0.002276053350282119 -0.00430590905258064 -0.0014638062626046277 -0.0011210392431047892 -3.884671186267804E-4 1.4066683927370824E-4 
0.10087304507488815 1.7834278388876535E-4 7.38914641584761E-4 -0.002195010223048058 -0.002112963991912061 -0.004305866699022206 -0.0014246111332197491 -0.0011210299293015612 -3.887024820189004E-4 5.561692255084219E-4 
0.23055973161302468 -1.1567341824467983E-4 7.768886361162715E-4 -0.0029456411254497974 -0.0021124134075812297 4.3077487502655044E-4 -0.0014622493766974127 -0.001119536964773752 -3.8781165532274567E-4 -0.0038552973968360655 
0.2072748915716969 -1.3905196511772235E-4 7.401265932507484E-4 -0.0021963589043299285 -0.0021129074168298487 -0.004305884859310707 -0.0014268238203458293 -0.0011158759539630723 -3.8887339796162793E-4 1.3484721546479185E-4 
0.6757957437466431 -1.0845426547476115E-4 7.754576604632916E-4 -0.0022860400169075323 -0.0022324365145410707 -0.00430588160409807 -0.0014167041725016332 -0.001120882285788297 6.957524470311401E-4 6.245308680120581E-5 
0.2072748915716969 -1.3905196511772235E-4 7.401265932507484E-4 -0.0021963589043299285 -0.0021129074168298487 -0.004305884859310707 -0.0014268238203458293 -0.0011158759539630723 -3.8887339796162793E-4 1.3484721546479185E-4 
0.6812933531894406 -1.0723833891473477E-4 7.754576604632916E-4 -0.0022860400169075323 -0.002233186919145376 -0.00430588160409807 -0.0014169481245144809 -0.001120882285788297 -2.158737537346384E-4 6.245308680120581E-5 
0.4595784879122714 -1.1414915365861209E-4 7.670144321215262E-4 -0.002217415612390189 -0.0021333357649126884 -0.004302671279164435 -0.0014312557199507524 -0.0011176836754108867 -2.6271509368995007E-4 6.912452951181552E-5 
