0.010769605268164395
0.01240484888172566
0.017862240444356914
0.01058757771054153
0.01301172727888289
0.010387568032274586
0.019063825932590484
0.016136337139872836
0.012333979808666296
0.010782377929683284
0.012566688234325829
0.011240371483396627
0.015078802246326517
0.013305993192501364
0.012774448174113107
0.015064606416070214
0.014057245489890902
0.012072633158182022
0.015951131180860112
0.01156960978191679
0.013609184250315653
0.010624209558452002
0.015116066540424522
0.01345633661606438
0.012880206684746764
0.01115338074230443
0.010590473112668808
0.012100975300834094
0.014483003871768374
0.010178376417267931
