1.8812340675180986E-9 1.0006052470340143 
0.9999477097267214 0.0014643279533224083 
0.7578445160845029 0.4265779309578031 
0.3706429231432499 0.8637080451428503 
0.9388078385485877 0.1200940028347657 
0.1908331889887287 0.9645231263551158 
0.7751930971799419 0.40053747740972084 
0.5527796101486455 0.6952652908537307 
0.7233840408927954 0.48404176769513657 
0.7472873130196187 0.44312314918432855 
0.4766228221541161 0.7738766010989864 
0.33074160348298387 0.897667607442118 
0.8295143999787414 0.3167377443006836 
0.6432364653905596 0.587787312331285 
0.4510952920436663 0.7979701868822416 
0.307553027647424 0.9065643768507309 
0.7066981485233723 0.5024965530595427 
0.5390798530725593 0.7121761061780556 
0.06000837380507462 0.9972857720187155 
0.14196539080159132 0.9805728156727618 
0.592955676190339 0.6500331679057281 
0.5639083409735058 0.6837562090591123 
0.8008953675585258 0.36981743900008923 
0.9758528001960461 0.04907759012620271 
0.5758476876143859 0.6693559520220816 
0.6590700039787961 0.5672417514586491 
0.9275485429185283 0.1407837826263871 
0.4120417666458829 0.8311863492427857 
0.1665327500899464 0.97453358012436 
0.023492002997058933 1.0003974638009918 
0.9568388215393974 0.0868835121887333 
0.8371237208943167 0.30168772874807365 
0.7280241976483491 0.4717149137854783 
0.859353580827127 0.26394459087607475 
0.10193259940131448 0.9905372318564927 
0.225507932603834 0.9503424947737266 
0.24851970155009187 0.9393785436560655 
0.9678244598883878 0.065675507675352 
0.6574239784986874 0.5694128429269079 
0.5312251154425812 0.7186707303645846 
0.6199418163564089 0.6257433342612059 
0.6041627397058352 0.6360078252330997 
0.26176735351397307 0.9329701550058913 
0.2709955748285865 0.9276846367210673 
0.23680241639847438 0.9448436786846685 
0.8771760084142362 0.23195207228072784 
0.5162446511259428 0.7362312701412448 
0.35341975817478377 0.8759735171376822 
0.9210806956330626 0.15337106874761539 
0.39251480755260626 0.8538593765178611 
0.8085042535887865 0.34707851019139413 
0.5213479989602966 0.7297175673986863 
0.28332333060274234 0.9204219772898662 
0.9636246041063408 0.07350818396098446 
0.9044892387247634 0.18336310735038192 
0.49193810999487786 0.7589619642594775 
0.6927166086534359 0.5215349482074465 
0.1604657989035438 0.9750914907180865 
0.4628888444394974 0.7867621774521358 
0.8052035133774222 0.35247682445311507 
0.8961534696801243 0.19795619054786334 
0.48861777117540073 0.7621987178573687 
0.07944977771875125 0.99459994734512 
0.8686823225135761 0.2480332080317659 
0.7792817271920786 0.3943186249100835 
0.8885199332743882 0.21160612308719978 
0.6351074442628759 0.6045382227608403 
0.12615713517951538 0.9847986707379949 
0.2058916481130742 0.9585862585787711 
0.8537637044829651 0.27588735956322513 
0.21105849829661377 0.9561464145741518 
0.7378398275885569 0.45694954571546603 
0.949986387225354 0.0991351074055893 
0.08597872314555069 0.9935094321474266 
0.8178417398439916 0.3322819054833808 
0.40065089890868166 0.8402503261144146 
0.5734201163899298 0.672752502446477 
0.5046587509602986 0.7467588485601754 
0.866672371866218 0.2510254938495448 
0.2983858257666388 0.9119604328841204 
0.7866141653626596 0.3826727842495192 
0.8178417398439916 0.3322819054833808 
0.6354682466591072 0.5971499460570829 
0.9820420641868408 0.03720777685017063 
0.42339456132894837 0.8215782812762407 
0.9476002551786611 0.10439895259245553 
0.7363827681582334 0.4591139286547025 
0.43468218490591615 0.8117856536035168 
0.992372172049515 0.017579593525821516 
0.03967544511513091 0.9991157384694118 
0.9949152628877529 0.01144919813572678 
0.2916704033934791 0.9158837899420289 
0.6226361461380676 0.613497249754346 
0.6752213357966698 0.545537826382147 
0.9870614855534705 0.027947989242703343 
0.9076973511076623 0.17745864868483516 
0.43468218490591615 0.8117856536035168 
0.46081560360028717 0.7885406138057379 
0.8861098961827556 0.2244510120931573 
0.3502406056707809 0.8783920603791152 
