1.899887729591681E-11 1.0010762780765312 
0.9999307428739757 0.001509271485840382 
0.850460982599048 0.27909937256435147 
0.3445953307198417 0.8830097376592745 
0.831191915831948 0.3110650311884906 
0.13495100063541232 0.9826217826399631 
0.9010822665052678 0.19039476936818053 
0.38582971731765325 0.8526295544589411 
0.5914073429909361 0.6510432439732905 
0.8882614435402739 0.2130339782619364 
0.9304845058150042 0.1357943655036361 
0.37645761474855716 0.8700118617020177 
0.6964558183976669 0.5170068568706606 
0.9202094261186189 0.15713923856806689 
0.8764251366203357 0.23434334402457985 
0.061382876858468605 0.9971691978342451 
0.32764929240995133 0.8937773544383045 
0.07768446859888345 0.9952084213224037 
0.30711090728533813 0.9070236633574587 
0.8657948624218836 0.2523810157224288 
0.9828517545646595 0.03635971512716764 
0.7125999127107324 0.4948851072165806 
0.6027714302242149 0.6385916240801257 
0.6919367689379379 0.5228857959227722 
0.9667290142521852 0.0679977244640048 
0.521915042215622 0.7288693146977673 
0.8048114036003651 0.3547853075724865 
0.8597031617587446 0.2623866559971459 
0.22073087694136817 0.9523903977261985 
0.19443294566850255 0.9639128000067115 
0.7628264550585788 0.42214773248640125 
0.035429509531635484 0.9993384022187976 
0.15669801978872855 0.9766626653169956 
0.7233954193606291 0.47809193869171995 
0.47155827723789756 0.7794771903596288 
0.7755561959938941 0.40169810441507214 
0.4250759745280618 0.8205202466035328 
0.7920000512556291 0.37687972885003973 
0.6196112120582729 0.6177518643831235 
0.11099363848896626 0.988316722076868 
0.7811613514111105 0.400047543237448 
0.28852195535647446 0.9179305986590596 
0.19091207749535494 0.964422884072181 
0.5366017397847733 0.7219844513177619 
0.6287241134974001 0.6064245467435979 
0.23435265363676952 0.9458830184206196 
0.6468313181724641 0.5837370290036681 
0.790501776381987 0.37933256288514067 
0.4163452200543448 0.8286132201404448 
0.316488047283813 0.900935515224355 
0.6787909692256933 0.5416775725503908 
0.2526305990092768 0.9374381830466938 
0.5654016211720501 0.6856500765131732 
0.16815589197358147 0.9729403671004757 
0.8830750284820459 0.2228755253852323 
0.7614573881395263 0.42927307847905766 
0.6701526243879534 0.552881943090862 
0.5012789409540053 0.7528491363602826 
0.10015840559844857 0.9907802895672171 
0.9895354926158935 0.023419559853480473 
0.9375912016848102 0.12491590991695893 
0.549839049186091 0.7045079312284824 
0.8072883235805893 0.3499623061794732 
0.5753674321636624 0.6703166203793015 
0.5390764634246701 0.7109609412339615 
0.6646675600911265 0.561589434749275 
0.737561239361144 0.4578606268768537 
0.43758247659329563 0.8097980244311876 
0.5802775571833156 0.6669840960660031 
0.9595600533940425 0.08190226536733972 
0.4462708469320803 0.8023358004643525 
0.4830682789477152 0.7710357879392412 
0.461238387211432 0.7896843891168412 
0.8163646051187506 0.33532335003683916 
0.7479505190472997 0.4464333648841357 
0.4599668497046148 0.796527408555894 
0.7150178739448648 0.49104972112858825 
0.2476815714748119 0.9401876956722592 
0.9743417098445352 0.05277739457890591 
0.2835365961074964 0.9207558019447364 
0.5118019723151708 0.739410307781384 
0.7320761750643172 0.4674378524486965 
0.4067611335072101 0.8360141199786242 
0.5541450989153347 0.6947970363526403 
0.5090441824754217 0.7419703305481171 
0.6584227457057465 0.5790490665010631 
0.02211349991054301 1.0004047919650418 
0.9136231118040117 0.16723290119868803 
0.6604410979204033 0.5735636083322885 
0.4860455351237866 0.7651597697405406 
0.973555914393041 0.0535967757812281 
0.37645761474855716 0.8700118617020177 
0.2715550088526192 0.930782603293899 
0.9462897054174834 0.12023864514907594 
0.6350556030166737 0.5981652067836899 
0.2717103780487916 0.9274517519447397 
0.9959204670030095 0.010585496886423108 
0.821788395768975 0.3308172053275914 
0.223785066738382 0.951238262732625 
0.957022093541507 0.08782595718690915 
