3.1941059719999323E-12 1.0010471985256284 
0.9998022686288937 0.0021137794052745592 
0.60907352066875 0.6333551239440005 
0.11299941934689792 0.9886763849865414 
0.2902217730882005 0.9175719110770014 
0.450720951217589 0.7981247959359927 
0.6237130121184384 0.6128611774207611 
0.06546125819817042 0.9970352935146489 
0.08183295711449917 0.994628787071283 
0.6583703323679851 0.5685386778953269 
0.5875897656308858 0.6563368398049072 
0.8918034824210185 0.20614933363033042 
0.7371211335096906 0.45867451026667155 
0.6924543093305489 0.5235202069195593 
0.8749269777787309 0.23621495330440306 
0.7953377937080999 0.36878224183022884 
0.13922212687997482 0.9815515208459995 
0.7850891504480444 0.39388453001130613 
0.03060752058711913 1.0004278072705468 
0.9287632371548205 0.14070168232837274 
0.7039776345427358 0.5085087255534171 
0.48823912704551625 0.7633963831049637 
0.21971940971272455 0.9530780424525459 
0.2673310187893281 0.9300920551032537 
0.35877518344552073 0.8727412922258689 
0.30856162546259086 0.9099182957217555 
0.38089024585569914 0.8560367508345066 
0.17310876483772866 0.9715404840441267 
0.42460830746274353 0.8217621699547596 
0.7504330622513478 0.4389532546121363 
0.3681441048201575 0.8658614076602728 
0.8367624753274655 0.30227031845417834 
0.7834234071176828 0.4075604621996049 
0.4698274250430833 0.7803648931696647 
0.713412944795369 0.49544804081356214 
0.7535485205912036 0.4346889288115635 
0.8431934893557582 0.2914114942485666 
0.9104445079078684 0.1726963326785894 
0.4949830103300935 0.7566434977257154 
0.9166952156595715 0.16144686732947724 
0.4615590737793091 0.7879625723738095 
0.7645765880106887 0.41717568478129075 
0.9766942175382435 0.048461972470254425 
0.153017651596973 0.9779018330699658 
0.9574084739675519 0.08620838893223029 
0.34362350469090747 0.8842008257876203 
0.3163206724993831 0.9008253390493012 
0.9016011060192342 0.18858562739125903 
0.728652386512692 0.4711111297790561 
0.5823483991970102 0.6622511403250528 
0.9704328722671434 0.06008820766290262 
0.20712390266910052 0.9584202131101752 
0.1960282287544291 0.9628845560825036 
0.8569479244149926 0.2720342978736671 
0.5725218952843337 0.6738786568192204 
0.5449076052552246 0.7050016428599624 
0.6447455325899816 0.5970047209978826 
0.8185141576780111 0.33173100804265826 
0.5170314706413917 0.7406975853475869 
0.39257952965739434 0.8476625275264424 
0.3982072563933725 0.8428222851489833 
0.8837898986221844 0.22471403735159048 
0.9377968521453455 0.12248849538318539 
0.5055204255645098 0.7462399955895773 
0.9853864751819779 0.04119108450364198 
0.7665133574523747 0.4136141593299256 
0.862214878370118 0.2591447759624207 
0.6747064092705775 0.5470896325839399 
0.32632090685641096 0.8945313470070931 
0.24043672678618566 0.9432662361136165 
0.9347290130811857 0.12996123165807474 
0.25485217694241374 0.9365395739088573 
0.827142556453578 0.31800849189311664 
0.16514726372630062 0.9740778661880217 
0.8051658699332506 0.3631120261475312 
0.5516983264179869 0.6970215074564943 
0.5332980998258223 0.7169330289594664 
0.862214878370118 0.2591447759624207 
0.8287879925623486 0.31539000418546703 
0.431420746587867 0.8157567037327436 
0.6747064092705775 0.5470896325839399 
0.9040400837464988 0.1855306955263868 
0.431420746587867 0.8157567037327436 
0.24043672678618566 0.9432662361136165 
0.4095939586483938 0.834534241014514 
0.633514410594975 0.6005251483706605 
0.5374535454568091 0.7139850210478735 
0.6471596327201394 0.5831803668309761 
0.4095939586483938 0.834534241014514 
0.9951217404486419 0.011716084689731057 
0.9446072261284402 0.11068233042413608 
0.5245261733262387 0.7266679832944742 
0.5622598184105083 0.6854976018134118 
0.5573457406551365 0.6911936111873052 
0.9523645127483809 0.0968522344840308 
0.5677052777805877 0.6792707734125084 
0.9922891950411363 0.01762039921176311 
0.9460353397219566 0.10771587819503187 
0.3332388629063166 0.8902262786405883 
0.6808505746837137 0.538376553578417 
