0.9999762932837424 0.0018817240032144977 
9.586391470529895E-18 1.0010576587802134 
0.9562905826997735 0.08807093981604454 
0.5122805721757813 0.7389318854627261 
0.5296602959397908 0.7239114904262718 
0.9428606771789032 0.11414367792878118 
0.8527775941631668 0.2743363459404821 
0.4917717602437913 0.7599504277133766 
0.9681161549349497 0.06495239882230183 
0.921623214789363 0.1562955044808492 
0.9087716234481413 0.17690717292388064 
0.36063268671728876 0.871187475650197 
0.7248967440162837 0.47637154809886506 
0.7540381186234406 0.43283917497837404 
0.703900358497255 0.506210347949301 
0.05231768413031196 0.9986285013617987 
0.864549397165331 0.2565050436222526 
0.6910843181085444 0.5242167648328643 
0.8814211187150853 0.22613437334364178 
0.5961552861802252 0.6463651574130412 
0.7392425477782146 0.45540443769194533 
0.4710577249292429 0.7800455924687517 
0.38173939158361925 0.8559198876005785 
0.09809011354525488 0.9921611431162046 
0.3872247389255257 0.8513780590001333 
0.928143881880794 0.14025686232974496 
0.6073296470154405 0.6372215310383622 
0.4592744961035584 0.7904254624878274 
0.13201910390145977 0.9843869876261179 
0.9354887697581028 0.12801917327358828 
0.4839981812577048 0.7672836224759212 
0.4057917650450179 0.8366188895854481 
0.3118798317455231 0.9041405745291325 
0.22653937792107942 0.949980449456005 
0.7738714435645145 0.40379112055829475 
0.8948950189563436 0.20232524109299457 
0.9015810360695927 0.1892267088734918 
0.8030256297842431 0.3575460710873722 
0.9954890449503907 0.010679308160844437 
0.7444323917358252 0.4475335207363535 
0.5762989812100653 0.6760762634938606 
0.19210840463551 0.9643558827972921 
0.8414405796541502 0.29413870486620075 
0.8716788759158741 0.24231186252663275 
0.8398804572508609 0.29658243672365164 
0.9779778417003502 0.04524105739112434 
0.6639405485019001 0.5608261570334855 
0.7126333726523059 0.49425679008159723 
0.03088427785439188 1.000035540360237 
0.615140521397355 0.6234444068386432 
0.5663993928969968 0.6810382575602134 
0.2782031747974455 0.9248448489158303 
0.44916770705416614 0.8000260143972414 
0.8284659494024436 0.31588845420573625 
0.6330044275572186 0.6007505832441048 
0.7182156100566311 0.48632570996587304 
0.8113866799925745 0.34336062941506906 
0.6526680105097966 0.5776550025214932 
0.1734860836450942 0.971440027307397 
0.9750146805867007 0.05072327918730218 
0.4425316745767202 0.8059643282954313 
0.5547847896413284 0.6938287174377448 
0.41975016749862276 0.8260040948768186 
0.2435799506047817 0.9418862982551683 
0.5435805233479889 0.7061153395647182 
0.15537948020122616 0.9769404535914362 
0.7971390272588889 0.36686702764604145 
0.43358412235346944 0.8137796308214861 
0.7894366079107981 0.37853829510091874 
0.6577204140265597 0.5694204963956849 
0.29237324083755695 0.916341488561415 
0.987028143371984 0.02810192508311809 
0.58291165885827 0.6617538068916924 
0.34891905074376883 0.8792254195857493 
0.07698798159759315 0.9949724843726692 
0.29237324083755695 0.916341488561415 
0.5435805233479889 0.7061153395647182 
0.20581596288169351 0.9589158574912156 
0.8793990314234932 0.23652343402365605 
0.9875103166281631 0.027114588377359635 
0.6247613730590518 0.6114756519210164 
0.644507905445953 0.5861650711270482 
0.14874571183422303 0.979436049299825 
0.7649780145068662 0.4165223506565996 
0.23377251809337019 0.9473789693118817 
0.07698798159759315 0.9949724843726692 
0.40976871245980795 0.833774273403295 
0.3347630176913805 0.8891961866712842 
0.5576017586619317 0.690801489343332 
0.7649780145068662 0.4165223506565996 
0.6777651565582897 0.5421308520505379 
0.7808540382928137 0.3922754186835906 
0.20581596288169351 0.9589158574912156 
0.58291165885827 0.6617538068916924 
0.6724165235018357 0.5496121406104292 
0.11543821538238652 0.9878675793478212 
0.11543821538238652 0.9878675793478212 
0.012238165046746172 1.001027393701954 
0.2612934577354641 0.9333783515296878 
0.8951631515940198 0.20155108117972534 
