0.9999566765318393 0.001773744390094639 
5.699742525820579E-13 1.0014410441607196 
0.38911402150750907 0.8503505292110548 
0.8092652199297263 0.3467075772266136 
0.7448655974531604 0.44654720974460077 
0.35772954652324296 0.8729990300006991 
0.345318735714526 0.8815345501709535 
0.1766352978895443 0.9700563248242701 
0.9184885019589217 0.15785046516090676 
0.41690200447751474 0.8272677029134436 
0.2678762120713065 0.9293673462617283 
0.37903281337547506 0.8574860482168499 
0.6367856722899843 0.5968079537847227 
0.8896920900755247 0.2102507479875044 
0.8346230080006282 0.3051127809881887 
0.1465292564914314 0.9792835065252143 
0.09940579098056922 0.9912902378001626 
0.1882864210048398 0.9656212112141377 
0.7150241524791593 0.4899855891777351 
0.902637932215191 0.1866678839389169 
0.7811383142464267 0.3909901912127372 
0.21182262533994142 0.9564922490953567 
0.9353600386432435 0.12668585425861556 
0.729207190867008 0.4705218650199993 
0.7632197137134407 0.4245228380688821 
0.8426681433977286 0.2911278402573247 
0.5790098101390103 0.6663383675422649 
0.9769125296012672 0.047557158245122355 
0.7526653205774116 0.4350693348032545 
0.7056194371929488 0.5114996123518792 
0.47675909701705665 0.7751999649422496 
0.8501444781212366 0.27915376626390953 
0.020532782260963 1.0002587202038304 
0.5193644669901178 0.731008669664833 
0.6735694389135685 0.5472614038013902 
0.4953254411106707 0.7562431213875872 
0.3236354865034824 0.8961241282617484 
0.9243943162356376 0.14727717669795629 
0.4858776333345374 0.764982511488881 
0.22809221558935727 0.9492122430404016 
0.9929784850980518 0.015629644121731623 
0.8707317119830915 0.24413508912404158 
0.03798344781760184 0.9996756820043762 
0.2512759167750078 0.937695862390979 
0.5911722234824187 0.6520821699840823 
0.05473646977511315 0.9979060525706197 
0.29321467980855637 0.9150793737231621 
0.6819113243023204 0.5431964106026206 
0.8612275955518942 0.26007426468639183 
0.4469889161658087 0.8016878315967038 
0.7918064549770887 0.37449642534655586 
0.8237662493255626 0.3231752534426835 
0.6076741234600407 0.6326121011300504 
0.9400230392061611 0.11813845727863775 
0.6433412544165061 0.5876705418989238 
0.8237662493255626 0.3231752534426835 
0.6193727763412568 0.6174650444927352 
0.41941078068223464 0.8255294524843771 
0.6193727763412568 0.6174650444927352 
0.5653422643899625 0.6816535383681762 
0.9716416583001232 0.05908515868830863 
0.5056392542992103 0.7463726886206782 
0.29321467980855637 0.9150793737231621 
0.874774115227303 0.2369401968288946 
0.43479444330739436 0.8126292776989678 
0.8575549594396202 0.2661457607611578 
0.7220343775946886 0.480151856819123 
0.12273846508857628 0.985904259219136 
0.4656341892449692 0.7846918889446929 
0.1383036456025472 0.982045903378199 
0.799524447617202 0.36230177229188815 
0.9648184603819285 0.07062200552527065 
0.511492205776206 0.7403842910947522 
0.7740321408441968 0.4021560608108079 
0.6887409635911177 0.5272406841900629 
0.5303067823640217 0.7202201993882738 
0.31081791052832397 0.9051477348026025 
0.9852268008294622 0.031400300507342216 
0.45378207122595726 0.7950657898723594 
0.5845320816183536 0.659511548783706 
0.9519770591380209 0.09617331858270262 
0.6511768612877109 0.5777089698847678 
0.5638239315583263 0.6834807519602529 
0.5423712607711199 0.7070887853205459 
0.6012728693623229 0.6402426486480504 
0.5530699582213772 0.695645477196054 
0.5335306196905123 0.7168949945179935 
0.4354283041394924 0.8113026415754641 
0.26004060533879547 0.9363192744219282 
0.5539554515470906 0.6952628305806471 
0.07010508471470316 0.9959253802215805 
0.4610741406577027 0.7888733508073792 
0.893896916583536 0.20241989362549156 
0.874774115227303 0.2369401968288946 
0.9562042443188002 0.08819327393634381 
0.9008613492025223 0.19929938105276168 
0.3224214145803848 0.89692421936425 
0.9895905471728417 0.028411710040973405 
0.31094996414681875 0.9049075289846341 
0.08097858919125583 0.9944558621198304 
