4.6648520330060536E-17 1.0007400716887067 
0.9995645501559088 0.002132846690150435 
4.6648520330060536E-17 1.0007400716887067 
0.6117894027053038 0.6267804187206922 
0.6382180014753448 0.5935863578392929 
0.24765045315817524 0.9396023993028154 
0.45167103768340633 0.7970371478866192 
0.27451720352489806 0.9254019112793654 
0.9465820768843176 0.10774574786660479 
0.5725887260494862 0.673286253193066 
0.15255693464357195 0.977537406217069 
0.8068105282529994 0.3500665369319268 
0.8483741871339808 0.2939782924392411 
0.9351455592162176 0.12697874966584316 
0.3226088805633501 0.8969558727273754 
0.7577572711849034 0.4283220154360524 
0.5617027799399064 0.6854215385455549 
0.28313034703649764 0.9206786214325776 
0.6561194914959195 0.5703984648656728 
0.8322597752741824 0.3084513558847119 
0.8159833548705224 0.3355166186044342 
0.5136688339525198 0.7383232414141524 
0.19134933158473494 0.9642751654716157 
0.9533600505178849 0.09272356696231522 
0.7474325056099445 0.4428770018610549 
0.8518552439312944 0.2791108938348242 
0.4107326169529378 0.8323011087211982 
0.5509102708806246 0.6971641885482347 
0.5867734598142987 0.658329979397269 
0.4962154982343396 0.7548353727772744 
0.46968339873206727 0.780190464327088 
0.6652188285167108 0.5586412811212567 
0.03152633488015427 0.9998906317221913 
0.7105100497644087 0.49628465472509503 
0.7660372302248473 0.4144633197381271 
0.8662896862736359 0.2511400006185221 
0.13205398925536857 0.983198328408504 
0.9848390604156612 0.031278442073088754 
0.04793978950378125 0.9983461461058966 
0.6464336983237708 0.5828700327683609 
0.7191116181837443 0.4845003008899442 
0.8838866073202147 0.22353721050538713 
0.543447902949618 0.705685741096605 
0.8957956968759775 0.19901196512099648 
0.7252308206614136 0.47528207722073523 
0.7414349727555534 0.4516160079892452 
0.3763799914441734 0.863312676731022 
0.5028794335331044 0.7482574740895565 
0.4413397371253549 0.8062685191642275 
0.797086632810007 0.36571072780272823 
0.5903066084969157 0.652544989146647 
0.012706990954780645 1.0004171600801388 
0.2358103518121802 0.9459466043886786 
0.9208253494280088 0.15379690027277412 
0.0880706206503496 0.9929091076678689 
0.3032893296677919 0.9089088402519037 
0.9020684080109949 0.18761879423220315 
0.9596889029399495 0.08100679521460374 
0.99260773750136 0.016227771838591178 
0.33481237709421413 0.8926741407146497 
0.9070092608673233 0.1788535442245934 
0.48369713593374497 0.7668820657898759 
0.38218850577988794 0.8549127122735377 
0.42176324411979743 0.8232669498219591 
0.7773054017115871 0.3972372019638398 
0.12356126111532256 0.985443241439005 
0.34307424643514667 0.8869333692667793 
0.9681739822820346 0.06807913831816739 
0.7717920892736609 0.4053238135358394 
0.5239649035085437 0.7287321757656278 
0.3905357061096541 0.8484525684333788 
0.22585233369656144 0.949966926834494 
0.8745874146275037 0.23656694840113282 
0.43409062824153627 0.8125873232481711 
0.1734548107645143 0.9709582736882229 
0.6007462924335032 0.6399423790908677 
0.08088196552697313 0.9940862977683581 
0.1711322485200688 0.9716818715984362 
0.6963674459342655 0.5176793920998076 
0.9208253494280088 0.15379690027277412 
0.9738294707097546 0.053759930977474564 
0.6811119338932557 0.5371955269530602 
0.7887306607622786 0.38498484285242146 
0.8233931685657169 0.3257943465495341 
0.10799008838022 0.989221339550869 
0.48137271132411347 0.7692324062615155 
0.6028859190606515 0.6375089747310666 
0.9827292774358218 0.042682179675436985 
0.7830883194883207 0.38769573854002 
0.8895984533609008 0.2103662778873739 
0.4026509555280235 0.8431836655957958 
0.42657117457749033 0.8191605484228514 
0.8744043082037316 0.24191083307831082 
0.8582682486551461 0.2645569302787635 
0.47201016293899817 0.7796587685501644 
0.9070092608673233 0.1788535442245934 
0.5342047291022586 0.7158154444080218 
0.20264568777261815 0.9597634487953839 
0.8590722169338489 0.26350457654898357 
0.9639757811396412 0.07243729013695706 
