3.7683280502097405E-9 1.0006701432588803 
0.9999909929302687 0.0015011407067729923 
0.9999909929302687 0.0015011407067729923 
0.22692962101097616 0.949397670397933 
0.3868878922523792 0.8516418533851443 
0.6532463583289906 0.574284103199317 
0.5369429125658391 0.7129347595102357 
0.25673331036914815 0.9351410212677714 
0.6883161014129171 0.5275584228490227 
0.4047368182502833 0.8373068955745075 
0.7378493399562429 0.45674388416771405 
0.8403215731874689 0.29581852140068887 
0.9004131878651183 0.19101259743407803 
0.791221131752609 0.3756294798291412 
0.287291030150006 0.9197202386204432 
0.7472584162056297 0.4508014910866513 
0.8002334111138723 0.3609591397507803 
0.30372071827179303 0.9088342999757664 
0.5502037714374863 0.6985240850704427 
0.7217879638130792 0.480015589095389 
0.13972049570403233 0.9814006256388863 
0.5014694108786331 0.7493418987123489 
0.6012103818186498 0.6395362278920282 
0.03949988497564673 0.9990846724353041 
0.8735522331157074 0.23871534026870764 
0.8095668574644341 0.34597498499209983 
0.780620691636611 0.39240409208169924 
0.6704020116203666 0.5515658487859827 
0.9775059692718175 0.0462335524544405 
0.01685242362759326 1.0004685188006657 
0.6704020116203666 0.5515658487859827 
0.826915940210675 0.31789001761928654 
0.5937880850737496 0.651849341004496 
0.6316238284433795 0.6028404917610563 
0.31950170458908034 0.9049429660326701 
0.8924325933057348 0.205683172175819 
0.36495749855189663 0.8679201073709212 
0.9107404790241247 0.17229691854520057 
0.7576110115358642 0.42717941987559466 
0.32824921536668117 0.8932205965317425 
0.05785473597255736 0.9976949418780806 
0.4860816503032087 0.764617530974567 
0.338997057167615 0.8861844160910521 
0.41778583426849125 0.8266930562830646 
0.559426072714209 0.6885379348289903 
0.9689657863794541 0.06316420884000017 
0.5194430835029026 0.7317649168718802 
0.8621455039307492 0.25886312506729814 
0.8841734282532063 0.2197054554956457 
0.16485732313901175 0.9738936835316914 
0.9872840041952948 0.027232666863633546 
0.9313291268603698 0.13430028259831833 
0.4619505674904702 0.787953766272798 
0.8693714912294584 0.24826267792218093 
0.472986070898295 0.7777705771801177 
0.49687218622873836 0.7540982384510906 
0.9595288299981664 0.08806104921403839 
0.5829013773839218 0.661718615587614 
0.19422860304086617 0.9631233300133485 
0.8553232271340794 0.26994071375543766 
0.9503228519794698 0.09865926096294234 
0.8470803139017515 0.28436676705345293 
0.3504855749540047 0.878232438307907 
0.4430204573773218 0.8053930217634719 
0.7750661479707188 0.40068852754284523 
0.20163403600434923 0.9607169441774229 
0.6414225779281828 0.5898461141119202 
0.10775676845458049 0.9893851297857718 
0.9404303362018541 0.11703448983756878 
0.12308820314005242 0.9855031125554873 
0.994246438679862 0.012953907500969497 
0.9404303362018541 0.11703448983756878 
0.6146468662148185 0.6278956816463274 
0.272049319749596 0.9274662364837778 
0.47817680673957785 0.7727927458957367 
0.766851080521496 0.4131611596033942 
0.9288594218295696 0.1388880963985783 
0.42498145747049615 0.8204100404676954 
0.6217536743762593 0.614453513569373 
0.9226215667892083 0.15011883725170597 
0.07794876663185968 0.9947606083011516 
0.9631466995143565 0.08022824900740277 
0.8250621246893104 0.32115856392623776 
0.359108163122533 0.8774384985308302 
0.759369094807231 0.4244157378144462 
0.0736413346435193 0.995303485513382 
0.2694504040639638 0.9283437487499975 
0.9650969881090214 0.07013883367251726 
0.6412071929619967 0.5899295654793802 
0.8510226692348778 0.2773250092109226 
0.8859315115252875 0.21651113244892328 
0.567417151443594 0.6791055371208213 
0.8166418621093332 0.33462286009840525 
0.09434387014934709 0.9924676006227091 
0.4337648006546867 0.8182780258873477 
0.6968740980582855 0.5159238775962289 
0.623689103231976 0.612801084227673 
0.12951201925264527 0.9837597965188792 
0.7693700800692426 0.4094487735795083 
0.7135777388227484 0.4917443767163822 
