0.9998361584288553 0.0023826550310489547 
1.6143005067451336E-13 1.0008716370828243 
0.9998361584288553 0.0023826550310489547 
0.04312147766617627 0.9991817003044635 
0.10412056300870413 0.9901662287277944 
0.34923212914393603 0.8830832133867533 
0.546476153090503 0.7032792160110954 
0.5277403027648085 0.7237648860093493 
0.6838750927358865 0.5349060624457225 
0.5768778749041469 0.6687517984580578 
0.6961690574450795 0.5174560222060586 
0.7864920296110945 0.38805236625764633 
0.9060226350077402 0.18095761879943997 
0.5939661529471063 0.6534609708652878 
0.67066970686397 0.5515238712100066 
0.3722650174359619 0.8697182654121931 
0.8441650356849596 0.2908100244403142 
0.01892234800657666 1.0005269581034177 
0.32589437905236085 0.8956804892724943 
0.49865379586913494 0.7541522605691262 
0.4304388015799368 0.8162637491417901 
0.7527692934047366 0.4349436377056459 
0.7354343993150175 0.46058715318694066 
0.7443349585682655 0.4471520471800482 
0.9547488734804799 0.09027781699688077 
0.9446955568935844 0.10913946487168646 
0.5993114634310412 0.6422448743792908 
0.2605086094182652 0.9332113650977182 
0.6528032577363946 0.5755209666235945 
0.9400644720218249 0.11765561431204301 
0.8332723370281382 0.3079524673024782 
0.9693476430602663 0.06239494376772824 
0.5575441728947386 0.6906161922609625 
0.797319116710012 0.3660719582475371 
0.3009001000700783 0.9105569236038547 
0.8895671030031143 0.22301701997813783 
0.2739718532538582 0.9265745020064725 
0.39236182162998195 0.8470575074115352 
0.6271395146163335 0.6080148400923012 
0.9851377444368723 0.030978767412166066 
0.9272101830698846 0.15501165711882883 
0.8953897351009524 0.20026872974766316 
0.9759950708271887 0.050479392961137105 
0.4644899015964513 0.790768509976377 
0.16662370311140073 0.9731465748989052 
0.8609127519107512 0.2613024745294936 
0.44660221844861536 0.8019578177878429 
0.868089400890871 0.2481361907954172 
0.13999796317643456 0.9812850650773083 
0.7647202280293085 0.41733951554461945 
0.7064501626408393 0.5032100816645485 
0.6108346770526982 0.6286227418251316 
0.5136456825379159 0.7496283798657333 
0.8740934167397658 0.2379672617138121 
0.18985908157790732 0.9649038227455968 
0.38702603890701787 0.8588269439093978 
0.3114759838190024 0.9042283073517768 
0.9306671205325555 0.13562628654457046 
0.7270487541126885 0.47343483680774534 
0.7996449010532296 0.361963017413422 
0.7748278523003342 0.4016265700805759 
0.4167644906534469 0.8275956546900335 
0.24599468950428796 0.9401452877744738 
0.7621318895852388 0.42132574778318854 
0.6413093481034955 0.5907528098475717 
0.9626447364083209 0.07723126055483504 
0.4477698945304687 0.8009548132261715 
0.8170079430002792 0.3343565430291365 
0.6413093481034955 0.5907528098475717 
0.9808279934970447 0.0403651402862967 
0.12526220126395293 0.9850879256086806 
0.663006034038237 0.5618013595352356 
0.4852326878665184 0.765865433234672 
0.515955746245776 0.735642729177949 
0.9189623261993094 0.1619770733634563 
0.8088703616302511 0.34764519788893317 
0.20472439514277208 0.959810426011477 
0.8267732534824672 0.3332221426811313 
0.22663979480899787 0.9497571774602536 
0.2105598674128603 0.9568091197509225 
0.3745275978424478 0.8606878478219382 
0.40410035386790955 0.8383037252341096 
0.7762926173208697 0.399034538454329 
0.566331902656326 0.6807820569992922 
0.42495450171907384 0.8244795254530721 
0.7094329281588632 0.49841944368670965 
0.2869245776737215 0.9188411147238498 
0.6205566307169819 0.6167148288960252 
0.47772675678870563 0.7735908258470979 
0.46747656200057314 0.7839545327875833 
0.6589133686985592 0.5672419683660923 
0.8499701599231295 0.2791337022231791 
0.4066531459224966 0.8359734229336683 
0.3218473997129598 0.9004527284057534 
0.9294554189556046 0.13796306004297548 
0.8499701599231295 0.2791337022231791 
0.9995657874467692 0.011727120426998213 
0.6177808034322145 0.6285024168209633 
0.8940050254280503 0.20292339567481377 
0.8102417112183837 0.3455514702680742 
