5.7950096461941955E-12 1.0009934056477783 
0.9999052000514603 0.0018024791252045137 
5.7950096461941955E-12 1.0009934056477783 
0.7959784403670886 0.36840111884867716 
0.44203942464683327 0.806271314162372 
0.8164032717585332 0.33531730141059995 
0.9668725680678164 0.06705386678601724 
0.2959359763544238 0.913862172999903 
0.4613167696214456 0.7883884672155214 
0.8650557054922681 0.253590666341617 
0.6214387602353562 0.6154014302159962 
0.5301399040070391 0.7203145397968539 
0.33469211066198346 0.8897004911892884 
0.740223253426915 0.4542115093507125 
0.943427246765699 0.11167720774828103 
0.8736716717290818 0.23890513709759162 
0.41902805873065196 0.8254778909294332 
0.5454192055310869 0.7044982321680319 
0.9566895760924543 0.08745933511812501 
0.3591542287976433 0.8740027932167073 
0.31780416412517604 0.9007620106317892 
0.21122187935933273 0.9564961011073694 
0.030922684946308038 1.0001045883465032 
0.7687158943935269 0.410298770076579 
0.4326882674831066 0.8150319680981933 
0.6316192027851842 0.602861215904305 
0.7337341497605725 0.46580245701849105 
0.6704149572189413 0.5522351591693018 
0.5633810299960316 0.6929983122853834 
0.5015572288342698 0.7500464042864282 
0.17919556977536466 0.9689775020426172 
0.6090760443823657 0.6305742437026945 
0.951743826357373 0.09631290370822299 
0.8928136210527206 0.20537941214670571 
0.9747538953850012 0.052250842773404915 
0.8271235110441908 0.318054788059261 
0.7223193433695093 0.479976559429471 
0.36692871460216275 0.8675397163529961 
0.5132130640999784 0.7388610688236302 
0.052420002398444354 0.9982164449042474 
0.6041219464785484 0.6369302964438871 
0.6398909427335994 0.5925188039446545 
0.7848182860871222 0.38641911983441274 
0.9909546296698022 0.02100732601195321 
0.7526645688560498 0.43611163766454625 
0.9840075759750005 0.03441145031205884 
0.855068482015433 0.2706492965110689 
0.16557769624410396 0.9783529006446525 
0.9030645928973112 0.18608554626674714 
0.1415489431801541 0.9809892587338295 
0.012212449459737762 1.0007864591991558 
0.6964328715073069 0.5166843647128018 
0.06400563210250493 0.9971982741301375 
0.3815927984234523 0.856090389957261 
0.2732472512160111 0.9294949700626611 
0.5371239312582272 0.7127805803347453 
0.6882411522679377 0.5287271508131614 
0.23078617912221974 0.9488002885058658 
0.6822485067162333 0.5369690454736528 
0.48802417951304866 0.7723362293752111 
0.9197740827321235 0.15639261041128438 
0.8958016218168598 0.1994124240533795 
0.5931947228821105 0.6503506939452623 
0.8306661212324742 0.31193986412886665 
0.703657787475502 0.512443243415215 
0.5716573917463234 0.6747093775058846 
0.8167614983440035 0.33475468942356246 
0.8466712158140861 0.2853420158236913 
0.11993647717773959 0.9866211983428264 
0.2267051349050207 0.9503841677142337 
0.13746789896295566 0.9821482715110067 
0.9794489078085802 0.04274434103487338 
0.247504512655788 0.940403049007575 
0.882563598059581 0.22330835731138615 
0.563902833329359 0.6836141628129518 
0.9353185370344226 0.12837933942603172 
0.882563598059581 0.22330835731138615 
0.7085944674099137 0.5003323782749607 
0.723386815794168 0.47852912128636366 
0.1009642292117805 0.9907085298090123 
0.7085944674099137 0.5003323782749607 
0.396738922543062 0.8441068721197554 
0.9076117674795792 0.1786293700781922 
0.49306813411843964 0.7583398097148835 
0.647100519066715 0.5827191700313031 
0.7539061852857553 0.433463601205551 
0.7916559302697718 0.37563515594477304 
0.4073310708265268 0.8360138396496941 
0.995495265928489 0.01082445845799313 
0.647100519066715 0.5827191700313031 
0.19545626043241934 0.9631448244674251 
0.11570245074978919 0.9877239020941504 
0.16691740322715437 0.9734667830994485 
0.8390353900918288 0.298343681490112 
0.5124790483405877 0.7388781917380368 
0.5834616385475824 0.6613219478456591 
0.4737104377678007 0.7773807478098992 
0.19604151183578095 0.9626864252106909 
0.09471891338298467 0.9921791384391738 
0.8378332503416099 0.29938028053997606 
