0.9999388050118665 0.002095557523124852 
4.211706711717854E-16 1.000622543251506 
4.211706711717854E-16 1.000622543251506 
0.831217436267908 0.3118969003400315 
0.6618423728527405 0.5638366653551481 
0.3047692944564326 0.9080309274760565 
0.8428673578788574 0.2916175558937858 
0.6045729662943624 0.6366353806916418 
0.41251248300576904 0.8309544765411195 
0.24088076085845767 0.944562066916353 
0.7930424767424505 0.3730683091255906 
0.0723329667731033 0.9958508032132585 
0.26219179133830317 0.9323096006780309 
0.7770011688198333 0.39783537850781464 
0.402612946125963 0.8464761215684629 
0.35512295769586133 0.8751173448586977 
0.2789244083707873 0.9232307536505518 
0.6750927408832709 0.5464236642696434 
0.09173523238902814 0.9929916875664979 
0.03158856101509297 0.9998657327406278 
0.9871044125786115 0.02931239105405429 
0.47219112074186137 0.7781231422843146 
0.5482768396851974 0.7005928614874507 
0.7967238965630161 0.36716469287576203 
0.44742850311672655 0.8082078172136994 
0.702789109875506 0.5108473838704379 
0.21203455760913198 0.956165671413282 
0.1947852960782192 0.9635142063277383 
0.34025808562567544 0.8857292063415036 
0.29214569343054164 0.9160256617546919 
0.5872662093303922 0.6563823614883874 
0.736537399355019 0.46021642162118775 
0.5872662093303922 0.6563823614883874 
0.5219911381997657 0.7290744075222019 
0.5029600588252975 0.7483666453362727 
0.9476496091762283 0.10467188945566515 
0.5150781366792723 0.7374563614519164 
0.9538955341578081 0.09364072711596548 
0.5561838179591957 0.6936338012246103 
0.6820626352338003 0.5378334184116478 
0.817717646257336 0.3327912606784382 
0.8881202881311461 0.2124984029136671 
0.7615312985717037 0.42265101454508763 
0.4890436000257521 0.7622392644215512 
0.8553544650987273 0.27016091941999804 
0.8511919358441237 0.2776101712901752 
0.769597422239793 0.40973256555063714 
0.9120482716322071 0.17021170770672708 
0.24833282848434984 0.941586578586819 
0.6910356899822402 0.5244605129958784 
0.6484970518320415 0.5808332543193421 
0.6177372903321257 0.6193502688847241 
0.9400690801245983 0.11843402108463505 
0.9059275697048492 0.18142778558556155 
0.9803921444013952 0.042210685171279676 
0.968425271886697 0.06449949427041668 
0.1573405994472384 0.9763002361441745 
0.42715232352971727 0.8194336791946875 
0.048026614016351776 0.9987731575901992 
0.7138844507057955 0.49325493430698125 
0.3709125222988922 0.8636039255474967 
0.11060885807019089 0.9886717972618225 
0.45742711136869885 0.7920890110943739 
0.6119342933721159 0.6276481362836905 
0.5341935527957663 0.7158950714245017 
0.9300248900183361 0.1370121572557407 
0.11724362796251203 0.9875651342135289 
0.46611564137935513 0.7840817942366468 
0.8097419879364898 0.34601293554408274 
0.8758276015493794 0.2351096784383178 
0.13413861003246874 0.9829213502533697 
0.3673905201691103 0.8662064303675278 
0.17670011769763988 0.9699997293724786 
0.3852090844506851 0.8529844900357411 
0.6297188830451218 0.6127169680772877 
0.7290732823464576 0.4708046191714286 
0.3286884863776052 0.8941498194456245 
0.44979624130802814 0.7986129249416909 
0.42715232352971727 0.8194336791946875 
0.8968636110986064 0.19749313842409802 
0.15904162705623595 0.9758582375378174 
0.5667908712002946 0.6810911265212182 
0.6954612979183451 0.5177813789737606 
0.49524451749644915 0.7563038985300047 
0.8641866917658465 0.2551650670861736 
0.17931222661814 0.968874875896877 
0.5336859776788225 0.7173467460113988 
0.8699423629956738 0.24514241232531137 
0.5677026413686834 0.6796665367361233 
0.7453365421244108 0.44704677176155816 
0.8097419879364898 0.34601293554408274 
0.3864832190998884 0.8521473440352477 
0.8887479115264314 0.21179794809652097 
0.7527354961902082 0.43515759237326734 
0.13413861003246874 0.9829213502533697 
0.9605457568868403 0.07935954422105071 
0.9179460301909799 0.1597588284089318 
0.9614802261591779 0.07773344948216691 
0.6333102006875528 0.6014610995640086 
0.9758004023144808 0.05017235241569176 
