0.9999140147347946 0.0016277442058512984 
3.948553289889745E-12 1.0016186671187066 
0.9999140147347946 0.0016277442058512984 
0.6645470788756472 0.5597110673949767 
0.6285067456164743 0.606362985687404 
0.9154972520351532 0.16303613244620418 
0.2526436349745844 0.9368431042835154 
0.6128255437588844 0.6253329759398356 
0.6792644364829975 0.5394739213107255 
0.09191566935210654 0.9924267982480429 
0.47723834738463744 0.7733781013741619 
0.8863409754453967 0.21590235425141566 
0.17091852710457245 0.9717845177892477 
0.6881379306075959 0.5275519383831664 
0.19474603141623525 0.9630180306845771 
0.32742985613587516 0.8936013686073735 
0.2245075028912636 0.9504797220532022 
0.49805049946094293 0.7640002252127063 
0.3742148762181177 0.8607049129142017 
0.7212263796718164 0.4810753687195192 
0.3596135664304648 0.8715817616356325 
0.8978759507558225 0.19504281565404336 
0.9563962194808446 0.08699236789837143 
0.648218793533266 0.5812210558549301 
0.4381048023493519 0.8092891084895109 
0.8302226787775657 0.31257745032044737 
0.4613099462907448 0.7884096391877046 
0.742646019941155 0.4499225857314098 
0.3865436980110665 0.8514120358715885 
0.8187222847409363 0.33189838308437614 
0.11977657524154567 0.986967470044292 
0.054794569116465554 0.9976966074101465 
0.03565186799392178 0.9998130154573649 
0.4074573436230853 0.8492261094496755 
0.9403330909366139 0.11799679143871872 
0.9288869374096066 0.13837565370613253 
0.5910710104131497 0.6520275898513116 
0.5486257132225378 0.7001112043148695 
0.015713370640776325 1.0004375753663663 
0.7008693430941471 0.5101585622619662 
0.14186750287329142 0.9804324052628485 
0.20672945781608543 0.9581333155022632 
0.8657400492676689 0.2519813327653946 
0.9481108509304697 0.10332730564174175 
0.8796692642293076 0.2291707930833936 
0.906357291081951 0.17999678780103562 
0.426668843827909 0.8191478320770732 
0.2882153150434279 0.9181261108665495 
0.7651136240798103 0.41551177321615407 
0.5051615179262123 0.7459035755938783 
0.8044089721448408 0.3641813189715658 
0.9784313069267478 0.04392320422340104 
0.8133372319640408 0.3398426964181904 
0.3483685846001421 0.8818626107193144 
0.34202807782636646 0.8869256239969575 
0.732720189672461 0.4642772668305903 
0.5181916388290186 0.7330417807320844 
0.5366346483308462 0.7135859744127087 
0.2994084849922779 0.9110445974782013 
0.3111291101073941 0.9041085993689001 
0.9296265555156898 0.13707206476205658 
0.5812771318689652 0.6634742277831595 
0.7922964975575822 0.3737795169061613 
0.845527965696391 0.28749410776434076 
0.5366346483308462 0.7135859744127087 
0.6024942228678578 0.6382917273064587 
0.5181916388290186 0.7330417807320844 
0.2775451936850962 0.9239114489550009 
0.4108154655061896 0.8346462770775116 
0.7761749527168664 0.3989968346650308 
0.7839727008570643 0.38698478004249187 
0.9921262997160604 0.017309959761911513 
0.8353570426412433 0.30323877658069925 
0.1271887016573578 0.9850951571863268 
0.8627670182472947 0.26834937031818096 
0.8529246787358331 0.27488689931304133 
0.5704594309928153 0.6760644875171289 
0.8407573559896614 0.29430045340926214 
0.9854181125236422 0.030898252569133377 
0.7136872462551122 0.4923381839540377 
0.2203477313375758 0.9522715174902914 
0.4653635077182271 0.784348004726829 
0.5011320436380812 0.7500965866903204 
0.9668473822290402 0.0674173049185421 
0.7345509839484431 0.46176796221732347 
0.6447200971766736 0.5856724215029653 
0.26485978652705533 0.9307889138030015 
0.703920457992208 0.5061079428476183 
0.7108234566729332 0.4962208197206549 
0.9056176729758677 0.18897358936652214 
0.9971464040641393 0.007819187274349782 
0.5765144673873535 0.6691547958061976 
0.9442607553268031 0.11092861649427214 
0.7526706501858194 0.43483377060477446 
0.9638373309020871 0.07288681791352433 
0.9722868214083082 0.05626430285447886 
0.7889598394475288 0.38031447933653134 
0.7526706501858194 0.43483377060477446 
0.43748064332935355 0.8099692474826672 
0.07310196453089934 0.9953459392051881 
