0.9995343175264964 0.0027129783043711416 
0.0 1.000814799615868 
0.21823930101618993 0.9535520992311801 
0.34211376352348083 0.8848938222151876 
0.1869754884968159 0.9670401176987101 
0.6529012572003443 0.580213736429699 
0.9091863655370795 0.17559914987685063 
0.4561305920764591 0.7933594103408614 
0.6194253817276177 0.6176722180570053 
0.07424246724592559 0.9954889825112949 
0.3662873368830461 0.8677334547624516 
0.6991682674084069 0.5130214093322544 
0.9389283883398309 0.12018446446803539 
0.8015471623349203 0.3609284726827601 
0.17378475442823615 0.971713570313755 
0.8492341757070467 0.281953443762873 
0.6820251183758951 0.5368890086946636 
0.4696055611893531 0.7816772946790707 
0.9848113961612883 0.03262880141585287 
0.6670257752306417 0.5569150242626346 
0.9633215107794779 0.07522568234687105 
0.9739098013478865 0.054642739785844885 
0.388407767690049 0.8506545362728708 
0.9302156699980438 0.13721051263935768 
0.48016360964203875 0.7719666854148638 
0.5345743506283273 0.7158317966642227 
0.8858613343984204 0.21692885403187864 
0.4913264412965567 0.7599096684787585 
0.6446915802118338 0.5905541389579413 
0.9519476012150004 0.09531432259713547 
0.8410991002278113 0.29407531570032014 
0.6905178940511749 0.5259192997872659 
0.3021202705268363 0.9105257414291522 
0.1264677369661026 0.9853063933713907 
0.5254977273458238 0.7251493347657263 
0.5923524723756475 0.6512724776361345 
0.3730515566337318 0.8625134380549756 
0.7230971239319046 0.47980144023277965 
0.5150732802550523 0.7357742234783229 
0.1054184031105081 0.989904498781483 
0.7295910561632368 0.46972915003521765 
0.44063721884443446 0.8075873800734278 
0.5465533688335504 0.702828087778807 
0.7897565755665479 0.37769899611965335 
0.7382256855860287 0.4572146282385511 
0.32096147649846185 0.8983651100979143 
0.24063283920922773 0.9433912474655257 
0.030548681280450074 1.0002440269388007 
0.2679593737070755 0.9297024128380341 
0.6704863483348399 0.5526363312517382 
0.8948368223486345 0.20128912990818498 
0.7124247020642855 0.49524311124319104 
0.8283605178245388 0.3220749161591379 
0.1501898761302662 0.9783293004993803 
0.9921723591677727 0.01716551288722246 
0.2833834868882817 0.9267264037325361 
0.43752449880044586 0.8123537867610721 
0.6358823134777288 0.6054081205042655 
0.9693027252847406 0.06198847781493264 
0.015096948780043085 1.000747508178909 
0.4152902305994838 0.8294368431580516 
0.04873442048164872 0.998912200842726 
0.4033012226782263 0.8387834117659841 
0.8948368223486345 0.20128912990818498 
0.32638574188429137 0.8947033582253248 
0.5008693742294689 0.750392220832341 
0.42342006166687485 0.8224762557430038 
0.8685471125470201 0.24819712958672083 
0.8203636204804545 0.33187333688270293 
0.058673786622446766 0.9978658479177251 
0.5627684227446661 0.6846900798913577 
0.5062749303982882 0.7450482019429256 
0.8821410453040275 0.23123474891977258 
0.9539240943036704 0.09156050990915987 
0.8586727751126085 0.2640127747450014 
0.6080264578272695 0.6322640893227657 
0.13960352015920813 0.9822443605271464 
0.5524692003969487 0.6967291300088703 
0.39813444239188645 0.8427197701358121 
0.8758543652255959 0.23494045500373173 
0.7132299971139759 0.49251890615547206 
0.8150444819260156 0.33807084374577695 
0.28862280635109233 0.9181341005874258 
0.10699157757325511 0.9893420175742674 
0.766543837875238 0.41389182042379763 
0.8586727751126085 0.2640127747450014 
0.7576191874168448 0.4321923867460351 
0.7869240350883239 0.3826860505354499 
0.7712000485533594 0.40689293287844086 
0.8336953337200298 0.30763287632181885 
0.7453313921093632 0.44961033425510616 
0.5730819950220949 0.6730961086647413 
0.7802059603553111 0.3933941206031418 
0.9890340244477152 0.024547038590395955 
0.5596461950084309 0.6885409683528582 
0.7606898403816496 0.42387519846618615 
0.8084932486497465 0.3480162110814123 
0.9192896068070284 0.1579087301635986 
0.25944744590765156 0.9414210206081968 
0.29633901970708637 0.913750141410098 
