5.29491090631227E-14 1.0007039933175124 
0.9999566326292714 0.0019781957757871948 
0.35561663503175495 0.8752184487622117 
0.9298839356046633 0.13700394375432662 
0.11780806594754187 0.9875599455623915 
0.8893252394385283 0.21098802634279748 
0.5737284099806335 0.6727433842859104 
0.6022179738222077 0.6389846134359394 
0.14074558871180864 0.9817179654526815 
0.44780640220028395 0.8017847662677058 
0.7526881905831059 0.43585271061753145 
0.46913022678169436 0.781258683743128 
0.43034290152888605 0.8160353083418259 
0.9082358206626169 0.17696855701824055 
0.5574887480793729 0.6903139256558665 
0.20627412690597946 0.958278026881419 
0.19103756261593052 0.9644594179614167 
0.3726041129998121 0.8625929517182785 
0.7396177216801973 0.45858136060552335 
0.9911517136626535 0.020187637989051828 
0.27180887156227923 0.9304243693853019 
0.6341116168405669 0.5993167489498138 
0.5252947058094695 0.7258669030705405 
0.09013729337201326 0.9931034279619266 
0.3951041994857596 0.8448027790462395 
0.506095261858889 0.747623759431374 
0.4993334745261303 0.7526502134396482 
0.17355439834082484 0.9712549604361174 
0.45745475938927693 0.7924178124871009 
0.23479200154481566 0.9460234779899979 
0.2236878980494192 0.9507426681619421 
0.7762279810808822 0.3987628791543722 
0.9474571423958862 0.10459178315744179 
0.3814901235023868 0.8555060183608637 
0.2826328658220325 0.9226501965813452 
0.6181583587986355 0.6193845932082035 
0.830627990943916 0.3124093203158186 
0.588843657025389 0.6543223547730017 
0.7934595124565713 0.3725760129249455 
0.8172311570295077 0.3342240866966361 
0.42092231898796395 0.8242332849472959 
0.30061459874619323 0.9106572783825314 
0.32138253693245006 0.8975142626793884 
0.9082358206626169 0.17696855701824055 
0.6889563085797885 0.5276664148408445 
0.6735687559739587 0.5472760786187436 
0.7650529612125758 0.41729901461700764 
0.9560216692660993 0.08912103187138616 
0.037532201392931175 0.99937738475071 
0.3183898048799836 0.8999042144291208 
0.5842758056465008 0.6604570640372233 
0.73442607492029 0.4619358551971997 
0.8511285164122969 0.2778140344252528 
0.8391040054318344 0.2979225728003703 
0.7220117239912199 0.4807168018746814 
0.08223294274224907 0.994591044832091 
0.8803859981122255 0.22963567899501391 
0.8511285164122969 0.2778140344252528 
0.6489898635604351 0.5807191309011511 
0.7245493411807825 0.47683191370747563 
0.9377582924728068 0.12280912694214775 
0.6606653309528526 0.5649766032123004 
0.9600256714269866 0.08230248278710856 
0.9820902978267279 0.037264664141431245 
0.06154957014746648 0.9971114923132293 
0.8046936245210987 0.35389981245080904 
0.29566168667928966 0.9141309116809693 
0.4829638987445893 0.7680329068702647 
0.4829638987445893 0.7680329068702647 
0.6372858539353624 0.5956392804019506 
0.5402113740480493 0.7094906362712711 
0.6910304245102923 0.5241950591636237 
0.8154951136699404 0.33632105739295437 
0.8036279708303943 0.3558268849182535 
0.4098614255667373 0.8332651382256155 
0.941761633251871 0.11539593844606602 
0.25324646555974334 0.937089034889095 
0.9005992283712974 0.19117446383301034 
0.25173981240590143 0.9380134331135127 
0.7108198010186167 0.4961301221123002 
0.9975606371866207 0.008847710520044991 
0.7805394845793328 0.39221332719128565 
0.6714591795335872 0.5501361074056458 
0.6472597989482172 0.5833155130806431 
0.40703143184308366 0.8385414988672818 
0.055927181703634254 0.998441868176418 
0.9665445423314246 0.06808582251443838 
0.6623691859448799 0.5632875638131424 
0.15838520495855637 0.9762065879043488 
0.5518178038192028 0.6972692525447756 
0.9005992283712974 0.19117446383301034 
0.7594499779144045 0.42785538488962394 
0.32138253693245006 0.8975142626793884 
0.9745182310433527 0.0514732173668952 
0.8630506508764999 0.256768719583063 
0.01668755735352928 1.0005874812712192 
0.5459844433150887 0.7042974933076073 
0.7083004059384892 0.5103431718508356 
0.5328862611197803 0.7203450238863203 
0.9306137551103227 0.13538046745558485 
