1.0630370479187081E-10 1.0008241948959622 
0.999982656786675 0.0014916518309041225 
0.38378178226374576 0.8596652234076261 
0.35335790437808234 0.8761096214186529 
0.39807935425719426 0.8424795694864932 
0.9804186139749467 0.04063474650092111 
0.9586650553195927 0.08245275773503381 
0.9923071213410212 0.016822404099433117 
0.5397831222048868 0.7114174929941004 
0.46390661712750714 0.7856481678967374 
0.8039663734246467 0.3548431647327089 
0.4721398988424769 0.778614892635282 
0.6994921534040643 0.5118289207034002 
0.6346862230415299 0.5992178658189794 
0.10678614962451433 0.9896836801659354 
0.7111115867343589 0.4977003360649709 
0.6474243073922925 0.5817323242810625 
0.7376432184715569 0.45715798295571963 
0.5837229102091022 0.6602542966869716 
0.8234039452897127 0.3232935233867738 
0.4423467919226245 0.8058986144361834 
0.559668416230181 0.6894577230456743 
0.05376343520700455 0.9979956515011333 
0.9466308669996997 0.10582203263238765 
0.41789318730077357 0.826858755226013 
0.07409200075283667 0.9953224071636328 
0.1309382708337606 0.9842598587190319 
0.34015381757003216 0.8868045400041559 
0.08991317456747111 0.9928247140896718 
0.3327950611530957 0.894558184084049 
0.03570624846492232 0.9995879227781744 
0.7897515335463533 0.377931950683487 
0.42674852882667863 0.8187573211450125 
0.018529750122919464 1.0004950555910295 
0.316509832171389 0.901037006022917 
0.6194933147492521 0.6184634185406132 
0.8747552706110069 0.24561575363172697 
0.5148878465052272 0.7359761851908739 
0.9121360914129583 0.1695505388435659 
0.9442242908914736 0.11009708201062096 
0.6846070374588 0.5485425818768053 
0.688603973909697 0.5298955242735579 
0.786716176565546 0.3825345166016612 
0.6258165378458029 0.6100230102040772 
0.2535885641129497 0.936631383352928 
0.9686927957392926 0.06404409680801887 
0.7746164195958221 0.40142295092000313 
0.8948359768818935 0.20052464786031127 
0.2669266981797465 0.9298457504217418 
0.7655626696062963 0.4205747404658244 
0.8396810721750678 0.29598125318095014 
0.9343823973872118 0.12867452076675617 
0.23881903991082926 0.9441574984896641 
0.5717588918901726 0.6742807329209684 
0.49385360199524114 0.7597586019645988 
0.9097151471683896 0.17414001007184007 
0.9285958073373142 0.13974570344083748 
0.1765494627688582 0.9697235694206532 
0.9705342026584266 0.05935936757747748 
0.9220612467634925 0.15108182615401572 
0.8322115066033837 0.30878523652634526 
0.6584453285191736 0.5692202333307627 
0.3076950190296882 0.9060217018250878 
0.4415021782366416 0.8068175613334858 
0.7740316421654279 0.4029367302604563 
0.21436705570853726 0.9549667720238828 
0.7270483351374575 0.47289837872410634 
0.20276906793984179 0.9596009859693926 
0.8115467867329627 0.3435427686772018 
0.7609775098120337 0.4219509560426695 
0.8778188123439808 0.23178885296014481 
0.8559701426751372 0.26892906051459486 
0.5937732143549824 0.6492052606037981 
0.5692813963566354 0.6771318555745007 
0.5007587102255168 0.750209147050427 
0.6142665206484812 0.6348750240554801 
0.15954607234326929 0.9762225291544347 
0.14071790914695229 0.9811447030357995 
0.6678978930461988 0.5550730277331497 
0.49385360199524114 0.7597586019645988 
0.5056131242777783 0.745418307567516 
0.5310971104902591 0.7190632583144133 
0.9008284253727901 0.18949149226129908 
0.5996901947099934 0.641579983506429 
0.8479653707609213 0.28193373156595075 
0.8894009561353637 0.211705638827647 
0.7527429483286157 0.4352727992202995 
0.18694607065850127 0.9658708960699258 
0.5310971104902591 0.7190632583144133 
0.6555979219005023 0.5714152982548734 
0.8813612352079734 0.2247101174365935 
0.8289188805218877 0.3139788237751948 
0.8115467867329627 0.3435427686772018 
0.8633780283125609 0.25590933094629287 
0.8441954225243645 0.2887263340041683 
0.24413791803333473 0.9412903627737053 
0.19496078113468102 0.963520474310474 
0.5601877528089867 0.6889311105509414 
0.7196949243809346 0.48320899504776427 
0.8643974415860036 0.2544411472141515 
