0.9999227694836166 0.0023063131749063875 
0.9999227694836166 0.0023063131749063875 
3.119338615948249E-11 1.0010344303978593 
0.5659237115220811 0.6808573844076061 
0.8016385834283527 0.36036713250761304 
0.24705808771687843 0.9399346892845678 
0.36294124739484873 0.8703722179047174 
0.8145084280151429 0.3378995077698875 
0.9536931663115056 0.09694927575906404 
0.5029510037936091 0.748013004345513 
0.19999207426595395 0.9608023572164696 
0.3185459130755681 0.9002380466972799 
0.5980836138008124 0.6436485628620171 
0.7439133271720038 0.45607091280811457 
0.4675683315380776 0.7827365647114723 
0.22763291232029026 0.9496870067268953 
0.3870149402538175 0.8631467111127502 
0.5821247056868104 0.6623562081546839 
0.17561668758059748 0.9701459052815141 
0.26893933055637903 0.9286361339314436 
0.33941493974111214 0.8868338897639486 
0.9646204967610882 0.07166718563208618 
0.8982354267784056 0.19525487763131646 
0.06242375849102694 0.9976732671547649 
0.907605451971381 0.17950977544699467 
0.8304921238166388 0.31142412162389066 
0.8399462489918768 0.2966977073862318 
0.3448060455591121 0.8820634097891832 
0.4014315209310042 0.8416863526001541 
0.7882792233962518 0.38010728372498287 
0.5498113227799748 0.6986666818260165 
0.21459780194813982 0.9549397518055157 
0.7170994779574007 0.48710934426528835 
0.027304748747658925 1.0000463676868185 
0.7037948443702821 0.5060834481640818 
0.11168807085756782 0.9884829304883254 
0.036750831840962395 0.9997099469277785 
0.41109955516652763 0.8317154339572843 
0.9141564451352476 0.16853828739918103 
0.3896536976263805 0.8502235729199485 
0.5237109917274184 0.7267897190948567 
0.6914612080715153 0.5234535277796548 
0.485185043982883 0.7656034626174638 
0.9294560533073307 0.14716499599324584 
0.485185043982883 0.7656034626174638 
0.8747787524360588 0.23693285418313725 
0.8948914278245084 0.2100422216418449 
0.27627440579480517 0.9246942256034247 
0.7782843032248141 0.3957572524801149 
0.07512927948531117 0.9952912325319768 
0.6543460795555941 0.5728417356897075 
0.863470819406783 0.2567273487339489 
0.5338263267675347 0.7165986801878442 
0.6389355483120247 0.5929300366556611 
0.13377649349502152 0.9830137016023714 
0.657972915942578 0.5681735955908249 
0.9430277134666019 0.11256728376782558 
0.6435515419173685 0.5871347911052844 
0.7534921877023188 0.44189676361707875 
0.6820383272395687 0.536051596289349 
0.7685999478396346 0.4103071117386214 
0.8532067044885951 0.2785850025713388 
0.846964075157757 0.2876273293921002 
0.8700601343752048 0.24539451804039408 
0.8823645651348526 0.22280875588335122 
0.4208083826769314 0.8242165561299418 
0.6103701017395817 0.6305176484644385 
0.6172890513705815 0.6203068920037581 
0.5398680056480059 0.7097841750449009 
0.6684080258215535 0.5543989279854775 
0.29065301866146925 0.9164457387646788 
0.9977805079363711 0.0062553061564554115 
0.16700521474861796 0.9731992547105899 
0.6817358600261255 0.5457929804290039 
0.9343039169388827 0.12927962816212676 
0.12321017427888231 0.9862845477861387 
0.14839533287226042 0.9789296890401349 
0.5129063864221237 0.7379067927795326 
0.7600232556846286 0.42411662839339237 
0.947097131514716 0.10958346395248171 
0.9756278477663362 0.05013091320063361 
0.42796466110984765 0.8178820561056653 
0.7859897180535141 0.38429771694811543 
0.9825500131043441 0.03722688402657565 
0.6253466625540511 0.6101764126679603 
0.8856093407689858 0.21701023793287236 
0.9694672430350898 0.06836185090615168 
0.09177727772155514 0.9925873189663934 
0.4345017925916411 0.8120575739110526 
0.9733164340189455 0.055297522098347054 
0.15493060170400078 0.977345277314484 
0.7739792345057194 0.40605405371177317 
0.6970610619737923 0.5158557594720564 
0.6253466625540511 0.6101764126679603 
0.44628491015418226 0.8115347866707865 
0.7259523166755821 0.4743483373020632 
0.9908215402042266 0.021077410758756684 
0.9908215402042266 0.021077410758756684 
0.6701238321657745 0.5519342954976629 
0.5164435763054308 0.7347520529715013 
