7.063822430293325E-10 1.001847788552903 
0.999872512809144 0.0013651806809757215 
0.5200656396427943 0.7346699873619197 
0.5412583743768603 0.7079570722178469 
0.8954585605688898 0.19981209850749168 
0.34933115332775433 0.8787800577771273 
0.9096149255829766 0.17400668377544423 
0.38194507811296713 0.8548694228724774 
0.8211242492354875 0.32731186556686603 
0.6370661035867553 0.5951829208455959 
0.8092422874491128 0.34698707547984453 
0.8562248474645915 0.26846240337992916 
0.16977393825115922 0.971849798649006 
0.25273240612564163 0.9368419541786186 
0.23269476052131777 0.946688660014473 
0.3281828581303988 0.8930261395414769 
0.8456852263533339 0.28655657375856897 
0.7026559649650208 0.5076590713466009 
0.8639450167365115 0.2549422849273934 
0.9309956030269256 0.13438914873901142 
0.47979271736966306 0.7708609805968364 
0.2884206924276678 0.9175445792082942 
0.6302801699806946 0.6037545811425442 
0.9887059714002634 0.023609032113352035 
0.8731919714490759 0.2390566135902895 
0.7692194020436741 0.4108369009558803 
0.9567654640355369 0.08592189102932164 
0.9234870215315063 0.14823386925097246 
0.9394142721627983 0.1190783311379238 
0.8021904338288518 0.35833978072112765 
0.4057836596420257 0.8362271651935348 
0.2202004423351327 0.9523118394631523 
0.41940905145346175 0.8251042334972762 
0.7411984664274338 0.451677057401118 
0.26528747542930986 0.9304580796998323 
0.9162967587269105 0.1619683350432328 
0.9719973135852507 0.05706933306616543 
0.7369442996486772 0.47024502910745836 
0.5859207243615332 0.6580288858732353 
0.7354152266536678 0.4848916331924147 
0.5859207243615332 0.6580288858732353 
0.44779554811022443 0.8007076777438608 
0.6947857957876755 0.5184937302396955 
0.7802033084142949 0.3925796401167044 
0.600696600547792 0.6405726196691007 
0.8884057626251847 0.21222505354445326 
0.4381280533072186 0.8088551430230546 
0.09047965150398637 0.992628705646186 
0.3068383226384044 0.9067552425452016 
0.6866336296039578 0.5297815838962516 
0.2786433559502897 0.9230972103886335 
0.12231002380961209 0.9858873691798009 
0.7551247261132887 0.4485116832453101 
0.42788984850856737 0.8182366017795203 
0.5518841755240522 0.6968912585489425 
0.6533592861610101 0.5743405656915116 
0.6533592861610101 0.5743405656915116 
0.047053833911042675 0.9986832530704257 
0.45841726758602974 0.7905327234223146 
0.8396644857406091 0.2987801156289376 
0.7929960186450007 0.37235376670031717 
0.997695640556546 0.0058509622311290095 
0.9785478489006407 0.043756753185165816 
0.714226980504172 0.4913127526602408 
0.6177021217383267 0.619587520217987 
0.949867854934174 0.09919231743085997 
0.1466944483820018 0.9791695491545171 
0.6794093528435872 0.5397118545930906 
0.8311080915235336 0.3105154551352844 
0.9831137957639675 0.03478177645664689 
0.06881740527088342 0.9961403024335141 
0.5647252726937875 0.6820484490529054 
0.1466944483820018 0.9791695491545171 
0.49083299070929964 0.7597911980667023 
0.19076120509881328 0.9644209135683762 
0.36314193562538866 0.8689229097528377 
0.615935547930255 0.6218586115466623 
0.6731450724278076 0.5478705801028397 
0.18347040196737124 0.9669652579959077 
0.6046010798107804 0.6351074682538003 
0.36314193562538866 0.8689229097528377 
0.5647252726937875 0.6820484490529054 
0.7555804885276818 0.43071874285474365 
0.7161985150394378 0.48818338050005183 
0.32085837471379597 0.8979809355566849 
0.003877316490548094 1.0006219946779187 
0.39670584959962374 0.8438824685837397 
0.5034887170848964 0.7472451500783864 
0.025504858595239766 1.0002007566141533 
0.49473265825250023 0.7561497861579637 
0.6671700684584697 0.5559940919313454 
0.06453098361375073 0.9967401622926023 
0.7888367493824783 0.3787576486709849 
0.763005008200105 0.4187157983034395 
0.8798691171377906 0.22736472446412292 
0.8817539747320654 0.22378044814618145 
0.311660092353218 0.9037032041792226 
0.7836017859137665 0.38716012414493 
0.10241198401163581 0.9902684808029955 
0.6671700684584697 0.5559940919313454 
