0.9998642036397504 0.0011425981106166724 
0.0 1.0005600682622489 
0.9998642036397504 0.0011425981106166724 
0.1659628366395829 0.9730662198079826 
0.8760576592139779 0.23456943682996848 
0.6891064392935913 0.5261778315423108 
0.826889081681835 0.3176038609034957 
0.21895924011875692 0.9544778474557972 
0.03702070047402259 0.9992397352145581 
0.28040811645572716 0.9225293237353474 
0.34043791036959425 0.8871833286986218 
0.09011516202107574 0.9926015129001823 
0.7039238501710579 0.5055325264197857 
0.13795753128165525 0.9815343550385488 
0.6368991489029029 0.5957739104931148 
0.4349892551814011 0.8117559242015108 
0.6186713792472086 0.6183597106679621 
0.8399906039807319 0.2957049143201787 
0.6046434718397767 0.6356966184391791 
0.5872191550553152 0.6566443238476173 
0.7393006548485547 0.4543528415117964 
0.10827047230982689 0.98940724507101 
0.9877733582179569 0.025728439842871653 
0.8857329743266469 0.2168598266271611 
0.3211516150687452 0.8977917422326593 
0.715729438420946 0.4889396118132095 
0.8994182016147416 0.19253645812826817 
0.7672737974576618 0.41245646101893557 
0.4873940362936069 0.7632287752533773 
0.9368893455602841 0.12380369150363649 
0.9439676970641319 0.1101929187801403 
0.6361285536479278 0.6116321460363694 
0.5709075005198573 0.6749625788411882 
0.3686488735962581 0.8648554218832725 
0.6755599532031911 0.544513002882069 
0.8443804667176333 0.2883211966102947 
0.1274913864477355 0.9844195113401596 
0.06481335546901928 0.9963835448826702 
0.19223606619434322 0.9639146610790056 
0.9292321951929537 0.1379116265820604 
0.9585341674098632 0.08257523091488375 
0.419195591950719 0.8250570556307941 
0.35140301768245513 0.8775259689309858 
0.4153888209980422 0.8282235545403114 
0.8190817896026585 0.3306034878703086 
0.26294061953998155 0.9317621144876543 
0.4457051337024304 0.8022000754396023 
0.9242739584724856 0.14746951753728815 
0.3138119777475057 0.904445236814263 
0.9680035779990892 0.06431226698487329 
0.40087748789909644 0.8426124608825868 
0.24927265185837388 0.9388602597881516 
0.2953444925892088 0.9136287705436458 
0.6803459048792303 0.5383469296008755 
0.5112693986739569 0.740050678078858 
0.39218503980003083 0.8631705125252634 
0.8541379890955125 0.27195944323506616 
0.6082891950010163 0.6311873038602197 
0.47615949821709935 0.7742516585386928 
0.3601287158221445 0.8709822380859192 
0.8558514009738788 0.26837710957927935 
0.5297171043401669 0.7202215450986768 
0.5628622391503024 0.6895332206226935 
0.7304942655047625 0.4674740720869174 
0.7099786642988253 0.4969136842457942 
0.6560414785625126 0.5704682987141235 
0.9823051319000813 0.03608681254745054 
0.5183863194924064 0.7319041516940378 
0.7869667063675903 0.38179746671014975 
0.97485648906774 0.051495169658101116 
0.9635154225982402 0.07302557287229222 
0.3007266928651851 0.9107533752647201 
0.4530094343535723 0.7955299784464857 
0.8646963743133914 0.2532800936025532 
0.47137354654106056 0.7785206104378133 
0.5039996490671294 0.7492029390155323 
0.8646963743133914 0.2532800936025532 
0.192968782130975 0.9636013812507006 
0.9152385602687367 0.1635401319375161 
0.7839835329520517 0.3864932918532967 
0.7488029167476424 0.44010274580360015 
0.39342702371772664 0.8580617965038868 
0.7952658679160556 0.36980894702291583 
0.7586836452136002 0.42524721782142677 
0.9174052992768953 0.15982259196654724 
0.7766107942946612 0.39774916058084375 
0.6633024973407388 0.5608807812115537 
0.6511650455369281 0.577041225025335 
0.5508411728860042 0.6977006976247428 
0.542454093919059 0.7139616836705427 
0.5249610148453477 0.7256795804621692 
0.3975834773638535 0.8429719220788219 
0.9081172789293888 0.17677558588756864 
0.5642737171620633 0.6824691906094006 
0.04866017918515858 0.9983315508969768 
0.23358957390640472 0.9513116319502509 
0.9081172789293888 0.17677558588756864 
0.6633024973407388 0.5608807812115537 
0.5459428862748514 0.7036361732254424 
0.46203654964799556 0.787451630031975 
