0.3263483603394756
0.32586368487733675
0.32606591439452026
0.3267546969011982
0.3263844028092295
0.3266042626360117
0.32691990791378167
0.3252671780786746
0.3263232688831908
0.3266088303766968
0.32645820028718625
0.32655152100073737
0.3266977017751504
0.3259886679501497
0.3267588559313974
0.3260465248324704
0.32599089733511155
0.32599768473976
0.32648380379854974
0.32655701617253086
0.3258541289547302
0.326365770522349
0.32639773387189364
0.32603038974135823
0.3263638603052239
0.32648616610203196
0.3263016928117166
0.32604462572668425
0.3261835538890739
0.326592733383865
