9.989917486122484E-5
1.0283420807567644E-4
1.0535560439366556E-4
1.0194169525570402E-4
1.0238774002799557E-4
1.0085567339959974E-4
1.0416579471327306E-4
1.089096852450874E-4
9.830109525354742E-5
1.0018515867039565E-4
9.63895967943576E-5
1.0147115076738168E-4
1.0281563136861961E-4
1.0461147088067464E-4
1.0118994742797289E-4
1.02286503646312E-4
1.083658789942487E-4
1.0232095000727869E-4
1.0385211546207365E-4
9.822975108441763E-5
1.0489207141987426E-4
9.752813770416802E-5
1.0593216190582742E-4
9.953988838599993E-5
1.0429948651504856E-4
9.98443557482126E-5
9.634352312103841E-5
1.0607789729422312E-4
1.0660722315716545E-4
1.0075966742355937E-4
