0.4059468892758431
0.3982530034084016
0.3879209706885142
0.43921693153112296
0.4054277363302475
0.41124991597083665
0.351642641563089
0.4006842374422009
0.385164080984716
0.4094849248279146
0.39277011601355916
0.39809262694334324
0.4047612821227408
0.4219062939469041
0.39168225992166067
0.39924820844297354
0.46485822890748246
0.41240705480344875
0.3754374426621888
0.35908336824822545
0.39865019109842
0.38779258588382715
0.4233247078620027
0.38778838783911584
0.42115429455052494
0.3657124341451731
0.35175860017794364
0.38796237107112036
0.41307077243019746
0.3936101739064837
