2.0006253719329834 9.392658830620348E-4 
6.533652194775641E-4 3.9857592582702637 
2.0006253719329834 9.392658830620348E-4 
6.533652194775641E-4 3.9857592582702637 
1.9190278053283691 0.7229409217834473 
1.3904513120651245 0.7955721616744995 
1.2911218404769897 1.5920559167861938 
0.8341907858848572 1.59415602684021 
0.7356156706809998 2.3906915187835693 
0.3919279873371124 2.3907110691070557 
0.3038657307624817 3.1755316257476807 
0.10790751129388809 3.181389331817627 
0.004727951250970364 3.895716905593872 
0.36045530438423157 2.5046372413635254 
0.08774913102388382 3.271106243133545 
0.08009549230337143 3.3545339107513428 
1.9524176120758057 0.28804469108581543 
0.7440752387046814 2.293724298477173 
1.3002923727035522 1.4620366096496582 
1.3582645654678345 0.8851079940795898 
0.3710111677646637 2.4410464763641357 
1.9835866689682007 0.05385172739624977 
0.3251846730709076 2.8789587020874023 
0.061525218188762665 3.6112594604492188 
1.9320651292800903 0.5379886627197266 
0.7481674551963806 2.223803758621216 
0.05855852738022804 3.666663408279419 
0.06842710822820663 3.515361785888672 
1.3216145038604736 1.1953996419906616 
0.7993543744087219 1.7029544115066528 
1.2954206466674805 1.5291541814804077 
1.3093810081481934 1.3410754203796387 
0.34320417046546936 2.6650097370147705 
0.09733198583126068 3.226555824279785 
0.7377997636795044 2.359261989593506 
0.7968505024909973 1.7545217275619507 
1.9769214391708374 0.08887625485658646 
0.8270731568336487 1.5980405807495117 
1.3271609544754028 1.135330080986023 
1.349992275238037 0.936380922794342 
0.06557070463895798 3.54992938041687 
1.9614874124526978 0.20250312983989716 
1.9245250225067139 0.6399925947189331 
1.3402700424194336 1.0123631954193115 
0.3095582127571106 3.092656373977661 
1.369876503944397 0.8331571221351624 
0.336412638425827 2.734467029571533 
0.766858696937561 1.9866071939468384 
0.07599984109401703 3.408705472946167 
0.3164629638195038 3.00054669380188 
0.7581236362457275 2.0887248516082764 
0.7847644686698914 1.8089735507965088 
0.3520403802394867 2.5748021602630615 
1.3176645040512085 1.2409429550170898 
0.33046212792396545 2.8107662200927734 
1.3457505702972412 0.9699097275733948 
0.04238852113485336 3.8909692764282227 
1.9206323623657227 0.6985292434692383 
1.3904513120651245 0.7955721616744995 
0.32137957215309143 2.9339218139648438 
0.753113329410553 2.1522090435028076 
0.8081642389297485 1.6547815799713135 
1.9356248378753662 0.4900347590446472 
0.051231447607278824 3.7729084491729736 
0.07301917672157288 3.4396114349365234 
0.7509385347366333 2.1796603202819824 
1.941455364227295 0.411548912525177 
0.7637554407119751 2.021576404571533 
0.32971474528312683 2.816697359085083 
0.054722368717193604 3.723565101623535 
0.7868692874908447 1.791668176651001 
0.0479910671710968 3.825822114944458 
0.31963589787483215 2.9563918113708496 
0.043394047766923904 3.8784639835357666 
1.9190278053283691 0.7229409217834473 
1.3354781866073608 1.0557503700256348 
1.9619561433792114 0.19817350804805756 
1.9690253734588623 0.14266951382160187 
0.8081642389297485 1.6547815799713135 
1.3130477666854858 1.2960164546966553 
0.7570550441741943 2.1059212684631348 
1.945371389389038 0.3652201294898987 
0.34814977645874023 2.6091670989990234 
1.2927175760269165 1.567952036857605 
1.30483877658844 1.4000868797302246 
1.9271173477172852 0.6027987003326416 
1.9482377767562866 0.3344673216342926 
1.9695250988006592 0.1387099027633667 
0.3390059471130371 2.710029363632202 
1.30483877658844 1.4000868797302246 
0.7716394066810608 1.935129165649414 
0.10321184247732162 3.1863975524902344 
0.31334033608436584 3.0419535636901855 
0.7780835628509521 1.8716362714767456 
1.31511390209198 1.2787002325057983 
0.7762740850448608 1.8913466930389404 
1.9356248378753662 0.4900347590446472 
0.04905230551958084 3.811849355697632 
0.053947437554597855 3.7360825538635254 
0.3801102340221405 2.408565044403076 
