1.3909327983856201 0.7960808277130127 
1.3909327983856201 0.7960808277130127 
0.0011600012658163905 3.9999585151672363 
1.2919464111328125 1.5930286645889282 
0.833626925945282 1.594723105430603 
0.7365352511405945 2.3906967639923096 
0.3920631408691406 2.3911514282226562 
0.3045797049999237 3.1742351055145264 
0.10814495384693146 3.18178391456604 
0.35351383686065674 2.565570116043091 
0.042558807879686356 3.8955485820770264 
0.3633497655391693 2.4893996715545654 
0.3180256187915802 2.9802072048187256 
1.3227735757827759 1.1919621229171753 
0.7459495067596436 2.2582669258117676 
0.8059638738632202 1.6687949895858765 
1.3394947052001953 1.0460271835327148 
0.3229818046092987 2.913208484649658 
0.7504146099090576 2.200730562210083 
1.3481160402297974 0.9581606388092041 
0.04757862538099289 3.833186149597168 
0.7532907724380493 2.1603941917419434 
1.3365298509597778 1.0502467155456543 
1.328290343284607 1.1302361488342285 
0.005456437822431326 3.896277904510498 
1.3171840906143188 1.2549201250076294 
0.7661727666854858 2.001883029937744 
0.09779497236013412 3.2092227935791016 
0.773086428642273 1.9265110492706299 
0.0817999392747879 3.335977554321289 
1.2952994108200073 1.5445082187652588 
0.05338168144226074 3.7501611709594727 
0.32548776268959045 2.8800694942474365 
1.2989277839660645 1.4971084594726562 
0.05978810414671898 3.6492116451263428 
0.7919970750808716 1.7558865547180176 
1.3091270923614502 1.3526595830917358 
0.7773935794830322 1.8828599452972412 
0.8175536394119263 1.6200119256973267 
0.33466482162475586 2.7631947994232178 
0.08602818846702576 3.2947933673858643 
1.3628937005996704 0.863981306552887 
0.31505316495895386 3.0229105949401855 
1.3607580661773682 0.8764477372169495 
0.34754014015197754 2.6216087341308594 
0.05579695478081703 3.7108154296875 
0.7883381843566895 1.7843294143676758 
0.0920974388718605 3.2445907592773438 
0.343163400888443 2.666339159011841 
0.06349669396877289 3.5897116661071777 
1.373241901397705 0.8247551321983337 
0.07236401736736298 3.468163251876831 
0.7832195162773132 1.8304424285888672 
0.057593606412410736 3.6827571392059326 
1.3036285638809204 1.4290134906768799 
0.3379664123058319 2.724438428878784 
0.7397210597991943 2.3410139083862305 
0.8002761006355286 1.7018795013427734 
0.07387014478445053 3.4368724822998047 
0.3701840043067932 2.450650215148926 
0.7652702331542969 2.011317253112793 
1.3057373762130737 1.4040329456329346 
1.3152438402175903 1.277469277381897 
1.3262150287628174 1.1518930196762085 
1.3130197525024414 1.310613989830017 
0.3116847574710846 3.070531129837036 
0.07844580709934235 3.375803232192993 
0.7576249837875366 2.10646390914917 
0.05070946365594864 3.788087844848633 
0.7611311674118042 2.0593955516815186 
0.3766340911388397 2.4220335483551025 
0.783715546131134 1.8262522220611572 
0.7617537975311279 2.057628870010376 
0.7576249837875366 2.10646390914917 
0.7377791404724121 2.3685076236724854 
0.07609695941209793 3.4107441902160645 
1.2928825616836548 1.5792838335037231 
0.31322965025901794 3.0482823848724365 
0.3286207914352417 2.8377623558044434 
0.3468911945819855 2.6274969577789307 
0.827541172504425 1.5991612672805786 
0.06660135835409164 3.5424892902374268 
0.04985501244664192 3.801118850708008 
0.3813866674900055 2.4067280292510986 
0.8002761006355286 1.7018795013427734 
1.3531360626220703 0.9199188947677612 
1.3111170530319214 1.3309770822525024 
0.06660135835409164 3.5424892902374268 
0.06945937871932983 3.499070882797241 
0.0011892110342159867 3.9961812496185303 
0.34148553013801575 2.6900243759155273 
0.742350161075592 2.304316282272339 
1.3788774013519287 0.8084361553192139 
0.33212515711784363 2.794806718826294 
0.7759109735488892 1.8976572751998901 
0.0019738483242690563 3.9519660472869873 
0.33146700263023376 2.8021676540374756 
1.349808931350708 0.942579984664917 
0.062405768781900406 3.6067540645599365 
0.8193204998970032 1.6157262325286865 
