1.3895325660705566 0.7952080965042114 
2.1533924154937267E-4 3.999250650405884 
0.8328291177749634 1.5935392379760742 
1.290897011756897 1.5913165807724 
0.7353457808494568 2.389465093612671 
0.39161592721939087 2.3901944160461426 
0.3039107322692871 3.169985294342041 
0.10747167468070984 3.180769205093384 
0.7508009076118469 2.1768620014190674 
0.7393134832382202 2.3324663639068604 
0.358338326215744 2.5178778171539307 
0.32435381412506104 2.881685495376587 
0.7994194030761719 1.6981372833251953 
0.04172145575284958 3.8938839435577393 
0.7802336812019348 1.846024751663208 
1.3023759126663208 1.4286091327667236 
0.7732465863227844 1.913822054862976 
0.32975539565086365 2.812227249145508 
0.7442923784255981 2.2635035514831543 
0.05974164605140686 3.6348233222961426 
0.35295820236206055 2.561734437942505 
0.758354902267456 2.081425428390503 
1.3276433944702148 1.126532793045044 
0.05556214600801468 3.701329469680786 
0.33863091468811035 2.7050445079803467 
0.09344272315502167 3.2248167991638184 
0.7869653701782227 1.7873207330703735 
0.004397254437208176 3.895319938659668 
0.07070814818143845 3.501437187194824 
0.31361520290374756 3.030107259750366 
1.3655169010162354 0.8471373319625854 
1.2982227802276611 1.4848437309265137 
1.323357343673706 1.1984986066818237 
0.3211882412433624 2.925096035003662 
1.3116034269332886 1.3090776205062866 
1.3556938171386719 0.896970272064209 
0.04496585205197334 3.8568832874298096 
0.8092226982116699 1.6465730667114258 
0.04952343553304672 3.7910165786743164 
1.3160319328308105 1.254889726638794 
0.30822625756263733 3.10693097114563 
0.37650224566459656 2.416628122329712 
1.3242710828781128 1.1619359254837036 
1.2967051267623901 1.507114052772522 
0.33826637268066406 2.743696451187134 
0.3185991644859314 2.958814859390259 
0.10195599496364594 3.187808036804199 
0.31011176109313965 3.080352783203125 
0.7835443019866943 1.816129446029663 
0.8011829853057861 1.6875814199447632 
1.3175711631774902 1.23782217502594 
0.30530980229377747 3.1524622440338135 
0.7705806493759155 1.9419509172439575 
1.362189531326294 0.8726978898048401 
0.8216750621795654 1.6057484149932861 
0.36859074234962463 2.4645955562591553 
0.36859074234962463 2.4645955562591553 
0.05293882265686989 3.740586519241333 
0.758354902267456 2.081425428390503 
0.06304825842380524 3.582223415374756 
0.7477941513061523 2.2159008979797363 
0.08898498117923737 3.2563083171844482 
1.3764547109603882 0.8109278082847595 
1.3422296047210693 0.9927095174789429 
0.348529577255249 2.6027331352233887 
1.3370425701141357 1.0361756086349487 
1.3500343561172485 0.9335415959358215 
1.3058390617370605 1.383923053741455 
0.061493825167417526 3.607074737548828 
0.08660294115543365 3.277221441268921 
0.3127640187740326 3.0413219928741455 
0.05008862167596817 3.7834606170654297 
0.7678692936897278 1.9739296436309814 
0.7869653701782227 1.7873207330703735 
0.07182500511407852 3.451538562774658 
1.3098820447921753 1.3305366039276123 
1.332476258277893 1.0784461498260498 
0.07509943097829819 3.4068636894226074 
0.07950800657272339 3.352177381515503 
0.7463788390159607 2.23537015914917 
0.7662317156791687 1.9897167682647705 
0.3430909216403961 2.6562347412109375 
0.06551608443260193 3.547048807144165 
5.178779829293489E-4 3.9570555686950684 
1.3058390617370605 1.383923053741455 
0.7627699971199036 2.0293796062469482 
1.343228816986084 0.9843525886535645 
0.07775823771953583 3.3729639053344727 
1.3362177610397339 1.0436396598815918 
0.0031105068046599627 3.901747465133667 
1.3500343561172485 0.9335415959358215 
0.333162397146225 2.7704102993011475 
0.08302710205316544 3.311971426010132 
1.2933865785598755 1.5536757707595825 
0.3458990156650543 2.6300389766693115 
0.33214351534843445 2.7818098068237305 
8.643898763693869E-4 3.9395370483398438 
0.7635822892189026 2.0196545124053955 
0.07182500511407852 3.451538562774658 
1.332476258277893 1.0784461498260498 
