2.0011701583862305 0.001170216128230095 
2.0011701583862305 0.001170216128230095 
8.630381198599935E-4 3.9958248138427734 
1.9147664308547974 0.79465252161026 
1.3913284540176392 0.7958958745002747 
1.2916808128356934 1.5898576974868774 
0.8339590430259705 1.5941671133041382 
0.3918554484844208 2.3908894062042236 
0.7361533045768738 2.3875105381011963 
0.10809952765703201 3.1814370155334473 
0.3041346073150635 3.177682638168335 
1.3024541139602661 1.437007188796997 
1.31141197681427 1.3212076425552368 
0.05481668934226036 3.7236757278442383 
1.9188437461853027 0.7310109734535217 
0.04942343384027481 3.8017218112945557 
0.005088543985038996 3.8959641456604004 
0.7759066224098206 1.8992860317230225 
0.790044903755188 1.7683836221694946 
1.3253755569458008 1.1609609127044678 
0.7977002263069153 1.7163972854614258 
1.9574074745178223 0.24479499459266663 
1.954465389251709 0.2716946601867676 
0.3076564371585846 3.1242432594299316 
0.08182165771722794 3.332454204559326 
1.9328817129135132 0.5289213061332703 
1.3190585374832153 1.2274364233016968 
0.05813101306557655 3.6717166900634766 
0.3351574242115021 2.754953145980835 
1.9821158647537231 0.061501793563365936 
0.0013875598087906837 3.9457356929779053 
1.3638348579406738 0.8582664728164673 
1.9475082159042358 0.3492046594619751 
0.3701912760734558 2.4488067626953125 
1.9281221628189087 0.5908979773521423 
0.06859681755304337 3.5109801292419434 
0.3385901153087616 2.714168071746826 
1.3335654735565186 1.074863314628601 
0.7445326447486877 2.2696385383605957 
1.9367645978927612 0.47808945178985596 
0.7845962047576904 1.8209620714187622 
1.9226449728012085 0.6722397804260254 
0.0467015840113163 3.8452444076538086 
0.042533956468105316 3.8938984870910645 
0.08583654463291168 3.290592670440674 
1.294411063194275 1.556029200553894 
1.338834285736084 1.0275142192840576 
0.0663403868675232 3.542975664138794 
0.7499431371688843 2.1984076499938965 
0.7555410861968994 2.1264688968658447 
0.3346623480319977 2.8175036907196045 
1.9657256603240967 0.1671295464038849 
1.3756303787231445 0.815530002117157 
0.3255392014980316 2.8750393390655518 
0.061073385179042816 3.6249632835388184 
0.7694391012191772 1.967075228691101 
0.34492695331573486 2.6453909873962402 
1.3541572093963623 0.9119068384170532 
0.8105407953262329 1.6443248987197876 
1.3466691970825195 0.9663585424423218 
0.31560224294662476 3.01241135597229 
0.3424859046936035 2.6709537506103516 
0.7728815674781799 1.929875373840332 
0.320010781288147 2.9505443572998047 
0.08958645164966583 3.257451057434082 
1.9426425695419312 0.405268132686615 
1.2972660064697266 1.5114134550094604 
0.7546696662902832 2.140519142150879 
0.3606780469417572 2.5060293674468994 
0.3115635812282562 3.0694878101348877 
0.7663729786872864 2.0010859966278076 
0.7436309456825256 2.281994342803955 
0.3209628164768219 2.936267614364624 
0.7633975744247437 2.0323944091796875 
0.34926101565361023 2.600923538208008 
0.7398359775543213 2.3371331691741943 
0.36046069860458374 2.507824420928955 
0.07461906224489212 3.423292875289917 
1.9885447025299072 0.03343486040830612 
0.7501866221427917 2.194240093231201 
0.07234163582324982 3.454704523086548 
1.368958592414856 0.8364556431770325 
1.946304202079773 0.3597045838832855 
1.9266598224639893 0.6170340776443481 
0.07686178386211395 3.3922841548919678 
0.7610677480697632 2.0671069622039795 
0.7846266627311707 1.8206945657730103 
0.3311700224876404 2.8330557346343994 
0.06345900148153305 3.587648391723633 
0.09388532489538193 3.226407766342163 
0.35406213998794556 2.5615875720977783 
1.935603380203247 0.48730143904685974 
1.3165743350982666 1.257832407951355 
1.3376896381378174 1.0373448133468628 
0.7393299341201782 2.3468387126922607 
1.9426425695419312 0.405268132686615 
0.8188881278038025 1.6149486303329468 
0.043517306447029114 3.8821747303009033 
1.9698734283447266 0.1386691778898239 
1.2972660064697266 1.5114134550094604 
