1.3910855054855347 0.7962865829467773 
1.3910855054855347 0.7962865829467773 
9.618629701435566E-4 3.992678165435791 
1.2921568155288696 1.5905084609985352 
0.8341126441955566 1.5943983793258667 
0.736912727355957 2.3871562480926514 
0.3934498727321625 2.391248941421509 
0.10861842334270477 3.181662082672119 
0.30448073148727417 3.178727865219116 
0.7588090300559998 2.0841562747955322 
0.00591808557510376 3.8967273235321045 
0.34462976455688477 2.651794195175171 
0.04216215759515762 3.8967125415802 
0.7834271192550659 1.844107747077942 
1.2968249320983887 1.523361086845398 
0.3250430226325989 2.892075538635254 
0.7647925019264221 2.0175697803497314 
0.3522244989871979 2.5801162719726562 
0.07570193707942963 3.4106147289276123 
0.7696710824966431 1.963085412979126 
0.36137276887893677 2.507253646850586 
0.7540441751480103 2.1480536460876465 
1.3242859840393066 1.1768699884414673 
0.33387091755867004 2.782388687133789 
0.3416242003440857 2.6894662380218506 
0.09112507104873657 3.25177001953125 
0.002122826874256134 3.940810441970825 
0.05397709831595421 3.7418711185455322 
0.31945186853408813 2.967397689819336 
0.7900720238685608 1.7738033533096313 
1.3562508821487427 0.9040219187736511 
0.369208961725235 2.4567224979400635 
1.3209482431411743 1.2133138179779053 
0.7394499182701111 2.348695993423462 
1.3504714965820312 0.9386909008026123 
0.7861726880073547 1.805967092514038 
1.2998872995376587 1.485439419746399 
1.312920093536377 1.3090553283691406 
0.04563194513320923 3.859614372253418 
0.061597347259521484 3.619243860244751 
1.3177694082260132 1.2505829334259033 
0.06004711613059044 3.6452322006225586 
1.333527684211731 1.082993507385254 
0.7753151655197144 1.9040095806121826 
1.3695937395095825 0.8353003859519958 
1.361477255821228 0.8740397095680237 
0.08406434953212738 3.3088605403900146 
1.3097044229507446 1.3480064868927002 
0.3079681694507599 3.1228139400482178 
0.3576873242855072 2.53688907623291 
0.08754484355449677 3.2842907905578613 
0.7753151655197144 1.9040095806121826 
0.32986900210380554 2.828683853149414 
1.3389111757278442 1.0319199562072754 
1.3018978834152222 1.449570655822754 
0.0719008669257164 3.4688777923583984 
0.33714550733566284 2.7328946590423584 
0.08100736141204834 3.346162796020508 
0.7671737670898438 1.992510437965393 
0.7453327775001526 2.269787311553955 
0.7469860315322876 2.2470176219940186 
0.09730996191501617 3.209454298019409 
0.30494242906570435 3.1743853092193604 
1.3347511291503906 1.0677762031555176 
0.06482919305562973 3.575810432434082 
1.3041372299194336 1.4247738122940063 
1.3462963104248047 0.9678129553794861 
0.8020963668823242 1.6896443367004395 
1.3059630393981934 1.3970087766647339 
0.06806700676679611 3.525658130645752 
0.3089475929737091 3.1092517375946045 
1.341019630432129 1.011535882949829 
0.05774463713169098 3.6890110969543457 
1.3077574968338013 1.373900055885315 
1.3283045291900635 1.131335973739624 
1.3283045291900635 1.131335973739624 
1.36617112159729 0.8499016165733337 
0.32986900210380554 2.828683853149414 
0.33675485849380493 2.7460763454437256 
0.802179217338562 1.6891610622406006 
0.051825907081365585 3.7720329761505127 
0.0505707822740078 3.790656805038452 
0.7954548597335815 1.7336153984069824 
0.8097964525222778 1.6506577730178833 
1.3443434238433838 0.9859179854393005 
0.35376402735710144 2.563891887664795 
0.7954548597335815 1.7336153984069824 
0.8229777216911316 1.606492280960083 
0.37949857115745544 2.4125449657440186 
0.31570279598236084 3.020811080932617 
0.0010167346335947514 3.982351779937744 
0.7494335174560547 2.2144079208374023 
0.07879768311977386 3.375885248184204 
0.3126741647720337 3.0573997497558594 
0.09834320098161697 3.2040610313415527 
1.3806284666061401 0.805709719657898 
0.7418496608734131 2.311087131500244 
0.05774463713169098 3.6890110969543457 
0.06944161653518677 3.5126519203186035 
0.7428410649299622 2.302950382232666 
