3.7628496647812426E-4 4.000102996826172 
2.000452995300293 4.5546944602392614E-4 
1.9140037298202515 0.7939529418945312 
1.3901865482330322 0.7952929735183716 
1.2907745838165283 1.5933185815811157 
0.8333401679992676 1.593722939491272 
0.7355101108551025 2.389364719390869 
0.39164310693740845 2.390348434448242 
0.10749024152755737 3.180980920791626 
0.3034060001373291 3.1788527965545654 
1.3269069194793701 1.1364431381225586 
1.9405581951141357 0.4175422191619873 
0.09158623963594437 3.237407922744751 
0.004594654310494661 3.8955399990081787 
0.3606589138507843 2.5016050338745117 
1.93263578414917 0.5193074345588684 
0.760750412940979 2.053659439086914 
0.32823947072029114 2.834775686264038 
1.3190340995788574 1.2214499711990356 
1.9642986059188843 0.180291086435318 
0.3453804552555084 2.6524412631988525 
0.7960777878761292 1.721421241760254 
0.30607539415359497 3.1400020122528076 
0.06457875669002533 3.561854362487793 
1.3049163818359375 1.3960644006729126 
1.9589407444000244 0.22092635929584503 
0.8069385886192322 1.6586350202560425 
0.7812871932983398 1.8389512300491333 
0.31164366006851196 3.060706377029419 
0.3493475914001465 2.5950708389282227 
0.7666103839874268 1.9866728782653809 
0.32248079776763916 2.9102683067321777 
0.06908692419528961 3.492954730987549 
0.3547050654888153 2.548311233520508 
0.7561248540878296 2.1116442680358887 
1.33233642578125 1.080593228340149 
7.60528608225286E-4 3.9655723571777344 
0.7494223117828369 2.1967220306396484 
0.7416189312934875 2.3039467334747314 
0.07459206134080887 3.427182674407959 
1.294820785522461 1.535194754600525 
0.7453259825706482 2.25070858001709 
0.3162301480770111 3.001131534576416 
1.94746732711792 0.336994469165802 
1.9256746768951416 0.6160974502563477 
0.7700690031051636 1.9501336812973022 
0.3204011619091034 2.9373810291290283 
0.05274835228919983 3.7453956604003906 
0.752836287021637 2.153369188308716 
0.08149147778749466 3.331634283065796 
1.9190549850463867 0.7297888994216919 
0.3724707067012787 2.4328956604003906 
0.7881680727005005 1.779728651046753 
1.9438605308532715 0.37802794575691223 
1.9854704141616821 0.04952371120452881 
1.9732475280761719 0.10740206390619278 
1.3546018600463867 0.9052414894104004 
0.3320724070072174 2.7860941886901855 
1.3024990558624268 1.461290717124939 
1.2991856336593628 1.4738696813583374 
1.359579086303711 0.8759995102882385 
0.09666016697883606 3.207448959350586 
0.061249323189258575 3.6116936206817627 
0.04687916859984398 3.8318963050842285 
1.348481297492981 0.945538341999054 
1.3159263134002686 1.2577441930770874 
0.3346613347530365 2.756330966949463 
1.9528096914291382 0.28778424859046936 
0.38631463050842285 2.393747091293335 
1.9772789478302002 0.08313565701246262 
1.3392351865768433 1.01957368850708 
1.9283579587936401 0.5785803198814392 
0.0419352687895298 3.8935647010803223 
1.991899013519287 0.01864171400666237 
0.7749276757240295 1.899619460105896 
0.338140606880188 2.7131073474884033 
0.07867434620857239 3.362504720687866 
0.07138387113809586 3.4588396549224854 
1.33649480342865 1.0418437719345093 
1.9169628620147705 0.7582259178161621 
0.791194498538971 1.7642796039581299 
0.7764508724212646 1.8838750123977661 
1.3857672214508057 0.7980819344520569 
0.05964801833033562 3.639551877975464 
0.8139036297798157 1.6291248798370361 
0.04653283953666687 3.874985456466675 
0.3137328624725342 3.0302698612213135 
1.3706732988357544 0.8283790946006775 
1.3091635704040527 1.3408721685409546 
1.930737853050232 0.5468423366546631 
1.292578935623169 1.5697282552719116 
1.9221175909042358 0.6712606549263 
0.05483439937233925 3.7162392139434814 
0.3724707067012787 2.4328956604003906 
1.3675391674041748 0.8419496417045593 
1.9221175909042358 0.6712606549263 
0.7423742413520813 2.2910730838775635 
0.8188815712928772 1.613586664199829 
1.9526705741882324 0.28980889916419983 
1.348481297492981 0.945538341999054 
