2.002185106277466 0.0022075544111430645 
4.61196614196524E-4 3.995403528213501 
2.002185106277466 0.0022075544111430645 
1.3909598588943481 0.796680748462677 
1.915554404258728 0.7944719195365906 
1.2923613786697388 1.5926769971847534 
0.8341012597084045 1.5951184034347534 
0.7367162108421326 2.376622200012207 
0.39064285159111023 2.3911211490631104 
0.3052181005477905 3.1779606342315674 
0.10847019404172897 3.181469440460205 
0.00517364451661706 3.8960049152374268 
1.3029890060424805 1.4846141338348389 
0.8012096881866455 1.6915150880813599 
1.9858465194702148 0.049713194370269775 
0.8157709240913391 1.6239280700683594 
0.3328835964202881 2.7869861125946045 
0.785516083240509 1.8198611736297607 
0.054117750376462936 3.732348918914795 
0.07371314615011215 3.449723243713379 
0.31621044874191284 3.0004525184631348 
0.7577511668205261 2.123425006866455 
0.3443508744239807 2.6607372760772705 
1.3082901239395142 1.3721442222595215 
1.3507003784179688 0.9429382681846619 
0.32249772548675537 2.9149439334869385 
1.9743812084197998 0.1156679019331932 
0.3070962131023407 3.1348841190338135 
0.7922586798667908 1.7502405643463135 
1.3235477209091187 1.1784392595291138 
1.9238213300704956 0.6836410164833069 
1.319553017616272 1.2201765775680542 
1.926985263824463 0.635395348072052 
0.003014008514583111 3.968229293823242 
0.04540890455245972 3.8717496395111084 
1.316332459449768 1.2747470140457153 
0.06889575719833374 3.5199782848358154 
0.7674564719200134 1.9984849691390991 
0.3385317623615265 2.715475082397461 
1.3379653692245483 1.0424221754074097 
0.7775801420211792 1.8909417390823364 
0.360018253326416 2.509490728378296 
1.332841396331787 1.0963754653930664 
1.3294662237167358 1.1268930435180664 
0.747680127620697 2.2590279579162598 
0.06764814257621765 3.54594087600708 
1.3581444025039673 0.8946815133094788 
0.3206305205821991 2.9401185512542725 
1.919677972793579 0.7336564660072327 
1.9363352060317993 0.49409082531929016 
0.3753504753112793 2.422722816467285 
1.9302862882614136 0.5875977277755737 
0.7415429353713989 2.3251681327819824 
0.09902799129486084 3.2052032947540283 
0.35790419578552246 2.5304999351501465 
1.939319372177124 0.43936294317245483 
0.05900885909795761 3.6503007411956787 
1.9621045589447021 0.21014967560768127 
0.7542268633842468 2.1613662242889404 
0.3506096601486206 2.5861282348632812 
1.3768980503082275 0.8127316832542419 
1.2971062660217285 1.5248665809631348 
1.9434069395065308 0.41324707865715027 
1.368981957435608 0.8414153456687927 
1.3454241752624512 0.9886385202407837 
0.7894037365913391 1.7815953493118286 
0.7632482647895813 2.05104660987854 
1.9712587594985962 0.13673333823680878 
0.7448028922080994 2.297231674194336 
0.07738224416971207 3.4061172008514404 
0.061987146735191345 3.604727029800415 
0.32941240072250366 2.8390157222747803 
1.946947455406189 0.36923426389694214 
1.3629745244979858 0.8689121603965759 
0.08707214891910553 3.292546510696411 
0.36912617087364197 2.451244354248047 
1.9544291496276855 0.2911562919616699 
1.956964135169983 0.2592338025569916 
1.9182497262954712 0.7705621719360352 
1.9323164224624634 0.550224244594574 
1.9503172636032104 0.3278602957725525 
1.3418221473693848 1.0090532302856445 
0.3506096601486206 2.5861282348632812 
0.340427428483963 2.694063425064087 
0.08286404609680176 3.321558952331543 
1.3086988925933838 1.369835376739502 
0.8328227996826172 1.59542715549469 
0.05346041917800903 3.770918846130371 
1.3118596076965332 1.313584327697754 
0.750841498374939 2.2091920375823975 
0.3137856721878052 3.056582450866699 
1.9328466653823853 0.523715615272522 
0.7632482647895813 2.05104660987854 
0.7716283202171326 1.947700023651123 
0.38865387439727783 2.394136905670166 
0.3114214539527893 3.074552059173584 
0.04958279803395271 3.8236098289489746 
0.05030858516693115 3.7900071144104004 
0.07794466614723206 3.3799009323120117 
1.9619135856628418 0.21130149066448212 
