1.3906203508377075 0.7958213686943054 
8.428831351920962E-4 3.9985194206237793 
1.3906203508377075 0.7958213686943054 
0.834149956703186 1.5941433906555176 
1.2913005352020264 1.5938063859939575 
0.39193958044052124 2.3908588886260986 
0.7363278865814209 2.3835701942443848 
0.108409084379673 3.181387424468994 
0.30375972390174866 3.181166648864746 
0.34946879744529724 2.5992894172668457 
0.7610910534858704 2.056177854537964 
0.33994007110595703 2.6977128982543945 
0.0422237403690815 3.895904779434204 
0.3589194416999817 2.5183939933776855 
0.004996063653379679 3.895958185195923 
0.7541741132736206 2.141322374343872 
1.3027911186218262 1.431777834892273 
1.328102707862854 1.1292673349380493 
0.0775218978524208 3.384211778640747 
1.3407683372497559 1.0106257200241089 
0.7903780341148376 1.7654658555984497 
0.06053707376122475 3.63311767578125 
0.332271933555603 2.7928872108459473 
0.7965101599693298 1.7214436531066895 
0.7448353171348572 2.2678399085998535 
0.7856829762458801 1.8035359382629395 
0.7667038440704346 1.9911720752716064 
1.321880578994751 1.1996809244155884 
1.352283000946045 0.9231469631195068 
0.3250110149383545 2.8815691471099854 
0.7827295064926147 1.842551350593567 
1.2951016426086426 1.5394806861877441 
0.8023158311843872 1.688097357749939 
0.7537727355957031 2.1680848598480225 
1.333543062210083 1.0772442817687988 
0.7775304913520813 1.8777844905853271 
0.3165059983730316 2.99725604057312 
0.05618026480078697 3.71413254737854 
0.09791672974824905 3.2042770385742188 
0.0524594746530056 3.757441282272339 
1.3237550258636475 1.1749703884124756 
1.3626906871795654 0.8633843660354614 
0.06552702188491821 3.553126811981201 
1.3576849699020386 0.890144944190979 
1.3081064224243164 1.3615531921386719 
0.04898645728826523 3.8081724643707275 
1.3073375225067139 1.375473976135254 
0.38135233521461487 2.4042680263519287 
0.31998971104621887 2.94857120513916 
0.8077866435050964 1.6562877893447876 
1.299628496170044 1.4755767583847046 
0.32220786809921265 2.9233267307281494 
0.3079180121421814 3.1207447052001953 
0.31174084544181824 3.0654690265655518 
0.06394800543785095 3.5794994831085205 
0.09306056797504425 3.2318074703216553 
0.06937295198440552 3.4967610836029053 
0.7416000366210938 2.309680938720703 
1.2978711128234863 1.4990731477737427 
0.08448752015829086 3.303309202194214 
1.3127682209014893 1.3042454719543457 
1.347233533859253 0.9594789147377014 
0.3350592851638794 2.7544593811035156 
0.3707064092159271 2.4440388679504395 
0.31174084544181824 3.0654690265655518 
0.0732586607336998 3.4409115314483643 
0.0732586607336998 3.4409115314483643 
0.06871427595615387 3.506666898727417 
0.7483168244361877 2.2179336547851562 
1.2923253774642944 1.5791020393371582 
1.316864013671875 1.2532788515090942 
8.546729222871363E-4 3.990419864654541 
0.06125367060303688 3.620271921157837 
0.7698595523834229 1.9581201076507568 
0.7400039434432983 2.3313686847686768 
0.7743403315544128 1.9095969200134277 
0.7378576397895813 2.3620200157165527 
1.3129262924194336 1.301151990890503 
1.316864013671875 1.2532788515090942 
0.7726226449012756 1.9271914958953857 
0.3282235860824585 2.8441450595855713 
0.046162091195583344 3.847104549407959 
0.08057941496372223 3.3460397720336914 
1.3775179386138916 0.8104560971260071 
0.0015915678814053535 3.937912702560425 
0.3740725517272949 2.4304192066192627 
0.3169715404510498 2.9911885261535645 
0.7478504180908203 2.224454879760742 
0.30476826429367065 3.1663715839385986 
0.3631982207298279 2.4879322052001953 
0.3070520758628845 3.1328935623168945 
0.053923096507787704 3.734471082687378 
0.08159475028514862 3.3354196548461914 
0.0016850223764777184 3.9342682361602783 
0.8222161531448364 1.6069951057434082 
1.3327925205230713 1.0820833444595337 
1.3698738813400269 0.8335664868354797 
0.3631982207298279 2.4879322052001953 
0.3282235860824585 2.8441450595855713 
0.08915495872497559 3.260735273361206 
