2.000950336456299 9.549901587888598E-4 
8.383074891753495E-4 3.9992940425872803 
2.000950336456299 9.549901587888598E-4 
1.914944052696228 0.7928336262702942 
1.391258716583252 0.7958970665931702 
0.8333680033683777 1.5941416025161743 
1.2916953563690186 1.5929033756256104 
0.7366212606430054 2.3825957775115967 
0.3922542333602905 2.3910398483276367 
0.30423349142074585 3.178431749343872 
0.10828536003828049 3.1813485622406006 
1.3096569776535034 1.348154902458191 
0.3315756618976593 2.798182964324951 
1.3654860258102417 0.8540348410606384 
1.354233980178833 0.9127083420753479 
0.3114103376865387 3.0741000175476074 
0.09355507791042328 3.232032299041748 
0.07518500089645386 3.4134557247161865 
0.004829801619052887 3.8960683345794678 
0.7495319843292236 2.20458722114563 
1.3226128816604614 1.191403865814209 
0.7555264830589294 2.124621629714966 
0.04239867627620697 3.8937957286834717 
0.05813676863908768 3.6787095069885254 
0.7470499873161316 2.237482786178589 
0.3082740902900696 3.119077205657959 
1.929700255393982 0.565937340259552 
0.06385679543018341 3.5819830894470215 
0.05243848264217377 3.759817361831665 
0.3606177866458893 2.5071444511413574 
0.8020331859588623 1.6889965534210205 
1.390947699546814 0.7959049940109253 
0.7961230874061584 1.7342299222946167 
0.05927789956331253 3.651884078979492 
0.3738369345664978 2.4316372871398926 
1.917826771736145 0.7422686219215393 
1.9739385843276978 0.10843323171138763 
1.3431916236877441 0.9927269220352173 
0.3385448753833771 2.718997001647949 
1.3027827739715576 1.4419792890548706 
0.8177593946456909 1.6179205179214478 
0.8093894720077515 1.6491471529006958 
0.3666180968284607 2.4681262969970703 
0.32327449321746826 2.9060943126678467 
1.9802364110946655 0.07046889513731003 
0.7416927218437195 2.310025453567505 
0.31684595346450806 2.9929091930389404 
0.775261640548706 1.902330994606018 
0.0662461370229721 3.548884391784668 
0.31684595346450806 2.9929091930389404 
0.05117885023355484 3.7811388969421387 
1.329965591430664 1.1136212348937988 
1.2941186428070068 1.5594213008880615 
0.7895174622535706 1.773503065109253 
1.9218106269836426 0.6828052401542664 
1.9438318014144897 0.38853719830513 
0.04698508232831955 3.8407435417175293 
0.7794456481933594 1.8594470024108887 
1.9500832557678223 0.31852439045906067 
1.2979241609573364 1.5036882162094116 
0.7663388848304749 1.9971122741699219 
1.3600952625274658 0.8806960582733154 
1.3427934646606445 0.9961914420127869 
0.3537561297416687 2.5651652812957764 
0.34723690152168274 2.6220123767852783 
0.760199248790741 2.069504737854004 
0.08125589042901993 3.344902753829956 
0.0696992427110672 3.4963297843933105 
1.3027827739715576 1.4419792890548706 
0.08537562191486359 3.2961556911468506 
1.31776762008667 1.2485268115997314 
1.3360015153884888 1.0582345724105835 
0.7862940430641174 1.801957607269287 
0.35462313890457153 2.557443380355835 
0.782477855682373 1.833265781402588 
1.938510537147522 0.45540693402290344 
1.9530423879623413 0.2835584282875061 
1.9259612560272217 0.6209968328475952 
0.34131675958633423 2.687588691711426 
1.3360015153884888 1.0582345724105835 
1.3276314735412598 1.138938069343567 
0.34723690152168274 2.6220123767852783 
0.32606324553489685 2.8706300258636475 
1.9596953392028809 0.22303979098796844 
1.9211353063583374 0.6973329186439514 
1.9466065168380737 0.3533886671066284 
0.7379318475723267 2.368222951889038 
0.7711049318313599 1.945647120475769 
1.9334396123886108 0.5186312198638916 
1.312794804573059 1.307239294052124 
0.7579902410507202 2.0957987308502197 
1.9676753282546997 0.15207041800022125 
0.7663388848304749 1.9971122741699219 
1.9259612560272217 0.6209968328475952 
1.29736328125 1.5133346319198608 
0.3850650489330292 2.396920919418335 
0.04667903855443001 3.855928897857666 
1.9877394437789917 0.03566402196884155 
1.9389610290527344 0.4490169584751129 
1.9897537231445312 0.027704479172825813 
