0.5571433565752661
0.5562583482089091
0.5564621515213033
0.5561540560511347
0.5520516632775431
0.5568781971168485
0.5517352775060709
0.5568397811990872
0.5518421302348793
0.5516752371195874
0.5563345491582425
0.5517108281575726
0.5523386684830622
0.5524556336088076
0.5521046407126866
0.5568831690081916
0.5521189501238774
0.551721799126033
0.5548360907839791
0.5522881909024716
0.5518076933867695
0.5518273188262485
0.5567715159331009
0.5567196462437772
0.5568683426996833
0.5518159617095952
0.5566856182272714
0.5567372627733601
0.5519656605665166
0.557219852326396
