1.0430466713571218E-4
1.0617746286883539E-4
1.0319476129268879E-4
1.0628622143735044E-4
0.0029122819563233335
1.0627255980109453E-4
0.0029097251165198412
9.909600514483185E-5
0.0029149511844626785
0.0029103358104448675
1.021857545533792E-4
0.002909274413157382
0.002915178883258959
0.002912114158664216
0.002913245268701996
1.0396556792097378E-4
0.0029121267340836404
0.0029100015757683334
1.1703179145773653E-4
0.002914259086683931
0.0029089985806094567
0.002912007134680869
1.0380973474070042E-4
1.0203090367066877E-4
1.011883232785446E-4
0.002911396018688923
1.0562601158631815E-4
1.0737230950821198E-4
0.002911038317560445
1.0108526186862617E-4
