9.987844936631962E-5 7.174028738219373E-4 2.105258496111607 2.7963369364496917 3.5066968857177354 4.208581065396139 
1.9409239067872148 2.538802123866513 2.10678062000453 2.795679221113805 3.5050994070471595 4.205988096565897 
1.9409239067872148 2.538802123866513 2.10678062000453 2.795679221113805 3.5050994070471595 4.205988096565897 
9.987844936631962E-5 7.174028738219373E-4 2.105258496111607 2.7963369364496917 3.5066968857177354 4.208581065396139 
1.9091663964617398 2.334550223336493 2.1064449559636884 2.7961669444374255 3.505351627802506 4.204552989250726 
1.905852127856574 1.0140229230054445 2.105273528117729 2.796439540234898 3.5083534872875446 4.208337403991594 
1.8891475730628737 0.7344876607815386 2.1068676283781573 2.809678657224491 3.50723924697289 4.2053014259677175 
0.3733780061286958 2.4924191825091597 2.106807622887794 2.8098556406380757 3.505706876991189 4.207319957773013 
0.17278211497385804 1.3324837545642534 2.1041173035145357 2.796624312035964 3.5066695875477154 4.20515634642856 
0.23079636056038222 2.3787734141265457 2.1068088501755113 2.809931851295215 3.5065773500876327 4.207620175642041 
1.9356488762600859 2.48273114684056 2.114617832914694 2.8098456683799022 3.505026335162688 4.204656642446334 
0.21336381955261813 2.4924191825091597 2.1052344168012995 2.7954478001487533 3.507417134461867 4.204741051756171 
1.9301429933735077 0.7799060629624792 2.106783935926698 2.811661493947662 3.5066552270843085 4.207392726271451 
1.9409239067872148 2.3368677515051055 2.106536933269459 2.7954622114347725 3.5057507081841766 4.205988096565897 
1.9145036487002067 2.36880798248209 2.1065473211166346 2.809933144617373 3.5072534109280156 4.204596750842768 
1.9765998390138666 2.334550223336493 2.106449852730175 2.7961669444374255 3.505351627802506 4.204552989250726 
1.9091663964617398 0.9501045904636487 2.1042157236391392 2.803537117524775 3.506571639134534 4.207310154304814 
0.37849285309063124 2.3324322648722715 2.106537801233398 2.8102436238660564 3.505739495318504 4.20548103611082 
1.9130329632223462 2.4392665005478986 2.0811433978395764 2.796559437827022 3.5050195878573764 4.20462963200705 
0.2323684365022053 1.009303282136075 2.1068088501755113 2.810365637075699 3.506593197152261 4.207696459801926 
0.3469034586497751 2.16165475836991 2.106575511037476 2.8100294279536926 3.50659381011027 4.20752873201998 
1.9773917994810624 2.2115837398561853 2.10682849684888 2.798893110605593 3.5073827788489815 4.20729076926685 
0.31587916090359147 2.4926278399057176 2.1068276622252076 2.809763417289512 3.5060067601586877 4.204980912951901 
0.20288397255708876 2.7636141608670965 2.1068249622542616 2.8098844434738885 3.507417134461867 4.204742846595273 
0.2896094311066182 0.9672197524417396 2.1068088501755113 2.8101385012243143 3.5050594325388436 4.207641852463475 
0.09227542299576465 1.0231110697216674 2.105303327228154 2.796624312035964 3.5066985350294146 4.20830383589829 
1.9480407328264226 0.6341817971845192 2.1067878295062346 2.8102564894742375 3.5073404484195914 4.2085243547186275 
0.2212573234457536 0.7439051035033813 2.1065320227687585 2.8100282252119664 3.5066129974526237 4.2054687867725224 
0.046322407187710746 0.013598278396156405 2.105293188612488 2.796179768609312 3.5066968857177354 4.208656983703522 
1.9814777815262274 2.2115837398561853 2.1052981448925254 2.797002720742526 3.5066768206295547 4.20733487913913 
0.17278211497385804 2.52606619559877 2.1041173035145357 2.796603545636834 3.5066695875477154 4.20515634642856 
1.905852127856574 2.4238146761858643 2.106596170657022 2.796439540234898 3.508378079612272 4.208337403991594 
1.8994363957527138 0.7456789989534612 2.104068859497503 2.797152860062788 3.506651795659016 4.205856254481565 
0.03788470618938258 0.9625364060422624 2.104068859497503 2.797144314511259 3.506651795659016 4.205914945075273 
0.16607181646481728 0.004523678662709161 2.1052176513997147 2.7963324421176576 3.506684571383652 4.20506522020695 
0.14297745778332893 1.3324837545642534 2.1042286007365427 2.796624312035964 3.5066695875477154 4.20515634642856 
0.3960313210792732 0.7207300862971608 2.10684637449247 2.7956041703824623 3.5053195318433317 4.204675873332006 
1.8846170102751558 2.4914248098498044 2.105205386422702 2.795638730400115 3.5066600786424105 4.20764067710142 
0.005503053921954271 1.312166728091429 2.105363453009482 2.8100783526687723 3.5072298552841747 4.205147173365308 
1.9098140198991822 2.368613949078588 2.1075434067821157 2.8093897723678274 3.505012502838466 4.207350530931893 
0.20288397255708876 2.4924191825091597 2.1068249622542616 2.8098844434738885 3.507417134461867 4.204742846595273 
1.9296096951463573 0.7461169694459886 2.106785634282257 2.7960562587408226 3.5056746930150813 4.204687731330118 
1.96547562486739 2.382708988689151 2.106785542637923 2.8095614990853752 3.5056497063361225 4.204641175783963 
1.972668638161189 2.2115837398561853 2.1052981448925254 2.797002720742526 3.5066768206295547 4.20733487913913 
0.04701937828379829 1.0501881724740012 2.1068066757178316 2.796005579808834 3.506630395325132 4.207804052906691 
1.9137284451920389 0.7956923314491485 2.1065350442115167 2.810028707049002 3.499908201680813 4.204653959167653 
1.8719316203938459 2.438714326020827 2.1065044538849813 2.7965455609134855 3.5067290543829213 4.204704954690765 
0.19514504961261275 2.4924191825091597 2.106848624662846 2.8096721228163513 3.5072422983872067 4.204742846595273 
1.8732407779977163 0.8387540620207807 2.1075186910449464 2.799199465461968 3.505996851333527 4.204774386840985 
0.3438011547259454 0.7439051035033813 2.086643356333375 2.8100282252119664 3.5066129974526237 4.205941069777464 
0.03916555143485778 1.0062836884734412 2.1068252767242366 2.7976956223165192 3.5065818696137634 4.20483129662679 
1.9384818766993008 0.6834582573054333 2.105258313248156 2.8116229993544137 3.506722515895663 4.208629579367428 
0.021170973247658376 1.312166728091429 2.1068123026117505 2.8100783526687723 3.5066695875477154 4.20515634642856 
0.17239037659504342 2.7636141608670965 2.10682568933498 2.8098844434738885 3.5075167731405705 4.204742846595273 
1.8596826258243975 2.4914248098498044 2.105205386422702 2.795638730400115 3.5066600786424105 4.207518973605714 
0.3019209663993616 2.3787734141265457 2.1068088501755113 2.809931851295215 3.5065773500876327 4.207620175642041 
1.9309771881152713 0.796740256306322 2.106838674351727 2.8099011510562013 3.5065600619558315 4.204687731330118 
0.22188517268622399 0.8377906066186319 2.106920211102623 2.7953054234358135 3.507358942554771 4.20853278237256 
1.9858832201922394 0.7464077776835327 2.106785634282257 2.7958462915813955 3.5057221809593133 4.207445562137742 
0.28246426494231547 2.3753649347381165 2.1068252767242366 2.8098840815550385 3.50658171097672 4.20483129662679 
0.3616821666678891 2.3355919519520536 2.106487207837596 2.7963592569003013 3.5050195878573764 4.20462963200705 
0.22219731057932865 0.939529739995073 2.1053406739289655 2.809619172951445 3.5065897204730168 4.207487569686204 
0.3847497858956219 2.424064914162128 2.106488401297252 2.796439540234898 3.508378079612272 4.208337403991594 
0.021170973247658376 1.081217603268769 2.1068123026117505 2.8100783526687723 3.5066695875477154 4.20515634642856 
0.3616821666678891 2.3355919519520536 2.106487207837596 2.7963592569003013 3.5050195878573764 4.20462963200705 
0.2948030661035817 2.41259620321592 2.106818800838503 2.79987170536694 3.5073822309661247 4.204643213340915 
0.23214576303481016 0.7832849210047559 2.1068088501755113 2.7961440923979266 3.506590261418584 4.207677383966926 
1.9710700436228732 2.3901732617761975 2.1065466950812985 2.809619022461745 3.5054093008174583 4.204552989250726 
1.8715189864306443 0.8387540620207807 2.106440640903774 2.799199465461968 3.505996851333527 4.204774386840985 
1.9137284451920389 2.419648770147828 2.1065350442115167 2.809933144617373 3.5067033831026557 4.204596750842768 
1.9296096951463573 0.7461169694459886 2.106785634282257 2.7960562587408226 3.5056746930150813 4.204687731330118 
0.0882253111942729 0.0799021781831275 2.1052298260631743 2.796847527151975 3.5066968857177354 4.208535355255578 
1.9819268112477468 0.7456789989534612 2.104068859497503 2.797152860062788 3.506651795659016 4.205856254481565 
0.22188517268622399 0.8377906066186319 2.106920211102623 2.7953054234358135 3.507358942554771 4.20853278237256 
0.17278211497385804 2.674646154260864 2.1041173035145357 2.796603545636834 3.5066695875477154 4.20515634642856 
0.22787248453874642 0.939529739995073 2.1053465486514362 2.8096044161126983 3.5065897204730168 4.204797690703553 
1.9710700436228732 2.3922529836970554 2.1064449559636884 2.7961669444374255 3.5054093008174583 4.204552989250726 
0.23214576303481016 0.7832849210047559 2.1068088501755113 2.7961440923979266 3.506590261418584 4.207677383966926 
0.31198223495182253 2.3637078058219956 2.106837548032623 2.8096651199497282 3.5065768657251315 4.204858937357191 
0.28246426494231547 2.3753649347381165 2.1068252767242366 2.8098840815550385 3.50658171097672 4.20483129662679 
0.31198223495182253 2.4114799547713917 2.106837548032623 2.8096707994173 3.5065773500876327 4.204571672928888 
1.8891475730628737 0.9091848270544103 2.1068676283781573 2.809678657224491 3.507377952165904 4.208719725607269 
1.9091663964617398 0.846670561560702 2.1064449559636884 2.7961669444374255 3.5062962542232397 4.204552989250726 
1.9761284281751321 0.7843382746225835 2.1068426511235936 2.809678657224491 3.507301813728095 4.2075685712868705 
1.9761284281751321 0.7843382746225835 2.1068426511235936 2.809678657224491 3.507301813728095 4.2075685712868705 
1.9065015250782393 2.4238146761858643 2.1066020526241753 2.8095082917866416 3.508378079612272 4.208337403991594 
0.28119338969254126 2.3316176525342334 2.104068859497503 2.8093327737497784 3.5066516370219722 4.205914945075273 
1.8868556140452808 0.7815468579078605 2.105319064884737 2.7969717953179063 3.50537144229499 4.205029351165086 
0.3469034586497751 2.14709418706166 2.106575511037476 2.8100294279536926 3.50659381011027 4.20752873201998 
1.9136355449452354 0.7926770056406723 2.1068242042960685 2.809678446024251 3.5072389914238573 4.2053014259677175 
0.2887029144015943 2.380453289197833 2.1075117157889953 2.799192523496216 3.5060037098607806 4.204643213340915 
1.8782821864354817 0.7926770056406723 2.1068242042960685 2.809678657224491 3.50723924697289 4.2053014259677175 
0.004205512009428758 7.174028738219373E-4 2.105258496111607 2.799000630595493 3.506683639212667 4.205079650099023 
1.8996894384241123 2.447327199747068 2.105356723232487 2.795679221113805 3.5053692125447524 4.205988096565897 
0.22167535315683928 0.6233236890333722 2.1068299608077976 2.8100282252119664 3.50663493412655 4.2049944899796365 
1.8891475730628737 0.7926770056406723 2.1068676283781573 2.809678657224491 3.50723924697289 4.2053014259677175 
0.31471835267078196 2.3355919519520536 2.106487207837596 2.7963592569003013 3.5050195878573764 4.20462963200705 
1.8891475730628737 0.7926770056406723 2.1068676283781573 2.809678657224491 3.50723924697289 4.2053014259677175 
0.31198223495182253 2.4114799547713917 2.106837548032623 2.8096707994173 3.5065773500876327 4.204571672928888 
1.9448980004445906 0.6341817971845192 2.1069254498935774 2.8102564894742375 3.5073404484195914 4.2085243547186275 
