1.9999999041860095 3.9999998337932605 2.101075399316005 2.804459636844845 3.5000895455502077 4.200170947322541 
1.9999999041860095 3.9999998337932605 2.101075399316005 2.804459636844845 3.5000895455502077 4.200170947322541 
5.537971682506582E-4 0.008602655293077993 2.1009845109076 2.8010816017212905 3.4979357402185647 4.205317958584796 
1.9282859547919018 3.9238676469454234 2.1011163169905736 2.8031488410463097 3.5001788136648075 4.199350331908078 
1.266431907355754 3.8869895198600366 2.1011289473211594 2.802701053843447 3.499969180294793 4.199689431789681 
1.144794553866944 3.86352145399231 2.1079925651775624 2.8102632942842765 3.500091477966727 4.200120651431324 
0.41378337755752914 3.998316526042005 2.1009945389356663 2.8010645261276848 3.5000807484819476 4.199606200888611 
1.2186876981180097 0.8035835334076389 2.101303812186498 2.801120300899096 3.4999779586212956 4.200102153454909 
0.4235745463282868 3.6664294972266642 2.108509437279315 2.8108238781696366 3.500079222012616 4.2000923217057835 
1.1439046547643699 0.5520063396056762 2.107160374649385 2.8103060660085784 3.500348522022293 4.199200193412779 
0.4864543499221049 0.706911022046423 2.101620458267127 2.806096137183344 3.500046712531732 4.199808835047776 
1.1458531976082558 3.968516462355142 2.108328165033429 2.803143731433816 3.500177569075104 4.200060507843312 
1.9942282468477872 0.6184010150876946 2.1068993123402544 2.80322544433336 3.500088374382195 4.1994988744267285 
0.1601497631365107 0.011904805449649503 2.101535534185317 2.80525047219722 3.5000625740536155 4.200048053695911 
1.9915077730823743 3.940595730532044 2.1015560476008277 2.810194636305463 3.4999847162738322 4.2000476622268845 
1.9999999041860095 3.825911913631122 2.101075399316005 2.804459636844845 3.5000895455502077 4.200170947322541 
1.1140806353750672 3.9999998337932605 2.108160614402477 2.810188665747681 3.500361338051192 4.200170875510864 
1.9555484981105187 3.9322278603697884 2.100688515093487 2.8101491260551357 3.500182069364011 4.1998581570943045 
0.46661044771512145 3.702449262139135 2.1016236084926856 2.800990100810841 3.4999686717261174 4.200070550067478 
0.453090397942909 0.41434508322835883 2.101746975359333 2.8023663596538952 3.4999685045594253 4.19965975418934 
1.9942282468477872 3.9758096443996043 2.1068993123402544 2.8122557871884304 3.5000094487594806 4.223757248324547 
1.9683541720762072 3.8582060683025015 2.101531309572522 2.802850452394213 3.500049426766536 4.200230344466631 
1.160169912292236 3.8666905571071806 2.1015721698346743 2.8030232124800247 3.499968876902609 4.200118663919624 
1.1082391283120046 3.957368169094318 2.101366186261196 2.8027662718648734 3.5000944192257157 4.200098001778176 
1.137680819322453 3.9999999688041012 2.101094732040819 2.804456135168702 3.500363907231102 4.200170947579072 
0.41378337755752914 0.21661540306439186 2.100976824490678 2.8010645599737916 3.500074320271239 4.199606200888611 
0.46684057697189474 0.4585603370289155 2.1084664663265293 2.811369788576831 3.4999758400840815 4.200097046869543 
1.1849797380470732 0.75924044108647 2.101094723204824 2.8056827583540906 3.499970465505842 4.199705662934988 
1.171898204844478 3.968516462355142 2.098664498538343 2.809865685297594 3.500177569075104 4.200060507843312 
1.2867506963823252 0.5265423186915108 2.101425497746273 2.801050712122352 3.500348522022293 4.1998182384211065 
0.4795979247201918 0.18768495519239953 2.1011808290125145 2.8044747560127457 3.500045249725959 4.200496273450392 
1.1861042397074342 0.5552417651656865 2.107277330805952 2.8101196871639327 3.499969180294793 4.199673800253695 
1.9981770506711365 3.816392086313307 2.1008321046807863 2.8104536693186306 3.5001371283615743 4.200678570244383 
1.1496877512612769 0.549840058992273 2.1083574772430906 2.8104536693186306 3.5002287318002625 4.19990563794105 
0.41381154973771256 3.857343768192948 2.1009946236984884 2.8010645261276848 3.5000974244130654 4.199599960827934 
1.1448583024323558 0.7297402230078733 2.1080053952024387 2.8100689043830154 3.500057989309853 4.19999077423329 
1.239635892445075 3.9088190607587405 2.1011289473211594 2.802696382099177 3.499969180294793 4.199681466841192 
1.2292956638426438 3.8668745746766824 2.1010044752524966 2.842432237007157 3.4979593528208524 4.231981562178049 
1.129293058616565 0.7249045510611849 2.107160374649385 2.8100689043830154 3.500057989309853 4.19999077423329 
1.9785583485084113 0.5964354476141829 2.106885012603783 2.8109134597538823 3.500089795624312 4.199853027031667 
1.978358537486783 3.9322278603697884 2.106907537312008 2.8101491260551357 3.500182404093038 4.199858256800768 
0.46684057697189474 0.33861667175961574 2.1084664663265293 2.811369788576831 3.4999758400840815 4.200097046869543 
0.25475058451643373 0.5936966140807023 2.107617126607363 2.812688977490811 3.4977681524445785 4.205749177846265 
1.1714898828668194 0.526091740841524 2.107160374649385 2.8100689043830154 3.500057989309853 4.19999077423329 
1.143106515015527 0.6263037522938377 2.107139568264009 2.80305584994657 3.500057989309853 4.200063509316287 
1.9942282468477872 0.5989275484950161 2.1068993123402544 2.8122557871884304 3.5000094487594806 4.1994988744267285 
1.9999995185550699 3.8656663503943776 2.1015620124924315 2.8057161598195495 3.5000895455502077 4.200170947322541 
1.946244642472898 0.6827856315948972 2.101620458267127 2.806096137183344 3.5000449746975435 4.19980887596702 
1.1939649419499971 0.5575740615085243 2.1071344459095633 2.8043890047759534 3.500041706011616 4.201212520372627 
1.9555484981105187 3.965202066987448 2.100688515093487 2.8101491260551357 3.500182069364011 4.1998581570943045 
1.9809659464977767 0.5695382814472996 2.106885012603783 2.8057333210044626 3.4999686159623793 4.1998546727061745 
0.3732252457115971 3.951022216930446 2.1077463270960246 2.81303451574891 3.497936023915306 4.199606200888611 
0.40453244523671095 3.951022216930446 2.1010044752524966 2.8010645261276848 3.497936023915306 4.199606200888611 
0.4293654605349396 0.5808964995663726 2.1016240273883087 2.8061184053793427 3.5000974244130654 4.199809988182242 
1.1072970747967954 0.7465798833195831 2.1086570533542153 2.801113646840706 3.5003534470880338 4.200099919703209 
1.1714898828668194 0.5334732029241402 2.1071432779243042 2.8100689043830154 3.500057989309853 4.19999077423329 
0.3731547011578305 0.48260996234889486 2.107617126607363 2.81270680291474 3.4977681524445785 4.205749177846265 
1.1104777599569813 3.9762273755823747 2.102061810773631 2.80447985902161 3.5001010419532435 4.200170947322541 
0.4341910553823491 3.9269543325295944 2.1080093618917894 2.803126517637404 3.4999582383455428 4.199705662934988 
1.1697919389116298 3.8626665804149964 2.1085652718403183 2.805836896058662 3.500088489720705 4.199901187091851 
1.1496877512612769 0.7412714071293176 2.1083745739681716 2.8104536693186306 3.5002287318002625 4.19990563794105 
1.1712713225828106 0.5515061943447108 2.107160374649385 2.8101644669391788 3.500043816379939 4.19999077423329 
0.4985863171363428 0.5413152014774856 2.101620458267127 2.806121747732988 3.500047460460875 4.199808835047776 
1.1442881553166246 0.7160858526962022 2.1082395824764077 2.810599166218066 3.500344613665856 4.199821761036911 
1.987459442921129 3.931374916805015 2.1015620124924315 2.805852201832947 3.5000895455502077 4.200175494321487 
1.1582397767645314 3.9758096443996043 2.106860602003516 2.81060022285243 3.4999938148247365 4.199829801058651 
0.4864543499221049 0.6316080350713891 2.101620458267127 2.806096137183344 3.500046712531732 4.199808835047776 
0.25763108888593794 0.5604630282028035 2.1076172694594355 2.81270680291474 3.4977681524445785 4.199209818644434 
0.3803015575237 0.5036741457388199 2.108171820968597 2.8053961212376985 3.5000813409191855 4.199882334968344 
1.1757555595951503 0.7214233653747462 2.1013378551645863 2.805716835626173 3.5042181849580194 4.200061562195869 
1.1469750691871754 3.868082734119321 2.1083393044440437 2.803143731433816 3.500172618227714 4.201246372688582 
0.46661044771512145 0.24733636541871795 2.1016236084926856 2.8010834814842775 3.4999686717261174 4.200076200977464 
1.16790915625778 3.8895386757088697 2.101572594763373 2.80447985902161 3.5001010419532435 4.200170947322541 
1.1553945208798486 3.8540930716372683 2.1081624292125167 2.811095919128526 3.500011012552566 4.199812697920732 
1.1072970747967954 3.9999998337932605 2.108147470029981 2.801113646840706 3.5003534470880338 4.200099919703209 
1.9185281965429746 3.9721839540791706 2.100641445690665 2.8009814253977146 3.5000490959647177 4.2001061749954385 
1.9267869405237512 3.9999998337932605 2.108160614402477 2.8031428967630885 3.500089600916684 4.200170875510864 
0.3669968398872479 3.9132536520002015 2.1082524938515523 2.8031605949094867 3.499958213259548 4.200061562195869 
1.1577998809918715 3.9758096443996043 2.106860602003516 2.81060022285243 3.4999938148247365 4.199829801058651 
1.1727032283954766 3.8666905571071806 2.1015721698346743 2.8029601715442074 3.499968876902609 4.2001105829522505 
1.987459442921129 3.931374916805015 2.1015620124924315 2.805852201832947 3.5000895455502077 4.200175494321487 
1.2429503684332184 0.7249045510611849 2.107160374649385 2.8100689043830154 3.499925930263705 4.1999908949004965 
1.9999999041860095 0.7354703711946191 2.101075399316005 2.804459636844845 3.500044552167465 4.200162545151038 
1.1175133131100528 0.7584929618246413 2.101542813729166 2.8010834814842775 3.5000807197181256 4.1998980092216796 
1.9881815198400874 3.995102013834445 2.1085652718403183 2.80582273522908 3.50008788807609 4.199901187091851 
1.1737188464412132 0.5520063396056762 2.108295270258451 2.812507326768811 3.500348522022293 4.199199205420923 
1.1102967771956962 0.9474137809355329 2.108722058723702 2.8101502975867367 3.5000462921999693 4.20008515452772 
0.46983915562095196 0.41434508322835883 2.101746975359333 2.8023663596538952 3.4999685045594253 4.19965975418934 
0.426644621325122 3.8004198350322698 2.108328165033429 2.804536189099244 3.500042118144471 4.200058391312568 
1.9943027792415902 0.5532282124024621 2.107014587287496 2.8102632079474184 3.500348522022293 4.199225916637647 
1.174342405256603 3.9975245641081707 2.1074975309254724 2.7959901262120237 3.500074015183537 4.201171954424258 
0.453090397942909 0.3072998435533947 2.1017295823812816 2.8023663596538952 3.4999685045594253 4.198530415902923 
0.41439916153492984 0.5371866900938496 2.10099791128834 2.8010645261276848 3.5000496646657147 4.199599960827934 
1.9717785664337764 3.940595730532044 2.1011236476365562 2.80295338997028 3.4999696135147276 4.201688117888141 
1.99934320122437 0.5661366143528921 2.1083574772430906 2.8104536693186306 3.49999599805183 4.200183225560119 
0.46983915562095196 0.5552417651656865 2.101746975359333 2.8023663596538952 3.4999685045594253 4.19965975418934 
1.9718474464974973 3.85872804109033 2.101531309572522 2.802947156176208 3.500049426766536 4.200230344466631 
1.993108231045627 0.5989275484950161 2.1065047965311607 2.8122557871884304 3.4999698569737507 4.1994988744267285 
0.4293654605349396 3.857343768192948 2.1015551176355163 2.8010645261276848 3.5000974244130654 4.199599960827934 
1.9448760441264825 3.968471446880756 2.0987494277856427 2.8098314066476395 3.500177569075104 4.200060507843312 
