1.94119765668902 2.538436192530639 2.1014524935960357 2.79846945486286 3.4893660581440287 4.18631373273311 
1.94119765668902 2.538436192530639 2.1014524935960357 2.79846945486286 3.4893660581440287 4.18631373273311 
5.0691337808495E-4 0.015549793764084496 2.1015262306397084 2.798471736623171 3.492385172349003 4.191325590367931 
1.827601098557234 2.4983739954672926 2.1018726300726946 2.798358889773312 3.4901216259677477 4.226880570123994 
1.8469249138427077 1.1330470016279404 2.102536331830082 2.7980860673791783 3.5158453491857697 4.18912484317671 
1.909749363607291 0.6939199451385536 2.102668488121675 2.7980854133095887 3.4892178885741236 4.229745972128725 
0.36710737673096316 2.5103144568650073 2.1027964457143375 2.7979326765303316 3.4958224367511077 4.190818516211735 
0.4091880900496569 0.8588587515811271 2.102797882898947 2.798098977914352 3.495724557554417 4.190771715907319 
0.2539560984582798 2.332612195046205 2.1027352763122167 2.798093163990641 3.489000054544594 4.189506211835728 
1.9711225876035419 0.6451617932048513 2.1027964457143375 2.7984109530483554 3.4957035617783765 4.193134285707965 
0.14425141159678803 0.0451250981774628 2.10191391172342 2.798403950073253 3.5270777302620986 4.230782719660404 
0.06692895875937172 2.894877794943905 2.101468649380981 2.7985318629920335 3.489869849293502 4.190590626505189 
0.1996098507248455 0.6375066040739519 2.102796588629888 2.798092231188029 3.495920665648231 4.193134285707965 
1.9083456278280928 0.8434962082569497 2.1014242890092576 2.79841067197252 3.48638926628429 4.171499559062683 
1.8995340064540551 2.3672025139806823 2.101920066923207 2.7984914378934165 3.4957522709379396 4.187519971558878 
0.06971555483336903 2.7972534442340184 2.100563372264151 2.7984153207928144 3.488541124601281 4.230479762287106 
1.899364243516002 0.8069788794518239 2.1014802409021485 2.7983761745226468 3.517571260097338 4.187875409169437 
0.04633784410068166 2.969360261502734 2.1014435043835333 2.8025709743116396 3.4893985638599934 4.228477514532079 
0.2681942953213814 0.8586546306159634 2.1028008244759113 2.7980810031483303 3.495724557554417 4.190771715907319 
1.907233074767278 0.8069788794518239 2.1014802409021485 2.7983761745226468 3.5169906673530384 4.187875409169437 
0.3420267250634976 2.418052446622761 2.101525585509268 2.7986023092226615 3.4959333101577585 4.226705838953187 
1.85245061687083 0.8659479387055313 2.102720629557197 2.7980814172282047 3.489947760816605 4.18818023405393 
1.888532224143112 2.46357479707908 2.102736119063754 2.802675381486123 3.4895269858928244 4.227442944309694 
0.12730873252949018 2.7218678354850594 2.101437739169726 2.7984519079937873 3.487393350548021 4.204365755174147 
0.12981188457805676 2.753335349376397 2.100563372264151 2.7984153207928144 3.4898935404669027 4.23046856473085 
0.524197709458156 0.48076230982015977 2.102672858080255 2.797674148323922 3.5243580445974603 4.230795529484064 
0.004589639178912169 0.12035129218436436 2.1015154861857965 2.798449082746329 3.4880713246679753 4.188906064708339 
0.23572997720423094 0.6995331535120788 2.0994906367530843 2.798396397454927 3.4897443762368963 4.190764848095183 
0.07620332206219693 2.758318927614253 2.099659860088744 2.797975015544038 3.4897781691709935 4.227517446815188 
1.9212886941394343 0.8434962082569497 2.1014242890092576 2.79841067197252 3.48638926628429 4.229368544059735 
1.8860278438695617 2.5543774080848465 2.101522151327529 2.7985933558079017 3.4959333101577585 4.226561251988055 
0.07620332206219693 2.9848085001362556 2.099659860088744 2.797975015544038 3.4897781691709935 4.227517446815188 
1.888532224143112 2.454717144206545 2.1026648453167613 2.802675381486123 3.4895269858928244 4.226557882962173 
1.827601098557234 0.8670624189443549 2.1018726300726946 2.798358889773312 3.4901216259677477 4.226880570123994 
1.8860278438695617 2.539902436830728 2.102649192536191 2.8029421323367276 3.4959333101577585 4.18957156591102 
1.888532224143112 0.896459410916711 2.1026648453167613 2.802675381486123 3.4895626269728344 4.228067570240162 
1.827601098557234 2.5184803362747292 2.1018726300726946 2.798360922628894 3.4973216839772525 4.226880570123994 
1.8773693424615283 2.455236906474216 2.1027043150998246 2.8027547003435944 3.4897782800750767 4.22661342521637 
0.1875446241462594 0.6995331535120788 2.0994237388087638 2.798392460201526 3.4897443762368963 4.189133988792214 
0.19805460939272965 0.859482407405461 2.1027962358601395 2.798098947998223 3.495914625405338 4.19097586719351 
1.863934405160677 2.4952088950703115 2.1014835028421994 2.7980840991160627 3.489954575590146 4.226418629574702 
0.18980036698948102 0.8587166333054209 2.102744132400951 2.7979281358931054 3.495724557554417 4.190170680405625 
1.9053009728884078 2.454717144206545 2.102136701713481 2.8026463900222973 3.489530115046966 4.230416331303371 
1.9229190201833264 0.7937724907158099 2.1026805164908606 2.7980860673791783 3.4898369643597196 4.18912484317671 
1.9424664867272181 2.4788557770146 2.1027140800460007 2.7985042614060296 3.5167946179377614 4.189551896094977 
1.9475447842902383 2.4456165628276887 2.102104875236578 2.7984997564074594 3.5185298083838012 4.229771981505818 
0.4037835226891348 0.6658189254068091 2.102797882898947 2.802515327455699 3.4954377835652997 4.192508128270884 
1.9460326636276268 2.3094908881118297 2.102797882898947 2.798498441567636 3.4897567645004948 4.190739325861352 
0.19220975293260756 2.474377460583988 2.102537636486975 2.798503002302421 3.5159567316951894 4.189551896094977 
0.37838024969255823 2.328131168949054 2.1027427819999858 2.798091802496569 3.4960506839271868 4.228476688495746 
0.2720274348547724 0.9522427725111202 2.101441973114892 2.7984280626576234 3.4879471720119666 4.204390491910919 
1.9229190201833264 0.7937724907158099 2.1026805164908606 2.7980860673791783 3.4898369643597196 4.18912484317671 
0.25295492344019577 2.4533611779802316 2.102125147498098 2.79842957915436 3.489530115046966 4.230416331303371 
1.9476761359769394 2.3848642043496038 2.1027964457143375 2.7984109530483554 3.495945819646736 4.18793887242457 
1.823097091235195 2.5344600481279533 2.1019230836945777 2.798365940999587 3.4890484475720904 4.224324385351176 
0.3022696975955398 0.7505940000597703 2.101440910767762 2.798420911195771 3.4910514886356587 4.226907276915176 
0.267742002502655 2.459726351212633 2.100377715312509 2.7985002514804282 3.5167946179377614 4.189551896094977 
0.36706877140270755 0.7088785821915276 2.1027752274077725 2.7980634606696655 3.4895660323152766 4.188228124378032 
1.9787639573147608 0.655357603412687 2.1005475764101313 2.798428400620363 3.4885442219067344 4.187151302719864 
1.8856294117454293 0.7696588503925089 2.1014808250936428 2.79731958321519 3.5235246737769486 4.226556543890213 
1.8505783327938818 0.8452387309629373 2.102138191748683 2.798090566428972 3.489949651745827 4.229099462643722 
0.28442297324217625 1.0161092517016266 2.1026972600950065 2.7980839652199387 3.489919824141837 4.189128676320818 
0.2539560984582798 2.334089997264087 2.1027352763122167 2.798093163990641 3.48791872007353 4.189506553778999 
1.9520762501744997 2.365384498221544 2.1026964981969267 2.7980716888602943 3.4893738225301405 4.188742978269732 
0.18078128231939172 0.9229410504587049 2.0995552934583888 2.797886575953285 3.4877043522982665 4.228054327396031 
1.827601098557234 2.5305067844297366 2.1018726300726946 2.798361471367461 3.525942763785756 4.226880570123994 
1.9424664867272181 2.416200269898448 2.1027140800460007 2.7985042614060296 3.5167946179377614 4.189551896094977 
1.971962011846695 0.7811161083539719 2.10274021557627 2.797886740650903 3.4958290241344074 4.1891477768912875 
1.9808938860387288 2.2295341790688328 2.1015805363813564 2.802675381486123 3.4895269858928244 4.226557882962173 
0.19628523819447063 0.9248311532313989 2.0995552934583888 2.7979572541172457 3.487412824550843 4.228054327396031 
0.19220975293260756 2.4788557770146 2.102537636486975 2.798503002302421 3.5167946179377614 4.189551896094977 
1.8261269401816747 2.634258562668669 2.1006425486988505 2.798572426974356 3.4891983400548807 4.1876887708709205 
0.0746614667098775 1.0594916940093644 2.1019090894128696 2.7984153207928144 3.4898988460316724 4.230468577313214 
1.94119765668902 2.3137200630712487 2.1014872983410178 2.7983960403462937 3.489399275645706 4.2265891053401345 
1.8818512631950448 2.4884503904564363 2.1025501530156037 2.802719813170358 3.5167946179377614 4.187576346431649 
1.8818512631950448 2.4884503904564363 2.1025501530156037 2.802719813170358 3.5167946179377614 4.187576346431649 
1.9071254907979627 2.539902436830728 2.1026166992839865 2.803418085429035 3.4965352582342604 4.18957156591102 
0.25295492344019577 2.4533611779802316 2.102125147498098 2.79842957915436 3.489530115046966 4.230416331303371 
0.26529671228452856 2.459726351212633 2.100345644689151 2.7984006912448756 3.5167946179377614 4.230620171026471 
1.9720937097460005 0.7811161083539719 2.10274021557627 2.797886740650903 3.4958290241344074 4.1891477768912875 
0.1374589800278785 0.8733684811322172 2.102768260239414 2.7979281358931054 3.495724557554417 4.190271620696796 
0.1374589800278785 0.8588587515811271 2.1027964457143375 2.7979281358931054 3.495724557554417 4.190170680405625 
1.9935609688664122 0.7161909935116757 2.1006086606920635 2.8024759248703313 3.4894142554457055 4.228410967513014 
1.9709845247306679 0.8070789611299751 2.1027964457143375 2.7984109530483554 3.4957035617783765 4.18793887242457 
1.877345731565857 2.5402908376111335 2.1027043150998246 2.797975015544038 3.4897782800750767 4.22661342521637 
0.07398997066016429 2.922132053574121 2.1005475764101313 2.7985044520614943 3.489898155317658 4.18898537533195 
1.9935609688664122 0.7161909935116757 2.1006086606920635 2.8024759248703313 3.4894142554457055 4.228410967513014 
1.971962011846695 0.8472406813959137 2.10274021557627 2.797886740650903 3.4958290241344074 4.1891477768912875 
0.39336342841056526 2.3953981819167103 2.102756329891348 2.8027331085448792 3.495697241776023 4.224767377106084 
0.06971555483336903 2.753335349376397 2.100563372264151 2.7984153207928144 3.488541124601281 4.230479762287106 
5.0691337808495E-4 0.03641009755343255 2.1015073759442213 2.798412069423923 3.492385172349003 4.191325590367931 
1.8923467308511461 0.7696588503925089 2.1014808250936428 2.797371489373013 3.5235246737769486 4.226523722585552 
0.18078128231939172 1.0589413276988053 2.0995552934583888 2.7983901754935037 3.4885849023465716 4.228054327396031 
0.29439595036294375 2.2916537842686537 2.1026972600950065 2.7980857184728496 3.489949651745827 4.189128676320818 
0.3677478127759769 0.8588587515811271 2.102796490699141 2.7981022099079516 3.4957202164136376 4.190773550998168 
1.968984459825505 2.454717144206545 2.1015805363813564 2.802675381486123 3.4895269858928244 4.226557882962173 
1.8324242756181977 0.8661520596706952 2.1027176879802334 2.798099391994227 3.489947760816605 4.18818023405393 
0.0746614667098775 1.0594916940093644 2.1019090894128696 2.7984153207928144 3.4898988460316724 4.230468577313214 
0.39229689315802 0.541697121412705 2.1027561972757174 2.797674148323922 3.494592950226641 4.230687509090976 
1.971962011846695 0.5890858019343926 2.102739952692196 2.797886740650903 3.487735954996402 4.189124438873752 
