1.6683677361671692 3.083177833961795 2.0970984195219673 2.7958072868766886 3.5015685841928135 4.202141016828267 
1.6683677361671692 3.083177833961795 2.0970984195219673 2.7958072868766886 3.5015685841928135 4.202141016828267 
2.695331681976556E-4 2.6534203482198038E-6 2.09710041990586 2.7961171204111217 3.5016119892269675 4.2020718080050194 
1.7811695566768448 2.5904789268976423 2.0969261999228346 2.795926512507262 3.504142203529347 4.204930571474086 
1.5707409331357693 1.6850956802689145 2.096700771844576 2.795612030125319 3.504213408568675 4.197320569433452 
0.08977036361443513 3.0606974698697034 2.0969201615919895 2.7956353871582866 3.503838229456449 4.197688512690788 
1.486478285791191 1.5396183206839757 2.0969115702711605 2.795813041810597 3.5017497536049884 4.197956134723548 
0.1681560343046261 2.5035331522705584 2.0970613979839294 2.7966407208909905 3.503711109971241 4.197607052766104 
0.0972162753267836 1.484315230307356 2.0970708106075517 2.7954861265796493 3.501399099629567 4.201850151024448 
0.06818320439933434 1.2223929646468568 2.0971044764125426 2.7955922279218925 3.5038620270083536 4.201974664480592 
0.051700584039160113 1.0590496720009788 2.097091166632105 2.795924279025906 3.5039468965784524 4.20534494661226 
1.9033955630168968 2.5438732912613196 2.0970909999427345 2.7966901949060095 3.503711109971241 4.205043305875083 
0.16534901364576626 6.909244478658927E-6 2.09710041990586 2.7961171204111217 3.5016119892269675 4.2020718080050194 
1.8619944967040378 2.466078745678039 2.09688908232459 2.795756325935594 3.5037304924203934 4.204932701985058 
1.5530864479225681 3.1336865191831307 2.096932183599053 2.79577749878482 3.5038462439165445 4.197769697290057 
0.10472612842476137 0.8300804824046606 2.0969216567166886 2.796083579856107 3.5039398600424936 4.205016810107938 
0.20198606856555035 0.9948448144211317 2.0970984195219673 2.7958072868766886 3.503535554957615 4.202141016828267 
1.8144501811123182 1.1191476837326502 2.09708429974635 2.795766566532065 3.504317669506401 4.197710858546891 
0.11665186545626405 0.9782229842339905 2.0965326956301924 2.7959288638703983 3.5035896689191426 4.206241732557394 
0.2427321517591082 2.5032721912273286 2.0964197130132507 2.795629419726229 3.5015041145268526 4.202540540111518 
0.08258662459471165 2.7961193900513948 2.096929876170625 2.795635574089359 3.503888365654214 4.197789439329846 
0.11003739298626461 2.865531034525125 2.096919352550021 2.7961063308007805 3.5037641829499315 4.197374030268656 
1.7876709134633364 2.5904789268976423 2.0966480641696053 2.795926512507262 3.5041489835052437 4.204930571474086 
0.04753851126068789 2.917155332261716 2.0969446946626276 2.7961045615259983 3.5016006439679894 4.205725824092917 
1.5232175921807123 1.5381421375421769 2.0970731330821084 2.7957897539787626 3.501753754798915 4.2021612711519865 
1.8195151667272356 2.590090455345443 2.096657124310479 2.795926512507262 3.501133631969435 4.204930608547892 
1.8212948020109279 2.5543785226172315 2.096632056611729 2.795926512507262 3.5014194663948963 4.204926528455867 
1.5537355528686059 1.4643243758888247 2.0966359235480936 2.795769549393605 3.5014227433650804 4.201986242358056 
1.8192448946856523 0.9880110340390218 2.0969300133078668 2.7954884700718416 3.5039468965784524 4.197114877633963 
1.889395195945517 2.4740341845107454 2.0970884164741133 2.795766954118296 3.5037476641240164 4.204867250212357 
1.5623928774041729 1.5528748813836242 2.097093347467416 2.796593483418015 3.5035669024335845 4.197943082310365 
0.031227240987970237 2.827815895896188 2.09653151178369 2.7957480803096337 3.5035874898770647 4.197789439329846 
1.579511260467597 3.1336865191831307 2.096928631956313 2.79577749878482 3.5038371029905147 4.197708226365648 
0.1054678085689828 2.9329815618710504 2.096644068381968 2.7955918813122014 3.5037380434948853 4.20211536748543 
1.5911261827296972 1.4562333408269976 2.096853014853719 2.7954871393023457 3.5013854332950296 4.202021878136029 
1.5413913721570585 1.6184152299836054 2.096828564049718 2.795074945434548 3.501571061645179 4.197583953487722 
1.8788643365856745 2.546390517640015 2.09661991961505 2.795466366164229 3.4975620203950966 4.20186126143468 
0.17037573035107917 2.5660248132318815 2.097090901392638 2.7966897647297397 3.503711109971241 4.197563240163373 
0.04332698567751654 1.4809986052639654 2.0970707843308523 2.7950645870703963 3.5039103042092976 4.2049504070778205 
0.0473931891385313 2.8819217534393395 2.0969446946626276 2.796103117483001 3.5016006439679894 4.20212494380925 
0.09838207809254598 1.3329343017314659 2.0970708106075517 2.796053088071124 3.501399099629567 4.2015610905490215 
1.8330923699730426 1.1191476837326502 2.097093339518717 2.7953006161970015 3.501773474254606 4.1977096762212245 
0.10469299845186786 0.8587119146112512 2.0969216567166886 2.7960914541032413 3.501525566519742 4.205170013759106 
1.5754064215935508 1.448057186777335 2.0968271280614488 2.795611133286196 3.501856267045507 4.202186883703765 
0.08977036361443513 2.8538764140436306 2.09694671349588 2.7956353871582866 3.5039292592943703 4.19711700307764 
0.20198606856555035 1.0902958790706394 2.0970984195219673 2.7958072868766886 3.503535554957615 4.202141016828267 
0.048559793036313456 6.909244478658927E-6 2.0969440939853072 2.796117302852194 3.5016119892269675 4.202066608035604 
0.06818320439933434 1.1857142163665162 2.0971044764125426 2.7955922279218925 3.5038620270083536 4.201974664480592 
0.08258662459471165 2.906711450977469 2.096929876170625 2.795633294666524 3.50397100632866 4.197789439329846 
1.5416136424827693 3.093753337172254 2.0970798332990244 2.795789092184791 3.5015704491604565 4.2021138084878 
1.7708427384085323 2.7758073146772317 2.096700700403633 2.795782286651216 3.5041306584236387 4.201904791232862 
1.8232902962316329 1.0112076079462047 2.096932090379734 2.795491034902902 3.5039396703805443 4.1975284135707 
1.4967828092849154 1.5441575720068457 2.0969209032182485 2.7961187038937716 3.5039398600424936 4.2051253034520775 
0.3075902016074451 2.5035331522705584 2.0970613979839294 2.7966407208909905 3.503711109971241 4.197607052766104 
1.955827923800635 2.3522146843196414 2.097111647689881 2.795627303865869 3.503744859696458 4.20213889007883 
0.050361939673052844 1.129143409446727 2.09710041990586 2.7960521125098112 3.5016119892269675 4.205305852991758 
0.024647787616933703 1.079878138695837 2.0971074857367085 2.795766886995813 3.5038595149433918 4.197709870768508 
1.8192448946856523 1.0112076079462047 2.0969300133078668 2.7954884700718416 3.5039468965784524 4.1975284135707 
1.4290464020668268 0.06953371684686149 2.0969461939169824 2.796117302852194 3.5017517226952104 4.197879868352764 
1.7688388798960446 2.6821249681747257 2.0968973715911043 2.795926512507262 3.5041471290414172 4.20490681111249 
0.16181318788608912 2.592434417397133 2.0966480641696053 2.795944542609448 3.5041489835052437 4.204773080989295 
1.860002438444181 2.5565447414164675 2.0971058122853887 2.7961171204111217 3.5016119892269675 4.2020718080050194 
0.1681560343046261 2.6071158869842046 2.0970909999427345 2.7966901949060095 3.503711109971241 4.197554414481819 
1.634776143724449 1.4562333408269976 2.096853014853719 2.7954871393023457 3.5813497235521936 4.202021878136029 
0.1681560343046261 2.5438732912613196 2.0970909999427345 2.7966901949060095 3.503711109971241 4.197554414481819 
1.53459860119926 1.5440589022072633 2.097091769298043 2.7961222895869122 3.5039398600424936 4.2051253034520775 
0.06744070931878965 1.1291486526229657 2.09664061470154 2.796581845106255 3.5038595149433918 4.19798145490709 
0.0024882176149616693 0.1837047529581376 2.09710041990586 2.7961165161738033 3.5016119892269675 4.2022637046022355 
1.5438674609447534 1.4643243758888247 2.0966359235480936 2.795769549393605 3.5014227433650804 4.1975509997597245 
1.8669206820710658 2.546390517640015 2.09661991961505 2.7957699543110577 3.4975620203950966 4.20186126143468 
1.8633347788207755 2.480602937011136 2.0970832920224725 2.7954675687799986 3.5014659658486593 4.202059909466374 
1.5889536646084848 3.150933318036312 2.0967012501080977 2.7957580522051058 3.504204160371157 4.197320569433452 
1.5707409331357693 1.452282573333324 2.096700771844576 2.7956091111871806 3.504213408568675 4.201921614390988 
1.5293760993131273 1.4561735766402462 2.0968270396419086 2.795769549393605 3.5014297445077442 4.201969678387367 
1.6080444669561071 3.1336865191831307 2.096927078905394 2.79577749878482 3.5038462439165445 4.197708226365648 
0.009557609812640422 3.0039422651361862 2.0970933449352307 2.795834544345668 3.5017497536049884 4.204692639143442 
1.800113569655524 1.1191476837326502 2.097093339518717 2.795301043418636 3.5017163295452702 4.1977096762212245 
1.5537355528686059 1.4293386113790554 2.0966359235480936 2.795769549393605 3.5014227433650804 4.201986242358056 
1.8144501811123182 0.8967502777039289 2.09708429974635 2.795766566532065 3.504317669506401 4.197710858546891 
1.8633347788207755 2.480602937011136 2.0970832920224725 2.7954675687799986 3.5014659658486593 4.202059909466374 
0.04332698567751654 3.129758474540397 2.0970707843308523 2.7957590138814723 3.5039103042092976 4.2049504070778205 
0.0677113999260272 1.1189008260049071 2.0966365010328745 2.795766886995813 3.5038595149433918 4.197709870768508 
0.06835643496833207 1.3307705181386216 2.0970931031491395 2.795848014126399 3.501768610549563 4.2018715649524605 
0.04734426535550117 1.3329343017314659 2.0966479119857606 2.7960535590967166 3.5016078376528395 4.202126180169481 
1.5413913721570585 3.093753337172254 2.0970798332990244 2.795789092184791 3.501571061645179 4.2021138084878 
1.7157536523029602 1.1306029649715295 2.0970989034425633 2.7957624005522583 3.5016021320271413 4.19777485771671 
0.14878376125513715 2.573177630536488 2.0970984195219673 2.7958072868766886 3.5015685841928135 4.202141016828267 
1.5128927112235593 1.5889752588236477 2.0966367335089595 2.795769549393605 3.5014227433650804 4.201985397494924 
1.5342386420147074 1.4562906373454574 2.096806502840681 2.7960914393048806 3.501441703071903 4.1971265015221135 
0.08952160408479373 2.874286528877769 2.0966347314945666 2.795761690841559 3.5037257863390296 4.205003293837803 
1.5438674609447534 1.4643243758888247 2.0966359235480936 2.795769549393605 3.5014227433650804 4.1975509997597245 
0.16724783100663493 0.9782229842339905 2.096530461899024 2.7957522259779166 3.5035896689191426 4.206241732557394 
1.5172658558822787 1.672105274049075 2.0970839615521846 2.7957897539787626 3.501753754798915 4.2021612711519865 
1.5382862751174917 3.1831069444363838 2.0969197750286437 2.7960838121361973 3.5013861511080204 4.201880730686327 
0.015255095984190642 1.2627236110253368 2.0970708106075517 2.796053088071124 3.501399099629567 4.2015610905490215 
0.012413899985081064 1.6002622421402029 2.0970708106075517 2.7954861265796493 3.5014212392693924 4.197739093090401 
0.15457156393965477 2.865531034525125 2.096918964380785 2.7954879616046737 3.5013323750858842 4.197374030268656 
0.04734426535550117 1.3329343017314659 2.0966479119857606 2.7960535590967166 3.5016078376528395 4.202126180169481 
1.7693002882741249 2.6821249681747257 2.096928687543601 2.795926512507262 3.5041471290414172 4.204883306552048 
0.1681560343046261 2.5221174995451197 2.0970909999427345 2.79578323830946 3.503711109971241 4.197554414481819 
