1.9999908927962395 3.9999928599582413 2.1176532549724376 2.787176505795702 3.4949514584318124 4.192441034384033 
0.00131265027333103 0.007485916236223522 2.099405207635574 2.8020937304243714 3.505618700190999 4.196243270643222 
1.9999908927962395 3.9999928599582413 2.1176532549724376 2.787176505795702 3.4949514584318124 4.192441034384033 
1.7044352986565592 3.0105756922494167 2.0928013850911005 2.7902641075405477 3.4950490939550676 4.196269559290093 
1.9572556719037306 3.865378922121188 2.1185163417266435 2.7870261235641824 3.5056133792547834 4.195742923905521 
1.6979728928472981 2.7572880325144693 2.091317293328474 2.788717417439704 3.504193834880069 4.195733383738826 
0.41511489872811674 3.994503549302964 2.117628597824272 2.7871982918428992 3.505074200575624 4.196905420662086 
0.3232576374602696 3.869124631371979 2.0981301906127325 2.802682460156199 3.504564785058131 4.207909802640137 
0.10835985244867197 3.016854547020527 2.0981685872329083 2.802678363047793 3.4949967620718025 4.212169612906218 
0.07618266661775697 2.688621890993161 2.0935524072962552 2.8021018840115324 3.4949959260165255 4.196237198099177 
0.004351815699143849 1.6688946531568165 2.0981685872329083 2.802682460156199 3.494843222933013 4.196458497095811 
0.1379641337243357 0.05680449308152524 2.098180620878692 2.80337455982952 3.4948339647941076 4.212914594419241 
1.6381804657012413 2.898038575791742 2.138116867299235 2.7869190996158277 3.494897911410081 4.208928641804315 
1.6941041571188482 1.3355549262024957 2.0992091115200995 2.8040700510456222 3.49489535602635 4.195215687545701 
1.9919056327519804 3.9744772809241975 2.0922371735917413 2.8051918827517786 3.497218455268856 4.210561291326831 
0.413235486486859 3.9436684464611407 2.0981311448007753 2.801772531601646 3.504564785058131 4.20837506411362 
0.012154185545665941 2.950237699063978 2.095174540957614 2.8062928317756435 3.5039100388414015 4.195729625577749 
0.34945505839042496 3.969769533436616 2.116752632630211 2.803186471629768 3.4973910047506136 4.200313669779512 
0.024255513961491677 1.1290935748983122 2.0981685872329083 2.8026848670459468 3.4949963231892474 4.212169612906218 
0.15993015202199246 1.0485600334633411 2.098237356725717 2.7902675943715516 3.5046978180426547 4.196007875141935 
0.06296756253706946 2.773358460208727 2.0981929469172367 2.80210072146118 3.4956550496763446 4.208851071757397 
0.308618151086277 3.960367449317368 2.092977943113243 2.791953168229537 3.486410669957807 4.19243189846228 
0.058932917922831785 2.9072281249193126 2.0933447224220254 2.7892286506279365 3.4959296901063444 4.195424335081846 
1.7043814675152622 2.7877965032368173 2.091328319552074 2.788717417439704 3.504193834880069 4.195748097262195 
1.7011301346248708 2.9083459734059613 2.097905258606419 2.789874250076019 3.505266130531738 4.1956547763403025 
0.09917525724391263 2.730097896664189 2.0992019919168925 2.8040557558537795 3.494899559215143 4.195655410671461 
1.9964223627652053 3.9357083375439865 2.118014994659605 2.787159228263913 3.5044990509038683 4.1915371130289545 
0.04225785953545674 2.7702979787020756 2.0964861353623863 2.8032253807554817 3.5044199512783187 4.201976308195048 
0.413235486486859 3.869124631371979 2.0981301906127325 2.802683903120485 3.504564785058131 4.207909802640137 
1.6200435796280526 3.0000295132801793 2.0977727846186327 2.8029021254933997 3.4950341144725443 4.207783350193501 
1.990487718754898 3.8173992684168563 2.1184562305284556 2.8031838238630846 3.492895900840088 4.192430748596786 
1.660489298135742 2.909002626259804 2.0981685872329083 2.802162498788955 3.505049523479822 4.201217261663518 
1.9999968668962083 3.8066951782410414 2.098470787277069 2.7869860949332814 3.4931008262206267 4.192234740593902 
0.03401598323478605 0.0024977196746849284 2.1176609504615724 2.8020937304243714 3.4945727183854403 4.19621412194352 
0.007528074266642024 1.0485600334633411 2.098237356725717 2.7902675943715516 3.5046978180426547 4.196007875141935 
1.6195792151438977 2.978550113380125 2.0982312477744074 2.790616406005033 3.4948339647941076 4.211003805911101 
0.10196242313381476 1.1174968973740964 2.098237356725717 2.7902675943715516 3.5046978180426547 4.196007875141935 
1.722710587785564 1.165962129629877 2.1176029414667714 2.786984340844192 3.495055715265123 4.196281143400313 
0.023857262470916574 2.9543680490384476 2.0977727846186327 2.8021018840115324 3.4949959260165255 4.207547899432971 
1.6784338787723723 2.920228878398288 2.091427319875574 2.788453402349728 3.504193834880069 4.196281430719368 
1.7390690068823376 1.165962129629877 2.1176029414667714 2.786984340844192 3.495119627491387 4.196281143400313 
0.15985808015807804 2.780457073994157 2.0982361334204045 2.80210072146118 3.4956689756760047 4.208851071757397 
1.7158906509984977 2.829998008319808 2.093704458591347 2.7872753370044507 3.4953055339794417 4.195484280072733 
1.7481024775320086 2.7572880325144693 2.1173731092386228 2.788717417439704 3.504193834880069 4.1957482020458485 
0.32301544568316376 3.8978203386514227 2.1179022438165207 2.8021484699507058 3.513748111440268 4.208208294582422 
0.006729809118059427 1.2911796503597444 2.0912011675900026 2.802625494365851 3.5052155394146878 4.195729334063691 
1.7044352986565592 2.921914887374286 2.0928013850911005 2.8063979581928793 3.5079265533832187 4.196269559290093 
0.06088690789736906 2.797998282810827 2.0977727846186327 2.8034420612059745 3.4956693698280765 4.195655410671461 
1.8992496040710585 3.9913451561046607 2.117641883434053 2.78717684869884 3.4950324263087076 4.19258291555292 
1.9434354801725893 3.9456846426458227 2.1173917284125516 2.787071767753416 3.495026632412823 4.209233050192487 
0.054722196260649655 3.058789625984738 2.099545173239366 2.8031826129000965 3.504514021693199 4.20828419640545 
1.9730329966458413 3.869124631371979 2.0978838461245877 2.7877106998457943 3.504564785058131 4.192142542441748 
0.28373954605599594 3.960367449317368 2.092977943113243 2.791953168229537 3.495035682380322 4.19243189846228 
0.15993015202199246 1.2737979535186579 2.0980950685445103 2.7902614459848007 3.5046978180426547 4.1962893429329045 
0.002900511509863035 3.082385192902747 2.095174540957614 2.8062928317756435 3.5039100388414015 4.195729625577749 
1.9220965959422063 3.9990150587793662 2.0985206529626943 2.801781420809682 3.4953351524069602 4.1932070514387005 
0.12408104615937986 0.9862939252352443 2.0990998704728425 2.803204268247309 3.505414713665494 4.196239591185711 
1.9999998907358487 3.8978203386514227 2.1176558993283754 2.7871767096403013 3.508083629342508 4.192441034384033 
0.28874827412056536 3.990257541145169 2.117350210569246 2.787299536090932 3.492493887574513 4.212369894884074 
0.004908464159303662 3.0488319202684204 2.099405207635574 2.8021575387599498 3.4956829899182824 4.196633214723915 
1.8157650400208774 2.7519378820773746 2.0978340639339814 2.8030499313955155 3.4958400232429536 4.192578102567741 
1.7043814675152622 2.7572880325144693 2.0926842706058197 2.788717417439704 3.504193834880069 4.1957482020458485 
1.937255596389901 3.9744772809241975 2.098351450732524 2.787256610368687 3.497449288115072 4.210561291326831 
1.7099698306090587 2.940112582520907 2.1171507860837053 2.789993708758171 3.5050175891923874 4.196287054052894 
1.7228840350078294 2.8487216389991543 2.117398819249391 2.8020140810853142 3.4948483934077537 4.19563080803156 
1.7132985232992786 1.256456360783094 2.0911470543909365 2.788717417439704 3.5050389686319816 4.195733383738826 
1.7160525833280178 1.164655572845301 2.117489684743029 2.8035710469939135 3.5052643864759467 4.196287054052894 
1.9977515961827643 3.92536760230127 2.1176532549724376 2.7902726721094075 3.4949514584318124 4.192543538163872 
0.33159130380002666 3.871522306326639 2.0984451906295103 2.7869860949332814 3.4931008262206267 4.207532640530845 
0.05397475416812858 1.2911796503597444 2.0912011675900026 2.802625494365851 3.5052155394146878 4.195729334063691 
0.12497195955945595 1.014920930323233 2.0990998704728425 2.804010487344132 3.505414713665494 4.196239591185711 
0.07701322510651343 2.801619877253513 2.093695059461094 2.8021018840115324 3.4949959260165255 4.195376263046382 
1.937255596389901 3.983908745631194 2.098377542232966 2.787256610368687 3.5046247582195678 4.207962454790627 
1.7011301346248708 2.941367156930945 2.097905258606419 2.789874250076019 3.505266130531738 4.1956547763403025 
0.05976148743146836 1.369447439688411 2.0966164677294703 2.789239065020711 3.4949910725683395 4.207625067685286 
0.04107291099980469 3.058789625984738 2.0994833972147346 2.8032253807554817 3.504514021693199 4.20828419640545 
1.9513212991883138 3.973989658638761 2.0992091115200995 2.78659250185661 3.49489535602635 4.195215687545701 
1.9424315161630552 3.99966841034188 2.1208167943650884 2.7871887871099745 3.4960265399254853 4.195735062789175 
1.957303052806012 3.8693284980120204 2.121165766397278 2.8032975406293117 3.4959194509332474 4.197030189317422 
1.9999998907358487 3.8219267464658313 2.1178859297465107 2.7873309411937037 3.508084028387832 4.192441034384033 
1.9450037123337076 3.9777130469358295 2.1176558993283754 2.787170842960241 3.4959902753950667 4.192338319300506 
1.6381804657012413 3.0110905413867006 2.092599670628713 2.790258529292607 3.495146181319858 4.196487006138946 
0.004908464159303662 3.0488319202684204 2.099405207635574 2.8021575387599498 3.4956829899182824 4.196633214723915 
0.02112426491412594 2.968519870890441 2.096604516808777 2.80646940776304 3.4957296365685457 4.209244464256213 
0.011037045935463915 1.4405605817191272 2.0981685872329083 2.8024820180543433 3.494843222933013 4.196458302669743 
1.6381804657012413 2.9207259487627693 2.0975940427064823 2.790256128772318 3.495465414716824 4.208927708709878 
0.4131093887124202 3.994503549302964 2.117628597824272 2.7871982918428992 3.505074200575624 4.196905420662086 
0.22974941981658425 0.6907587401217361 2.098038109626799 2.7873543557949056 3.4948563124937166 4.195723121971702 
1.9220965959422063 2.364653016808864 2.0981975921020695 2.8022490408658816 3.4953351524069602 4.2088859533062575 
1.7000303904738758 1.1558081532764055 2.1185163417266435 2.8045036727531945 3.5056133792547834 4.195742923905521 
0.004662031116252945 2.8717196872689175 2.0964205904751037 2.8026826100527416 3.5213223449698727 4.208638830385881 
1.913817446814829 3.9990150587793662 2.098519698774651 2.8026927923285214 3.4953351524069602 4.1927417899652175 
1.7160525833280178 1.164655572845301 2.117489684743029 2.8035710469939135 3.5052643864759467 4.196287054052894 
0.3637718289343044 3.8986557270470654 2.0915196245636736 2.788453402349728 3.504343511699631 4.196281430719368 
0.15680816679107046 2.9072281249193126 2.0933447224220254 2.788731423915832 3.4960768017317436 4.195424335081846 
0.04225785953545674 2.790231847496932 2.0964205904751037 2.803640077316691 3.50420389194267 4.208638830385881 
0.15993015202199246 0.7879351878563556 2.1173095458046594 2.7903300819272707 3.493202661763698 4.196007875141935 
0.0024852121698992116 1.1290935748983122 2.0981685872329083 2.8026824277033513 3.4949963231892474 4.196598400579894 
0.023857262470916574 1.369447439688411 2.0977727846186327 2.8021018840115324 3.4949959260165255 4.207625067685286 
1.9995586723354184 3.8983586596756683 2.0930361863908167 2.7873151835401986 3.5081198938729266 4.195837777872701 
