0.0049758865447657175 0.0010090824755419336 2.0982035546568163 2.801454342618933 3.500810303093283 4.2002377497568535 
0.0049758865447657175 0.0010090824755419336 2.0982035546568163 2.801454342618933 3.500810303093283 4.2002377497568535 
1.4123373994795791 3.594984081760236 2.0981751076392703 2.8021854288673214 3.5006144362622997 4.199890438182952 
0.5850505499631578 3.657073938195413 2.09746144581654 2.802253355791714 3.501055410112722 4.199399474824134 
1.2246329096957258 3.7041318447456866 2.0969449283630426 2.7958500773751975 3.500599537593974 4.19991490756444 
0.4068506069407787 3.698826100861848 2.0981261178441053 2.802196131127361 3.5006343118430565 4.199206075850801 
1.3794123531680889 0.4784826634060428 2.098305897997962 2.802461961843779 3.5007983102946323 4.200307610471769 
0.487420221486869 0.7034987238624684 2.10601212133852 2.7958529570966597 3.50058095859282 4.200301857619792 
1.2219444210117578 0.3957743727117423 2.1056771479085064 2.7957325909842337 3.500997686038316 4.198830769157851 
0.1658840407312909 4.236784144546757E-4 2.1058070393822694 2.795847589471385 3.500605717790177 4.199383035896219 
0.5412986491499242 3.625953818806992 2.099124592244598 2.7956922043710932 3.5005975606795934 4.199401250211088 
1.239286947523928 3.7117575172014865 2.1058837469510614 2.796733073601879 3.5007550725033645 4.200351982435193 
1.337278025533349 0.5119585298498219 2.1057532223615896 2.7958765129967342 3.500579948394559 4.198767517353054 
0.543466389945776 3.686698646631952 2.098560598791387 2.802209118780529 3.4997638347092748 4.199204444939779 
0.4554586642838796 0.18770252158232004 2.105911029198727 2.7955105526662822 3.5007747310633293 4.198297974577038 
1.2835337626267846 3.6384611975582892 2.1054922839652304 2.795859720812974 3.501071673301587 4.200237511605165 
1.6207327709007202 3.0282994745409386 2.105328435485439 2.7967035019372632 3.5007550725033645 4.198731854057321 
0.48330983969321073 0.6143830128309749 2.0982655773452543 2.796181967585118 3.5005956578737094 4.199401250211088 
1.2976956139214542 3.581869020177632 2.09815560207252 2.8019952087071944 3.5010467755819215 4.199204192307639 
1.2837048492036391 2.047611827917002 2.105999261583118 2.802465174515144 3.4986248744268322 4.199202611341047 
0.4941645847000495 3.641816121390359 2.1047202864292025 2.802235523946198 3.500803005081273 4.199217688349206 
1.6339967981390016 3.0358484651224296 2.105328435485439 2.7967035019372632 3.501078902670606 4.198733845597185 
0.43042103420866823 3.698826100861848 2.0981261178441053 2.8022793660302905 3.5006343118430565 4.199946212579549 
1.3372581538505837 0.221956079282012 2.0988906781593775 2.802332655305601 3.5005150868721753 4.198773749432223 
0.42364680103624996 3.698826100861848 2.0981261178441053 2.802196131127361 3.5005158869886848 4.199192981287974 
1.3108651314658204 0.22370476123513583 2.0981723011891176 2.80252390600746 3.500846590446783 4.19937750545012 
1.5958579517732718 3.0321814441707104 2.1061259994816677 2.795814533619296 3.5006004254311076 4.19874060213504 
1.3294246692211145 3.505917723195629 2.1058333971611507 2.795908691481469 3.5005991893751687 4.200214930627366 
1.3323098895451653 0.2927987442803717 2.1051653438436606 2.795921543840234 3.5006096381654412 4.200310253076286 
0.48321132551460927 3.57237712891808 2.098130914438636 2.7961957805422575 3.5008085383083416 4.199418357101859 
0.543466389945776 0.35392439887281557 2.098560598791387 2.8022089701037785 3.4997634364506958 4.199202611341047 
0.41388463961325095 0.21214990409402612 2.097895286019437 2.7969001575230434 3.499773134163494 4.20031930180792 
0.41388463961325095 0.45570929495932866 2.09777792823578 2.796908951816132 3.5010087107652175 4.199247367788572 
1.320806498206575 0.2723749843631551 2.1058507519436165 2.795706104456485 3.5010553601535808 4.199378660125709 
0.49441198831370015 2.010964673300339 2.1047202864292025 2.802235523946198 3.50100596720064 4.199215607000798 
1.3244903539729531 0.2723749843631551 2.10624473826938 2.79570946983997 3.5010553601535808 4.199378660125709 
1.2353382739885146 0.3957743727117423 2.1056771479085064 2.7957325909842337 3.500991681437771 4.199360973447105 
0.523863048001949 0.14112602258949658 2.0981723011891176 2.802323078716618 3.5008509310085474 4.199399147365954 
0.4554586642838796 0.2280714110542339 2.105911029198727 2.7954841089580347 3.5007826525706953 4.198297974577038 
1.3372581538505837 0.29194518757677784 2.105702345959518 2.7958765129967342 3.5006335117265466 4.198773749432223 
1.4203450932349178 3.524303160923289 2.0981751076392703 2.7958324174816154 3.500614353809596 4.199204444939779 
1.320037791630358 0.3945364225862168 2.0984443033267555 2.802380497955432 3.5010199332265843 4.200307610471769 
0.47092509160435614 0.3147068197622481 2.097895286019437 2.7969001575230434 3.499773134163494 4.20031930180792 
0.48330983969321073 0.3790651155865472 2.0982655773452543 2.796181967585118 3.500596837490657 4.199401250211088 
1.2246329096957258 3.734349063059345 2.0983004043822047 2.7958500773751975 3.500599537593974 4.19991490756444 
1.3196904862218661 1.9282201744078713 2.10596240225587 2.795703138255083 3.501069794157233 4.199249493741002 
1.3205758727616834 3.592719667733851 2.0981750681566695 2.8025098497907814 3.5008498029587574 4.19937750545012 
0.5053243624536186 3.734349063059345 2.0981265911321088 2.7958500773751975 3.500599537593974 4.19991490756444 
1.2042843631558395 0.674905407064446 2.0970981815527714 2.7969348180654774 3.5010087107652175 4.199247367788572 
0.5003056488822156 3.7281603515096133 2.0981723011891176 2.80252390600746 3.500846590446783 4.199377555888941 
0.4834062445122043 3.623825200569419 2.0982655773452543 2.796181967585118 3.5005975606795934 4.199401250211088 
0.4077943130860773 0.2280714110542339 2.1047027288331015 2.802265378541344 3.5007884376299634 4.199223970120958 
1.3548584742962588 0.33608914669533996 2.0966491489408456 2.795849298190537 3.500599537593974 4.199277821951708 
1.267393815842362 3.7041318447456866 2.0966491489408456 2.795849298190537 3.500599537593974 4.199920370991709 
0.04943051049959479 4.646625120875991E-4 2.105831650466099 2.7958629965009782 3.5006001539882883 4.199354858019215 
1.5940670595889095 2.9736773350633268 2.1061259994816677 2.795814533619296 3.5006121214941546 4.19874060213504 
0.543466389945776 3.5825213392176716 2.098560598791387 2.801683493167627 3.5008546175571613 4.198520810602372 
1.3638674171533949 3.5982718472644803 2.0981751076392703 2.802135306073159 3.5006143028026173 4.199198726482127 
1.6234972258889864 2.968721850265046 2.1061259994816677 2.795709504535966 3.500823632371004 4.199204716037977 
0.49434369614745743 3.59218287353282 2.0981723011891176 2.802323078716618 3.5008509310085474 4.199399474824134 
0.553800527554902 0.19842906374735025 2.105997674470933 2.8022089701037785 3.5011404489891134 4.199202611341047 
0.5634737677614325 0.40121888674120576 2.0982126498056664 2.8023251088589123 3.5008526108423226 4.199445940165476 
1.3196904862218661 2.043698803443172 2.10596240225587 2.7955947505815892 3.50109229997529 4.1992608870327945 
1.3249825848266281 3.5982718472644803 2.0981751076392703 2.8022382596099296 3.5006143028026173 4.199198745263964 
1.2350223609466306 2.0577044946849505 2.10596240225587 2.7957996103799605 3.50109229997529 4.199262338071845 
0.4554586642838796 0.4397235428259896 2.105911029198727 2.796212226562897 3.5007826525706953 4.198334191553036 
0.4965233266844098 3.5829513034212517 2.0981558442960444 2.802028986806192 3.5010467755819215 4.199397035029921 
1.379966311066543 0.17894260563741438 2.105997674470933 2.7956327978958093 3.5012043502926664 4.199202611341047 
0.49434369614745743 3.6527311187234677 2.0981723011891176 2.802323078716618 3.5008509310085474 4.199399474824134 
0.5601638138703665 0.34867882800240557 2.09746144581654 2.802253355791714 3.501055410112722 4.199397390823672 
1.379966311066543 0.17894260563741438 2.105997674470933 2.7956327978958093 3.5012043502926664 4.199202611341047 
1.3548584742962588 0.4159089132088265 2.0966491489408456 2.795849298190537 3.5005935329934292 4.199275079123137 
0.49434369614745743 3.5294564215192463 2.0981723011891176 2.802323078716618 3.5008509310085474 4.199399474824134 
0.5107313782581115 3.5829513034212517 2.0981320877305376 2.802028986806192 3.5010467755819215 4.199397523362141 
1.4094447936912833 0.1936120292798682 2.098172340671718 2.8022671219273265 3.4997606221973006 4.199204444939779 
0.45556590228641847 0.22399765899291113 2.098544158274105 2.8022791952372934 3.5008478211557845 4.1992790092637815 
0.5398102855088405 2.0530275536278744 2.105911872859752 2.795847830099133 3.5005801788962723 4.198341031889472 
1.449014035908159 0.08532704472656188 2.0983061494410737 2.802380497955432 3.5007983102946323 4.200370818073431 
1.3682706693867301 3.6082831214872604 2.127491999222518 2.795848794451803 3.5007942643415744 4.199404368223458 
1.2535287164809263 3.7041318447456866 2.0969449283630426 2.7958500773751975 3.500599537593974 4.19991490756444 
0.553800527554902 0.3736960568164636 2.1054512741527445 2.8022089701037785 3.501153880017222 4.199202611341047 
0.541103730152329 3.574505747155653 2.09898992933798 2.8020458297131414 3.5008085383083416 4.199418357101859 
0.49730652961444105 0.21214990409402612 2.0976252550421526 2.802201174423324 3.5007678255320003 4.199223821726666 
1.402376091618278 3.477298917690517 2.098188244242015 2.8024584569586315 3.5008033122013593 4.199890438182952 
1.3507789371324015 0.3666962571479543 2.0982690466172222 2.810403754252312 3.5006213282541374 4.1992718360080294 
0.4834062445122043 0.27110753072709226 2.098310035904931 2.8021671639391714 3.5006184448057405 4.200229424769073 
1.319475570234789 3.649365663428277 2.0981751102696813 2.8024826123977444 3.500849478326097 4.199890438182952 
1.4094447936912833 3.4371439083157926 2.0981751076392703 2.8022530657106484 3.4997638347092748 4.199204444939779 
0.41388463961325095 0.3978373000216947 2.097895286019437 2.7969001575230434 3.5010087107652175 4.2003000410381635 
0.5007085150406606 0.38037468890939274 2.1095894036203036 2.7954946486868053 3.500999112720935 4.199387114840102 
1.406430252882637 0.07183275941230693 2.1063135491735023 2.7955119407339146 3.499767428526817 4.200371889560762 
1.2916663533191126 0.40121888674120576 2.0982126498056664 2.8023251088589123 3.500854603380806 4.1994524497967545 
0.5678532450829371 0.3736960568164636 2.105333705707045 2.8022089701037785 3.501065807819296 4.199202611341047 
0.5007085150406606 0.38037468890939274 2.1095894036203036 2.7954946486868053 3.500999112720935 4.199387114840102 
1.3656182335622964 3.608087620205096 2.0969161367971636 2.795563063810173 3.500590033997741 4.198538440310684 
0.5192205131553318 0.37206923619872084 2.105454087399484 2.7958629965009782 3.500504593552464 4.2002377497568535 
1.3465228579820516 0.409327098653675 2.0943130340800984 2.801859253806954 3.5005920337900616 4.198788810047651 
0.4926724464501444 3.660285532839598 2.0981261178441053 2.802196131127361 3.5005158869886848 4.199192981287974 
0.49980459858959403 3.597143412481051 2.0966928400122056 2.7960430125876177 3.50100596720064 4.199384923601064 
1.3926068245232683 3.5982718472644803 2.0981751076392703 2.802482071924811 3.5006144362622997 4.199890438182952 
