1.2218994199968563 3.977032949535997 2.107997255784687 2.810194019891909 3.503274114817207 4.197863010041317 
0.0022038893987624264 2.3806387471321522E-4 2.107764615343297 2.8101946177516717 3.5032677837418698 4.198033055036424 
1.2218994199968563 3.977032949535997 2.107997255784687 2.810194019891909 3.503274114817207 4.197863010041317 
0.5186964455010488 3.790449554246661 2.1077681777371335 2.8102581020259234 3.5034742993316157 4.198057940557354 
1.194510817999989 3.7638303113574274 2.108125454300271 2.810183694168569 3.5028847045314446 4.198034724908915 
1.3330339622862772 0.5731091443922374 2.1081395703002466 2.8109500093468633 3.5030470566430316 4.197850122114848 
0.6248043026290268 3.26445423213529 2.107773920230362 2.810173639845522 3.503268843754763 4.1978669596637035 
0.5480982752558148 0.5815744781173644 2.1080907684789927 2.8105315483741884 3.5031857128058026 4.197941907157533 
1.1286613914978656 0.5822297144768823 2.108136892429213 2.810930246075681 3.503270150320552 4.197868360060029 
1.1496130035253938 0.7531897126595769 2.107997087913661 2.8100970575467565 3.50286489442002 4.199053465109691 
0.6603575697170883 3.2742119106890746 2.1077746770976242 2.810191945917807 3.5032608691781544 4.198031601573412 
1.1472995009304947 0.7146131561927592 2.1080933472029293 2.810308631942209 3.5028845991851387 4.198038496158012 
0.49179009936800366 0.05401809717634056 2.1078491690568435 2.81053837467296 3.503113079264921 4.198565478182006 
0.003393362081470397 3.088108899003504 2.108114146901725 2.8110079730798723 3.5029155118252464 4.19806256782546 
0.12640119657957272 0.07560735368909977 2.107839890805079 2.8105673978956984 3.5030807926055134 4.1980187876940995 
0.6538670587572178 3.2647414723632036 2.1077738123829226 2.810126987781818 3.502890195235081 4.198031601573412 
1.2348403623764563 3.7144599765683766 2.107831591020453 2.8100879937467487 3.5031318049520412 4.1985704353713755 
1.128287193091227 3.9960239811610236 2.1081505212798657 2.8105905745489785 3.5033262657824165 4.19899952840927 
0.6630266260448913 0.08787935820425563 2.107996618689801 2.8076749296529617 3.502893890402542 4.198025523128883 
1.2541700757256726 3.778360347740722 2.1081015824709217 2.807445830648465 3.5028906296653455 4.198025490421945 
0.700365926254499 3.2884806138437614 2.1081372325100403 2.810941586614352 3.5031081552736802 4.19802036393534 
0.5976941342749689 0.05086197362455179 2.108082935251208 2.810956102315151 3.4979979716650376 4.1990635569527575 
1.0350171565320356 0.9022598564171316 2.1081356903002217 2.809897183197701 3.507426305099428 4.198339083297038 
0.6425232627847886 3.423635549290063 2.108103882065818 2.8109820909490124 3.503108873823434 4.197715207162977 
0.46830511170419853 3.604631593975946 2.1082021356489045 2.8063197168698863 3.4979219943594915 4.19786345771028 
0.4798595547337202 3.7144599765683766 2.1078454497612813 2.810170976321601 3.5031318049520412 4.1985704353713755 
0.6602783865407046 3.2925585748610606 2.10777451883318 2.8101946037186036 3.503268843754763 4.1980226553103925 
1.207140408521796 3.8207077385907855 2.107852894649875 2.80993667990459 3.507489441145201 4.198570482457834 
1.2770671870992985 3.7638303113574274 2.108121282245324 2.810181644992861 3.5029150792203705 4.198034724908915 
1.1287216796171053 0.6826609386536573 2.10810281455224 2.810207452732502 3.503262921894957 4.198483037851135 
0.7281315341868907 3.204195969429927 2.1184355629375804 2.8105750786872403 3.503110506126767 4.198024301938221 
1.194510817999989 3.774061292745628 2.108125454300271 2.8106025008464086 3.5033303963986446 4.199005572750492 
0.5718507826229375 3.5821626615366755 2.1077820976408495 2.809751634140877 3.5103985415503614 4.19568561859215 
0.6582163117647899 3.2496386924846705 2.1077603862534815 2.8102093554818515 3.523488146636809 4.198031631343069 
1.2790561447220863 3.7086750675145193 2.1081676161428304 2.8075641386996333 3.5030789250380896 4.196755724033838 
0.4798595547337202 3.6882837110145252 2.107845608025725 2.810310264431296 3.5031318049520412 4.198579381634396 
1.2123701501927562 0.4756483578454469 2.107836913080457 2.8105315483741884 3.502886938184258 4.197862663557456 
0.5076185792667545 0.17601633524959048 2.1079964495464654 2.7894162888534284 3.503282822916935 4.197941993242125 
0.5368261378078187 0.5197260862044171 2.1077639325625457 2.8101434325523322 3.503113079264921 4.198032993016468 
0.49178091731468354 0.17554641858964595 2.1081671386009235 2.810708121048648 3.503454423767364 4.19787606277931 
1.128287193091227 3.9843756224584435 2.1081505212798657 2.810171767871139 3.502880573915216 4.198028680567694 
1.1911884749316606 3.963628051348339 2.1074453320892537 2.8101947322123837 3.5031188208733273 4.198829671917749 
0.22581531804651978 0.8472772000130966 2.107814576717463 2.810195944430244 3.5030807926055134 4.198019189807033 
1.17701239040529 3.9783834440667927 2.1079984211898553 2.810194019891909 3.503566351969306 4.19835557602176 
1.1107762066935392 3.977032949535997 2.107992556884097 2.8105615343115784 3.503076964971073 4.197863010041317 
0.5342513701739597 0.05086197362455179 2.1080713257103265 2.810956102315151 3.5030858822612894 4.197942083744035 
1.2159492752163612 3.7638303113574274 2.108279884710865 2.8106008586604694 3.5029165597297673 4.195817049131166 
1.2313543402329163 0.730948451420887 2.1077963314401913 2.8101959744630807 3.5030807926055134 4.197854883351272 
1.1242696777326449 0.6683331332583624 2.107840983823647 2.81051471745179 3.503096099415141 4.1979321841568344 
0.7281315341868907 3.2884806138437614 2.107839353258648 2.8105750786872403 3.503110506126767 4.198024301938221 
1.207140408521796 3.761157514146907 2.108125604402654 2.8101837546672286 3.503460208396602 4.198039895674513 
1.011698321309802 0.9022598564171316 2.108134524895053 2.809897183197701 3.507134067947329 4.197846517316596 
1.0883787521466375 0.6826609386536573 2.1081364453245612 2.8108962789098966 3.503262921894957 4.198483037851135 
1.0821799389412678 0.7132969966461046 2.108006664888401 2.810951628824714 3.502827898372526 4.199020037347344 
0.5076044788018531 0.2664753401628317 2.1081372838207653 2.8115752080500833 3.4981133281812835 4.1978576090214155 
0.6827626754395542 0.18645142147108057 2.107834864620722 2.8109943832805224 3.5032737686770936 4.198549893183708 
0.6629907490618683 0.010125722996416453 2.10799290712512 2.8075602962508217 3.5028708384891782 4.198038323999272 
0.5368261378078187 3.4576024430448555 2.1081053547934085 2.8101434325523322 3.5031082032572476 4.198032066859641 
1.133104028391621 3.9046279679142284 2.1077582221076367 2.8101935740143986 3.503274157830093 4.197863168105608 
0.7281315341868907 0.02185628178721566 2.1077689786162845 2.810562236895496 3.503110506126767 4.198033071094058 
1.22354437482971 3.7638303113574274 2.1082797839826957 2.8075925283080383 3.5028847045314446 4.198037939179738 
1.1898426704652783 3.924379272671195 2.1082797839826957 2.8075925283080383 3.5028847045314446 4.197973451504767 
1.1367130345691752 0.7132969966461046 2.108006664888401 2.810951628824714 3.502827898372526 4.199020037347344 
1.2150409947050411 0.7171581586528561 2.1077932179805856 2.8102033752358073 3.5028538782662704 4.198484706903146 
1.0821799389412678 0.7132969966461046 2.108006664888401 2.810951628824714 3.502827898372526 4.199020037347344 
0.6630266260448913 0.04771211437997458 2.107996618689801 2.8076749296529617 3.502893890402542 4.198025523128883 
0.6630266260448913 0.04771211437997458 2.107996618689801 2.8076749296529617 3.502893890402542 4.198025523128883 
0.6377649346986005 0.05401809717634056 2.1078457495091354 2.8074343075379296 3.503113079264921 4.198565478182006 
0.4743300087146154 3.604631593975946 2.1078408289932686 2.8105739511875587 3.503084378737963 4.19786345771028 
1.122718420252102 3.9101619147740556 2.1081237847335235 2.8102288108385944 3.503096821356088 4.198483037851135 
1.1312016699438212 3.9599129869781104 2.1078335432283573 2.809702808760541 3.5030430042616487 4.197863010041317 
0.010316351414933561 2.3806387471321522E-4 2.1077649663624842 2.8101605810928283 3.503241532519697 4.1978900990676795 
0.5471876050300368 0.16036068411754378 2.1080933325261464 2.8105315483741884 3.5031857128058026 4.197941907157533 
0.6425232627847886 3.3378033327424896 2.108103882065818 2.807579045913107 3.5031111943625013 4.197715207162977 
0.6582163117647899 3.2097230241276224 2.107763489801302 2.8102093554818515 3.5031725793132056 4.198031631343069 
0.4798595547337202 3.677993965745612 2.107845353217385 2.810170976321601 3.503131876624902 4.1985704353713755 
0.36429247490089045 3.790449554246661 2.1077681777371335 2.8102581020259234 3.5034742993316157 4.198057940557354 
1.2218994199968563 3.7677811545677904 2.1082778707010834 2.8105915006454776 3.503274114817207 4.197863010041317 
1.1312016699438212 3.9599129869781104 2.1078335432283573 2.809702808760541 3.5030430042616487 4.197863010041317 
0.6477177455841552 3.336769339616926 2.107806787780144 2.810563341379285 3.5033385650264335 4.1978610862046155 
1.025636812601141 0.9022598564171316 2.1081356903002217 2.809897183197701 3.507426305099428 4.198339083297038 
0.5039627379571302 0.07789328409113527 2.108157246660719 2.8105713601327125 3.5030971410394436 4.197881130794537 
0.6881758362795294 0.06644400947257556 2.107793693942485 2.810607186807244 3.503268798792718 4.198031601573412 
1.1946231837334003 3.996536113495203 2.1081236279574314 2.8106191701262797 3.5028768815827984 4.198049549752082 
0.013456131249043879 0.10835425802134008 2.1078400460439 2.8109814803144073 3.5028973069286318 4.198549893183708 
1.1297539523749476 0.9009859445541671 2.107838498205108 2.809894137272473 3.507544174107657 4.197694966816728 
0.02090473717374769 2.8606307479169955 2.1077602119848127 2.8109814803144073 3.502891209185935 4.198549893183708 
0.47851075499380114 3.5946782692391364 2.1081633338675196 2.810696269180529 3.503108087902089 4.197867788552975 
1.1472995009304947 0.5498142686414355 2.1080933472029293 2.8102014481142135 3.502853772919964 4.198038496158012 
0.012914985696828085 3.088108899003504 2.108114146901725 2.8109814803144073 3.5029155118252464 4.19806256782546 
1.1307194861267675 0.5939735621423494 2.107830037769082 2.8105917563888387 3.503095225956496 4.198486408236698 
0.5847361124906194 0.006553861642107042 2.1077648793425063 2.810194462046446 3.503275632343899 4.197863010041317 
0.6630266260448913 0.12524055593690292 2.107996618689801 2.8076749296529617 3.502893890402542 4.198025523128883 
0.012914985696828085 0.1187300802641289 2.107772724670862 2.8109814803144073 3.50292038783292 4.198063493982287 
0.6217155393977621 3.5464586173316857 2.108103878811013 2.8075773997983995 3.5028906296653455 4.197695112483647 
1.207140408521796 3.8510823992420073 2.108125604402654 2.8101941083960513 3.5032688375587924 4.198039895674513 
1.1898426704652783 3.9852596096812674 2.1082797839826957 2.8075925283080383 3.5028847045314446 4.197973451504767 
0.012914985696828085 3.088108899003504 2.108114146901725 2.8109814803144073 3.5029155118252464 4.19806256782546 
1.025636812601141 0.9022598564171316 2.1081356903002217 2.809897183197701 3.507426305099428 4.198339083297038 
0.585169128840237 0.348354060536863 2.1077564886867703 2.8109600368377334 3.5032644874691505 4.19794388338579 
