1.0926036664693495E-5 5.24965242716946E-4 2.1000577414357138 2.8007921860452725 3.505887518169032 4.207034438336545 
1.9999987231201417 3.999999411974739 2.099224956303526 2.801359704324746 3.50581789856531 4.207211606857037 
1.943295399289189 3.8931434962149067 2.0997215407861147 2.801121007869585 3.50700718592237 4.207010493221477 
1.89677336860255 2.627551958552203 2.099877149247562 2.800478302513638 3.505739227485141 4.206961834368332 
1.9443028805874334 2.2642393743652987 2.0997080620728714 2.8007632173639196 3.5057865940618425 4.2070195061273346 
0.4146859977594762 3.997221962031911 2.099870497181072 2.8006865497733346 3.507020235244964 4.207020146983816 
1.9238622112295078 0.6649198025241918 2.099253098924226 2.800786081496459 3.505871705349104 4.207011819072899 
0.34188441090930144 2.556311442605187 2.099995015833653 2.800402982027857 3.5058730753385183 4.207611566609245 
0.2758567024933926 1.1222061205480223 2.099144257870223 2.801158470675334 3.5034329350439926 4.205529818028169 
0.22119076989485248 2.397773853370559 2.0999904094903465 2.8009485263016307 3.5057856405269057 4.207051648940725 
1.9107607178827999 2.4290865072196013 2.099090167375428 2.8023542343386674 3.5059910197043593 4.207168593152423 
1.9784238809294061 3.8907596632602415 2.1000969738072763 2.800951940378857 3.496942377530593 4.207048689617302 
0.23424630247670353 1.0757923256194872 2.0999904406997385 2.800393234701415 3.505792477408023 4.2071425743380795 
0.16067065263841818 0.0075469934678408235 2.099075508838622 2.802377424524947 3.5051248284429635 4.205781900610867 
0.2944090686224633 2.5159774514260436 2.0997748942196073 2.801030209382102 3.5058029219254068 4.207049524526468 
1.9889660585634608 3.8494581462525734 2.100016178716276 2.8010769183328175 3.5057960683773213 4.207052762578582 
1.9906613457698916 0.614151193815416 2.099882924055683 2.800360403705251 3.5057865749022272 4.207123769198496 
0.30744601657689297 2.341782653853619 2.0991029506935233 2.8007394240233134 3.5069040662499082 4.207026619359783 
1.9826766156798437 2.2642393743652987 2.0997080620728714 2.800769349180114 3.505728590865728 4.2070195061273346 
1.999011826334832 3.9082646038639752 2.099878772951083 2.7955012937195467 3.505792414316628 4.20704995188461 
0.34282841945714904 2.3431203255788513 2.1130836428717013 2.801234814186756 3.5069040662499082 4.207211864769149 
0.3796736293570919 3.949165546335312 2.099143691670453 2.802802107806245 3.5057717113193716 4.205752072294939 
0.2943430150763682 2.2642393743652987 2.0997090854557 2.800769349180114 3.5036492968884323 4.20697433628224 
0.6390050257229223 0.014939209005257359 2.099210598635029 2.800791920430885 3.505840801266803 4.20719746710501 
1.963531434669512 2.2642393743652987 2.0997080620728714 2.800769349180114 3.505728590865728 4.2070195061273346 
1.9475796090241377 3.999130524854391 2.099199633160532 2.8021813252324033 3.505913283786293 4.207072106009208 
0.4138036756590078 3.9153874846818764 2.0992125326960203 2.800993911408704 3.507020235244964 4.207020146983816 
1.9321534064046622 0.7968366185841187 2.0999666837921334 2.802354313053924 3.5059587214747814 4.207113161057472 
0.2944090686224633 2.2902836010368706 2.0990377808638274 2.801366481532513 3.50578441908012 4.207044516522837 
0.23318447881277193 2.587817331783724 2.0999666837921334 2.8006989833775453 3.5059587214747814 4.207113161057472 
0.316395768602153 3.981491999950478 2.09951000673209 2.801234814186756 3.505994786714044 4.207211864769149 
0.245251682040887 2.439448567037369 2.0992687473675438 2.8027645846711997 3.5059660367606598 4.207643476785088 
0.28727281136258925 0.7637522011228692 2.099144257870223 2.801158470675334 3.5034329350439926 4.205529818028169 
0.30564391189942497 2.4665956922535353 2.099224956303526 2.801264119399374 3.5060461436141543 4.207047406154501 
1.9371398335830983 0.7057709764172944 2.099248680433257 2.800786081496459 3.505871705349104 4.207011819072899 
1.8190368722686252 2.627551958552203 2.099877157652479 2.800478302513638 3.5057397527261522 4.206961834368332 
1.0926036664693495E-5 0.07135439563663581 2.1000577414357138 2.8027457992875817 3.505887518169032 4.207034438336545 
1.8977517711238936 0.762905976047941 2.0998335414843927 2.801025799719415 3.5057854396661363 4.2071425743380795 
1.9857414051581574 0.561038092283979 2.099882924055683 2.800829738215528 3.5070204308387884 4.204814899113042 
0.3033673352759113 0.7767473889170999 2.0991455220178885 2.811040507081512 3.503407202258801 4.205408838549478 
1.9321534064046622 2.299489490989695 2.0999666837921334 2.8007293838496943 3.5059587214747814 4.207029799670174 
1.886311766494512 0.7725672176874151 2.099993786532856 2.800393234701415 3.505871337834118 4.2071425743380795 
0.20999637883637212 2.4790940641160377 2.0974723258991235 2.802335327046809 3.505900058915615 4.205749622440197 
1.9937272204429468 3.877730405696642 2.0999488251271403 2.8010769183328175 3.505795980234181 4.207052762578582 
1.9800974153811783 3.8494581462525734 2.100016178716276 2.8010769183328175 3.505792414316628 4.207049882254472 
0.39292143807519464 3.839254944298168 2.099224799013445 2.8027605505213202 3.505772782874152 4.206958219730311 
0.3147105484362576 2.2911520056833057 2.099176558504961 2.8022614524330014 3.505771216207912 4.207207167052582 
0.2989551842911553 0.5698024145836946 2.0998813564898455 2.800791568840717 3.5057865749022272 4.204813122613327 
0.33203933185550194 3.905230263655179 2.099022090030798 2.8021813252324033 3.505913283786293 4.207071684593373 
0.30744601657689297 0.8391297874157071 2.0991029506935233 2.8023643532275435 3.5069040662499082 4.207109980747081 
1.9101279466847811 3.97009352450692 2.099176558504961 2.8021796647649335 3.505991006071251 4.1884864705285185 
0.3058326389707572 2.5454970684217675 2.099877149247562 2.800476912999818 3.5057392111987298 4.206961834368332 
1.972949128628656 0.7373787355714809 2.099704078235917 2.802354313053924 3.5059590320074885 4.207102117527783 
1.9826314142332513 3.8907596632602415 2.100011812346364 2.8009487023389474 3.49685392414333 4.207048432029956 
1.999011826334832 3.96017849028848 2.099878772951083 2.7955012937195467 3.505792414316628 4.219327172376671 
1.9712328877661498 3.9884612817667513 2.099876900154871 2.80080374586393 3.505812235290413 4.207066041072121 
1.8803310886682345 2.5646861705178083 2.099199633160532 2.8021758644153945 3.505913229742379 4.207072106009208 
0.316395768602153 2.341782653853619 2.0991029506935233 2.8024159045048322 3.5069040662499082 4.207211864769149 
1.9571778443053414 2.2642393743652987 2.118171093954685 2.800754043107105 3.5059641967457735 4.207070595348036 
1.9321534064046622 2.3113631379389004 2.0999666837921334 2.8007293838496943 3.5059587214747814 4.207029799670174 
1.89677336860255 2.5454970684217675 2.099877149247562 2.800478302513638 3.5057877350249194 4.206961834368332 
0.22610643751054493 1.1346618432722038 2.0997089895050474 2.8006992194773375 3.5059911015990526 4.207275637663026 
0.23424630247670353 0.7915851711923424 2.0999904406997385 2.800393234701415 3.50579038519657 4.2071425743380795 
0.017031107904440734 1.0649270670552364 2.0993564884285463 2.8006714389307694 3.506727394988304 4.207173566491558 
1.7856307721876599 2.7377405026683497 2.099796943012629 2.8007924404634355 3.505796354624825 4.204931866737115 
1.9784690823759985 2.2642393743652987 2.0997080620728714 2.8007725872200235 3.5058170442529906 4.207019763714681 
0.34781662145277437 2.2902836010368706 2.098303720240694 2.801260798282254 3.5057224689290383 4.2070201861911745 
1.999011826334832 3.8790014963298 2.099878772951083 2.7955012937195467 3.505792414316628 4.20704995188461 
0.4644295314605746 2.2880642428507723 2.0991448751800315 2.801158470675334 3.5034329350439926 4.205537292143683 
1.9784238809294061 3.9840996228307795 2.099189538041037 2.8009636215427385 3.496942377530593 4.207048689617302 
1.9101279466847811 2.463478066335067 2.0999907961564968 2.8022648383061064 3.505991006071251 4.207055471639172 
1.9628152100423053 3.8907596632602415 2.0998766265992326 2.800951940378857 3.498156311345816 4.207048689617302 
0.23347943655221803 0.5726844092043621 2.099881548020759 2.80080374586393 3.5057865749022272 4.204854413404629 
1.9891079354969223 3.999998647962847 2.099224956303526 2.8013227290124947 3.50581789856531 4.207195170253697 
0.39292143807519464 3.854932381986968 2.099214969708376 2.8027605505213202 3.505772782874152 4.206959157255694 
0.35582986040226033 2.2911520056833057 2.099176558504961 2.8022614524330014 3.505771216207912 4.207207167052582 
0.2631085144645414 0.9035009792842551 2.0997748942196073 2.801030209382102 3.5058029219254068 4.207049524526468 
0.2989551842911553 0.7632366891676972 2.0998767315013467 2.80080374586393 3.5057865749022272 4.20718651153373 
1.8246519283725604 2.627551958552203 2.099877149247562 2.800478302513638 3.505739227485141 4.206961834368332 
1.8996466936293415 3.986334583225639 2.100016593366804 2.7954362693987256 3.5058718223929097 4.207146370840259 
0.3796736293570919 3.9306001517227607 2.0991451681792026 2.8023778219677355 3.5059725936859314 4.187871801767171 
0.3238885942966026 3.9980830216447876 2.099870497181072 2.8006865497733346 3.507020235244964 4.207020146983816 
1.999011826334832 2.4092774334754417 2.1007669691801993 2.7955017796508455 3.505792406891664 4.20704995188461 
0.6133540582734208 0.014939209005257359 2.099216506364407 2.800794818299422 3.5058411536683893 4.204936934361467 
0.39715468080365723 3.9708112744834234 2.099879979795185 2.8024209475729416 3.5059117695298596 4.207036908683989 
0.013314937681862135 1.035063316280901 2.0990734675150162 2.7835179268958674 3.506727394988304 4.207208174427688 
0.3006792111094405 2.2878447433897784 2.099199633160532 2.8021758644153945 3.505913229742379 4.207072106009208 
1.969705646953626 2.4290865072196013 2.099090167375428 2.8023542343386674 3.505963292848719 4.207168593152423 
1.913737836202289 2.3753824823038885 2.099993786532856 2.800393234701415 3.505871337834118 4.2071425743380795 
1.972949128628656 3.8763403116469752 2.099968095114451 2.802354313053924 3.505959247960191 4.207115690873578 
1.9465239746132694 2.2642393743652987 2.0997080620728714 2.802439697845439 3.5057865940618425 4.207204751536701 
1.9629293380459698 3.8742246711962487 2.09987679042987 2.8023466082238975 3.507011321769582 4.2070469840795335 
0.03194456988431976 1.1250609088126877 2.099144257870223 2.801158470675334 3.506944169914903 4.205529818028169 
0.3058326389707572 2.5454970684217675 2.099877149247562 2.800476912999818 3.5057392111987298 4.206961834368332 
1.8927546570855684 2.5734786077454403 2.0975361823021066 2.8004862888573827 3.505739227485141 4.206961834368332 
1.9629293380459698 3.8742246711962487 2.09987679042987 2.8023466082238975 3.507011321769582 4.2070469840795335 
1.886311766494512 0.762905976047941 2.099993786532856 2.800393234701415 3.505871337834118 4.2071425743380795 
1.943295399289189 0.8941688151711333 2.0991501085672875 2.801121007869585 3.50700718592237 4.206972267833756 
1.969072875478407 3.938394388871749 2.099176558504961 2.8021796647649335 3.4923029241539787 4.1884864705285185 
1.7856307721876599 2.7377405026683497 2.099796943012629 2.8007924404634355 3.505796354624825 4.204931866737115 
