1.999999966558651 3.9996503996249784 2.102673640643297 2.797142775920064 3.4963356568634087 4.195454781172068 
0.012122217250143175 0.005577335712278665 2.1014136110615147 2.798099810975865 3.496432333563516 4.195728594340883 
1.999999966558651 3.9996503996249784 2.102673640643297 2.797142775920064 3.4963356568634087 4.195454781172068 
0.012122217250143175 0.005577335712278665 2.1014136110615147 2.798099810975865 3.496432333563516 4.195728594340883 
1.9292560291093683 3.9329010858419955 2.097306322248696 2.795654261224251 3.4963329599574746 4.195732205709487 
1.6922105608896376 3.0366364783882633 2.1023119011418565 2.798140337716333 3.4963608009588443 4.196529855583342 
1.6663647625968823 2.8203961637507624 2.1024730707651935 2.7981417344176385 3.4964203799558975 4.1954592609830215 
1.8894798661868868 1.048976476950371 2.0968700850422297 2.7961107443585544 3.4967724228433092 4.1957297785058145 
0.3169280174199627 3.8785264850010264 2.1024718717472015 2.7981417344176385 3.4963401721138005 4.205117889279146 
0.10626077447316429 3.027225146489857 2.102457605497628 2.7971968475137503 3.4965284220037103 4.195731578634691 
0.050027112346516134 2.7412639952277416 2.1029783980732546 2.797829734014985 3.496313351007803 4.1955694065717655 
0.27660659837424334 1.1207682621261787 2.097148785710384 2.7966098746658195 3.4964987461107464 4.1955296444238215 
0.15502688874019732 0.017601840342670982 2.102487382088498 2.7984957284887675 3.4962860845028523 4.195728951557458 
0.14103202564547998 2.8209631081354036 2.102431363892796 2.798423823014635 3.496280998095101 4.195691312278032 
0.33444619029823386 0.8390601848515612 2.098051353286784 2.7981448350786144 3.4963032014614295 4.1954354437105055 
0.19368969972981576 1.048976476950371 2.0968697420454134 2.7981531442596825 3.4963605259533246 4.19479540577531 
1.9386537151911185 3.999571080168949 2.102673640643297 2.797142775920064 3.496332867155734 4.195454758934843 
1.999999966558651 0.5353191094524976 2.097960745587735 2.819731355694674 3.496500668972664 4.195455003197307 
1.622938401298703 2.9321734478730037 2.102228889525866 2.7983626057309023 3.4964205229841614 4.195125142264076 
1.670879588308053 2.992925026366354 2.1026492189121306 2.7978487746496596 3.4964203799558975 4.1954588011690515 
0.16436532107970764 2.8209631081354036 2.1024337866405536 2.798423823014635 3.496285473283511 4.195691312278032 
1.9846884801989582 3.986012089235968 2.1026149610575366 2.7952451913143013 3.496356231245567 4.195452409440089 
0.06299386287726982 2.8150284053958305 2.097363665771021 2.7978194544459605 3.496357188061407 4.196532560173072 
0.10626077447316429 1.0479978377294483 2.1026526146869546 2.7982750831730137 3.496520543006492 4.195731578634691 
1.912247179021496 3.999515141503085 2.098332421316374 2.8094409598959627 3.496335078989835 4.196567471322352 
0.3581026564673942 3.8357146171358707 2.1025305414225426 2.7951331374393678 3.4963328854591103 4.195453793801247 
0.08003240565963243 1.0636894205974126 2.0971221816401506 2.8099954609848674 3.4965015624980493 4.195518885013762 
0.6243906143902475 0.07520494204235906 2.0979844518204445 2.8095490466722546 3.4969085214914757 4.194838268010453 
1.7077418980173824 2.8203961637507624 2.1024855150053203 2.798124688256542 3.4963547543370272 4.196548020124549 
0.41962724741956836 3.878522613270647 2.102277839942298 2.796477583914798 3.496501969915724 4.196507678331862 
1.6164041726130984 2.9321734478730037 2.1021842052725694 2.7983626057309023 3.4964629768595534 4.195721528672493 
1.6752105108905058 2.852440061009585 2.1024730707651935 2.798256211510551 3.4965316844453316 4.195691823928325 
0.06299386287726982 2.89698475468733 2.097248797884952 2.809570108778398 3.496331230848535 4.195065743186406 
0.5850699296553125 0.39279615334743534 2.102351784672486 2.7798133624742873 3.4963310529259672 4.195272278597307 
1.7077418980173824 1.1041343428915793 2.1024856010668374 2.7981200772747994 3.4963546184768806 4.195247260905625 
1.6922105608896376 1.3112926143539734 2.1023114148317394 2.7981401039395153 3.4963608009588443 4.281804472143851 
1.9849878585424325 3.9687217620123048 2.101423721612326 2.7961395873401402 3.496503515149976 4.195529556773707 
1.9834906780155308 0.8390601848515612 2.098051353286784 2.797140339297741 3.4963040016153264 4.1954354437105055 
1.6289426624320582 2.993046594766611 2.1026522854644236 2.7982623447554404 3.4962934646110404 4.19571632316929 
1.6810446247295012 2.9504896418494777 2.102471357132938 2.7981448522772028 3.4963843296031967 4.195548224120307 
0.08556099154315797 1.129781636241776 2.1023180121238516 2.7977811923451523 3.496361060605451 4.196529855583342 
1.9599106325802316 3.979811868595959 2.096934081055596 2.796477523883812 3.4967714088597672 4.195529647056573 
1.9292560291093683 3.9470220034873207 2.097306322248696 2.7979352886004123 3.4963329755418844 4.195732205709487 
1.652218982491363 2.981625578099605 2.097982250224922 2.797169100959299 3.4963392608748762 4.195728834410109 
0.062381656309035305 2.7438169976830475 2.1029641184653496 2.797829734014985 3.496313351007803 4.1955694065717655 
1.9758783404919522 2.4134269293010657 2.0969191305897636 2.796477523883812 3.4967714088597672 4.195556862064327 
0.16436532107970764 2.6656453765035026 2.1024337866405536 2.798423823014635 3.496285473283511 4.195691312278032 
0.34943725213806254 3.915492469613268 2.1022356768184767 2.7980861366213747 3.49647652370405 4.196507928230048 
0.13144216950881477 1.1336156552293937 2.0955056075280423 2.7976173338331263 3.4963242894748183 4.195705809083678 
0.10545806036096238 2.6884268817334305 2.102673132090559 2.7954802082831005 3.4965254284563576 4.195723657189245 
0.391934889575662 3.8022465233900844 2.102276746093691 2.79820561995452 3.49647652370405 4.196524167330063 
0.4088074338868807 3.854427022105944 2.1022368755261778 2.7980861366213747 3.49647652370405 4.196534917813518 
0.08149927790929967 2.9013420338036306 2.0979626722058082 2.797008573201928 3.496331230848535 4.194857521344433 
1.670879588308053 2.883345453687221 2.1026492189121306 2.7978487746496596 3.4964203799558975 4.1954588011690515 
0.06299386287726982 2.8395558450452087 2.097363665771021 2.7978194544459605 3.496357188061407 4.196532560173072 
1.9758783404919522 2.3485518191381636 2.0969191305897636 2.796433880030799 3.496771956564715 4.195556862064327 
0.5197275590340112 0.0031967735974773315 2.1023936221419186 2.79941534062587 3.4963622296741086 4.195739719044371 
1.9292560291093683 3.9369906404771537 2.097306322248696 2.795654261224251 3.4963329599574746 4.195732205709487 
1.6922105608896376 3.0366364783882633 2.1023119011418565 2.798140337716333 3.4963608009588443 4.196529855583342 
0.012503846355630344 2.89698475468733 2.097363665771021 2.809570108778398 3.4967620589017034 4.195082944034973 
0.3169280174199627 3.9357914792614093 2.1024717856856845 2.7981417344176385 3.4963404191907808 4.205117889279146 
0.43083490325631546 3.884118366384884 2.097160206138946 2.796506395113052 3.496754654509324 4.195150926505776 
1.9857225137732324 3.8617156466600266 2.0982211346028072 2.8094409598959627 3.4965013788534436 4.196582404617424 
0.049126202663128 1.048976476950371 2.1027749126799713 2.7980439811933064 3.4964863018031513 4.201718943663222 
0.5850699296553125 0.20430600673534638 2.102351784672486 2.7980861366213747 3.4963310529259672 4.195272278597307 
0.3541414751777968 3.854427022105944 2.1022391174529087 2.798076720806154 3.49647652370405 4.195689282393112 
1.9386537151911185 3.9716318985641426 2.102449096673493 2.7971398441126705 3.4962828195966775 4.195739462656866 
1.7076732158842944 1.1890578440114457 2.1024855150053203 2.7981200772747994 3.4963317370496405 4.195743484974666 
0.007845372412049745 2.9475818110676997 2.10299040485129 2.798123019405482 3.496313351007803 4.1955695525013645 
0.06749163633290103 1.048976476950371 2.0965949861362163 2.7961010711020693 3.4964899134500445 4.195703149765147 
0.45252912691443936 3.7735840387512494 2.102276746093691 2.797818006061869 3.49647652370405 4.196524167330063 
0.5109547564388514 0.08286204525844432 2.0979844518204445 2.809551041394563 3.4969085214914757 4.195722627410657 
0.1311806585503457 2.651911875527668 2.097160206138946 2.796506395113052 3.4967570667859698 4.211357056118141 
0.5221760093608627 0.011227984648189707 2.1024959463298907 2.7980861366213747 3.4963310529259672 4.195730072953891 
1.9292560291093683 3.9329010858419955 2.097306322248696 2.795654261224251 3.4963329599574746 4.195732205709487 
1.7262388146996364 2.8203961637507624 2.1024855150053203 2.7969292203629585 3.496355622918684 4.195739376160061 
1.9605362367980033 3.979811868595959 2.096934081055596 2.796477523883812 3.496298741457694 4.195530207789392 
1.9732290353857174 3.9719318422869825 2.0956753828449037 2.810346326831272 3.4965036988917633 4.1954598074728375 
0.43083490325631546 3.884118366384884 2.097160206138946 2.796506395113052 3.496754654509324 4.195150926505776 
1.696127810081398 2.8203961637507624 2.1024855150053203 2.798124688256542 3.4963547543370272 4.195267707266344 
1.8851643245671525 0.8113324741521635 2.0971181508684666 2.797640578170231 3.4964022618701045 4.195736008301537 
1.9386537151911185 3.981607894928616 2.102449096673493 2.7971398441126705 3.4962828195966775 4.195739462656866 
0.050027112346516134 2.9475818110676997 2.10299040485129 2.798123019405482 3.496313351007803 4.1955695525013645 
1.6164041726130984 2.9248160632202946 2.1021842052725694 2.7983626057309023 3.4964629768595534 4.195721528672493 
1.6861209968187245 2.818277297094973 2.102457605497628 2.7981690928740495 3.496526084772075 4.195731578634691 
1.9667913741038585 3.878522613270647 2.0969171710083354 2.796477583914798 3.496501969915724 4.195556862064327 
1.9664889840080606 3.9329010858419955 2.0973123272141927 2.795654261224251 3.4964981748119595 4.195758310262633 
1.973902886788627 3.9719318422869825 2.0956753828449037 2.810523614859408 3.496335999719788 4.195639712107368 
0.1315031092487406 2.7412639952277416 2.103110351254871 2.795670876463419 3.496753080417946 4.1955694065717655 
1.6861209968187245 2.818277297094973 2.102457605497628 2.7981690928740495 3.496526084772075 4.195731578634691 
0.3150236722216735 3.9996503996249784 2.102673640643297 2.79818521320223 3.496335733529231 4.205170353746236 
0.39922782678997504 0.8390601848515612 2.098051353286784 2.7981450313438243 3.4963032014614295 4.195436922764367 
0.011588200066239368 2.862269846701743 2.1026038105295934 2.7972196544961614 3.496792977531371 4.19481966481919 
0.3566722265279728 3.9366775275204726 2.097314267832226 2.796474971553545 3.4962668007268953 4.1955296444238215 
1.6073395215616022 3.0019572932000793 2.0979456822446765 2.810603585781408 3.4968706362167477 4.195735759577735 
1.7099161091368797 1.2237628211315634 2.09692170732572 2.798119407735307 3.4963546184768806 4.195729618467865 
1.9857225137732324 3.8617156466600266 2.0982211346028072 2.8094409598959627 3.4965013788534436 4.196582404617424 
0.5109547564388514 0.09467224937281915 2.102771008816685 2.809674461467618 3.496330791545396 4.195454419148843 
0.06298294175976399 1.048976476950371 2.0968697420454134 2.7961124513765117 3.4963753109091575 4.19479540577531 
0.06613494930523811 3.0548568048146123 2.0978226952701164 2.8099954609848674 3.496880143911018 4.196045619846955 
