1.999999881166195 3.999949171437515 2.0903394521171035 2.825317443824814 3.507765924082402 4.207850917926629 
0.001169883813731662 0.003976744075613992 2.102773544467994 2.797995510334479 3.509885321100144 4.212462106227158 
1.999999881166195 3.999949171437515 2.0903394521171035 2.825317443824814 3.507765924082402 4.207850917926629 
0.001169883813731662 0.003976744075613992 2.102773544467994 2.797995510334479 3.509885321100144 4.212462106227158 
1.9427369619651431 3.8943131991306896 2.1031104567853873 2.797987042459628 3.5083148995063556 4.212458206500842 
1.9528690003627847 2.51238123191974 2.1021389054384154 2.7985083628894087 3.509027047702266 4.207697687712495 
1.905065232032526 2.3430012818254102 2.1030793851266627 2.7979145178032927 3.5097893383522485 4.212800902698394 
1.942512837619083 0.9419599343013393 2.101541524360113 2.798937607541431 3.509883479541176 4.212465188476853 
0.11775861907345064 3.0063171624893155 2.102256106717109 2.7985310645315886 3.5090577659561233 4.207548783516499 
0.306233404887276 3.900808764778269 2.1028578751134765 2.8031749835241127 3.5090440401567737 4.207798940486275 
0.36808207349260424 0.9410983011352418 2.102877329032105 2.798227476721594 3.509019699788493 4.212871768117632 
0.16437251302428568 2.512351576720257 2.102838336219389 2.798222583708422 3.4997449104559886 4.19836571229027 
0.3420658510499438 2.3416469666582875 2.102877329032105 2.7982369783742786 3.509019699788493 4.212871768117632 
0.27887392401889044 2.315747057008094 2.102839822336124 2.798640145104335 3.509771587231798 4.21278543186196 
1.9583786285000329 3.998772627633327 2.103144751744004 2.797987042459628 3.5083148995063556 4.272431925832589 
1.934655589792051 2.338301149551503 2.102137260768591 2.7986185393832366 3.5086646137112902 4.208662217968174 
0.23964322684106432 1.0505238834750754 2.103184710975033 2.804116456563286 3.5097476744410656 4.198496138056719 
0.14445890626701952 1.04781443022203 2.1031817851015404 2.804116456563286 3.5097887222572712 4.212934703226358 
1.7965211068007245 0.9704844518917655 2.1031173412069264 2.800534512140221 3.5090420615341884 4.20755099317253 
0.3917836374673479 0.6783614737109154 2.1015693326847815 2.7979118046450115 3.5090357831461088 4.207722460696725 
0.37419713935612 0.6783614737109154 2.1015693326847815 2.7979142499085876 3.5090357831461088 4.207722460696725 
1.8949667734561328 2.5833036383667984 2.103072800687947 2.7977439560616313 3.509778173126272 4.212799498196282 
0.38879305759214267 2.2113979832867336 2.1015256804400093 2.7998563222462107 3.5090227329956383 4.216394572387964 
1.9164922210445585 2.3423834704366318 2.102877329032105 2.7982369783742786 3.5090158988702775 4.212871768117632 
0.08119001804334156 0.18019297904912332 2.101541324440362 2.7979352198477265 3.5081594627681247 4.2078407803300895 
1.8588781257718945 0.9638789417051608 2.1028395880931194 2.8049062540322574 3.5097750833986208 4.19836571229027 
1.9425702792510164 3.9521732543187906 2.101541524360113 2.798937607541431 3.509889708888088 4.212549450460493 
1.9424364654846045 3.9848522054638473 2.1021646887268735 2.798190020919321 3.5086560682326224 4.1954421700701054 
0.11734034339362104 0.8820286409011185 2.102877329032105 2.7981624199798905 3.509081030199461 4.21249581324276 
0.05013217766542266 0.9382895694673685 2.10166041295093 2.7998563222462107 3.5090227329956383 4.2128854466052825 
1.8866580986842414 2.518375501585952 2.10161916536714 2.800534512140221 3.509029703595431 4.20755099317253 
0.16437251302428568 2.563575169252925 2.1028395880931194 2.7984722605106205 3.4997711457866085 4.207697687712495 
0.2769949149360963 0.6432514489995538 2.1021747589920405 2.7977312157698786 3.5090531491151444 4.212930898353379 
1.9846307325078179 3.999949171437515 2.0903394521171035 2.824565193679785 3.5090496965104507 4.207800705123228 
0.16437251302428568 2.513900402135708 2.1028395880931194 2.7984722605106205 3.4997711457866085 4.207697687712495 
0.20891396993668054 2.5577362944752338 2.102830871625119 2.7985536601820784 3.508999223805365 4.21337714645957 
1.9425695882535825 3.9643649138844173 2.10161916536714 2.7979017521394196 3.509029703595431 4.20755099317253 
1.8819634987480722 0.9486456320617374 2.1030784279516768 2.800623085197957 3.5097758509957138 4.212798625495075 
1.9711911873351746 0.7070392584699241 2.1031087162789754 2.7978748505890514 3.503208603642644 4.173785606778773 
0.027406324620575462 0.06727316386929133 2.1027877823323062 2.7979428742683354 3.5098033566750693 4.212462106227158 
1.979654887387337 3.938747338996648 2.102901639852168 2.7980689994537813 3.50863014562633 4.207819100399639 
1.8007229325753948 0.935040269885929 2.1030851460305082 2.8051304152904595 3.5098780423961804 4.212799526978704 
0.20498888620445943 2.6776762303860453 2.101623907963512 2.7988654664417867 3.5097784718210066 4.212524310473267 
0.363348468430003 3.933769056877761 2.0995193286590093 2.800609228204792 3.5086339465445455 4.207819100399639 
1.9583955262973702 3.940263980682339 2.102830858188046 2.800623085197957 3.5097758509957138 4.2127678199276835 
1.878458407891165 2.5833036383667984 2.1030826017935 2.8040971957541885 3.509778173126272 4.212935843904757 
0.2680496199878113 1.0505238834750754 2.103184710975033 2.804193290252661 3.5097476744410656 4.198496138056719 
0.2769164700415225 3.9755722778800644 2.1028341364592316 2.7984637938895744 3.5096785950224296 4.19836571229027 
1.9584924861397894 3.898459938786561 2.1014497531401597 2.798188778864358 3.5086691569999067 4.207565773086572 
1.9839702988871106 3.9708811233389527 2.102873322312596 2.7985278358669317 3.509738462141465 4.21318770654838 
1.8819312784187512 0.8234762065891272 2.1030793851266627 2.7979145178032927 3.5097893383522485 4.212800902698394 
1.9403922981225412 3.999949171437515 2.1035180103215207 2.804048979546098 3.507765924082402 4.207850917926629 
1.942279535821236 2.3430012818254102 2.1030793851266627 2.8040424246283 3.5097573003675415 4.212800902698394 
0.20891396993668054 2.489649975517883 2.102830871625119 2.7985536601820784 3.508999223805365 4.21337714645957 
0.05820940610834513 0.9573773835819537 2.0906515745446708 2.8045017835452533 3.5097476744410656 4.212934703226358 
0.22817964326375728 2.6776762303860453 2.101623907963512 2.7988654664417867 3.509759406516268 4.208285373877211 
0.3667283354557006 2.2113979832867336 2.1015256804400093 2.7998563222462107 3.5090227329956383 4.216394572387964 
0.3714941996536293 3.9999797700991815 2.0903394521171035 2.825317443824814 3.507765924082402 4.207722019463201 
1.8249565658303557 0.9021107473152966 2.1028430873635995 2.8040229430502652 3.5097485698111965 4.20802556643391 
1.8950215927093648 2.5171125965404237 2.102887360986143 2.7977439560616313 3.509778173126272 4.213214919864574 
0.3667283354557006 2.3731799374482176 2.1015256804400093 2.797747928656958 3.5090355139382012 4.216394572387964 
0.02418258273400775 3.0064900963992622 2.1022543374941347 2.7985247879584607 3.5090577659561233 4.207548783516499 
0.3007270720163022 0.7727487917443427 2.102830683017514 2.7978768126380573 3.5083083909413078 4.207400205810362 
1.9711911873351746 0.8253802768712104 2.103107119261128 2.79787479967937 3.503208603642644 4.173785606778773 
1.9272846680365812 2.341557766177562 2.1028179802084206 2.7986461647434493 3.507757727208226 4.21278543186196 
1.9427336756981695 3.900156037172725 2.10161916536714 2.7979017521394196 3.509029703595431 4.212807351994127 
1.9017377836426783 3.9994456828546574 2.103106086879712 2.804205241888378 3.5097408123906555 4.208291437783381 
1.9425702792510164 3.943602198305931 2.101541524360113 2.798937607541431 3.509889708888088 4.212549450460493 
1.9839702988871106 3.9781215940390067 2.102873322312596 2.7985278358669317 3.5086489363353017 4.21318770654838 
1.9423201704532627 3.938747338996648 2.0995193286590093 2.800609228204792 3.50863014562633 4.207819100399639 
1.9467507992431283 3.9134814722793205 2.1021342959412244 2.8004277387724623 3.509749387517255 4.207844631045179 
1.8267158900695026 0.8617987585221142 2.1016603152476576 2.799856828474258 3.509772841089596 4.207700490656397 
0.18232991222778416 2.5577362944752338 2.102781495107868 2.799837561923948 3.5097758509957138 4.212393602032754 
0.057660279977078455 1.0455699171069202 2.1027677249774044 2.7979802966264566 3.5097856833637877 4.212462106227158 
1.8772478468551792 2.4855345498365784 2.10161916536714 2.7985083628894087 3.509029703595431 4.20783529825445 
1.9984550192634254 3.8932238491664917 2.0903394521171035 2.8251031936706754 3.507786545627342 4.207850917926629 
0.35244687844559147 2.35347283577114 2.102877329032105 2.8272655672791114 3.509081030199461 4.212489348951664 
0.3667283354557006 2.2113979832867336 2.1015256804400093 2.7998563222462107 3.5090227329956383 4.216394572387964 
1.9760575785201473 0.6783614737109154 2.1015693326847815 2.7979142499085876 3.5090357831461088 4.207851359160152 
1.9078696218187305 2.3462529682380313 2.1016044749044687 2.7979347862690607 3.5097370892497763 4.213431285354253 
1.9802165474460545 2.315747057008094 2.1028179802084206 2.7986461647434493 3.507757727208226 4.21278543186196 
0.09894381683700293 1.04781443022203 2.1031817851015404 2.804116456563286 3.5097476744410656 4.212934703226358 
0.4106128389358621 2.343849027233292 2.1015456125301633 2.8004130632497555 3.509783042755274 4.21275959998561 
0.15986424758297257 0.9439788620613208 2.1031719839959875 2.797763216870729 3.5097887222572712 4.212798357517882 
1.9500184812954053 3.8943131991306896 2.1031104567853873 2.797987042459628 3.5083148995063556 4.212458206500842 
1.953933240075624 0.706510074026163 2.0903394521171035 2.825317443824814 3.507765924082402 4.207699470893734 
1.8819312784187512 0.8342680372791902 2.1030793851266627 2.7979145178032927 3.508173048033581 4.207779102699643 
0.16437251302428568 0.9612176763351151 2.1028395880931194 2.8049062540322574 3.5097750833986208 4.19836571229027 
1.878458407891165 2.501900006333637 2.1030826017935 2.8040971957541885 3.5097781373698917 4.21294044330981 
1.9948647225371758 2.3282513296212692 2.103182356892041 2.8009545120545933 3.508435847486809 4.215286696664174 
1.869005298031384 2.505762994248442 2.10229694335325 2.7985530249586477 3.5090577659561233 4.2133681979312 
0.4257423489751134 3.9596945796129113 2.1028578751134765 2.8031749835241127 3.5090440401567737 4.207798940486275 
1.942279535821236 2.3430012818254102 2.1030793851266627 2.8040424246283 3.5097573003675415 4.212800902698394 
1.8730872584821319 2.5833036383667984 2.1030824722638615 2.8040971957541885 3.509778173126272 4.212935843904757 
0.30019451266115416 0.7727487917443427 2.10283000385327 2.797871217219663 3.5083083909413078 4.207787814258592 
1.9528690003627847 0.7238452140611957 2.1021389054384154 2.7985083628894087 3.5097877997130906 4.207697687712495 
1.9283369805124142 2.3430012818254102 2.1030793851266627 2.8040424246283 3.5097573003675415 4.212800902698394 
1.9437627793844368 2.2971264742339774 2.0994483126500816 2.8007743645901217 3.509721820835026 4.21275660542409 
1.9167765836520958 2.5833036383667984 2.103072800687947 2.7977439560616313 3.5097591078215333 4.208560561600226 
1.9035530350688292 3.9848522054638473 2.1028385644159266 2.7980954906488695 3.5090482907986438 4.20785042604651 
