1.7599931041110277 2.8995759480387804 2.09951585130405 2.801239127865017 3.5033380218848844 4.2038168596570475 
2.6970121063535357E-7 0.0019290053484314167 2.100448435173144 2.800536952064788 3.5033555036995554 4.2038935427639705 
1.7072239459758327 1.4111621028504733 2.100754169377086 2.8011086921927966 3.50330566893151 4.204037055706953 
1.6389676086326772 2.8752804172205564 2.100771729969578 2.799452996583423 3.5022729923250866 4.205152832032716 
1.6261724616543427 1.260242524851239 2.100862640041705 2.799391749382584 3.504146874792672 4.204025868967419 
0.006171118164096734 3.2282930114899435 2.100540782615846 2.8006121472110475 3.502031432690732 4.203453200462525 
1.2275164725724625 0.3880051232833046 2.0994582839882017 2.8012853462664147 3.5038847656846763 4.204077171963737 
0.19262114512932557 1.2900444757542835 2.0996489634789244 2.800548090589083 3.5033751297688425 4.203954974199691 
1.629193356609443 1.3049418914666067 2.101020529381774 2.801210838774754 3.5033772293028793 4.204027366019263 
1.629193356609443 1.267378684063518 2.099539081512348 2.801283913723279 3.5034017848579544 4.204027366019263 
0.0962245587759013 2.9024128603717685 2.099549786506631 2.800841533172602 3.5038981511699743 4.204026313258066 
1.2093549521089764 0.52114120429462 2.0994582839882017 2.80128533744282 3.5038847656846763 4.204077171963737 
1.6625908952930095 1.394762607268913 2.1008642994079163 2.7994558521907136 3.5024343855927413 4.204076022017667 
0.016836874538139646 1.0054395826298888 2.1006164082757492 2.8005515689410587 3.5032585025990484 4.204053637858087 
1.6625908952930095 1.3333954036106304 2.099549130821317 2.7994558521907136 3.5024343855927413 4.204099164554991 
1.6338203341957709 2.9170168265129064 2.099539081512348 2.8012851643966736 3.5033347483829624 4.204026246958112 
1.6786490149759266 1.2788866552670652 2.10067934102634 2.800558710052179 3.503373632158527 4.203954834704567 
0.0167720414181831 2.9312612494141836 2.099376502126549 2.8010546778048715 3.5039751557020504 4.204076890407766 
1.6541967138300788 1.233695832725478 2.0995700446789916 2.8012234275499583 3.5034000451422713 4.204027366019263 
0.013771205167799644 1.2171376163752885 2.099548258659812 2.799256650176106 3.5038981511699743 4.204026313258066 
0.0283134454977505 3.014111091469922 2.0992822318139743 2.800535247704462 3.5022430765151764 4.201018235675837 
1.6317320049690134 1.3245036873929952 2.100725237833138 2.8010409923546535 3.503475995159596 4.2040471299895055 
1.6766908892194048 2.899760583217607 2.099578164476907 2.801239127865017 3.5033401473449732 4.203816122631468 
0.08609421259122882 1.0271354076526378 2.099459358954444 2.8005275019982445 3.5042710679102975 4.203573328840745 
0.11996110779204328 2.7660600226871623 2.0995201206115155 2.8012426747417214 3.5024343855927413 4.203819305752184 
0.0283134454977505 1.5037662524309838 2.0992822318139743 2.8005366251205133 3.5022430765151764 4.201018235675837 
1.6620470294045173 1.356091533347759 2.1009277297024047 2.8005058426520475 3.503276530817048 4.203954420127892 
0.15433463004119086 0.020908263746240996 2.1004586004781474 2.8005330198266822 3.5032985480894925 4.203950810353292 
0.1416436383159232 1.0507434505275097 2.09230100400699 2.8005278612465747 3.5097126033056916 4.20348274829818 
0.05613552637389441 2.7769459921476654 2.100558388186674 2.8005664307053633 3.502787148886121 4.205411400527629 
1.6641489814852992 3.026925286286467 2.1008079116444494 2.8012648298310014 3.5028004966552713 4.202457397132096 
1.221074969248594 3.73133737328228 2.1004440488731286 2.800648028334583 3.503330608538309 4.204018611319437 
1.670261721136074 2.895054841502926 2.100552235488306 2.801283819530311 3.482862429410652 4.203814814140508 
0.028330099140831146 2.868100390263154 2.099282168202664 2.799322877281905 3.5041105876218084 4.204036382540084 
1.6545819817632126 2.9005405303964027 2.100596034564376 2.8011497746180063 3.5033851968934346 4.203959287170051 
1.6264258383110763 3.0760769121903735 2.1004484419104723 2.800475250313451 3.5032660784784357 4.203894154699344 
0.0167720414181831 1.0428782736564575 2.099376502126549 2.8010546778048715 3.504014366550001 4.207008060663065 
1.6625908952930095 1.4259087561399428 2.1008642994079163 2.7994558521907136 3.5024343855927413 4.204076022017667 
0.18345097541106756 0.7658294148990639 2.100907599372378 2.801305201781889 3.5033766798754455 4.204036734729542 
1.6531083046073476 2.915583970599008 2.1005402557907367 2.8006127908578584 3.5033868344917605 4.204132073085662 
1.2428040400809868 0.3781600970671144 2.0995354281479806 2.8012879100194246 3.50222995493287 4.204044097674295 
0.1284786497238113 2.9180245373239386 2.100552235488306 2.801283778295771 3.502065266709881 4.203815116078054 
1.6626551741775393 2.9187356737994894 2.1005402557907367 2.8006127908578584 3.5024513515901776 4.204132298173917 
1.2304984826720942 3.7081742638855912 2.100431879038708 2.799418343471452 3.5023321695679996 4.204039719111451 
0.11282819535673849 2.7660600226871623 2.0994792011492023 2.801222099776059 3.478947586527176 4.203819305752184 
1.2306343829810034 0.45190639105988084 2.100459519215402 2.800614209544359 3.5023321695679996 4.204039719111451 
0.22946775178518178 1.1720217032937932 2.099492458535854 2.800597053346715 3.5034047707002895 4.20404174269442 
0.054605195834528164 2.763339616183214 2.100558388186674 2.800423516676736 3.5027871967061217 4.205411400527629 
1.6620470294045173 1.3451653182821002 2.1009122698951757 2.8012923953334266 3.5032881463756054 4.204028044674081 
1.7105660883976537 1.30444373425066 2.101021115095962 2.8010409923546535 3.5033879863818 4.204046998810364 
1.7208705820700394 2.784009984547737 2.100868377562845 2.799425686278969 3.504146874792672 4.204075072184295 
1.230426239809107 0.3880051232833046 2.099459169491553 2.8012741382862236 3.5039118337363773 4.2077910263010105 
1.6514997947068664 1.3245021222142523 2.100725237833138 2.8010409923546535 3.5023101361937776 4.2040471299895055 
1.7446302109111045 2.85234187278117 2.1005464172778723 2.819024603739503 3.502857134017478 4.2040566522095215 
1.7065397597779672 1.3775179209969188 2.100558388186674 2.800431167746827 3.503303804759421 4.20401985453714 
0.0283134454977505 3.074936789092578 2.0992822318139743 2.787786349107169 3.5022430765151764 4.201018235675837 
0.0283134454977505 3.074936789092578 2.0992822318139743 2.787786349107169 3.5022430765151764 4.201018235675837 
0.053318238116344785 1.064525993056872 2.100925768511904 2.800423516676736 3.502817465556362 4.204028389047946 
1.6317320049690134 1.3245036873929952 2.100725237833138 2.8010409923546535 3.503475995159596 4.2040471299895055 
0.017943657672689017 1.243560524369352 2.100549136581007 2.8006039823656743 3.50378548238148 4.203453200462525 
1.6363062220708064 1.2810242636891946 2.1005630472047914 2.800648028334583 3.5033761242262633 4.204115204211396 
0.014942536678696154 1.4928200668820435 2.1009330851602623 2.800638378752064 3.502346164763518 4.203422720825555 
1.6334716347333693 3.1175987901336604 2.0995559331934275 2.801239127865017 3.5033376675777643 4.2038168596570475 
1.7063593490689783 2.8796090902917566 2.1007558924767604 2.8012484186581887 3.503288458078038 4.205185751144423 
0.02831233167766634 2.9939100385333854 2.0992822104365776 2.799322877281905 3.504125405840861 4.204028100935618 
1.6334716347333693 3.0115974700247445 2.0995559331934275 2.801239127865017 3.5033376675777643 4.2038168596570475 
1.6187425191419182 3.0760769121903735 2.1004484419104723 2.800475250313451 3.503920225621835 4.203894154699344 
1.6570997435432058 2.8796090902917566 2.100847615026254 2.8012484186581887 3.502433426551558 4.205185751144423 
0.04753010987171913 1.168040973396734 2.0996633401086773 2.7994042368632606 3.5042723535287026 4.205076971364654 
0.16026837613040806 1.1810281302281693 2.0994591199722255 2.800597709554545 3.5021237676288086 4.203899864008506 
0.00721662892368216 2.871030352598428 2.099547972379612 2.7992578092247817 3.5033627196973445 4.204026313258066 
0.0283134454977505 1.082102003632281 2.0992822318139743 2.800535247704462 3.5022430765151764 4.201018235675837 
1.6753236442429884 1.267378684063518 2.099539081512348 2.801283913723279 3.5034017848579544 4.207657028372365 
1.6620470294045173 1.356091533347759 2.1009277297024047 2.8005058426520475 3.503276530817048 4.203954420127892 
0.021005974303690556 1.324049207587809 2.100943774469928 2.8012648868158836 3.5041105315282843 4.204076563403002 
1.6888426513216317 2.8273669206945677 2.100573688882293 2.800539217214322 3.5023751931882177 4.204039719111451 
1.6529741917694312 2.96025977654445 2.1009059993974413 2.8012882290070924 3.5033766798754455 4.203988879350268 
0.1958413283298286 1.0054395826298888 2.099458880247191 2.8005511885127556 3.502131807278129 4.204053637858087 
0.07471167500860842 1.2881936972741164 2.099259439471372 2.7994948626905654 3.5024527826660767 4.204256707522888 
1.6390551075859159 1.2707784174357657 2.100596363871215 2.8005956957703178 3.5038443045801113 4.204053637740945 
1.6625908952930095 1.2881936972741164 2.1008642994079163 2.7994894725308077 3.5024527826660767 4.204256707522888 
0.0012790691487305494 3.023811536211557 2.1005402557907367 2.8006127908578584 3.5023313327084478 4.204132073085662 
0.0283134454977505 1.2460168084842964 2.0992822318139743 2.8005366251205133 3.5041592514086726 4.201018235675837 
0.011848520588935485 0.06530748932592434 2.1004123646015143 2.8005243632895835 3.5033555036995554 4.203822877928967 
1.6570997435432058 2.8796090902917566 2.100847615026254 2.8012484186581887 3.502433426551558 4.205185751144423 
1.6390486355993363 1.324049207587809 2.100862640041705 2.8012648868158836 3.501956350463499 4.204076563403002 
1.6775713723609738 2.93997422070323 2.0993747426249096 2.8010534904574045 3.5033761248918527 4.203479661606234 
0.009253565356125315 1.4032941468985554 2.0993696678858758 2.8005626442419063 3.502792294397875 4.200918169581769 
1.754264546845822 2.767768554068188 2.099671859891827 2.8005675627708304 3.5021850006009054 4.204075535414931 
0.018853762286293207 0.22117937657874465 2.099509883149238 2.8005598084146612 3.502768449170008 4.2077910263010105 
1.6187425191419182 3.0760769121903735 2.1004484419104723 2.800475250313451 3.503920225621835 4.203894154699344 
0.028330099140831146 2.9237616717828767 2.099282168202664 2.799322877281905 3.5041105876218084 4.204028171748157 
0.2321505815815631 1.0058395125850335 2.0995162771299647 2.801297015723367 3.502027286550803 4.203811131057001 
1.2304984826720942 3.6992634542235745 2.1004586004781474 2.800539217214322 3.5023321695679996 4.204039719111451 
1.2997179969057087 0.4385800244819182 2.0994379465244135 2.8012863970622126 3.5033631334842124 4.207668669988954 
0.09661961052655148 2.7828465983175867 2.099549786506631 2.800841533172602 3.502204984757722 4.20402623428496 
0.06427888271507189 0.001008913048437976 2.1004817737367727 2.80053646932901 3.5033555036995554 4.204035421449883 
1.6243819521392815 1.356091533347759 2.1009277297024047 2.8005058426520475 3.503276530817048 4.203954420127892 
0.021005974303690556 1.324049207587809 2.100943774469928 2.8012648868158836 3.5041105315282843 4.204076563403002 
1.6529741917694312 2.96025977654445 2.1009059993974413 2.8012882290070924 3.5033766798754455 4.203988879350268 
