1.8329753135731697 2.7552033823670756 2.098925044465011 2.802872616938552 3.50495038858624 4.1972977426425295 
0.003427611621103055 7.494440307787009E-7 2.10292015138011 2.8034433565883776 3.5046073498832238 4.19688000470164 
0.003427611621103055 7.494440307787009E-7 2.10292015138011 2.8034433565883776 3.5046073498832238 4.19688000470164 
1.8329753135731697 2.7552033823670756 2.098925044465011 2.802872616938552 3.50495038858624 4.1972977426425295 
1.7563632453716829 2.64012831506228 2.0987381559138507 2.802739800368207 3.5213640515557754 4.2244682092350265 
1.7845943288175785 1.2574848487070736 2.0988217613370317 2.8028523172024573 3.5189058642523263 4.224259099868139 
0.07364922292324172 3.093932696773066 2.1008420037289013 2.802786876141408 3.519037875604086 4.2215649076241615 
1.76960396069678 0.973627421343922 2.1011667978885984 2.802396511478602 3.5218535128280255 4.2262363091231405 
0.16637407135349438 1.3442322705889669 2.0989591197287725 2.8031959816165575 3.5187698655143644 4.221490842325981 
0.01788456404453242 2.8037498883126366 2.1008410610080612 2.802786876141408 3.517376894503778 4.221481432137904 
0.14279634732852142 2.7064914150598893 2.0988304485787577 2.8027754912217437 3.5216118829285024 4.224258703666589 
0.08701057116192262 0.162971332155188 2.098943783501662 2.8031739891175005 3.5049493041316886 4.196784341181054 
1.6483890258774314 2.8729983033856046 2.0988497490691302 2.8031909946459095 3.5217349547069294 4.226338566460328 
1.7754043748124446 1.0752805427673426 2.0988036741850142 2.8027103110804608 3.518659985937458 4.221534512466128 
1.714384972887935 1.2181277022110795 2.0987480649162795 2.802787057596967 3.504293822844381 4.226615998156326 
0.16319197409683492 1.0117797085211424 2.098948739820238 2.8034395617978394 3.5206911638801874 4.224159818471217 
0.07862148364078492 2.8006249394011156 2.098830868703764 2.8028522779514846 3.5187214752743703 4.221362749386134 
0.07776980453121196 2.9757023281064874 2.098712728923929 2.8033928994658734 3.518657363930333 4.223639301475431 
0.14703981369775476 2.8038462507431965 2.10084158171207 2.802783345703388 3.5188021373768077 4.221578114887803 
1.814838923663181 2.7439588888314947 2.098739204965748 2.802742293460254 3.518870292775163 4.224332226220468 
0.17515392069725372 1.0598138994029336 2.098827688985325 2.803358861082653 3.5042918803809835 4.196792455763466 
0.008517393553811248 1.0231830695332667 2.1008410610080612 2.802786876141408 3.5174677349311323 4.221481432137904 
1.7994056103388805 2.740567002811053 2.0988036596682096 2.7902822782581693 3.5185180151260433 4.2263090158047945 
1.7112389688414407 2.7817019363018387 2.0987102530456028 2.8033937869747083 3.5187154501445512 4.223630700323669 
1.6629352798751444 1.2182116179742004 2.100966379752703 2.803323422102828 3.520977110110312 4.2236258771679625 
0.0728467480124878 1.024741407441947 2.1009464885986957 2.8027682609458617 3.521707630927412 4.224324084738209 
1.8329753135731697 2.6119144064417057 2.098925044465011 2.802872616938552 3.50495038858624 4.1972977426425295 
0.13156065634200986 2.625372924241543 2.0988291677045456 2.8027870216906208 3.521809196295917 4.22647358545683 
0.0013451897548343306 1.1083358031176038 2.098963869945019 2.8028535907690886 3.5217594875677785 4.226337954155865 
0.07862148364078492 2.7491911265141327 2.098803065712714 2.8028414542520954 3.5194718502115667 4.224258982594065 
1.7196178881341784 2.8729983033856046 2.098959215720668 2.8031909946459095 3.521766110872906 4.226338566460328 
0.09297471261886328 1.0453435054618079 2.100987936484542 2.803361978940216 3.5189230633937574 4.225227190787776 
1.8267507560229006 1.080827433779657 2.098779249826602 2.8034221660668313 3.521568269048205 4.2243213933533355 
1.8329753135731697 2.5975650305001947 2.098925044465011 2.8033702277167083 3.50495038858624 4.196791614523264 
0.008465403898155921 1.0454407691988437 2.0986789959070515 2.8033679890687107 3.521523287138185 4.224666733952011 
0.054841170136676554 1.0265186586661936 2.0988201066828855 2.8034288492167114 3.5215215654306187 4.224357393829802 
1.8571018760830451 0.8746161717791925 2.101168592546945 2.8033553427759648 3.5216267651596858 4.224265564571982 
1.8329753135731697 2.575027137181075 2.098925044465011 2.8033702277167083 3.50495038858624 4.196791614523264 
0.1113406796213674 2.8045797552126204 2.098708642181189 2.8027870216906208 3.521809196295917 4.221426438849097 
1.8463898019932183 2.637212911114889 2.098825570202089 2.8027664008868975 3.5213600239624427 4.224924306074882 
1.665446083295092 1.2288494418432723 2.0986659020459357 2.8034198285654517 3.522310097292584 4.22661457512178 
0.19369176425189083 1.0546516789406966 2.0988302929986293 2.803358861082653 3.5042918803809835 4.196792455763466 
1.8352592376982568 2.616752182539078 2.0989521838533687 2.8028522779514846 3.5188020615226496 4.224157727356729 
0.1264074457686233 1.2495244015169957 2.1008410610080612 2.8027868883248597 3.5190240779513315 4.221567884903118 
1.769408472030603 2.64012831506228 2.0988255378211584 2.803361695272342 3.5046003657716143 4.198142192827519 
0.08571139664924615 2.7064914150598893 2.0988227733948364 2.8027737505170376 3.50528478812995 4.196781723283552 
0.13151827218824097 2.747448555467349 2.098821721885218 2.8028555735872627 3.518977000317024 4.224339475829541 
1.923130354224437 2.4033819652803228 2.0989103128172037 2.8027241646572443 3.517385827411308 4.221575349881065 
1.6643865903754673 1.1992108682371359 2.098866977738156 2.8034198285654517 3.5223396821415274 4.226681100880832 
1.77291429142118 1.2275955433229657 2.098774526861218 2.8028543658912923 3.5189058642523263 4.2242235576823655 
1.7361146914901742 1.0421219200347394 2.0989660772150476 2.8027365532716764 3.5217252089950386 4.226887846127424 
1.8329753135731697 2.5255006026668174 2.098925044465011 2.8033702277167083 3.50495038858624 4.196791614523264 
1.6601905672353576 1.229628370127541 2.098867327395222 2.8033702277167083 3.505728999652773 4.197438257964158 
1.851600034247598 1.0045529934439217 2.098732063915929 2.8034410049672966 3.520653063601331 4.224132423420522 
1.833340420219618 2.525252647398618 2.098925044465011 2.8033702277167083 3.504958815868787 4.196791614523264 
1.7386905124885792 2.7340201742742476 2.10292015138011 2.8034433565883776 3.48935831354549 4.22417279177238 
1.6643865903754673 1.1992108682371359 2.098866977738156 2.8034198285654517 3.5223396821415274 4.226681100880832 
0.10998388631609612 2.9757023281064874 2.0989245391672777 2.8033700943736815 3.5048721444026927 4.223639301475431 
1.714384972887935 1.3012779829004026 2.0987480649162795 2.8034337228684296 3.4895283565286057 4.22434155155733 
1.7701866027558608 1.0615320963737704 2.098595551682879 2.8027561886828654 3.491009308178874 4.22140898681742 
1.85805588353564 0.8578300295760487 2.101168592546945 2.8033553427759648 3.5216246628175516 4.22493532322498 
1.7052733046762831 1.199200171105757 2.0987479988559534 2.803220781566731 3.52285985691635 4.226681100880832 
1.7112389688414407 2.9757023281064874 2.098712728923929 2.8033928994658734 3.5186574233387744 4.223639301475431 
0.2670567222016085 2.399830622770607 2.1010738140681506 2.8033679996618046 3.4897784443172526 4.2240983064808 
1.7789252558583115 1.010089520710665 2.0988112596545436 2.8033789105399527 3.521737548386025 4.184957908558943 
1.7750385492522316 1.2574848487070736 2.098727114907402 2.8028523172024573 3.5189058642523263 4.224259099868139 
1.7947484856902602 1.0752805427673426 2.0988605102547595 2.8027546600707134 3.518725014757797 4.2213945275023175 
1.848375832082438 2.5255006026668174 2.098925044465011 2.8033702277167083 3.504839036567865 4.196791614523264 
1.726930472632235 2.803245376381663 2.098708642181189 2.802857574740471 3.5219132672462603 4.226451468354972 
0.13632359780480155 1.0217252545210311 2.101001558337342 2.802776334252777 3.5188194398265056 4.188511111361893 
0.16637407135349438 1.2597006874395371 2.0987871756895324 2.8031879529128614 3.518810957594861 4.221441639190994 
0.1549570143082683 2.739605667607836 2.0988627049309354 2.803157338886158 3.5099118006169747 4.226333078428776 
0.12480860132165295 1.010089520710665 2.0988497756423086 2.8034297090272036 3.5217344466431606 4.225040637542911 
0.13410644584002301 2.803245376381663 2.0988295751721022 2.8027870216906208 3.521809196295917 4.22647358545683 
0.13410644584002301 2.803245376381663 2.0988295751721022 2.8027870216906208 3.521809196295917 4.22647358545683 
0.13632359780480155 1.0217252545210311 2.101001558337342 2.802776334252777 3.5188194398265056 4.188511111361893 
0.03610303418935057 2.8488545723602186 2.1009667241062573 2.8033418341523535 3.518724201724267 4.221481942893955 
0.06563616373283432 2.8094079053054433 2.10084158171207 2.802783345703388 3.517376894503778 4.221481432137904 
1.8491732836794155 1.0045529934439217 2.0989569368106444 2.8034410049672966 3.520695046820112 4.224132423420522 
1.784363709972799 1.024741407441947 2.1009464885986957 2.8027764012571073 3.521707630927412 4.224324084738209 
1.7701866027558608 2.691393374782584 2.100902754277841 2.8033660633162545 3.5216687388313903 4.2242966644541475 
0.11617664332195898 2.7188455451771376 2.1009620642094173 2.8033445788708446 3.518724201724267 4.223886715458583 
0.1549570143082683 2.739605667607836 2.0988627049309354 2.803157338886158 3.5099118006169747 4.226333078428776 
1.7553739914316806 2.7064914150598893 2.098811469953336 2.8027765050459736 3.521632042043404 4.22720397645077 
0.01785875700583642 0.06936347340337412 2.0989419723341363 2.8027668548492612 3.504363635618308 4.19688000470164 
1.8456716228646348 0.9889433211924555 2.098740087842101 2.8033930658369144 3.5209126886263227 4.223630689755403 
0.2670567222016085 2.6347660225372946 2.0986649104215407 2.8033587619679627 3.52116850321444 4.224227197298284 
0.03674114179315202 2.7926966307631775 2.1008410610080612 2.8028574813947342 3.5187961446263194 4.224289418066394 
0.01785875700583642 0.06936347340337412 2.0989419723341363 2.8027668548492612 3.504363635618308 4.19688000470164 
0.1707892439831027 1.1989387909480458 2.098746642381931 2.8034157365834975 3.5218022950143264 4.226637122696138 
1.8261393268441295 2.5255006026668174 2.098925044465011 2.8033702277167083 3.50495038858624 4.196791614523264 
0.1629753658634969 1.0018009927172744 2.098746642381931 2.8034157459920284 3.5218022950143264 4.226637122696138 
1.7750941955059891 2.7480729963791943 2.0987113870686134 2.8033937869747083 3.5187154501445512 4.223630700323669 
0.008465403898155921 1.1859729058452773 2.0986789959070515 2.8033679890687107 3.521523287138185 4.224666733952011 
1.77291429142118 1.2275955433229657 2.098774526861218 2.8028543658912923 3.5189058642523263 4.2242235576823655 
0.2196014596911649 1.035125268098054 2.0988706061520093 2.8027870216906208 3.521829441378446 4.226364059509853 
0.17528712868060223 1.0598138994029336 2.0987430603948245 2.803358861082653 3.503747178881172 4.196792455763466 
1.8313571436110005 2.6386616385895647 2.098926250274399 2.802872616938552 3.505001940044948 4.1972977426425295 
0.03397398098543179 2.8488545723602186 2.1009667241062573 2.803429222126363 3.521714841354257 4.221481908383428 
1.7701866027558608 2.6890368256689823 2.100902754277841 2.8033660633162545 3.4891916612627063 4.2242966644541475 
