1.9999999689016248 3.999999686294347 2.096380739268001 2.8092868512862785 3.510998972074929 4.19288908228583 
1.9999999689016248 3.999999686294347 2.096380739268001 2.8092868512862785 3.510998972074929 4.19288908228583 
0.0049623805477350125 1.4775323850058086E-4 2.0962129612455525 2.8092615608404734 3.504814655801781 4.20543172974222 
1.9136336043255484 3.952476503324552 2.0962068018033 2.8092866861137566 3.510669897963544 4.1924228087050555 
1.241033692782584 3.940657716314686 2.0964466247302664 2.8092933746228885 3.504956471903862 4.205999734121151 
1.1450501501859265 3.863506348609477 2.096483477176318 2.8092969294026626 3.5058352106522688 4.208007673439436 
0.4497290483606592 3.927684690620046 2.0962172789909728 2.8092846524688837 3.505561210381498 4.206607416221356 
1.2095129326781147 0.819686014510769 2.096210043240105 2.809406719805029 3.5058219870697926 4.206754988101628 
1.9304433682628188 0.6522927436847932 2.0968758114986294 2.809261272568578 3.505566895008956 4.206785370970599 
0.40890767149917095 0.8571812888961198 2.096377773223874 2.8092994691162345 3.505822445694706 4.206965172106073 
1.1380707038608089 0.5645980351106499 2.0968725807765343 2.8093153268418076 3.5055169096321226 4.207726732060544 
1.152244881611421 3.8786087749514184 2.0962104050508445 2.809261833404063 3.5055667797179138 4.206997945059102 
1.1627859866494707 3.8816509649657442 2.0958099220762962 2.809755101059608 3.5058218555030654 4.20694901468611 
0.3251026709594149 0.5337433677943607 2.096846596313938 2.8100322879991655 3.5058568809220616 4.206859968733681 
1.8987037553115313 3.992718747875981 2.0967420844076683 2.8093848175681853 3.5107640970734817 4.192693254966589 
0.16973840421580924 0.7851430788547671 2.096224791625695 2.8092916042102436 3.5048824860423506 4.205439284562764 
0.1654790791542289 1.5405614336083673E-4 2.0962205798653852 2.8092617365485535 3.504882710183512 4.205398452822092 
0.37600194097185596 3.889154254562491 2.0963590756680968 2.809390884428587 3.5111378844387633 4.216114442976399 
0.3785069120043318 3.9310114533356275 2.096525234279096 2.80927490502279 3.5055629203554024 4.206609620215164 
1.192906916567727 3.8587108084994726 2.096402879350349 2.809299417072258 3.510770719249301 4.192887896109851 
1.973173531789652 0.7649349198336848 2.0963800284937597 2.809292688417975 3.5057604539963862 4.193127342013486 
1.9999999689016248 3.888065521735094 2.0964247253371844 2.809289359286951 3.506118991801383 4.192372851477736 
1.9405281735356519 3.999999817740969 2.096380739268001 2.8092868512862785 3.510991994727988 4.19288908228583 
1.0619109310152672 0.7344388085695723 2.096384524741003 2.809261216273402 3.504989713140926 4.205437787934683 
0.29823832008961915 0.8571812888961198 2.096377773223874 2.8092994691162345 3.505822445694706 4.206965172106073 
1.9699625677026984 3.885814423846248 2.096351337770731 2.810663268297712 3.510998192760619 4.19288908228583 
1.241033692782584 3.746234940161189 2.09623228547025 2.8092952024190683 3.504955949123701 4.205971101630513 
0.29009895525122886 0.6400433455064748 2.0957306209173145 2.809738253412086 3.505740237806582 4.206834896480744 
1.1689272344549937 0.6487278698981083 2.09575010949615 2.810072326858784 3.5058485266214214 4.205646646997105 
1.9999986442924613 3.9514418326912826 2.096411947896154 2.8092868512862785 3.511003533459547 4.192781018048736 
0.048400001367190054 0.019407981865988244 2.096429201625511 2.809259908752374 3.5048874551140448 4.205427085312729 
1.2351589495196713 3.8786087749514184 2.0962030021404052 2.8093198826670456 3.505557176056184 4.2070117843447195 
1.999999999970295 3.8626444286936326 2.096380739268001 2.8092868512862785 3.5109961906816167 4.190614409724428 
1.239498554020122 0.6644135555792214 2.096435268071998 2.809285715099463 3.511003533459547 4.192781018048736 
1.9415912763726477 3.9310862734211574 2.095592851453802 2.8092885867392963 3.505614959186299 4.206609620215164 
0.3353246160485341 0.6561534812170428 2.0972007262683876 2.810100909952328 3.505783649914855 4.207953703642748 
1.218994022368907 0.5645980351106499 2.096872097195484 2.8093153268418076 3.506018234536274 4.206810038339172 
1.210463196836623 3.846476842096954 2.096207494236664 2.809261833404063 3.5057769960823104 4.206997945059102 
0.2999765279051557 3.940819373404279 2.0962176269994743 2.809292880583089 3.50554859220089 4.205978234072861 
1.9539789334526159 3.9275820105463994 2.0967432831910826 2.809288340608795 3.5056347716249254 4.19288908228583 
1.9998116588407282 0.6683927247646305 2.095326870145663 2.8094023394374528 3.50533997701488 4.2159784721643865 
1.9686503505427964 3.862710028225105 2.096439102920201 2.809255995478497 3.5055562099471476 4.194158395634328 
0.22389685973297968 0.6400433455064748 2.096202150472616 2.80930417048765 3.5111134392944483 4.209805698170849 
0.19187622099708268 0.6561534812170428 2.09575010949615 2.8100387341785886 3.5057659247933075 4.206859968733681 
0.31619222105285427 0.8571812888961198 2.096212890185248 2.8092994691162345 3.505821988203278 4.206965172106073 
1.1460601245102888 3.867904786040083 2.096481742315735 2.809279359267046 3.511542389535203 4.191310847187927 
1.1734051223941844 3.934599772285889 2.0968777058223917 2.8094163530167147 3.5058371949088842 4.2055769145900035 
0.39248063928016386 0.5206989804114686 2.096474540510733 2.8092869102222573 3.505835771430909 4.2079962538719515 
1.9209298497229095 0.716281205443398 2.0958099220762962 2.8093678655202567 3.5057780102088003 4.206728871438185 
1.8559923570143173 0.8643587983060554 2.09575208282312 2.809298770555347 3.505765388332923 4.2068239434359915 
1.1113329398087952 0.7420139510005153 2.0967437900596897 2.810135446887799 3.562947796532587 4.192669663375164 
1.9999999689016248 3.9103269959111047 2.096411947896154 2.809286947970808 3.5057995492126994 4.207471251064592 
1.2228900701650505 3.934599772285889 2.0968777058223917 2.8094163530167147 3.5058371949088842 4.2055769145900035 
1.150830058615404 0.6407581743229414 2.096868151564377 2.809261272568578 3.505548663828611 4.206785370970599 
0.3152205401502698 0.621252084671013 2.0967335153377427 2.8092831766416215 3.5060453970730725 4.207735213242912 
1.9995236527126663 0.621252084671013 2.095464321189993 2.8092831766416215 3.511165915839029 4.192834813145925 
1.150830058615404 0.7297479778727531 2.0968732292258934 2.809261297343203 3.505577577842632 4.207533387287254 
1.1945797956191542 3.9335407539461853 2.0968777058223917 2.809427742168768 3.5058371949088842 4.2055769145900035 
0.406044530285019 3.941121181349303 2.096377773223874 2.8093195693129207 3.505010697867099 4.206965172106073 
1.2194980089986893 3.862710028225105 2.096439102920201 2.809385826945619 3.5049606940542337 4.19324861638885 
1.1196026878705296 0.6561534812170428 2.096872537011393 2.810100909952328 3.505513105990364 4.206817227465263 
1.2278923366789984 0.5645980351106499 2.096872097195484 2.8093153268418076 3.506018234536274 4.206810038339172 
0.37118352942457356 3.889154254562491 2.096355107440388 2.8093914130734863 3.511350660908424 4.207581739900804 
1.1380707038608089 0.6401098891409917 2.0968725807765343 2.8092595792315858 3.5055169096321226 4.207726732060544 
0.3786279100764145 0.7649349198336848 2.0963982089096613 2.809292688417975 3.505984147013211 4.20695609116752 
1.9938409952775933 3.862710028225105 2.095440320980316 2.809385826945619 3.5114967086113444 4.192836984808496 
1.143423120390478 3.8816509649657442 2.0958099220762962 2.7936916365806086 3.5058218555030654 4.20694901468611 
1.8559923570143173 0.8607993669916169 2.09575208282312 2.809287158375577 3.505765388332923 4.210408436719625 
1.2095129326781147 0.6833665242730884 2.0968487095370394 2.809288384925847 3.5058254260789945 4.206907847628522 
1.1902226249369297 0.49591302892081857 2.0968643742294355 2.8097101903119226 3.5055502524899573 4.206907415460882 
1.9963826809020755 0.6176493537669242 2.0964690637747454 2.8092831766416215 3.504625679131547 4.192837700265196 
0.2999765279051557 3.9378677997088287 2.0963349880045685 2.809292880583089 3.50554859220089 4.205978234072861 
1.152244881611421 0.61661899517899 2.0964415776330276 2.8092891298283416 3.5055735996005426 4.206955062867384 
1.9665713042020658 0.6683927247646305 2.0953229019179545 2.8094060090455124 3.5055527534845408 4.206897573827315 
1.2487956617275593 0.554032355143041 2.0962450520502323 2.8092952024190683 3.504985658349583 4.205989162776273 
0.35824056350925665 3.808381049002507 2.0968725807765343 2.809387371214871 3.5055169096321226 4.199531532618975 
1.20985835861481 0.6815883858603956 2.0968487095370394 2.809286377524976 3.5058254260789945 4.205638665510321 
0.42614222974535243 0.5337433677943607 2.0968452978920795 2.8100366683735154 3.5057659247933075 4.206859968733681 
1.9979984504827555 3.9716741050683875 2.0962068018033 2.8092866941335055 3.510652000041528 4.1923749919425894 
0.32554947626777275 3.908059243436857 2.0964317881262953 2.8093156288970818 3.506009958679186 4.206786272111211 
0.1962847727226048 0.9718073691124715 2.09575010949615 2.8105670424495837 3.5058307875890735 4.20585491166151 
1.2383754782537812 3.886024955179357 2.096333511368117 2.809319811406816 3.505001504561952 4.206263663371813 
1.9543950083129085 3.9514418326912826 2.096411947896154 2.8092868512862785 3.5110583974436893 4.192781018048736 
1.9997832470515688 3.810094819523775 2.095440320980316 2.8093854175043327 3.511499490004656 4.192914158844082 
0.21374467312744155 0.9805348530967286 2.0965023260407403 2.809299211479065 3.5055516537751976 4.206868598644923 
1.9618975657698376 0.6683927247646305 2.095326870145663 2.8094054804006134 3.50533997701488 4.21543027690291 
1.9998603792704353 0.6683927247646305 2.095326870145663 2.8094023394374528 3.50533997701488 4.2159784721643865 
1.3369554951590912 0.2843260028933124 2.0967993798146773 2.809618269025711 3.5058758055169665 4.241254588759931 
0.18430993383425787 0.9077310424598708 2.0962257713455066 2.8100387341785886 3.505764843978655 4.205990360654714 
0.3970586895914019 0.7649349198336848 2.0963982089096613 2.809292688417975 3.5057604539963862 4.20695609116752 
1.1942414693562404 0.6828357089665217 2.0964690637747454 2.8092831766416215 3.5058444080776248 4.1931404398017404 
1.977521399823627 3.8786087749514184 2.0962104050508445 2.809261833404063 3.5053588372436724 4.206997945059102 
1.1494819131978455 3.9223315347370034 2.0968727963272773 2.809406719805029 3.5058219870697926 4.206904993056057 
1.199894735650352 3.8786087749514184 2.0962104050508445 2.8092845976421357 3.5050747011297014 4.207554503361029 
1.830921207374922 0.8607993669916169 2.09575208282312 2.809287158375577 3.505765388332923 4.2103736897147614 
1.9938409952775933 3.862710028225105 2.095440320980316 2.809385826945619 3.5114967086113444 4.192836984808496 
0.406044530285019 3.9675223468465823 2.096377773223874 2.8093195693129207 3.5050114472402876 4.206965172106073 
0.19187622099708268 0.6684560442059179 2.09575010949615 2.8100754353959205 3.5057659247933075 4.2068971887436275 
1.9971658209320582 3.9255245164858947 2.096464397713491 2.8093889898548743 3.5050839430230467 4.192836984808496 
1.143423120390478 3.8816509649657442 2.0958099220762962 2.7936916365806086 3.5058218555030654 4.20694901468611 
