0.017490361761517415
0.016191557283609825
0.012679268242664465
0.01688965292930389
0.01787347951528956
0.012532691787450735
0.015498459194376646
0.012142666487916953
0.011611236675966752
0.01703903624694958
0.00990949897766813
0.009704299826599469
0.009806272195798882
0.013925765483260744
0.01203704477254064
0.018788913439904742
0.012044870848837874
0.014296053801422681
0.015854175702685047
0.01771192565293922
0.014388939745442132
0.010779078101572664
0.01029757493257133
0.015014479770232958
0.013147071949310196
0.012453971422565768
0.013761996412105626
0.014443153984578516
0.013310252652036059
0.013032880608564057
