0.9985086722670751 0.00745197062822724 
2.120538985553299E-17 1.017727560114738 
0.8262486341639825 0.10095816411270715 
0.7899929977785374 0.1198048564853543 
0.89386513217306 0.06203018599168014 
0.5365571561443925 0.2801567114194357 
0.7317318989093411 0.1546394341343353 
0.3656609757476189 0.4069836491564957 
0.022365002947903723 0.863800978147332 
0.6026821258329171 0.23589659855758027 
0.24683400388555132 0.5139025738444067 
0.20439477506664278 0.5599768879586468 
0.3264911694370224 0.43956299111846264 
0.2829887576797822 0.4792538726134165 
0.31400652909499704 0.45181364445171485 
7.5199672659787E-4 0.98997879685019 
0.2627826923402965 0.5018869386334037 
0.3417148619476484 0.42797679117465565 
0.9205413905557149 0.05012901346961736 
0.12703120936936496 0.6562147977284815 
0.4594568629104588 0.3341358034969798 
0.7515765003243952 0.14127202503092368 
0.9834202632728684 0.017978165589405546 
0.6306116736706143 0.21416724536887438 
0.3514540821749824 0.41574569190910887 
0.5148059735321275 0.29380404922875464 
0.6470977858457311 0.20897097287259228 
0.8393946906288382 0.09343466935987503 
0.039942483123026284 0.813163852635324 
0.5488203713414355 0.2687177171023922 
0.2728392035538573 0.4905085965980922 
0.4849759284048372 0.3178588254987614 
0.6783684294432388 0.18555160365363932 
0.4729529704693689 0.3282592018648183 
0.06002321355706189 0.7693642302708239 
0.014311747325180035 0.8977686503944424 
0.22415461571226286 0.5408130157944956 
0.10190915246454949 0.697934825516419 
0.010043300292176788 0.9168600642084611 
0.11164472919098285 0.6747548875259544 
0.006968783249294536 0.9310138330119867 
0.5815202222042619 0.2482362534688873 
0.07300225577474022 0.7392901483043192 
0.2128913610826113 0.5501244750083982 
0.0323923343496971 0.8379914692548299 
0.4200944601673119 0.3666375474914446 
0.390796727668009 0.3883399709826073 
0.8711754835998388 0.07532438268523546 
0.13898339350617206 0.6422243808564956 
0.8796111031075319 0.07011834712321306 
0.38360267986681407 0.39259232767905533 
0.9653957963532003 0.02365732398419909 
0.08812169336560771 0.7184295421426369 
0.17062505404540323 0.6020107320549197 
0.4077281547705807 0.3756863743870594 
0.1881865377723251 0.5774178550636496 
0.0822162974603281 0.7265588893090796 
0.004414504127529001 0.9514040365649338 
0.716769098672622 0.16414444205550505 
0.663116905418913 0.19248965631595627 
0.9599425513609381 0.030302139737957024 
0.2993345333694667 0.4664086084821468 
0.6919944313114805 0.17959280485546716 
0.6594871194823564 0.1996893094188976 
0.4452401452128518 0.3469868089792177 
0.03302654726931495 0.835556616715979 
0.49825703067083466 0.3116001491855966 
0.9258112319451798 0.045929728475881136 
0.16026879048250597 0.6144518702214732 
0.300999001537377 0.4645268592367915 
0.6174003258713964 0.22504406729258944 
0.2361077548698975 0.5272951723330449 
0.14979238655698823 0.6289943160932654 
0.5664841762695895 0.26033003820066153 
0.8534639179531969 0.0809064123909043 
0.18337006132079012 0.5887926382390838 
0.7612290968824029 0.1377181076553093 
0.5785573224535743 0.25152781124837176 
0.4322378497714482 0.35606131591564727 
0.9403519885232539 0.03983347963389762 
0.8531027775748752 0.08477189301826346 
0.002007994373429675 0.9695910292414243 
0.5636916805590354 0.2644044001866365 
0.5008218155945994 0.3023035619925394 
0.17497928307350963 0.593455728429304 
0.13294531283671973 0.6485408152853819 
0.996366626874908 0.008501874817911906 
0.6164870661310808 0.22924452451896465 
0.23413134682851666 0.5300894954781332 
0.06868321308128192 0.7551875192462755 
0.7852520342699292 0.12391669111969601 
0.7751073142140419 0.12882947742632092 
0.710951747301308 0.16708817674258747 
0.018794188478748197 0.8790588281490596 
0.0476777949744277 0.797656042174 
0.05486925494838868 0.7831011064298502 
0.01652407583888399 0.8817899412995126 
0.9450782391146226 0.036313179311690376 
0.7707836977715353 0.1333484972893359 
0.5115204047812185 0.29884826518545937 
