0.9995279671174004 0.005747855149702701 
1.0152650671848273E-17 1.0101786654352234 
0.6763116855863218 0.17871054832721486 
0.7085381894705484 0.1639455993676316 
0.6239003610615736 0.2165253105266562 
0.33231182269079945 0.4255640333562551 
0.22070408393201807 0.5376052025893051 
0.004967265644530705 0.9398565562243066 
0.9241656425201492 0.04384742310729868 
0.20388225454433556 0.5567617672489545 
0.2731086267236672 0.4851626530366529 
0.8406079389352774 0.08837010457745197 
0.07517765160999461 0.7344238286414461 
0.3518309418324475 0.40857456857526236 
0.0012925921716820284 0.9741246315159914 
0.860594258269291 0.07746651309517215 
0.6444651757470419 0.20320906932636992 
0.30046065680524814 0.4591518915418376 
0.47321788812598914 0.3184769646117834 
0.8736686088411078 0.07085898476657046 
0.007083893095735094 0.925483628626813 
0.9027331308890847 0.0550076098907141 
0.44165917168779445 0.3422678921395127 
0.9644566312109306 0.023247370234344568 
0.4072036243830577 0.3691480995121234 
0.029486128100029818 0.8376870492627689 
0.8925579133861882 0.06032895212727255 
0.11533289012681897 0.668519302671314 
0.14738434235390457 0.6241284972830728 
0.06359439117957673 0.7567374748543857 
0.31457828930553156 0.44648014925641144 
0.48589762880452514 0.30968111042862134 
0.4211741418139471 0.35810804179803507 
0.826304645867542 0.09628130181380601 
0.8132402516234094 0.10301097614510223 
0.6659455052763589 0.1898085313574957 
0.13922385068788523 0.6354949883180296 
0.606422251650687 0.22733165165109046 
0.9780088266906923 0.01655516116094452 
0.3959796777193393 0.37809023947288545 
0.7658260282553455 0.1304141487469252 
0.10356440568181902 0.6861812553121643 
0.01240058857316019 0.8982855890008039 
0.32330008344824096 0.43908478235252296 
0.049382438507597215 0.7871161405104461 
0.023223534467569418 0.8574736235887744 
0.5396178769971796 0.271950601911733 
0.5910997856626701 0.237546715308987 
0.095899526186984 0.6986384972093381 
0.3854401608598914 0.38678770056023276 
0.15808730310349475 0.6106827462816308 
0.4308857353438089 0.3506875139629069 
0.24952802559098342 0.5018349589916803 
0.08235239448715215 0.7223797177342088 
0.12933546800097895 0.6483826468712843 
0.4948549144707025 0.29770800422245647 
0.6543272064299411 0.19745762040266748 
0.19538966528697949 0.566271470613735 
0.528918066870856 0.27909392239392045 
0.2388197493655579 0.5123729245183054 
0.016246248701209415 0.8818546954669249 
0.9381766859058674 0.03646656441024271 
0.7344537593885011 0.14910635064954544 
5.814793406619806E-4 0.9862038610513474 
0.02045611521342741 0.8661929901335201 
0.7516381487738832 0.13405438940026015 
0.5774421641345261 0.24701599222459764 
0.7794705087018268 0.12270835787462003 
0.28778472493999463 0.4707169410212852 
0.18777557080729979 0.5749954704345458 
0.9906317769121881 0.00969703869595656 
0.16908121573331888 0.5967284794953593 
0.8002723497579414 0.11111146385849316 
0.3756111811159038 0.39438337383646505 
0.03453610162686627 0.8235454712624386 
0.45752744531314693 0.330432466998326 
0.45731198564081416 0.3308590795535538 
0.5620550277575848 0.2564081906229291 
0.9478634338516929 0.031604795958137456 
0.5190683420765422 0.2856629185682592 
0.5514078991851753 0.2644579278246168 
0.3636369509598196 0.404298055155958 
0.17692857611224494 0.5876035047731961 
0.04340295353925011 0.8010482193251045 
0.5965012784431388 0.22897716397961043 
0.26056036731088916 0.4968775090734051 
0.7208031642828788 0.15685633849605315 
0.03699538120934792 0.8166413915493541 
0.16355611341123044 0.603775186476547 
0.57224943551712 0.24966834506942662 
0.7854103951100861 0.11914791067884456 
3.811962428230953E-5 1.0045328329012058 
0.28856603446888374 0.4699480556682888 
0.060397142808443605 0.7628299290663294 
0.1812717768753972 0.5824424773654479 
0.7955261074759704 0.1139948207500876 
0.13014821572249496 0.647506279883032 
0.23064231797494067 0.5277280478657969 
0.041656612291045836 0.8056205811520994 
0.36917472609311885 0.3992256742731997 
