0.9985424690569918 0.0033019830322799514 
0.0 1.0053794780555165 
0.009655085944994313 0.9126584737461528 
0.4206361670338447 0.357761226912547 
0.019884506713983143 0.8660871238174731 
0.309977135538721 0.4492517857428689 
0.08758158177490358 0.7107035650887302 
0.4429228766171481 0.3393171441696355 
0.12766332781420467 0.649320777672395 
0.5770917654710939 0.2477341762153874 
0.8657521242946108 0.0746881811697765 
0.14207130123743572 0.6287806172987723 
0.9459235745083295 0.03191579098237356 
0.10213847557255121 0.6907030789930972 
0.2910561242192725 0.46680925812579616 
0.7366830374874884 0.1453425291612878 
0.35692015334567484 0.407570718269428 
0.8847395618172085 0.06361147796916403 
0.40158047623052484 0.3712226271636228 
0.589363138230831 0.23764797326490977 
0.5575093768596436 0.2599072422291285 
0.10757404766308432 0.6800078327141936 
0.7920168177784453 0.11419862096386642 
0.20862278499630998 0.5512653556520727 
0.006380902159659224 0.9299353195825932 
0.6611910808652798 0.19206072152908943 
0.07245613454449332 0.7368069091405837 
0.9854462890708715 0.011095742759031635 
0.03466685839027314 0.8211763433698758 
0.19768177641342405 0.5627518186031396 
0.07885513314030171 0.7270481653882165 
0.2289546833570288 0.5311759006877119 
0.21732370944042095 0.5390746053043171 
0.04074856674987265 0.8029623710284077 
0.9199785067183479 0.04434219714064949 
0.9708260821371647 0.018889521630088557 
0.7503920391030484 0.13795307681668362 
0.0032784139145562163 0.9494439865254466 
0.8499210888537058 0.0822622919145862 
0.0644791236017005 0.7543148043664479 
0.4671666733492478 0.3231046744285343 
0.26869480338011675 0.48731005729327354 
0.9069254352749094 0.05376572878252759 
0.053102783999993575 0.7783855899815515 
0.37054998411781315 0.39890109871623297 
0.1582007479417695 0.6064512531425162 
0.47876245169593223 0.3143290453882412 
0.811550682113858 0.10477076843183684 
0.3364456986686202 0.42730986173477414 
0.7623073568302469 0.1311672434804581 
0.2395810433412479 0.5201617172741696 
0.030587986103487674 0.8340729274315891 
0.5025934618066938 0.2970487000828317 
0.3951870125700429 0.37858658834576653 
0.002126178731355677 0.9653914688657357 
0.24417117650825237 0.512259303781068 
0.6043150783524794 0.22986764691874575 
0.5169267398146269 0.2876328116558892 
0.7190467546397122 0.15636369729273758 
0.8954662320567903 0.05768023366541764 
0.1682497117582885 0.5960383320050571 
0.6415981836560289 0.20310026874559178 
0.698518412347932 0.17032270384235865 
0.6883572401473778 0.17568657810611554 
0.5347427184293305 0.27437385394591174 
0.522035133663544 0.2838448059166159 
0.38289695213323577 0.38615266461361847 
0.7777581402387279 0.1232152639078286 
0.7080743246121525 0.16397299900943554 
0.48723788355982117 0.30744432384388926 
0.8399831412703409 0.0878450245658834 
0.6522919404531019 0.19737134012565452 
0.8281197586272369 0.09476164038295566 
0.6173632821629994 0.21751875534338 
0.8059568677691662 0.10794483293461374 
0.25812448054816994 0.49787263809266213 
8.48657836081285E-4 0.9803225315313712 
0.2546917777041645 0.5021232621294429 
0.17774125087733636 0.5840574805558921 
0.11826204175303379 0.6632807513350525 
0.5500677671349974 0.264759497950054 
0.3426989575824891 0.4194391118820487 
0.678074481312053 0.1813968591431893 
0.025595551745458897 0.8462248368895796 
0.323911450492199 0.43933259336122543 
0.4966184965081196 0.3013116680705453 
0.6085528151986962 0.22395162354466613 
0.378164423358795 0.39263788852970666 
0.5403092208228968 0.2709669559639149 
0.3245201083627103 0.4377258402707752 
0.6332329647761283 0.21025488980700516 
0.9331019040633858 0.03982279495197798 
0.7727296946475823 0.12583477382785965 
0.11840313985392101 0.6625175663297046 
0.6263535148746862 0.21212110834196926 
0.27740078169488264 0.4791898953881844 
0.15134686332894476 0.619561937638521 
0.18888760456201378 0.5727581953905685 
0.456569492730989 0.33049009579128746 
0.45463242517282665 0.3332338655752837 
