0.9990040380045495 0.0038338179328903967 
0.0 1.00598059877575 
0.02679858929148793 0.8422176126299389 
0.8420257046982778 0.08569283088746059 
0.002989813869388569 0.9518731457290578 
0.5984430026876577 0.23025845599907974 
0.4244939397077092 0.35328021707257873 
0.3919081735777661 0.3785447982125335 
0.08958680862683288 0.7059578370694088 
0.753777040795802 0.1355587529585398 
3.996608395409884E-4 0.9873406308884052 
0.3343660428582633 0.42641787462056663 
0.18195279457949132 0.5789274827997444 
0.017958508394576772 0.8724569534565177 
0.8637172278728984 0.07396871339178057 
0.12873610805260263 0.6460013686048192 
0.5742975309925997 0.24625086851566147 
0.005948709839935229 0.9296092897513288 
0.7630841501510939 0.12993378215656945 
0.3530220876005876 0.40997850286567294 
0.8046267296019922 0.10667866321825206 
0.116430322020847 0.6637735091303532 
0.010022124270110566 0.9066563100109735 
0.31131708643451517 0.44708751326762647 
0.7268463989860982 0.15138018003173276 
0.6518974467768396 0.19730099466401266 
0.24713171125108302 0.5081443814680481 
0.3230231896579391 0.43594903801480583 
0.23677572379725464 0.5190914910946837 
0.22634552198397764 0.5293510842734197 
0.19967321329760412 0.5584252097728961 
0.6356627125743406 0.20666734903113354 
0.46199065336531553 0.3264212719144148 
0.06055956119238716 0.7597172353761235 
0.29901747384824173 0.4576156274613566 
0.16490390818445405 0.5988861703156122 
0.7146047580106969 0.1582239470443014 
0.8224411101514086 0.0967700914840798 
0.4354200865082182 0.3447801076732071 
0.9663428226224058 0.02056830448808707 
0.8883131861935285 0.060971924731113576 
0.1901045289923512 0.5693576070770128 
0.4728607339755374 0.31658715928131653 
0.7866385010749485 0.11672113868504226 
0.1098822253758629 0.6736867293746837 
0.13906267397825928 0.6330932011833418 
0.7002219859702473 0.16662461222691857 
0.2709728334649906 0.4836846735455122 
0.48308975206944604 0.30949833761126216 
0.035014663267625146 0.8189920543218308 
0.6700621288597977 0.185304126657346 
0.5217952380558037 0.28127747883042503 
0.49445848294936867 0.3022143615258469 
0.36054949091789934 0.4036251572866978 
0.6854751142900987 0.17604723799416422 
0.20940010875944534 0.5467956155275996 
0.21605179918826434 0.5403274114768388 
0.9144687179029825 0.04759961581262232 
0.5669146533975664 0.2510541965334938 
0.1454369744365248 0.6250809893993323 
0.977656519874359 0.014633448508768557 
0.1536755257690794 0.6137849738015531 
0.5031836787685389 0.2947524480900774 
0.6112847943603708 0.22196957321358463 
0.38242858910156863 0.3860748533391894 
0.07893831535471865 0.7247960423340988 
0.9885422326206579 0.009145675301608355 
0.513030274754885 0.28782563415430334 
0.5404940894195558 0.26888056434643337 
0.10069041929449243 0.6882135048352701 
0.5338371617629029 0.27368663578644176 
0.9457758138335814 0.030477130686711703 
0.9523732727708969 0.027716122021805546 
0.9053888799185551 0.05230249744203745 
0.6636780271442537 0.1897636477861235 
0.2901034433273835 0.4663025500383072 
0.06751476232225712 0.745556087170856 
0.07059644040094326 0.739976811062329 
0.25884059152214556 0.4964401046783928 
0.6261831280981425 0.21282840705442588 
0.7872667624528114 0.11637439695237024 
0.8170713317289349 0.09950096604015335 
0.013349849665183572 0.890694584031713 
0.9302538222226495 0.0385115916208819 
0.8770049651205529 0.06669358109637262 
0.2611262374789587 0.49325618630595724 
0.44710918308922803 0.3352508747802042 
0.5535820623225862 0.25952568888903343 
0.6917915240966485 0.17230218676166575 
0.28029155862031896 0.47552485890013235 
0.6181985454252296 0.21751646677367367 
0.4496662590130739 0.33457470258693417 
0.10176587363001766 0.6867520701369442 
0.04021336258241359 0.8051582211006675 
0.9318576879807104 0.037942613690846436 
0.07816433722330512 0.726815089926069 
0.05423315222462255 0.7729679238181411 
0.37224612927534695 0.3944435787680138 
0.014873146232836393 0.8843896912465082 
0.15973600753657613 0.6060094892987846 
