0.9998503899650718 0.002887637037858756 
2.5625060771319485E-17 1.0053388780824453 
3.9100648806933425E-4 0.9862777435589779 
0.32781030660631627 0.43161202090703454 
0.9752997571705029 0.015527584939038452 
0.954283608320124 0.025972268832570256 
0.005076780727023764 0.9349062797437004 
0.3025303627980217 0.4544119151151099 
0.8135599626977755 0.10171054562477444 
0.03671273799742235 0.8140526331552949 
0.17901950171390985 0.5817789165905942 
0.7908658406295861 0.11402720568176275 
0.2700261791611832 0.4847841566783948 
0.4690412376236026 0.31924356852188723 
0.49473265397915595 0.3007781670318371 
0.08804776961949151 0.7083984566847122 
0.7484446123609527 0.13825159135540385 
0.5115204434918809 0.2885079498111958 
0.6933749725770921 0.17082041370693274 
0.3650845581286615 0.40006497778021927 
0.3384718369017593 0.4234947836039418 
0.13553693803259215 0.6368337394615813 
0.02081636945385738 0.8613210328500521 
0.48374668963534073 0.30837635418360826 
0.4207163576337606 0.355357797717855 
0.07088694553812322 0.7389749726863458 
0.6368836419290236 0.20540420985016852 
0.057952936436288904 0.7649329599007852 
0.39886825260470216 0.3724582372706512 
0.2808637677407935 0.47446096090110024 
0.8924966090805795 0.0582163341096384 
0.780506197989507 0.11948049483753735 
0.9126079008681554 0.047496257678463556 
0.02644816773278086 0.8430146957398204 
0.5945769799222516 0.23238613547897793 
0.5834056978260838 0.23974281054524046 
0.09881020891697972 0.6907235213300239 
0.35238599540385457 0.41046533763282345 
0.03091304162195052 0.8297984336447887 
0.7344239053432435 0.14648759654801155 
0.41011989288039885 0.36393732605834744 
0.8251161856469601 0.09489473773565905 
0.06381269748692563 0.752319439754434 
0.6257627257744677 0.21274158544434277 
0.16199903265300797 0.6025088837998108 
0.18502628455810727 0.5745506735430363 
0.38443825314219626 0.3841068242527326 
0.6818092967131884 0.17797502121337763 
0.9940409345572452 0.0056908932963805154 
0.6523307723603282 0.19604379334084646 
0.8727051700910102 0.06904511423889961 
0.710534129869629 0.16069125265100453 
0.006512130901346974 0.9250690467391739 
0.04523133511448577 0.79267572132095 
0.5220541746830507 0.2814530950175063 
0.4347492106987749 0.3446142716891072 
0.5524564355841601 0.2606392109704296 
0.19681527328713389 0.5613801619316013 
0.440409932907064 0.3405436813557656 
0.927686853603893 0.03968248681898639 
0.8505080875463565 0.08104631423938959 
0.049946286058614064 0.7814937254764729 
0.6702246857147761 0.1849331518251987 
0.5410084574905997 0.2684533256361022 
0.29205505435486784 0.46399467700170716 
0.2424766545649899 0.5118850099005238 
0.23127101336591466 0.5235426356064816 
0.5327666779553277 0.273873405476996 
0.16173534562943126 0.6027143635559076 
0.14809770825921695 0.6200965437803211 
0.12027576617036145 0.6582555697743137 
0.9005705430304821 0.05416895018266275 
0.6090338602406417 0.22445319943009417 
0.561314778559672 0.2543866496409728 
0.014619996207152442 0.8841273316963206 
0.07922872011730714 0.7237699933591168 
0.9374288187446368 0.03500825928391365 
0.7238503103515884 0.15259986146387872 
0.016667078937417423 0.8779060248444673 
0.14783402123564027 0.6203159266483763 
0.6132087998156946 0.22031895059936216 
0.22031962877492536 0.5347826101941526 
0.8643789635338099 0.07318432232194412 
0.1034828547453801 0.6834779638463314 
0.256108979001394 0.4983379379546525 
0.4540657924760927 0.3297542455505101 
0.10955166995874191 0.6734782209149268 
0.2559319703585087 0.49843141470996954 
0.8381883546484341 0.08743592332170694 
0.7640274610289418 0.129027789969763 
0.38598683992678956 0.3828178281688373 
0.11423692038914722 0.6669007867362349 
0.21057054353673677 0.5459356405020419 
0.455825311714485 0.3284528509662658 
0.01041961958999717 0.9038269484934126 
0.763915788027357 0.1292417283678934 
0.0840846314464627 0.7230680777951349 
0.20099168507045562 0.5562426416245616 
0.010741518571513564 0.9014206269620008 
0.3589544406294048 0.4046100100086136 
