0.0 1.0092452331193584 
0.9974628171145719 0.007462879666911486 
0.0028758411269982076 0.9541312650032913 
0.09098073790073008 0.7049296629199612 
0.8040548807830772 0.10701152855100038 
0.07387911867687369 0.7350495610206315 
0.8299071619357776 0.09416438969818083 
0.3383013980124779 0.4256139568085373 
0.6718655278938955 0.1877604525252276 
0.6939605735869405 0.17277590841553475 
0.3556074484550526 0.4089456391386344 
0.8940788339928036 0.05991238266344589 
0.27052596247804017 0.48541559520522104 
0.18087604992353964 0.5808736904143694 
0.30705000276418426 0.45100603034957665 
0.04567001459816468 0.7935432835551228 
0.5140533293279067 0.2874958029525812 
0.9691823672050299 0.020535301919261652 
0.039305440459817764 0.8107665489476222 
0.023409472883406918 0.8559300603829538 
0.9127205564722463 0.04854151176229412 
0.15286384268735867 0.6156807332089396 
0.014463958970054203 0.8870717040399327 
0.9832240834433499 0.0141619495589654 
0.018145460399738522 0.8733294180472793 
0.5808398904576111 0.24258628784842914 
0.7260271452111308 0.15199589480764356 
0.41349874839376854 0.36293543569006764 
0.648220905702253 0.20156017343047333 
0.006411963591110445 0.9286706570624834 
0.060608357833106474 0.7621983422948159 
0.42530760994203753 0.3527984672429981 
0.2977106348901165 0.45960855570848 
0.6791445099261746 0.17990606034638723 
0.8643413647629375 0.07573265236948215 
0.6283020872811286 0.21353732631381867 
0.3232799748472852 0.4392832033234039 
0.2300375828291492 0.5285829134290999 
0.4690268631477957 0.3199507464509177 
0.791651127877141 0.11631771352294402 
0.14668464994959457 0.6271930205356507 
0.9482443535133028 0.030683967666945287 
0.5721278069650036 0.2507987758777509 
0.8432516533836213 0.08802973702531128 
0.21819717426310917 0.5399654108685077 
0.39965854704798953 0.37500484811676044 
0.712529373639957 0.16221648182512757 
0.28415127590501676 0.47208147052977045 
0.526886832543401 0.27865913423561317 
0.8523864371253507 0.08220522172297029 
0.384826605558249 0.38470669674388447 
0.4807057432711054 0.3121613305556768 
0.775196606390917 0.12526933269807924 
0.09979864024411739 0.6928004928173279 
0.033120347070447476 0.8252897238926888 
0.16895784500302097 0.5945789582872729 
0.61330862450699 0.2220783099210187 
0.6475753804437151 0.20158445000796515 
0.24670501033344813 0.5090154066999726 
0.4487203861892891 0.33506303371638446 
0.38085849223023793 0.3895586859333128 
0.9531996522929003 0.028420797897074836 
0.7391728421855077 0.1452933071605647 
0.16330925430188628 0.6024775275155382 
0.010293267016594512 0.9068325631568648 
0.23511515157694635 0.5209960788153387 
0.9298386207101162 0.03991472643805455 
0.5945228817137655 0.23367210963269447 
0.10763608639837147 0.6787726171860617 
0.003918222974623409 0.9448589671853599 
0.11858829465947812 0.6623926754912087 
0.02821448950492135 0.8392794701640106 
0.06624230159849082 0.7509964294985414 
0.3683969573346476 0.3996659225599853 
0.11622853946037554 0.6655155061162153 
0.8772080874215588 0.06999971112172469 
0.8827795854074534 0.06696536046168956 
0.2605168779945263 0.4972060216947788 
0.2123805442038118 0.544973642035676 
0.7614066311162658 0.1327493182176495 
0.2878824537685236 0.4690907431598423 
0.40436166949062574 0.3702603123209421 
0.4371261915599563 0.3449637551122173 
0.009308396739653887 0.9120925446815232 
0.05266589533289323 0.778807486165273 
0.5604275449185174 0.25672328364554675 
0.5011673354442671 0.2980207925359222 
0.7825850241812908 0.12088327551654678 
0.4607485436735462 0.3277808927969745 
0.1285283443176604 0.6488823614709311 
0.20233654411218782 0.5566466517716108 
0.5338752716157841 0.27382509779637915 
0.05384151746324796 0.7760490428883159 
0.19349695112321558 0.5663420932796019 
0.713985893345672 0.15911931560159645 
0.24366051595574537 0.512220924998713 
0.06967971468650103 0.7427086558399664 
0.6243025632498569 0.21533731171580095 
0.6049026487961628 0.22789443678170715 
0.5481500626894886 0.26553330952032467 
