0.9997169515807334 0.005132783411432829 
0.0 1.0097237103204293 
0.6479598355801371 0.2011794343432056 
0.5030398321571881 0.2970249951858587 
0.03216222140713243 0.8295045193142903 
0.13127084531658995 0.6462140410576044 
0.3299835337570554 0.43264743312134096 
0.19645045426443675 0.5645685804465372 
0.30670483825565176 0.4535610237342132 
0.6296195541459493 0.21248841497216625 
0.042947194060359045 0.8015302510751987 
0.7496378699930044 0.13988195218105848 
0.6705684723958748 0.1869415483828881 
0.14313095186940522 0.6294736686528317 
0.21021964952446048 0.548939686039162 
0.4787686089950788 0.31480184562777186 
0.25501990349763237 0.5026899616777761 
0.4476424759016483 0.33688465267323464 
0.3817359641692173 0.38907074549757553 
0.9821768744207782 0.014054350107229692 
0.8945973105030991 0.05929355047286664 
0.27105498698046465 0.4867720606952333 
0.8371535126832437 0.09052698403524867 
0.3702172877418116 0.3982827349748756 
0.35687289238976677 0.4094792110359196 
0.18351501634050182 0.5792427248183627 
0.5569341500026259 0.26005491249259144 
0.6990912723565073 0.16943376804402172 
0.5167956497107372 0.287238045538249 
0.006072770805811534 0.9317288321368996 
0.21994029277830823 0.5387951399321932 
0.8819522530418318 0.06603488156920206 
0.07186796965490422 0.7404736560350187 
0.10248392717654514 0.6884677856322258 
0.05333273478498343 0.7782091267874719 
0.7321857715907346 0.15001480452396232 
0.7117354880499416 0.16200035327074422 
0.806131711721484 0.10771379222525503 
0.0010406496452009528 0.9773867739382143 
0.1524770593053091 0.6179232967647221 
0.588914236419326 0.2386664231118603 
0.11009039265146853 0.6764135766230297 
0.9372803914723049 0.03695323189765043 
0.24647783386896752 0.5109557606728367 
0.01215118406965257 0.8992301987206703 
0.7645685582831605 0.13112146381557854 
0.3456813471553599 0.418989121722494 
0.7732429895275081 0.12628406053296404 
0.059726367868352906 0.764221937611738 
0.06495087917412197 0.7536980910586673 
0.17545836105311574 0.5887997869246544 
0.6098073348833897 0.2251250288795707 
0.0947458596753086 0.7012917778773676 
0.27841877576387863 0.47991286617614415 
0.4596669383168486 0.32877920963787627 
0.07894148098144405 0.7273727478633666 
0.16044388658905998 0.6076693077646247 
0.1672555896711638 0.5988119752598497 
0.9621853117960271 0.024069115889320782 
0.047096751292401706 0.7918129483279782 
0.23610803236058886 0.5216616412634802 
2.285901945479063E-4 0.9948123386030586 
0.22997090249465263 0.5279674136953302 
0.6854539480408458 0.1778709783681514 
0.017087089858578403 0.8788505743174272 
0.41402556766577875 0.3633928857875196 
0.5732383133665008 0.24706933799293962 
0.396384111251679 0.3772236308391661 
0.02378855587318962 0.8539593441997696 
0.018625138865485696 0.8727837802484961 
0.39965697463222105 0.374593749823289 
0.912108623955602 0.050020190121578406 
0.11897695010676049 0.663407149873264 
0.6154027473692827 0.22164841177820802 
0.7876812969359355 0.11792099428505085 
0.5416681534347192 0.2705479907401929 
0.4179663787214109 0.3600648309489368 
0.43215715819096623 0.34930170891503337 
0.002926590857758888 0.9554621617771673 
0.8187893697428407 0.10043053246930159 
0.8521815226627605 0.08217195212476675 
0.33709846699089696 0.4265428279792707 
0.7930612840770126 0.11515508655720633 
0.08890598061884433 0.7105308077057546 
0.08427750361348504 0.71813909687012 
0.9933943928725819 0.008148612694710488 
0.5485917223644116 0.2654121452374496 
0.9215447019815779 0.045168653566311924 
0.026005573038607926 0.8480220228585793 
0.43105448086499176 0.3501350310139758 
0.2995173449754754 0.4597041109983024 
0.8677968624753786 0.07381103826042225 
0.46791849834560356 0.3223980221145836 
0.6788046817264364 0.18213511318688413 
0.002678310110356741 0.9580231918295854 
0.848616607317094 0.08415942348334723 
0.5278308306308426 0.2797171514849961 
0.530808105596997 0.27804737842226 
0.010022669893760106 0.9096510084112482 
0.8682688019668154 0.07355200095149617 
