0.9990621761812299 0.0055270305909019156 
0.0 1.010252302132585 
0.9758460152071082 0.017137580680095015 
0.9444936027494235 0.03490272462677204 
0.5305321216297102 0.2778957363129689 
0.4990149303452641 0.2994325797259864 
0.6336638579165796 0.20965282764356405 
0.47186237363042055 0.31949825636791485 
0.27771834775300613 0.4839444346304399 
0.3678313580282375 0.4020362910051559 
0.5946155304345568 0.23460118096183888 
0.7163831660783696 0.1592688941093775 
0.2594022190751971 0.500451592691089 
0.8482341613613825 0.08449115463176234 
0.10178370374132223 0.6893766458264711 
0.3813555859518356 0.3914840929251716 
0.20632939575638465 0.553358271832375 
0.6542383032568577 0.19616797668450198 
0.03214114839889082 0.8325734855906571 
0.8651084220934511 0.07533388862419478 
0.03836740383651312 0.8153879594088123 
0.42637121288662316 0.35456018047058635 
0.8934196256425825 0.05983136786764401 
0.5115282002804378 0.29278407446776133 
0.7030564099011245 0.1687570962735482 
0.878757608569031 0.0678229947826168 
0.6110055824627997 0.2265042157074895 
0.17372193169852046 0.5914496235368484 
0.12302071936473853 0.6592414650741066 
0.1149625242216958 0.6684749569651945 
0.3000113192780669 0.458812170205816 
0.3411310509170396 0.42352869521472264 
0.1894961579579371 0.5748268305940887 
0.9173756051152891 0.048659606843897155 
0.9367570915000094 0.0385108609574362 
0.6893497663306077 0.17744701272453883 
0.06601943096900273 0.7512829333916526 
0.6223473905490248 0.2185623166229245 
0.020096364712699752 0.871434968272618 
0.7559651495992266 0.13830904232321004 
0.8328325300209504 0.0931018770270764 
0.6783604116610419 0.1841620315270588 
0.006628985519916072 0.9273884767293165 
0.08411344510376866 0.7183746951539461 
0.1927710301949199 0.568936537270126 
0.544064748194857 0.2685028194624149 
0.009893724949443294 0.9127584544799754 
0.13732715869991977 0.6403242156259348 
0.41291511455636076 0.36668311003515375 
0.07274022785714324 0.7383968512942393 
0.012819256595187428 0.896248769629282 
0.2283238111881631 0.5290234707220716 
0.4538900857642645 0.3349349755664331 
0.1684594758831047 0.5970701774699556 
0.7960227513960467 0.11590802509841207 
0.6649216508438336 0.19207984070733175 
0.812784911491597 0.10361877671431904 
0.35154428838750257 0.4138491352737666 
0.9089759557098324 0.051746654328789714 
0.5786911433397792 0.24573787302615507 
0.06058559296751653 0.7658863546520345 
0.39539233923501854 0.3805526093780673 
4.5627367839599225E-4 0.9888439569360945 
0.7359952135111587 0.1477921598739401 
0.76210307102104 0.13456121955568598 
0.3278450583647444 0.43936383604216855 
0.0015712233797799124 0.9746343606071166 
0.23746463617769376 0.522567196002679 
0.004067603455000984 0.9492670758417753 
0.09383806347260218 0.7042416466880628 
0.5616764120215962 0.2565127609741933 
0.08001477440447485 0.7287981710845918 
0.2866811822303824 0.4748098103782288 
0.7357064338914212 0.15055142722100973 
0.15817278015783187 0.6121929519356091 
0.8244695719755981 0.09996318552931495 
0.7764780509179323 0.1239741099491189 
0.5533523224274041 0.26250667017304674 
0.2992009441215612 0.4741963792247665 
0.8001294596530826 0.11148525716794579 
0.44063337294194727 0.34741158679458106 
0.3146887599739428 0.44787161704438333 
0.044800657617017015 0.7980954577122752 
0.21851526027290558 0.5399581708119843 
0.463066222897778 0.3263005501200886 
0.02554519689936041 0.8520532284658439 
0.25051902596854747 0.5073142342961283 
0.025849574062637493 0.850754761205418 
0.051545400055810126 0.7818591117266016 
0.44540305968004645 0.3449186208537351 
0.21590088472543595 0.543033666556669 
0.7760734687638629 0.12594655348874287 
0.004122046894098924 0.945668759816472 
0.4062373064736862 0.3713757313848747 
0.04518460271162872 0.7950871542435965 
0.0969077200030845 0.6997376956188378 
0.1546208013347442 0.6141351433109329 
0.1466032139034235 0.6277234184951369 
0.13795756288505323 0.6370446173013972 
0.14736452630845712 0.6240748131936494 
