0.999328935505247 0.004099166929783148 
3.013435128577737E-17 1.0047319133705852 
0.929387002242476 0.0408232630819437 
0.405830070948411 0.36839979795660155 
0.09684604599870145 0.6942931050091012 
0.6617344731359521 0.19239922975490814 
0.9544945924116457 0.02515885968570093 
0.042499797101795134 0.8020419474792357 
0.6389505158091382 0.20547339219456634 
0.4292388989466594 0.35060936875097193 
0.4536569216284173 0.3306078529212225 
0.86650174956177 0.07264251749162007 
0.3085249224278098 0.44928596723007286 
0.03237811054089201 0.8288448039598147 
0.32447530979290296 0.43597345025398976 
0.7457597634246058 0.1410242366363753 
0.9783391411976005 0.013401566578653169 
0.054348384621122015 0.7730699448151667 
0.7026382354470738 0.1655174782721616 
0.6825106198819165 0.17753060554162362 
0.19457188415213972 0.563509975293276 
0.06266512791833101 0.7540187398135157 
0.4371275055149231 0.34457083325113885 
0.6266004636523979 0.2128841628906149 
0.3767499175404645 0.3904902762908435 
0.7296969972355802 0.14879628802950604 
0.01565167206231538 0.8810522946286569 
0.2561142640319747 0.49823684191616563 
0.021430768056886984 0.8600489577780354 
0.8518974403919457 0.08057590138275522 
0.3349411500866873 0.4247561601403494 
0.34661131368536424 0.41576444504439236 
0.048244144489350466 0.7885818896111016 
0.14235822295771566 0.6300649382623844 
0.8936340552227066 0.06031960233849126 
0.11991890934039273 0.6577543211020661 
0.7924252286174727 0.11527172831148419 
0.8873528081894878 0.062453414164161475 
0.5680974899521214 0.2486790927237182 
0.828256999424277 0.09398851276725935 
0.20953876707787117 0.5463870354162196 
0.07814726210491857 0.7264816678827745 
0.16411846967125607 0.6002935798817625 
0.4676360625483358 0.3212880178361526 
0.8130652587295464 0.10086125401260405 
0.837988146806977 0.08668536144314518 
0.17067983322538777 0.5930542044604444 
0.3583213206642829 0.40622260603119803 
0.23982151763634893 0.5167896808864249 
0.6745803946785827 0.18409963809133761 
0.9663967836621237 0.021216557698202628 
0.10909520377456206 0.6756593287655673 
0.489716822118647 0.30418495653330413 
0.5184580383720611 0.2837219642377165 
0.8046614347313545 0.10766168997371636 
0.5300186374009754 0.2759974090737192 
0.2255532931016015 0.5289597222212477 
0.26555771545334433 0.48857439396158164 
0.3666919867277695 0.3995919678099684 
0.29690793218110195 0.4609308273906928 
0.9138620232241859 0.04857949794425899 
0.5567031345346127 0.25822004374536145 
0.2904070502507274 0.4649657915541941 
0.18161394459841665 0.5810304951381277 
0.5817438001092824 0.2441535806167857 
0.762012920457031 0.13048340504636846 
0.0027199549633488557 0.9564297815950897 
5.903804702562772E-4 0.9825147537702094 
0.20844267342608164 0.5508031641410558 
0.6121850665433841 0.22299136930845678 
0.00531757194803352 0.935456748579105 
0.1290523613833755 0.6465756885972666 
0.1863116013615319 0.5752118940315638 
0.5935715818788285 0.2333238241739568 
0.3899781597115363 0.3788672264813885 
0.6065401746404406 0.2245952092355075 
0.15353611558898417 0.6146976903331424 
0.7176418990898991 0.156170524183835 
0.49681001652439405 0.29974475419704943 
0.08674936182306095 0.7109327318942669 
0.025291011710143307 0.8480130112826114 
0.15093506466061254 0.6159790772622057 
0.027650483023593568 0.8385230549032717 
0.011330196922689717 0.898676282652884 
0.5395324879487104 0.26982177923370926 
0.2781586635646337 0.47578600645003505 
0.2776042256802166 0.4775622486648689 
0.2388182122713466 0.5171784591816694 
0.2261735722470651 0.5282033216636336 
0.008046315556520718 0.9153519999879387 
0.4754953576534864 0.3137374812297393 
0.7123025942582106 0.16016597936437096 
0.7660463952297023 0.12854651218271632 
0.08650472125902758 0.7117225484050609 
0.11347945177015023 0.6712950620589464 
0.9141267436115512 0.04702292729535049 
0.589838692743538 0.23756702315770722 
0.06906926225540927 0.7431596571654105 
0.012563979497885625 0.8940151589866374 
0.5059622145079228 0.2918907251715947 
