3.519619751480983E-19 1.0106179439547804 
0.9968039381524908 0.005673749424194768 
0.5148940738031822 0.29159320409782497 
0.7757881007477418 0.12573564729244532 
0.20158807041887322 0.5600181338575975 
0.19102798666075776 0.5759171051502945 
0.48955033106884854 0.307850467101191 
0.17251280564934124 0.5939870008739822 
0.6625204618963301 0.19311552165543727 
0.12703296913860834 0.6529922598902528 
0.6115619505344208 0.22558852656745307 
0.8948234293638249 0.060188763058983366 
0.8033228949492084 0.10936320258793829 
0.6306628234420021 0.2125717901163098 
0.01803532723216237 0.877107749772679 
0.2812330885466682 0.47817386922439487 
0.1499758396236571 0.621934985343556 
0.3417112558854901 0.42553899726823635 
0.0011454361097305577 0.9811312556154039 
0.2205364959311103 0.5396469304105991 
0.825506122780621 0.09767668698956167 
0.3250596737152028 0.4377087245723694 
0.8583074007451099 0.07976263696636743 
0.7260260624336551 0.15450316136922607 
0.6935490605194701 0.17420423017958866 
0.2643883969583379 0.4975491556253199 
0.9540209347578398 0.029195286508219127 
0.4515747124804218 0.3356815264182267 
0.24376536874240123 0.5151023467624473 
0.7931909950858205 0.11723663229446891 
0.4163013075526899 0.3627477478615074 
0.3833859123946559 0.39035352732059847 
0.750281158872987 0.1403378424481035 
0.46509757115541456 0.3257932009104647 
0.04737194746374332 0.7925696390889353 
0.42854902421824087 0.3531790432870881 
0.5989979518853057 0.23317790225325144 
0.3523240049453372 0.4161192596938163 
0.4041527016090816 0.37209773031254034 
0.43941304827764904 0.3441788403813521 
0.0033761582704005255 0.9533606570704404 
0.024652536817176662 0.8541266811799485 
0.03165178549430786 0.8324161830325545 
0.23048041983034467 0.5308981831730539 
0.05720336770874557 0.7709779526551768 
0.9245350093417757 0.04446290123856781 
0.09965182714605464 0.6960133776826585 
0.8440359386215911 0.0872041502578364 
0.7373413441300263 0.14774201349312832 
0.1048191851735728 0.6859107034995047 
0.3709628123467951 0.40114507154505413 
0.2999876751448953 0.4604981828250006 
0.007750145054908453 0.9228838292944594 
0.03806582493864606 0.815014389013108 
0.11435716530069966 0.671275088507351 
0.9841461432223271 0.013677906156054182 
0.07906683149660199 0.7312126738185182 
0.36393649228365516 0.4065748903682416 
0.09107587426488528 0.7097744373676401 
0.08736430634169706 0.7173852555830273 
0.06783336870267898 0.7492013410601722 
0.0623339826646061 0.7594916912940384 
0.969047948837337 0.022816954316972574 
0.012231412765096317 0.9006487702110637 
0.7088606908511756 0.1649672887288542 
0.6441347887080335 0.20489842598832916 
0.050456851672764313 0.7855354332551431 
0.13963739971576516 0.6351914391997744 
0.5529969488108142 0.2661917610663615 
0.13625255659306462 0.6394753996079351 
0.2525722704786355 0.5090044276158863 
0.8762476936061705 0.07241976965394673 
0.5822010916841468 0.24429236329865728 
0.07401463377524228 0.7380287542991997 
0.31022397084007786 0.4511765500270012 
0.834802246344855 0.09314685073740353 
0.9130525871914674 0.05047982939438952 
0.5360389561200523 0.2752014915324353 
0.02766407806350396 0.8468621968131061 
0.5684063603876965 0.2534080075959567 
0.3160746432370564 0.44748994152749644 
0.16216603675270147 0.6087342817905732 
0.5659430982932987 0.256407877386192 
0.5864013414203589 0.24164348765447632 
0.5291647787684537 0.27978389442549756 
0.8790477083433411 0.06872559700527221 
0.6776655284355854 0.18350715976921447 
0.008109800298294487 0.9212819583111955 
0.5465982137953361 0.2678820743155587 
0.16357180725144466 0.6072652036718996 
0.6770105536558827 0.1837744538515068 
0.002496065326462016 0.9644504579723909 
0.7061750893257176 0.16653147603534174 
0.9751927018080326 0.0182432017496733 
0.11384511366793543 0.6744378548988165 
0.037265025950865505 0.8172022339988694 
0.9391752634927877 0.0369820613457485 
0.47947251823466774 0.3177715846586903 
0.2590361214229453 0.5003856266657115 
0.47633823871780817 0.3182755316229536 
