0.0 1.0046191355306462 
0.9955475551962325 0.004104745157078123 
0.9736681825349396 0.015468460630004092 
0.8483657126259663 0.08099977349566748 
0.5706252283592221 0.24653707574250963 
0.16548387021453714 0.5957446325323792 
0.5356832821548483 0.270455086146509 
0.6719264218851764 0.18294935066795318 
0.5558775361057361 0.2574039983278973 
0.8771499227454782 0.06752108462680108 
0.3973037836218321 0.3729291262792472 
0.5960389190606142 0.23093565288498333 
0.6216945580165115 0.21687207034453504 
0.46703760999498883 0.3195714915184694 
0.06017449830928512 0.7588992098211825 
0.6857811096313765 0.174580225577666 
0.776589425947225 0.12096000288083172 
0.4232738878935582 0.35206283937264876 
0.6484505617775445 0.19722787792071464 
0.41046422493241885 0.36201096946377775 
0.5198290183017203 0.281368697509444 
0.0662311756187669 0.7468420895593108 
0.14841335559768462 0.6183088184230651 
0.9478343332256696 0.028895054875493032 
0.8145810229169953 0.10054019968747649 
0.12053063799219538 0.6563423907425021 
0.28134476651381435 0.47562084554321815 
0.020571194422236427 0.8600037360606708 
5.93060256878275E-4 0.9795372686050812 
0.18112716335362983 0.5796774394374495 
0.7643642290941699 0.12869620010036825 
0.07564225994112247 0.728347328247591 
0.24674254792471073 0.5075607933120792 
0.26825792669419013 0.48513504154778725 
0.3205360220437399 0.4368514636153835 
0.927857116684728 0.03883032997434622 
0.6025834367961551 0.22684507043457047 
0.7505801606892333 0.13549865560087276 
0.3814277494178598 0.38489934224205974 
0.03579404836577893 0.8144149640278154 
0.21015570471258854 0.5446633745929697 
0.016934142611600422 0.876282677515414 
0.02633126920720081 0.842039543795844 
0.09873894689048707 0.6893487398536038 
0.9085438134463697 0.04948544091333947 
0.8301217337677642 0.09125635989995007 
0.1955837065059983 0.5611514401873218 
0.49889052160851965 0.2962175808105045 
0.0059180884411561 0.9302498049351902 
0.6333166056624002 0.20678945495754728 
0.230909945688172 0.5225910380030823 
0.13623809039062856 0.6339721206994517 
0.05053560774643918 0.7800314390325356 
0.08033317626038516 0.7204063695560037 
0.2598145340850886 0.49441803536848294 
0.10932731284572433 0.673241315723748 
0.0027567376077753947 0.9518590972008123 
0.0881738285899194 0.7061224619775969 
0.17566986966956832 0.5833306613682159 
0.3499928056176648 0.41118160147605715 
0.702225435597081 0.16417936188892138 
0.3602382644301817 0.4036297213568844 
0.19744180391182342 0.5587690076375308 
0.328197856222462 0.4294107736968945 
0.721497822311225 0.15302861713679236 
0.7955285955594822 0.11083963266845373 
0.2908604173363748 0.4635782894932431 
0.9184343789200256 0.045779438789344165 
0.9431949648383234 0.030723357129894113 
0.0020493577918630768 0.9591631254450288 
0.4370291613982757 0.3410911661118981 
0.7948632167124956 0.11123800928749111 
0.007126632919984499 0.9190828485699376 
0.3670278460510851 0.39705345797672015 
0.04318112167183524 0.7968503507744049 
0.4516041262422756 0.3307399792772775 
0.012634938501400364 0.8905186993903408 
0.1460978930079953 0.6221890072729281 
0.48583790273173433 0.30566614278173576 
0.4803485919255112 0.3094790847322166 
0.30770879978480836 0.44880646532019575 
0.09232410596737856 0.7001254437596149 
0.7017701993231995 0.16474072371604348 
0.10783941878488812 0.6774027449355222 
0.3757218091278612 0.3906539747665349 
0.3368930836950691 0.4223996647845148 
0.25133236694949523 0.5025179431274732 
0.892361291063382 0.057372402863949554 
0.29531773843231945 0.4593118691680882 
0.22075850458686036 0.5330920231368491 
2.9145798519807087E-5 1.0006513490489466 
0.040724415075771195 0.8025442218873448 
0.8248742776334723 0.09486523513639028 
0.6423128013786051 0.20079099976751807 
0.009836405457025132 0.9052768628254356 
0.34408264528858296 0.419039874107679 
0.04945659511987932 0.7829610974641068 
0.7358902014421795 0.14443382457807155 
0.7390850814082268 0.14272910187459126 
0.1269254765626998 0.6465565185667504 
