0.0 1.0038433416980723 
0.999832103990558 0.0019104135425670036 
0.02892758731558437 0.8333179042975323 
0.9327050699836061 0.03601898884780337 
0.6500627036085032 0.1960651762178047 
0.039768060741785724 0.8041068380714649 
0.8012088494164258 0.10682477934784516 
0.056135331783655706 0.7661972428785652 
0.0454244493436345 0.7906432604949218 
0.9607392660555876 0.02203828262149707 
0.012244702081463638 0.8934501559161451 
0.6269146618464633 0.21032138327746586 
0.6637366080707661 0.18731322878039117 
0.3446412295511098 0.41553928591530237 
0.8463624259196698 0.08208150549865605 
0.02345224308108168 0.8515029880744833 
0.463827286261976 0.3212322369350431 
0.33098112723582895 0.42756378659363 
0.4475360414410038 0.33382802867947275 
0.7779882754133817 0.12011944319322011 
0.9034590413731914 0.051543680847968405 
0.31805327026921704 0.4389606855285371 
0.4112714045359211 0.36136046383881043 
0.0022358373429279266 0.9560871285427694 
0.5107444848720829 0.2875761364911851 
0.6819903012209603 0.1761132015160268 
0.7575919932139148 0.13204549659192685 
0.576410685102027 0.24330182966537023 
0.8711536943816464 0.06880636844033443 
0.005718632960965725 0.9281146672401054 
0.42306066328521297 0.35221371254190026 
0.4357457862018106 0.34230751383212193 
0.8152037728879853 0.0994301178736586 
0.9440229500170138 0.030291929425010022 
0.3965201064285412 0.37287638447719884 
0.598832642732802 0.22842217826307587 
0.7413732902567663 0.14113285943875578 
0.701740844774108 0.16459201795971207 
0.07639255877493512 0.7273306399976954 
0.0074553971145896875 0.9175478423984769 
0.8861562061112016 0.060620169603733384 
0.47677540673252966 0.31224472743050513 
0.06268791238784632 0.7531277864872108 
0.4966363859652756 0.29770215506633907 
0.24024705479755804 0.512688036301142 
0.2724187443642542 0.48063104251906424 
0.22207583421346597 0.5319537261786849 
0.19194961987954387 0.5644753327203208 
0.2577452577560261 0.49554030494078627 
0.586036258560903 0.2372233191539434 
0.731071169698554 0.14716841935416475 
0.0850857851908301 0.7116609909654561 
3.0352598770055916E-4 0.9879725462418826 
0.3588733561736277 0.4035989450895001 
0.3776302799484683 0.38828831495118404 
0.829374058726449 0.09241722994163712 
0.48738358505464685 0.3042990119212523 
0.10807317642884312 0.6740305890689184 
0.3880799596598882 0.3801301942466152 
0.5233088154530925 0.27888131232152064 
0.001258276903800551 0.9695568411741705 
0.14466383570920271 0.6222564825973954 
0.2537092727041237 0.4996696138777425 
0.15690081536599892 0.6073609198159744 
0.12857189379071926 0.6442028068992913 
0.21088385520134462 0.5436446268418067 
0.2854283082309333 0.46848417464389236 
0.3058848558396921 0.4498950061067089 
0.10068301740351027 0.6859469904647003 
0.5307267282509006 0.27356740626767445 
0.6109119472187783 0.2203725256459982 
0.6918317193993779 0.17082789043686034 
0.9793755608391749 0.012360601416714887 
0.20587280789148324 0.5491057570637173 
0.5589691801980347 0.2544436364242754 
0.2937445817726538 0.4607632284760554 
0.1963351793709375 0.5594874434338865 
0.01714615698572339 0.8728197549122401 
0.17894879428942698 0.5799424307195195 
0.12126308602079983 0.6550725681689371 
0.8373383820885416 0.08674355543756573 
0.15064990058383826 0.6150568844882268 
0.2411951078526999 0.5120749051188024 
0.9016758474665851 0.052468809895152166 
0.17688873559812418 0.5826525857730728 
0.6182394989090145 0.21644447638962122 
0.9854043696505306 0.0093531202108827 
0.7176368478681827 0.15511301327559068 
0.16705243320484434 0.5947978165861982 
0.016667697737535778 0.8740164958841078 
0.2770309670842958 0.4764757661023643 
0.3685309681151733 0.395503509095177 
0.5423516841383693 0.2658715054026125 
0.5454091341158019 0.26374561895293097 
0.13632811848247114 0.6344358942762763 
0.8751368047311173 0.0665998561555101 
0.3015952994179165 0.45472278799415317 
0.22167030273437946 0.5321594171793042 
0.09560631237991485 0.6936539698547364 
0.16514136432286725 0.5965864726970385 
