0.9978772191500526 0.006971272453217328 
0.0 1.0106034024297657 
0.15068124437520708 0.62204024705043 
0.12928000208627122 0.6489788530662873 
0.02385620352854012 0.8544451220736718 
0.3604889622377532 0.4062303012940636 
0.015971480509962915 0.8839781403960152 
0.29772142540671037 0.46140654343722604 
0.21066852919629925 0.5498965183044726 
0.4790624327537774 0.3149490049788619 
0.3848949152625786 0.38725320721715195 
0.6423717262111552 0.2085935343328551 
0.452935978387309 0.3352267639638749 
0.16895848368211863 0.5984485031417249 
0.18577823019359943 0.5790711885251786 
0.845944186659984 0.08631159490766224 
0.8648429614536486 0.07665231437369409 
0.10258018727052337 0.6885158791950884 
0.49648187232186 0.30258021150147124 
0.40426720536256155 0.3725950623962431 
0.43684951433638325 0.3465601708243065 
0.8322258865182441 0.09296960979924657 
0.4649419778712018 0.3246803192304063 
0.03001314013273393 0.8376953222879596 
0.093692914881321 0.7031943467865911 
0.9831563380345698 0.014538097531142734 
0.8156818669201352 0.10255784150647479 
0.5817386831684919 0.24377589954635862 
0.25152255775293286 0.5067885842273491 
0.3121110760885486 0.4493129934689166 
0.760474747598 0.13437018851109397 
0.7370826624228014 0.14827873387165033 
0.9679062350426813 0.02190746833083065 
0.5593188392083261 0.2589415187231631 
0.27080596708138954 0.48836709173514414 
0.4165754757847441 0.3620720433235551 
0.05820830719436003 0.7681319713505702 
0.7208408445162102 0.1577204511348162 
0.35313231323525507 0.41375562846023783 
0.22257629414664248 0.5378386321037836 
0.2619252497463185 0.49696858465988397 
0.5717040461709342 0.2556024756808807 
0.5946435094108903 0.2358972650863579 
0.6047649314197625 0.22922775992348107 
0.7465323936818804 0.14227844277549195 
0.9058148881834112 0.053901246576304455 
0.7124934985096618 0.16196020503460917 
7.697050835690222E-4 0.9842677030816861 
0.003835018653470329 0.9489135234550221 
0.0416561032105659 0.8045916673872241 
0.42572197167429204 0.35507359801368715 
0.8771125625867402 0.06898383332776749 
0.5248774328934379 0.28291716139197437 
0.05288165706470277 0.7812397546270503 
0.0654804603954352 0.7550510543725133 
0.5074785278916749 0.2951240351256393 
0.6610462192713122 0.1928858606836337 
0.04697214210140177 0.7924909893048455 
0.2292521917700413 0.5307167719142045 
0.3902730398727884 0.383268593334888 
0.19616714021062068 0.56666755104723 
0.7876528392227979 0.11902325006427324 
0.6924793540677056 0.17436196700189083 
0.6972748430274561 0.17115906699220285 
0.2827275444842985 0.4765606853991649 
0.08560653796275097 0.7170035195217938 
0.6772491437331636 0.18436531237862544 
0.3403882131772798 0.4242814992242007 
0.5385971956401666 0.2737029847424553 
0.11219767717838841 0.6733493697714084 
0.773286515754923 0.1269188989836194 
0.32610922243418444 0.437422458031006 
0.5174793024275564 0.2881539566077417 
0.005230149056992928 0.9373814138543708 
0.0016076444546472002 0.9701098008812352 
0.16104738466286592 0.6075230284271683 
0.8936960351995594 0.060360910610227664 
0.8013245490776693 0.11140140711452746 
0.5447957427551711 0.268772043110914 
0.33630043157282963 0.42813304408705755 
0.9179660148889189 0.04757395483606629 
0.007324952761044057 0.9234382918086032 
0.08175112525516878 0.7230333188873005 
0.9415895106997745 0.0349980771240752 
0.03577159583595868 0.8204510452105241 
0.9382936877984344 0.03751475638987821 
0.32059747934280647 0.44212792827146924 
0.24061985682694287 0.5178329386583231 
0.8874413982538585 0.06364703623522558 
0.23850925072344561 0.5194347752438738 
0.6728126206248919 0.18604325238192226 
0.2820663263079609 0.47778569527246234 
0.8053556925165493 0.10878343221129841 
0.6169842454612005 0.22085358866528285 
0.114701462454488 0.6701013545705409 
0.7798821083109206 0.1233141599295105 
0.07055754927063401 0.7449231498168671 
0.012200767240101246 0.9004822606116241 
0.9554484279839798 0.028253515286979246 
0.036749755106650794 0.8182126571446259 
