1.1872189658653905E-17 1.0028496637893614 
0.9999199115119461 0.0015344697741081108 
0.6835008834460529 0.17495420382127225 
0.7083725346869303 0.16074315443349607 
0.34715443736939355 0.41340352080357073 
0.24100586582435019 0.512139885692283 
0.576488361725332 0.24399060972289016 
0.23018842588967553 0.5230361260410008 
0.8455007190873897 0.08211159586703322 
0.8266354746700747 0.09301348339881949 
0.05232841576224345 0.7742894897221398 
0.010669087379942491 0.9010110812180779 
0.33574370996335134 0.42281811410721404 
0.1370179843725543 0.6328330557124447 
0.9844533984385535 0.009726045186924433 
0.14931710722316346 0.6167523957529812 
0.454438543265268 0.3281560956236496 
0.6674523948694585 0.18474777029436382 
0.9656641300092886 0.01898480786454266 
0.29900605020762544 0.4557092159221312 
0.41938588413906797 0.35479148630406787 
0.6539293235412683 0.19307538386403778 
0.01603645447932857 0.876812666299827 
0.12077303703533765 0.6549885256573076 
0.8006173998333976 0.10723512417312558 
0.40749343129364385 0.3644536598605522 
0.2004783975721671 0.5544716254305005 
0.1109064332541192 0.6702207509065679 
0.7213303341511461 0.15336935728588075 
0.5317367543018332 0.2729518361541638 
0.8601571331133695 0.0749488102143189 
0.49471099561397286 0.29998790919083446 
0.36428995879804044 0.39895626529014183 
0.7350598359710447 0.14500074525555234 
0.2155974546824513 0.5390387155774958 
0.8728158377672014 0.06824760934672175 
0.25636129363155186 0.49683983154961614 
0.8128192519384679 0.10013898428286196 
0.3036205119073711 0.4516956994191227 
0.48302626349821787 0.3069238592925698 
0.5074412267339162 0.2907822545719324 
0.5551868631365561 0.25745476683248764 
0.5173463634793191 0.2832673338945171 
0.2803073061435689 0.4733419458747614 
0.12865744159398307 0.6442318207098672 
0.4366014454697993 0.34128341322067485 
0.05809186998125132 0.7619103170686674 
2.799744568587892E-4 0.9883399280851151 
0.042461484070753494 0.7969687819173797 
0.6402389522706424 0.20227372581882538 
0.08903607752674667 0.7046667442982751 
0.26354834373809066 0.4899518263487252 
0.6319992523445568 0.20703750339360683 
0.9336141646329581 0.03596012864494033 
0.08401022804063857 0.7137999189035837 
0.5554782859293221 0.25742663413222583 
0.1575810886359228 0.6054476443826563 
0.0012892192297980017 0.9674976224169946 
0.9199265211023193 0.04453184283255734 
0.27922901288856183 0.4744186722423759 
0.3201863627526162 0.4367129022426253 
0.034420713725731744 0.8185628726897923 
0.02748020822734465 0.8382753904438653 
0.1038208016442124 0.6805245946293468 
0.5866409200422371 0.23627260510136067 
0.7661267717108945 0.1272273620239308 
0.3811326154247325 0.38480751305345456 
0.43234661306722233 0.34443535269202924 
0.471012136965092 0.315905442688104 
0.21052371926687707 0.5438476774896674 
0.7502628818582296 0.13598426480349235 
0.9111858276010748 0.047378854391304515 
0.007422582703605851 0.918801759774213 
0.06505307260722745 0.7487271749605702 
0.07680654808721957 0.7272224326543508 
0.8991980842011895 0.05423396490632168 
0.7848706267199196 0.11579376423921929 
0.8864688324351746 0.06095230582842125 
0.3211311933851547 0.4359066956369775 
0.021337454191203614 0.8568944123252514 
0.17979410193500645 0.5795781601943911 
0.39530747360693913 0.37364228365023466 
0.1907538733802951 0.5668569830797203 
0.036911828591430995 0.814467111972257 
0.16898189523483015 0.5921481896395573 
0.005857475749544594 0.9264705170697852 
0.3924436232241151 0.37599262926401744 
0.6042569457322524 0.22511907920321594 
0.01962287524609785 0.8657682883797928 
0.7703666088272172 0.12439947494710625 
0.002354380303385125 0.9560882973878136 
0.6188524037777896 0.21597023663092282 
0.025705436647795343 0.8424553901021835 
0.5300097852007553 0.27428737261721625 
0.16440506116264209 0.5973462343613722 
0.9420823509067731 0.031685304413354466 
0.5961897048783146 0.2313748821186459 
0.9536393888120125 0.02512830030610805 
0.7465134025363258 0.13808161396294055 
0.06822457592708635 0.7421266781171459 
