0.9999519909981316 0.0059045412286110365 
2.9811408386288903E-17 1.02063817089894 
0.827274093708863 0.09715498321209674 
0.48606211274726396 0.31090166974420547 
0.2298000725821374 0.5368363480098055 
0.850376235746592 0.08970737157810113 
0.10261418244902205 0.6987560964296301 
0.5016701241810834 0.2996957871592968 
0.1060410959415371 0.6811778882190179 
0.2460566820728885 0.509808491312431 
0.16697984630491125 0.6007428076838269 
0.801330331107271 0.1116731008138974 
3.638103999287906E-4 0.9925556701023873 
0.46614840858605233 0.33172141865758564 
0.8729127806390962 0.07700211772004244 
0.19131302565339664 0.579885197999112 
0.1196085438295004 0.6608670683539967 
0.03605268173931542 0.8176919741204417 
0.15664968196779983 0.6213181184933675 
0.7483851745195319 0.14181058841165342 
0.031108098408398517 0.8421930004752484 
0.518401008922453 0.2881973075146941 
0.2193165987677816 0.5493797316076315 
0.3522041721178551 0.42191634156634467 
0.181097884487256 0.5915810967086338 
0.680212814453202 0.18885441032933098 
0.734211545882025 0.14998680047753626 
0.9813859146038064 0.015237989451308229 
0.02331898450003958 0.8670635220455729 
0.04176404458481531 0.8030733705767279 
0.30137526575716833 0.4573389736768064 
0.5394754268180764 0.2708557704752684 
0.0025805121806377757 0.9710673099262355 
0.26657989565205187 0.4895345569018788 
0.7136464964940631 0.16186392513147116 
0.015137175790233215 0.8879934419237582 
0.0714394862673221 0.7399056647085633 
0.5286037574808236 0.27831009076195995 
0.6554605154800209 0.2035783250199699 
0.8957007191025383 0.0649760807053056 
0.9705604286293039 0.019068841265741654 
0.6065536561705035 0.22866219769850366 
0.5534667344881399 0.26145106356275755 
0.08847895294798863 0.7210651937397053 
0.3350783703296818 0.4298808505033913 
0.42099318823838083 0.365118539890776 
0.312193508418891 0.447189030423868 
0.08833090075348302 0.7212475185913572 
0.914993223058493 0.04995831802193735 
0.7681827249985433 0.13555285810597442 
0.6345584476697492 0.2167699775297954 
0.8833112714504678 0.0715935208673505 
0.959565379775863 0.031068333884440656 
0.904175416993377 0.05462946841482453 
0.20445483491994026 0.5640679098626709 
0.5611765602182561 0.2558245383128552 
0.6991890817567541 0.17555188029877256 
0.6252578547605834 0.22343627236964964 
0.0668836649103891 0.7489055283572925 
0.024409860970021735 0.8546288431042793 
0.7245946596446197 0.161245972162886 
0.6972191171475908 0.1784830658869661 
0.6661909728156139 0.1909617783053102 
0.05186812881945316 0.7914229502761203 
0.13064016748216095 0.6557572988501132 
0.9488593236413714 0.03217955147935325 
0.9386434057570754 0.042067893582335 
0.9312184609685605 0.046182637311563975 
0.3825383750065124 0.39632760406316847 
0.43804956859830685 0.35196755249627204 
0.7822155628546885 0.12054257156081466 
0.14877717973750482 0.631284804924683 
0.05522196920665752 0.784282857884621 
0.2957741310033218 0.4726708686494872 
0.5754179240600927 0.24979450573264594 
0.43377132867480084 0.356165444588303 
0.004548548779202688 0.947604249212728 
0.010811878018351793 0.9039165044539128 
0.3597120507605625 0.408722650757824 
0.13441941801200208 0.6435711201316934 
0.20674084370094584 0.5609539231943225 
0.25764556364364316 0.5082748453952076 
0.5926325553331252 0.2431218101921039 
0.7709346602606844 0.12898887878435703 
0.00846776501723584 0.9287035499067537 
0.5986526860689395 0.23373069539184374 
0.2734587375924923 0.48390776483104836 
0.4070448916889394 0.3763899521493232 
0.008477521837004651 0.9223738173427035 
0.059360435797347066 0.764065128863824 
0.14029079340643147 0.6354826556418794 
0.3681499926765862 0.40362842439648294 
0.0045121944029621885 0.9550730803992307 
0.41291626489697286 0.37190277133953814 
0.45987033230195096 0.3364391725989465 
0.05792506464806561 0.7668347880856785 
0.3216939794242607 0.44113485709077815 
0.2862359098781805 0.4810205631330695 
0.5794455690015561 0.24387315668135456 
0.4505875117312407 0.3421575083214985 
