0.9999186795837434 0.003110174495784031 
0.0 1.0060421532763826 
0.12088215555661322 0.6579688108284958 
0.5725252743989951 0.2470522095097513 
0.058818016619435254 0.7629449242074914 
0.9442107458817561 0.031633094986945144 
0.0011369544594422853 0.9725294554390761 
0.15657559498275225 0.6093138754908004 
0.6153150394159969 0.2193791507336679 
0.8740118351011703 0.06844652104666393 
0.2867137788991623 0.4693023055264473 
0.3699598896395758 0.3960827529222692 
0.35127176025231865 0.41165435477458434 
0.9606628713264497 0.023009537109154907 
0.26977079229087186 0.485455023299504 
0.2981376096605538 0.45852116700021667 
0.2468810931153313 0.5076973336454739 
0.10982288729040901 0.6743086782677576 
0.5966539294680963 0.23130121686635874 
0.6771855276517305 0.18081330503778298 
0.06950182710398001 0.7417667799828864 
0.3135995354622939 0.44445549833500436 
0.34055063120877527 0.4207391926189309 
0.04928666852720065 0.7833868967781327 
0.515387231655235 0.28628769312938007 
0.7794945040629646 0.12048097294112446 
0.10058472136128499 0.6880940611866325 
0.6925355300566227 0.1714972193506556 
0.01843531012788916 0.870678858629282 
0.19923493719316626 0.5588145374672001 
0.6381562234695312 0.2052658339222903 
0.023854904448001313 0.8514694161018405 
0.7628970371292576 0.13002935302564808 
0.9788979943573344 0.013762207980939144 
0.18657168742687755 0.5728058961932001 
0.49776570944497406 0.2985854097073576 
0.4705075629987888 0.31803251051079295 
0.8903210294683226 0.05976602778859934 
0.9032572185674808 0.052941654485289404 
0.21618089563774484 0.5396611134901148 
0.38077419172066185 0.38708596133465206 
0.7070579877046503 0.1625930439018964 
0.013633339803790445 0.8891554064631684 
0.5441691949993532 0.26629923598608174 
0.8252341427654895 0.09501862381469452 
0.7191585505182669 0.1555897055937451 
0.8530721682961324 0.07968406807707921 
0.13559601923917441 0.636984294241125 
0.9204294688632235 0.04384171366661061 
0.4375921522799682 0.342843213979671 
0.8366971314139686 0.08870386567747492 
0.17256437945654773 0.5895183770521122 
0.40458026164799377 0.36831378015945676 
0.0033505612702048326 0.9483483682321477 
0.4570751270124304 0.3282416108411911 
0.23215375747394243 0.5230399050384505 
0.04341788221621201 0.7970762307045882 
0.01040702246067906 0.9039976156493136 
0.45068931833986947 0.3329502693788128 
0.0042459887991645184 0.9407148319498 
0.5265375376720172 0.2784447189363798 
0.14615751897621068 0.6229205846491321 
0.6613182864455885 0.19043373700334335 
0.9911225711596215 0.0077474679064478994 
0.4831354514022046 0.3092876347526791 
0.6439922988425091 0.2013595495089817 
0.09096728813785443 0.7037600950279546 
0.17303264890444076 0.5888943679617183 
0.6028874782768182 0.2272484396162684 
0.42928016336027014 0.34920165321773594 
0.3246024479745748 0.4347592847034151 
0.5348377437972617 0.27277374716109626 
0.03909015283743705 0.8078596643926591 
0.6573539542568937 0.19308180307132555 
0.41509316272918595 0.3600167575027022 
0.7490245207707513 0.1383412583827643 
0.7324048964504603 0.14765794690147058 
0.03528728487394511 0.8182558796558814 
0.1939609510265457 0.5646608171831443 
0.007546995919302746 0.9194692733849522 
0.9193024375352823 0.04444669458759703 
0.7952074692055676 0.11182628749425194 
0.2577092285487388 0.49736215818851015 
0.07588738843213833 0.7300790948059392 
0.5593247841794681 0.25625016196390793 
0.849223867920782 0.08178176195084562 
0.07994338413202495 0.7227183386372279 
0.4890388324691562 0.3050240001244508 
0.39413812319891095 0.37694236045596957 
0.42025458856835773 0.356009491978058 
0.029197464868787992 0.8349583076204532 
0.2300203776031751 0.5255009574202008 
0.8106014982258657 0.10304787669272529 
0.7940340352093567 0.11254840116123035 
0.26004967163680354 0.49492944373885095 
0.08794750476022983 0.7088909922613837 
0.8110498820234573 0.10303430459807952 
0.14251337309155532 0.627785835809011 
0.559459938111565 0.25611553806292864 
0.7501256919711885 0.1375372737473048 
