0.6505791404084265
0.6509636493663978
0.6568178261002616
0.6554002511640599
0.656703870041511
0.6578977232246505
0.6574398336786867
0.6604372525001935
0.660481480866179
0.6536101857396577
0.6596492183639172
0.6595736931070357
0.660812711258843
0.65666490541444
0.6564873635056244
0.6522546728028114
0.6560985660733156
0.6555698750199586
0.6576864711625579
0.6517169219864781
0.6544625976580809
0.6579190840646456
0.6590608789312344
0.6524351176349429
0.6563827536353013
0.657524195230521
0.6539306573160727
0.6546732875079552
0.6545689933535568
0.658108740912849
