2.6471599533500973E-4
2.6182866892360046E-4
1.8272116946759884E-4
2.0343144822449467E-4
1.896313644023266E-4
1.710385731004525E-4
1.7442158777418633E-4
1.7248198873450791E-4
1.6376391080336378E-4
2.2026478814202006E-4
1.5867530169044554E-4
1.6789546852481168E-4
1.586562051570235E-4
1.7980178234674823E-4
1.9073223649087508E-4
2.4004994173539728E-4
1.8902876832714777E-4
1.9218834606527833E-4
1.8448234111321236E-4
2.54679513872638E-4
2.1069256427616874E-4
1.715705226917294E-4
1.6547301171395375E-4
2.372155361186869E-4
1.9385819317297882E-4
1.7348052438229838E-4
2.1480100568178727E-4
2.0177014027311383E-4
1.9928061739762326E-4
1.770067694408236E-4
