0.33471821915400385
0.36805278112542944
0.3500339995409783
0.38815048778431877
0.3573073175632864
0.3116590833913964
0.3294345212271124
0.3425748151629335
0.36799253507376567
0.31815247668003244
0.31314102507580266
0.34859187401610603
0.3385327977746779
0.3025642595129367
0.30401371653831616
0.3696787386494508
0.3190090375963637
0.333823232348083
0.3370423833660525
0.32875561191373964
0.3404317080629811
0.3557150182169577
0.3651356019119594
0.3397229955012613
0.31770876592466935
0.3402947510665911
0.35409636450139237
0.31461479821308963
0.2924792125608421
0.3446829793250757
