0.0 0.0022729842007719364 7.381710360731101E-4 0.002440533082214592 -4.329495416316444E-4 7.578543792832222E-5 4.1703284694988654E-4 0.002874236828441894 6.042058929106664E-4 -0.0016623775405484524 
0.9998212462177118 0.0020422805011919417 7.365201133673309E-4 0.002423275737354422 -4.79530347250767E-4 -9.807893591539942E-4 -9.343439074695981E-5 0.0012123979432287907 4.4302803945361685E-4 -1.690820908177798E-5 
0.5053913227233576 0.0020344686457682347 7.127190068363956E-4 0.002443869024075464 -2.856420435980951E-4 1.3726060675437273E-4 -3.529668311838679E-5 0.0027960820208073763 4.895722768856122E-4 -0.0017395155903100782 
0.4487021750823521 0.0020863606221687247 7.384365187024436E-4 0.0024388859405123906 -2.967330835930374E-4 1.0251844607119825E-4 -4.910651630155742E-4 0.0027238185120205074 4.3843501874316315E-4 -0.0016916404055716573 
0.19206937914739208 0.0022818225261828796 6.933221356670165E-4 0.002569475510469351 -2.9876583704651797E-4 1.2997855200942092E-4 2.59313170264356E-5 0.001228927762487629 5.229264001814745E-4 -0.0016720067562954505 
0.20548861683951058 0.0020339489190751036 7.139223522060055E-4 0.002442788622038918 -2.857900682231449E-4 1.3022176104985416E-4 -3.529668311838679E-5 0.0011833767253761247 5.221631311836236E-4 -0.0016341878175393 
0.47487562756449897 0.002084852149491526 6.696867869123715E-4 -0.0024178651623249807 -2.927731320643198E-4 7.255378316030453E-5 -5.966300706987119E-5 0.0029280588349030034 4.429544474239674E-4 -0.0018076065389520143 
0.8946640757151357 0.002102405250503419 6.823195851224772E-4 0.00255395882433191 -4.647709010565602E-4 1.0198696195633608E-4 -6.619278591769393E-4 0.0028114730419181405 4.4295420036343734E-4 -2.2762303851473886E-5 
0.5275319981906355 0.0022934747660503267 6.533646431939075E-4 0.00265431504965891 -2.9692395846905883E-4 5.403414999589395E-5 4.246862953163981E-4 0.0011689713286584355 5.233964243263566E-4 -0.0016042391087492758 
0.7695364698784396 0.002085671168865191 7.265172504595469E-4 0.00241951253588037 -2.967297875271932E-4 1.3887482551282562E-4 -7.749912085117623E-5 0.0028091258373768454 4.31417747712422E-4 -0.0017329218279517641 
0.749000838575053 0.0020855752925133656 7.304551960439885E-4 0.00256557026031662 -8.355548828054284E-4 5.315926778786118E-5 -1.2007882061417478E-4 0.0011388230469680425 4.1422905993326967E-4 -0.0016180044524402607 
0.21854719792359806 0.002084520008219053 6.933221356670165E-4 -0.0023281244180365724 -2.9876583704651797E-4 1.2998901000299797E-4 2.59313170264356E-5 0.001228927762487629 4.412828718547044E-4 -0.0016720067562954505 
0.0032309831992641397 0.0022635284994039977 7.342351075261903E-4 0.002573863645374671 -4.509711124049373E-4 1.2776897358211749E-4 4.011474549228268E-5 0.0027314351256246144 6.892237555205873E-4 -0.0016445183312362578 
0.9278148637862094 0.0020361426214664914 -5.689686670817106E-4 0.0026161047136600965 -7.967425102609934E-4 1.5462890908251876E-4 -4.7715943773938164E-4 0.0012344812759893446 4.4057771152706393E-4 -1.7530585851998606E-4 
0.02254005030545511 0.0020548019562006492 6.629163239193175E-4 0.002422945900824281 -4.82609871370376E-4 8.319751266628965E-5 -5.583625823147204E-5 0.00121983923551747 4.682227130955117E-4 -0.0016405472785920726 
0.54852540573228 0.002271922777423887 7.342292627028785E-4 0.0025687255060560304 -4.3581231789233035E-4 7.035548893526584E-5 -3.622779648684085E-4 0.002730577940264829 5.422177647042918E-4 -0.0016552715054486203 
0.027046880856174516 0.002276044428659471 7.123247183785798E-4 0.0025686890227527488 -4.3323854467416397E-4 6.635415700306927E-5 3.9913900537639157E-4 0.0012044450279744571 4.882978501418581E-4 -0.0016580957646288553 
0.0722134469886144 0.0022733288712856927 6.933221356670165E-4 0.0025757658301798683 -2.9876583704651797E-4 3.2887413324512093E-6 3.680606828643895E-4 0.0012126702238056467 5.229264001814745E-4 -0.001616299209134017 
0.05589940091776042 0.0022731755808574295 7.55939098292966E-4 0.002418722605282442 -4.39575545051783E-4 -0.0010094717401450332 -6.148968688660138E-5 0.0012123979432287907 6.052218938367033E-4 -0.0016603278623993094 
0.10329029737245574 0.0020921065639148565 7.55939098292966E-4 0.002418722605282442 -4.3967010382454236E-4 -9.635519471050639E-4 -4.2383100738235097E-4 0.001225337270898176 5.925374987294891E-4 -0.0016603278623993094 
0.015624057438801207 0.002036631435500876 7.176338647575887E-4 0.0025666920748054346 -3.0365946809945526E-4 1.395238440562952E-4 -4.407753483374812E-4 0.0011556743920888642 4.430760139187052E-4 -1.9679268913952398E-4 
0.4728583485294344 0.0020859778750463758 8.029147040060242E-4 0.002422945900824281 -4.391778471195017E-4 1.0251844607119825E-4 -5.583625823147204E-5 0.0028016863219366547 4.429509695386368E-4 -0.0015967380716668264 
0.8760665064347003 0.0020339489190751036 7.128930554672527E-4 0.0024436358883393114 -2.857900682231449E-4 1.3726060675437273E-4 -3.529668311838679E-5 0.0011833767253761247 4.6989318809239245E-4 -0.0016341878175393 
0.5705596032665341 0.002084852149491526 6.696867869123715E-4 -0.0023365975076945125 -7.967469825362612E-4 1.5450958375850531E-4 -1.8020396582022234E-5 0.0029280588349030034 4.429543248678945E-4 -1.6538296537597016E-4 
0.11360685315729897 0.0020862189814479437 6.93547015942049E-4 0.0026538224675631953 -4.8447906214390326E-4 1.3569569890186042E-4 5.379865856719307E-4 0.0012295969687788817 4.304217724231933E-4 -0.0016506519422908987 
0.4333912815612501 0.002033999218628941 7.133644729966324E-4 0.002423444119570638 -2.9676129562720554E-4 1.3726060675437273E-4 -9.418523637040659E-5 0.0012125284087059424 4.349070795929087E-4 -0.0016452962954851794 
0.036782389300931216 0.0022731755808574295 7.55939098292966E-4 0.0023674723197023933 -4.3938292961839E-4 -9.706811023015192E-4 -4.407753483374812E-4 0.0012123979432287907 6.052218938367033E-4 -1.6287826519567757E-4 
0.7151080771915652 0.0022712026982557305 7.274912501180923E-4 0.002441551923140311 -4.3246881687903434E-4 8.872026142162274E-5 -9.944383479658806E-5 0.0028045343655398475 5.766450744743026E-4 -0.0016213294418042615 
0.689531787153731 0.0020339472919745707 6.324053057764075E-4 0.002448055235731332 -5.80108569662517E-4 7.864473622835882E-5 -3.375197455472988E-5 0.002926891831705512 4.526470207781777E-4 -0.0016667341541099208 
0.011825345240316865 0.0023046511699451534 -5.857157855172486E-4 0.0026311942346144623 -4.3082714441851225E-4 -0.0010094717401450332 -9.788296421295051E-5 0.0012123979432287907 6.052218938367033E-4 -0.0016412790670950286 
0.0011680245762406144 0.002273076347450874 7.342292627028785E-4 0.0025693554484191427 -4.509711124049373E-4 6.518993929105755E-5 4.1140742103140194E-4 0.0027313550725422977 4.303281130905657E-4 -0.0016445183312362578 
0.23105987922749013 0.0020856252860107526 6.856072780578317E-4 0.0024378075980006388 -8.326012912061863E-4 2.5916734291524307E-5 -4.884970481418095E-4 0.0028891270995121242 5.411410170459302E-4 -8.93453290380737E-5 
0.5158492173163279 0.0020339489190751036 7.108999368348979E-4 0.002443678307347918 -2.857900682231449E-4 1.3726060675437273E-4 -3.529668311838679E-5 0.00292297640237563 4.6989318809239245E-4 -0.001667385457597524 
0.23857917877565576 0.002071547834694953 -8.015123888157135E-4 0.0024096320700881134 -2.968137505027608E-4 6.590307678380681E-5 -6.635767787400437E-4 5.302580631575812E-4 4.4456964220166133E-4 -0.0016891736919053808 
0.2888250951800651 0.0021420315100219426 7.328991895388158E-4 0.0025749778513177255 -2.9637459966535586E-4 1.017142157542674E-4 -6.637314199614859E-4 0.002821983816972428 4.430229330389722E-4 -0.0016807004867438534 
0.27094799485423193 0.0020740728015015233 -7.940018735552162E-4 0.002434618554387253 -4.939164492391443E-4 6.590307678380681E-5 -3.4397230443946377E-4 5.073249544431994E-4 5.351808190040412E-4 -0.0015984726069418545 
0.3720459179587461 0.002100891040050061 7.181609364043675E-4 0.002576787044083742 -4.356419502298295E-4 9.758905665159383E-5 -4.413850123800737E-4 0.001142367459948087 4.277782868863936E-4 -1.6861932598550222E-4 
0.007301141058096372 0.0020553149647914645 -0.0011716818988377442 0.0027046511750716496 -4.514053964601476E-4 1.3501404896109565E-4 -5.91286421721377E-4 0.002881482006695256 4.682497686001795E-4 -0.0016611959909439624 
0.034571063111084724 0.0022698357346040135 6.324314753127053E-4 0.00244064481496346 -5.79867270284547E-4 4.342010119273495E-6 3.9491658070429805E-4 0.0012523498578498916 5.2286180016764E-4 -0.0016720096476353483 
0.16222390437673762 0.0022717761299987883 7.407057396055823E-4 0.002419355961370641 -2.9813679685096743E-4 6.546985751793358E-5 -3.587582599078433E-4 0.0012123979432287907 4.3438314052655707E-4 -0.0016732916857369474 
0.08063276381015984 0.0022688567488365558 6.519948247550257E-4 0.0025750040892966643 -5.724744005515345E-4 3.236408649383315E-6 4.0396891952193266E-4 0.001224992838683897 5.225361162306115E-4 -0.0016720096476353483 
0.9121662398784749 0.002257894352791125 -5.689686670817106E-4 0.0025672876850625632 -7.966091481964142E-4 1.5462890908251876E-4 -4.7715943773938164E-4 0.0012009726446392457 6.915210326299799E-4 -1.7530585851998606E-4 
0.31797156131715254 0.0020729084553405444 -8.015123888157135E-4 0.0024422779116432154 -1.3719200855301435E-4 6.590307678380681E-5 -7.652554021749701E-5 5.006568944265926E-4 5.305356676382874E-4 1.5076976527079512E-5 
0.04653553521584966 0.002099905447599554 6.720799259663868E-4 0.0024048274896644726 -4.242437488138419E-4 1.3152146632494898E-4 -9.407630490805774E-5 0.0011447698463165935 5.180738173569536E-4 -0.0016532930592425923 
0.8551849378820136 0.002275619312143703 7.33352473380417E-4 0.002572420808388598 -4.3706148144527523E-4 1.0230272538524357E-4 -4.906656646994001E-4 0.002801744022337458 5.682795486142928E-4 -0.0016550382186788241 
0.6525306313778965 0.002061279480593782 4.706644708171308E-4 0.002418382731060608 -2.9682624788882257E-4 1.0226160163106577E-4 -4.906663460233421E-4 0.002911437436595384 4.4243529067544175E-4 -0.0016457666248151444 
0.5838774723835335 0.002279612249957076 6.533646431939075E-4 0.0026571714706492516 -4.970185380075642E-4 2.2905806377409458E-5 4.157885503152489E-4 0.0011689713286584355 5.233964243263566E-4 -0.0015551390162730583 
0.1323214693162949 0.0022695428538413946 6.698308086354684E-4 0.0024389677912851114 -8.195538451025771E-4 2.3191026040335065E-5 -3.866779846790099E-4 0.0028771248686013857 4.4149826432338E-4 -0.0016622994999012388 
0.637245726185417 0.0023078583569586396 7.274912501180923E-4 0.0024423436231049847 -4.3246881687903434E-4 9.011336767931356E-5 -1.0238274380237E-4 0.0028068660896203093 4.526408405722957E-4 -0.0016856824300936282 
0.8642052292706612 0.0020553149647914645 7.344448415345734E-4 0.0024436375528237415 -2.9685036476488136E-4 8.158977636890595E-5 -4.4011679600584696E-4 0.0012075473164100334 4.6839104010042826E-4 -0.0016916452389620369 
0.9533067001061053 0.002279672553884309 7.94709542121673E-4 0.0025694146605216538 -8.336605809778349E-4 8.062215094039294E-5 -4.202071507834854E-5 0.002733067422414704 6.921609197517617E-4 -0.001678042664090929 
3.120810785379735E-4 0.0020684970150785737 6.310972236968386E-4 0.002443871267739418 -2.833877163555958E-4 1.3631656978108124E-4 -4.830081358080257E-4 0.0029366467897911372 4.5717113385414714E-4 -0.0015633243024210316 
0.3084390911982173 0.0020729084553405444 -8.015123888157135E-4 0.0024257193380686983 -1.3729736936614543E-4 6.590307678380681E-5 -6.717620793333218E-4 5.006568944265926E-4 5.305356676382874E-4 1.5076976527079512E-5 
0.6662740658523302 0.0020553149647914645 7.344448415345734E-4 0.0024436375528237415 -2.9685036476488136E-4 1.3661839309122352E-4 -4.405456019878423E-4 0.001212981629484411 4.6839104010042826E-4 -0.0016918385808250786 
0.7326220396364771 0.0020694756673856384 8.54207161581258E-4 0.002441551923140311 -4.3246881687903434E-4 8.789663451615258E-5 -9.944383479658806E-5 0.0028045343655398475 5.314181430213337E-4 -0.0016213294418042615 
0.17812964080094865 0.0020772646311140045 -0.0010141889819480913 0.0026408325897340173 -1.5381540432413262E-4 1.4973737797131516E-4 -3.493545186400777E-4 0.00118643381017557 6.311797417266647E-4 -0.0016242591454847892 
0.17803232577467692 0.002268601761664063 -9.948589563856733E-4 0.0026409130924941707 -1.5381540432413262E-4 1.536005751086037E-4 -7.190269508854319E-5 0.0028757423603120607 6.304413125608819E-4 -0.0016253505785427734 
0.7877310350057524 0.002087512192825015 4.940264434431167E-4 0.002452901031502024 -2.967297875271932E-4 1.0225569164440618E-4 4.1339963535227844E-4 0.002804985581330232 4.31417747712422E-4 -0.0016456243034548156 
0.40611471823554707 0.002033999218628941 7.133444055270085E-4 0.002423785324868196 -2.9676129562720554E-4 1.3726060675437273E-4 -7.246982848199801E-5 0.0012125284087059424 5.368679947608963E-4 -8.408659430804942E-5 
0.3025771653199072 0.002273514951808736 6.63155462581559E-4 0.0024446427685088324 -8.264939242268661E-4 8.2053169099374E-5 4.062995045211968E-4 0.002733026345385734 4.458521729291428E-4 -0.0015954626587395672 
0.3988599962650173 0.0020875715893700687 6.720799259663868E-4 0.002651038257399631 -4.242437488138419E-4 1.3019059711135258E-4 -7.497472661941924E-4 0.0010950930175348923 4.4972453715739206E-4 -0.002302926691329915 
0.3480062749900983 0.0020849971244792063 4.706644708171308E-4 0.002418382731060608 -2.9682624788882257E-4 1.0226160163106577E-4 -4.906663460233421E-4 0.0028016863219366547 4.4243529067544175E-4 -0.0016457666248151444 
0.7059773791004595 0.002061279480593782 4.706644708171308E-4 0.002418382731060608 -2.9682624788882257E-4 1.0282245529699745E-4 -4.906663460233421E-4 0.002911437436595384 4.4243529067544175E-4 -0.0016451798523157775 
0.33205878199291605 0.0023078583569586396 7.569733002855672E-4 0.0025465937518324385 -5.716718082558128E-4 1.3661697728073924E-4 -7.055065756152832E-5 0.00280966425815585 4.794908157586979E-4 -0.0017316282786685848 
0.0062157826163719565 0.0020548844507598846 8.54835117549378E-4 0.0024423683275586684 -4.66937146447489E-4 1.342825455079432E-4 -5.913094516831848E-4 0.0029322972100273167 4.3207080060868243E-4 -0.0016516935098526279 
0.25578955802191683 0.002034999732964099 6.534674868818108E-4 0.002419274983847768 -2.8016314283443476E-4 6.681482962786531E-5 -8.237374341918025E-5 0.0011625362736046444 5.378021784333273E-4 -8.501375313704914E-5 
0.6303536588470454 0.0020918334722779424 7.17574979116417E-4 0.002452901031502024 -4.2936563003303157E-4 8.944208833444981E-5 4.0173933409021347E-4 0.002804985581330232 4.31417747712422E-4 -0.0016472832708183838 
0.33850814133563883 0.002100054276094267 6.473464557273131E-4 0.002421296386812088 -4.356419502298295E-4 9.758905665159383E-5 -3.992853167853862E-4 0.0028175858945254802 4.277782868863936E-4 -0.0016588212491003903 
0.8049147849646694 0.0020880981492669174 6.443393297720909E-4 0.002464635687394 -4.7493530928033876E-4 1.3342900284026775E-4 -3.923311509391198E-4 0.00291347653524476 4.322767775506955E-4 3.050767298356104E-4 
0.08740194461670028 0.0020888420120290627 -5.960099179117857E-4 0.0024187316145582536 -2.9409711656980085E-4 1.302701765089889E-4 -6.831180945316058E-5 0.0029619230669069036 4.434799619832819E-4 -0.0017196536673607823 
0.9853650309776384 0.0022845296799728614 -5.453155362950252E-4 0.002650206930604897 -4.3082714441851225E-4 1.7826314133779331E-4 -1.0056681429410208E-4 0.0014702102127679122 4.405617717048474E-4 -0.001680988286601046 
0.09752815772811957 0.0020553149647914645 6.637236873317095E-4 0.0027046511750716496 -4.520929553954599E-4 1.342309720878426E-4 4.041028108464471E-4 0.0028853243814677973 4.682497686001795E-4 -0.0016586581013578751 
0.6051832356109953 0.0020918334722779424 7.17574979116417E-4 0.00245374667762651 -4.294368116501724E-4 8.944208833444981E-5 4.0173933409021347E-4 0.0012510522871382553 6.045924588457239E-4 -0.0016472832708183838 
0.42412224388812747 0.0020856029051428194 8.029147040060242E-4 0.002422460394103535 -2.9732203872701306E-4 6.676722159566237E-5 -6.681325838017884E-4 0.00274429300080389 4.432295029329134E-4 -0.0017497596085151055 
0.3905751978576355 0.0022767326994036254 8.483322817224839E-4 0.0024193510865957225 -3.098398480886606E-4 1.317465780653581E-4 3.743356643044663E-4 0.002916443464485921 4.388743695776071E-4 -0.0016629837420415144 
0.7832280096378694 0.002081954888230876 4.925653621641295E-4 0.0024512086544302325 -2.967297875271932E-4 1.0225569164440618E-4 -3.944990687263411E-4 0.002804985581330232 4.313195703300678E-4 -0.0016454127783322656 
0.2680350326565208 0.0020339489190751036 6.643565092814873E-4 0.002443678307347918 -2.857900682231449E-4 1.3670324825873056E-4 3.8187252423960247E-4 0.0027432420794837706 5.481816132232424E-4 -0.0016685134501366928 
0.3622515633259612 0.0020607282743600112 4.788465097776E-4 0.002454914310571038 -4.6145273839908737E-4 1.0320082785720462E-4 -5.020207733568636E-4 0.002932027473399514 4.5020294640574123E-4 -0.0016911138823372544 
0.04794719483835863 0.0020883065298480646 4.925653621641295E-4 0.0024495089406725403 -2.9879638896010364E-4 1.009928804373355E-4 -3.896499851874597E-4 0.0012464447881997587 4.3080671712801685E-4 -0.0016454127783322656 
0.7373174033144901 0.002273251013904104 7.316019826640242E-4 0.002440868128473912 -4.782815618856453E-4 6.533449001298481E-5 2.61710304708367E-5 0.002728406477162436 6.839357964633017E-4 -0.0016960317447777878 
0.38226364648806094 0.0022845296799728614 4.918409373591686E-4 0.002648390227299225 -4.3066348453270115E-4 1.7826314133779331E-4 -9.372486097842893E-5 0.0014702102127679122 4.405617717048474E-4 -0.0016588698561268165 
0.13940074433519303 0.002090200168982489 -9.719309562666175E-4 0.0024155668976736447 -2.786524975101968E-4 1.4973737797131516E-4 -3.5940414346643547E-4 0.00118643381017557 6.311797417266647E-4 -0.001672146621640695 
0.8199228023320244 0.002085460627714861 6.719826953805606E-4 0.0024225612147383718 -4.7681338381155803E-4 1.5540025235944103E-4 -3.3570165418695736E-4 0.0028364473581923453 4.429543248678945E-4 -6.036610698870659E-6 
0.06556875388863254 0.0020906730614365845 6.271694474108758E-4 0.0025628373296613404 -4.962754234695572E-4 1.3078797533395674E-4 -1.9408623309787845E-5 0.002799981972154901 4.4381173103377546E-4 -0.0017199343477430692 
0.15142924544240915 0.0022715855353627103 8.914897245328787E-4 0.002418726432185803 -4.6480364587002783E-4 -0.00101181038146611 -4.71527218753389E-4 0.0012006334379769594 4.4847848025298114E-4 -0.0016603278623993094 
0.8395568879797608 0.0021209141400766124 7.334986482196266E-4 0.0026271312109213546 -4.323154205807999E-4 1.318830063316322E-4 -1.0225426403956024E-4 0.00123691280762745 4.354923786056318E-4 1.9288841838484207E-4 
0.290925128402754 0.0022746354862106365 -9.282283002788791E-4 0.0024257193380686983 -1.3729736936614543E-4 6.672670368927696E-5 -6.717620793333218E-4 5.006568944265926E-4 5.757625990912562E-4 1.5076976527079512E-5 
0.4173700317691178 0.0020856029051428194 8.029147040060242E-4 0.0024236195594335877 -8.645988931987046E-4 6.669673827902473E-5 -7.037941013989075E-4 0.0011577195865938032 4.432295029329134E-4 -0.0017497596085151055 
0.6947140584218805 0.0020833418633657837 6.119239460922344E-4 0.0026520785510213704 -2.961471371868555E-4 1.5163209699992387E-5 -3.3789713243351845E-4 0.002871657138782264 4.5229670836479757E-4 -0.0016583930956929108 
0.09224971108583382 0.0020361426214664914 7.177101448018058E-4 -0.002193927125753626 -7.967469825362612E-4 1.5450958375850531E-4 -4.0826528715869677E-4 0.002813564115238649 4.429543248678945E-4 -1.6612000271228918E-4 
0.12251683821363672 0.0022688792495975454 7.342351044072672E-4 0.0025691126936750854 -4.352945939495015E-4 1.3469589576769275E-5 4.0468463815343276E-4 0.002799627525288536 5.809909294202833E-4 -0.0015649343293366554 
0.8237034449420395 0.002281584425444441 7.128930554672527E-4 0.0024436358883393114 -2.987425260047422E-4 1.3528696496352646E-4 -4.220038725383476E-5 0.0012288691853918378 4.6989318809239245E-4 -0.0016713452838364707 
0.06289616377173707 0.002281798572878933 6.501766245032765E-4 0.0025750040892966643 -2.9876583704651797E-4 3.2887413324512093E-6 4.0396891952193266E-4 0.001224992838683897 5.225361162306115E-4 -0.0016713759758421635 
0.9664363605817293 0.0020361426214664914 -5.93639515224511E-4 0.002709687098872597 -7.967469825362612E-4 1.5462890908251876E-4 -4.0826528715869677E-4 0.0012156610538145462 4.4057771152706393E-4 -1.62978502398823E-4 
0.8352546174916402 0.0020599085384392112 6.707361369759277E-4 0.0026180037097822705 -8.042362259879105E-4 -4.294573388731064E-6 -4.884836694984954E-4 0.0012783902123123937 4.356789358556252E-4 2.945652011064953E-4 
0.15867235439683786 0.0022732071229084683 8.936897139089773E-4 0.0024187225774508435 -4.4028789868196417E-4 -0.0010094717401450332 -6.148968688660138E-5 0.0012123979432287907 4.4945255219943275E-4 -0.0016603278623993094 
0.657745896690924 0.0020361426214664914 -5.646564923051742E-4 0.002709687098872597 -7.967469825362612E-4 1.5462890908251876E-4 -4.406354064598279E-4 0.0012156610538145462 4.4057771152706393E-4 -1.62978502398823E-4 
0.9206795384248276 0.002271066690440729 8.54835117549378E-4 0.0024583772283729077 -4.66937146447489E-4 1.0318119988483775E-4 -4.556478573427274E-4 0.0029307480781341016 4.3207080060868243E-4 -0.0016516935098526279 
0.9723814147707384 0.0020339489190751036 7.108999368348979E-4 0.0026162281834958413 -2.857900682231449E-4 1.5469723537083402E-4 -4.761666054808873E-4 0.0012079812909501723 4.6989318809239245E-4 -1.5325338459071063E-4 
0.0135601525630819 0.002137739256773915 6.310081496158937E-4 0.0025752509192251737 -2.857410446507032E-4 -4.878446599883021E-6 4.04290582480168E-4 0.001131870729390794 3.8199783142683707E-4 -0.0023267566432296606 
