0.9990621761812299 7.078745304709054E-5 0.0012054917049289075 -5.145172153208099E-4 7.057822050257681E-4 0.001777680010554903 -0.0017554703911329165 3.552461692807338E-4 -0.0018736884697157698 -8.115111979941991E-4 
0.0 1.21588483622975E-4 0.0011771681708013315 -5.89817404480743E-4 6.80265810978337E-4 0.001887413223976907 -0.0017401516009023057 2.6418578051105163E-4 -0.001873381406924171 -7.666734352816963E-4 
0.9758460152071082 1.4300766352248658E-4 0.001207078247957346 5.986939201380721E-4 6.557192914363706E-4 0.0018682981251143282 -0.0015649611736866318 2.857835307363383E-4 -0.0018700231575105722 -8.067013488943097E-4 
0.9444936027494235 5.155912680083043E-5 0.0012111111051221553 -5.349654961361439E-4 6.874593323292564E-4 0.0019652839891819256 0.002515614958441302 2.3172827576905448E-4 -0.001876405460392044 -7.572887082558178E-4 
0.5305321216297102 1.0440503706756596E-4 0.001248386485620592 -5.394725200664576E-4 6.319174988122083E-4 0.0019119948020653763 -0.0015446607746253127 2.614653437717757E-4 -0.0018720830479110374 -7.658148974665773E-4 
0.4990149303452641 1.075052741852831E-4 0.001193102396208556 -5.852197658715906E-4 3.818860183432814E-4 0.0018770253529850221 -0.0013202128348473085 2.5465290849974035E-4 -0.0018912320276072176 -7.623279176563703E-4 
0.6336638579165796 -5.639183102094626E-4 0.001200948560864595 6.058446302798276E-4 6.868685723175779E-4 0.0017008145656790333 -0.0014719622102196974 -2.407352684347528E-4 -0.0019027185176688102 -7.655943125516932E-4 
0.47186237363042055 -5.205611635490892E-4 0.0011843207978485583 -3.915385856633839E-4 7.001826520931505E-4 0.0018023192060964222 -0.0015910606953327888 3.6416500249905403E-4 -0.0018809469082027579 -7.664343124102825E-4 
0.27771834775300613 5.797709476889938E-5 0.0012000877153316577 6.225177034370404E-4 7.382147087715287E-4 0.0027689717973940374 0.0021020220182573026 -1.3134434506670902E-4 -0.0019026370245303127 -8.103730767035241E-4 
0.3678313580282375 1.3830048299644004E-4 0.001191083016968308 6.73788268136682E-4 8.146466737787996E-4 0.0026157439326730605 -0.0013688939117134978 -1.3813758717363888E-4 -0.0018923811310693653 -7.678516769883316E-4 
0.5946155304345568 1.3854633870538695E-4 0.0011911550511065018 4.904126990972393E-4 8.184875750688652E-4 0.0018911096927155043 0.0012281169203531544 -3.477378236423543E-4 -0.0019032466149511303 -7.555286000031229E-4 
0.7163831660783696 1.4300766352248658E-4 0.0012070832791965288 4.895275556781761E-4 6.559049176812548E-4 0.0018682981251143282 -0.0015649611736866318 -3.8610977626536816E-4 -0.0018741100412132121 -8.0556869754919E-4 
0.2594022190751971 -4.448044861893672E-4 0.0012066755449338035 -5.510954320600253E-4 6.6701031290981E-4 0.002743629663351929 -0.0015517728461379404 -3.4740876834171594E-4 -0.0018741187564481603 -7.662374457135014E-4 
0.8482341613613825 -6.167084616846919E-6 0.0011773801739377637 -5.646957904400599E-4 7.525749977237483E-4 0.001821872599985261 -0.0017519223933974502 2.4753291673821633E-4 -0.001889083732191146 -7.407799852098911E-4 
0.10178370374132223 7.234404864217052E-5 0.001177619075982795 6.704232454705582E-4 6.675052224563298E-4 0.0018969986936331958 -0.001557106997882975 -3.150311682911528E-4 -0.0018960852990936934 -8.063072461771317E-4 
0.3813555859518356 2.5102732093098205E-5 0.0011775798083285983 -6.589627854997815E-4 6.89010435934238E-4 0.002751127718947242 -0.001516579311558769 3.5772835636694775E-4 -0.0018964118305661594 -7.754458194072529E-4 
0.20632939575638465 -5.125016299017348E-4 0.0011911216243624123 -5.565683597297284E-4 6.708386210250472E-4 0.001803430504881521 -0.0016043061094276495 2.3934881397176555E-4 -0.0018736972371538967 -7.637462073318849E-4 
0.6542383032568577 1.8965159164214342E-4 0.0011890514227116437 6.75861898028289E-4 6.105436601715842E-4 0.0018746238974714435 0.001123412819956121 -3.155721445189476E-4 -0.0017028224904974115 -7.666672063488377E-4 
0.03214114839889082 9.738899095356119E-5 0.0012040597929118759 -5.785152702094354E-4 4.3900774476159706E-4 0.0027461341329125567 0.0016173261358935803 -3.4257726373786553E-4 -0.0019022252488010663 -7.652882926663757E-4 
0.8651084220934511 7.080926338048842E-5 0.0011777436204803771 6.157956895849377E-4 6.715963044763599E-4 0.0018313628868541197 -0.0017471209344588495 -2.62441785264947E-4 -0.0018879144462033233 -7.66675224294912E-4 
0.03836740383651312 -5.168844644922234E-4 0.0012106716869606164 -5.670064258803481E-4 3.7745838994575386E-4 0.0027654304187823627 -0.0014879330201365436 2.6110804930205335E-4 -0.0017557925063991376 -7.623015749877935E-4 
0.42637121288662316 5.3116272536549614E-5 0.0011849566947275067 -5.552610062139773E-4 6.929660281177641E-4 0.0018649664711573887 -0.0020496638694329633 3.7689240844609377E-4 -0.0018729514745532093 -7.75351251795662E-4 
0.8934196256425825 -5.409025925494564E-4 0.0012075728502301958 -5.986026562808122E-4 6.893973241985337E-4 0.001823377805969088 -0.0013621672647377006 2.3868729243797576E-4 -0.0019025757128556013 -7.884937054735221E-4 
0.5115282002804378 8.489289712728938E-6 0.0011937971402547025 -5.652685025475194E-4 6.255396883063375E-4 0.0027329189104424844 -0.0013703388356730748 -2.7323905885508817E-4 -0.0018921731690283326 -7.622423152891019E-4 
0.7030564099011245 -5.673987336332809E-4 0.0012064590909907063 5.503523343199865E-4 6.305842117957423E-4 0.0027625367544915867 -0.0012334615139973917 -1.055869613119726E-4 -0.0018733849382828781 -7.660201899578324E-4 
0.878757608569031 7.081071703410393E-5 0.0011777436204803771 6.157956895849377E-4 6.715963044763599E-4 0.001832666838416768 -0.0016043931543491805 -3.8762972071847363E-4 -0.0018879144462033233 -7.670513974935341E-4 
0.6110055824627997 4.694424119667235E-6 0.0011913213048842114 -5.132036941460959E-4 6.170702516751564E-4 0.0027291060389797216 0.0017902514071322262 -3.534512960463081E-4 -0.001874203201476387 -7.623814164612357E-4 
0.17372193169852046 -5.035933942880962E-4 0.0011915285213180394 4.897409554219701E-4 6.941111023944679E-4 0.0018865633251764968 -0.0017278879703387677 2.4308056269087185E-4 -0.0018978738832733247 -7.565913120200288E-4 
0.12302071936473853 -4.477261137301639E-4 0.0012053712764978708 6.361726769535577E-4 4.373546532139492E-4 0.0027382512154812307 -0.001139880968698153 -2.8072353614393326E-4 -0.0019019415562781994 -7.5084859224842E-4 
0.1149625242216958 -4.477261137301639E-4 0.0012053847099102284 -5.138261863299434E-4 6.668341133639911E-4 0.0019102566933177807 -0.001139880968698153 -2.7967837425390695E-4 -0.0018764905322588507 -7.5084859224842E-4 
0.3000113192780669 1.2976051534786324E-4 0.0011918409007499347 4.8280609074834657E-4 6.941111023944679E-4 0.0018854972830215737 0.0011420245981643568 3.928354399837644E-4 -0.0018978738832733247 -7.901730273340246E-4 
0.3411310509170396 1.46148688983964E-4 0.0011862559106955931 -5.290780945662657E-4 4.453614495281555E-4 0.0019333587138988025 0.001883272140496198 -3.650390536413463E-4 -0.0018969640243048065 -7.928979072115978E-4 
0.1894961579579371 -5.195442883591693E-4 0.0011778487410960426 -4.749577122490064E-4 6.271878302338523E-4 0.0027329638544643293 -0.0015507693353178757 -2.582874638154084E-4 -0.0018921731690283326 -7.623279176563703E-4 
0.9173756051152891 -3.21453286810698E-4 0.0012143998885675504 -4.7756583988568227E-4 5.726159431523668E-4 0.0019178055628183205 0.0025086215966214536 -2.03250440344773E-4 -0.001703868041392068 -7.618144427879254E-4 
0.9367570915000094 2.874896121076028E-5 0.0011948018972802845 -5.652685025475194E-4 6.255396883063375E-4 0.0027800982398594586 -0.0011744725155572332 -2.7323905885508817E-4 -0.0018922094492513392 -8.210977790001354E-4 
0.6893497663306077 -5.233333237542974E-4 0.0012487607807381354 -5.560677092825684E-4 6.918627879955372E-4 0.002778171821642678 -0.0014140864894956842 2.715302310751382E-4 -0.001902322813177812 -7.89091914839303E-4 
0.06601943096900273 1.3203700307320057E-5 0.0011911308902084838 -5.490941722654295E-4 6.91163890410621E-4 0.0018669477113896981 -0.0013743608949248092 -3.6869808724892676E-4 -0.0018847904109927638 -8.206602712350506E-4 
0.6223473905490248 4.837789124700061E-5 0.001206575399999149 3.839642860202744E-4 6.571113236680717E-4 0.001910392680051449 0.002337943923589387 -2.6279008460845625E-4 -0.001934315822468093 -7.569695073850287E-4 
0.020096364712699752 -5.408629898674215E-4 0.001179786458998376 4.881128249168115E-4 5.753129985186541E-4 0.0027693114244659377 0.0019701815851053016 2.6631156105396287E-4 -0.0018729718566472878 -7.609434784349072E-4 
0.7559651495992266 1.9942759590681485E-4 0.001181282852997239 4.686378573766889E-4 8.032010676562068E-4 0.0027585178370443325 -0.0017006814878279446 -3.874764623608476E-4 -0.0019335467094324858 -8.09884490949184E-4 
0.8328325300209504 -5.233459510510075E-4 0.0011896166224657683 6.745423309286977E-4 9.166516456246363E-4 0.0018486304428385655 -0.0016008561800050823 -2.7559015288366106E-4 -0.0018964118305661594 -7.69492161703232E-4 
0.6783604116610419 -5.266799310673056E-4 0.0012462009047413067 -5.562953348363629E-4 6.27367077495036E-4 0.0027329638544643293 -0.0015507693353178757 -2.582874638154084E-4 -0.001902269376471208 -7.868002483814498E-4 
0.006628985519916072 1.2957181554949202E-4 0.0012069344116690606 -6.169277249058214E-4 8.355367213010341E-4 0.0019121294022697898 0.0010723095194935185 4.164601413858423E-4 -0.0018691156568751627 -7.660702909516462E-4 
0.08411344510376866 1.4353545213414986E-4 0.001177619590994018 -6.615812199766962E-4 6.430367743771742E-4 0.001887395874991939 -0.0015607252051448159 2.627661534855804E-4 -0.0018724301914491324 -7.66675224294912E-4 
0.1927710301949199 -5.67047586875945E-4 0.0011685978811184958 6.818468270742986E-4 9.100905460227171E-4 0.0018849359610704484 -0.0014785568697751545 -2.434615792960324E-4 -0.001892313197895363 -7.659676812890133E-4 
0.544064748194857 1.4304633274621364E-4 0.001177619590994018 -5.434324791779125E-4 6.430367743771742E-4 0.001887395874991939 -0.001545000195826532 2.627661534855804E-4 -0.0018724301914491324 -7.66675224294912E-4 
0.009893724949443294 1.0329954570750916E-4 0.0011775976772326598 4.6205727394254203E-4 7.52828773994916E-4 0.0027333050251305453 -0.0015371212449382145 2.7077766539591663E-4 -0.0018972599570995807 -7.666596014251083E-4 
0.13732715869991977 -5.325544858502631E-4 0.0011915285213180394 6.269331648907418E-4 4.4794547266193986E-4 0.002655727849641348 0.0018041701298829851 2.449161897796462E-4 -0.0018953566825620342 -8.097421307544097E-4 
0.41291511455636076 1.9942759590681485E-4 0.0012081186071658952 4.646491082617424E-4 6.882170003255988E-4 0.00277700312628535 -0.0017006814878279446 -3.874764623608476E-4 -0.001931119522369702 -7.574319210220776E-4 
0.07274022785714324 1.1415623763995453E-4 0.0012493681296534456 5.332552164355749E-4 6.895577673387968E-4 0.001803383540923435 -0.001369115371251336 -3.6681718950397243E-4 -0.0019029714853474478 -7.898007139412087E-4 
0.012819256595187428 1.4392096356915344E-4 0.0011935815875279499 -5.283843791123482E-4 4.362097028836774E-4 0.001877605289309454 -0.0017401516009023057 -3.708981218535117E-4 -0.0018729429913468792 -7.638935734505774E-4 
0.2283238111881631 3.531507918916399E-5 0.0011862121562436544 -5.81460744900101E-4 6.924109382558948E-4 0.0018970055408949757 0.0010884859434246573 -3.6539661796894E-4 -0.001896551442156352 -8.043961114503996E-4 
0.4538900857642645 1.2853041187494465E-4 0.0012465245561522143 -5.503275696162757E-4 6.675790781344199E-4 0.002743629663351929 -0.0015517728461379404 -3.43690328166636E-4 -0.0018738180988680344 -7.662313355577907E-4 
0.1684594758831047 8.246434586170031E-5 0.0011685978811184958 4.6393393338844036E-4 6.168979371290438E-4 0.0018728222264588672 -0.0014792257650161223 2.6081027250730637E-4 -0.0019038344709210908 -7.658130005277134E-4 
0.7960227513960467 1.9785815019269677E-4 0.001201682534550666 6.388363774570214E-4 6.930858874388505E-4 0.0029434875333545205 0.0017690959023779305 3.998117755597894E-4 -0.00187329690992997 -7.944817424708031E-4 
0.6649216508438336 2.039950304669843E-4 0.0012016391616751615 6.281177292934298E-4 7.709265297043638E-4 0.0027300042746622884 -0.0013327644180204726 4.0094462935040624E-4 -0.0018838349202544118 -7.653288502241063E-4 
0.812784911491597 -4.446047067947959E-4 0.0012070974631429295 -5.696775596739445E-4 6.666880298197191E-4 0.0019082290728620014 -0.0012480064653121207 4.0417548704223814E-4 -0.0018764375634940976 -7.517850932106774E-4 
0.35154428838750257 -5.205611635490892E-4 0.0012475929573662259 -5.846396781417228E-4 7.720456568197515E-5 0.0018060516521257947 -0.0015910606953327888 2.2311225192054345E-4 -0.0018809273458223216 -7.664343124102825E-4 
0.9089759557098324 -5.125016299017348E-4 0.001191386582077312 -5.55955908236133E-4 6.709705935881329E-4 0.001803430504881521 -0.0016042943189904073 2.3934881397176555E-4 -0.0018736972371538967 -7.637462073318849E-4 
0.5786911433397792 -6.167084616846919E-6 0.001242253827377872 -5.539461877002901E-4 7.525749977237483E-4 0.0018386781966845721 -0.0017545216657356639 2.4753291673821633E-4 -0.001889083732191146 -8.074272857306725E-4 
0.06058559296751653 -5.187404878302383E-4 0.0011896166224657683 6.745423309286977E-4 9.166516456246363E-4 0.002751324352362828 -0.0015917489451917888 -2.7559015288366106E-4 -0.0018964118305661594 -7.659687811347471E-4 
0.39539233923501854 2.2114473018045104E-4 0.0015200840057465717 -5.835993104308722E-4 6.164184065370194E-4 0.0018887210867202578 0.0025335837112592475 -2.8161082986966497E-4 -0.0018729869900392358 -7.615641778219804E-4 
4.5627367839599225E-4 1.21588483622975E-4 0.0011771681708013315 -5.925643461800583E-4 6.80265810978337E-4 0.001887413223976907 -0.0017616405437049386 2.6418578051105163E-4 -0.001873381406924171 -7.667093140521227E-4 
0.7359952135111587 -5.122716357208225E-4 0.0012493458726277574 -5.565683597297284E-4 6.918795277087728E-4 0.001803430504881521 -0.0016043061094276495 2.3934881397176555E-4 -0.0018737041695101207 -7.63669530233975E-4 
0.76210307102104 4.681782681639578E-5 0.001180259998066611 6.720347212076365E-4 8.164694450536327E-4 0.0018991860449664578 0.002542208611272948 -3.720287532045717E-4 -0.0018754080667844626 -8.112906849899413E-4 
0.3278450583647444 1.3114114252487876E-4 0.0011933443268188479 6.283788134928757E-4 6.929099667602706E-4 0.0035842493143401757 0.0015312390476492676 -3.0543896290741727E-4 -0.0017158821733171087 -7.653288502241063E-4 
0.0015712233797799124 2.6167193307214916E-5 0.0011892583195993688 -6.115080037423343E-4 7.523735468786455E-4 0.0027513244530203264 -0.0020550183874594946 2.6995585796039896E-4 -0.0018963702286887401 -7.758992775584839E-4 
0.23746463617769376 -5.183203581649634E-4 0.0011882343147902668 -6.051100805537451E-4 6.862870483012116E-4 -0.0027647680943204446 -0.0014088679875347617 -3.710186119324692E-4 -0.0019022826246752702 -7.671526522182538E-4 
0.004067603455000984 1.608773927285566E-4 0.001195511460529535 6.021809534766903E-4 6.184524594459705E-4 0.002757758618219918 -0.001713080555327203 -3.660274959991041E-4 -0.0018821396691087989 -7.916834083265872E-4 
0.09383806347260218 -2.7386791956922915E-4 0.0011987417320261542 -5.913300184535859E-4 6.158368355283528E-4 0.002740168759668109 -0.00131450949720469 -3.667265182164025E-4 -0.0018705577490131333 -8.198050339010729E-4 
0.5616764120215962 -4.3076877187879514E-4 0.0012419724524402778 -5.54446653828707E-4 7.50838855000119E-4 0.0019084527718323972 -0.0012480064653121207 4.0417548704223814E-4 -0.0018761175844878059 -7.517850932106774E-4 
0.08001477440447485 7.514916202733765E-5 0.0011841004824719441 8.956588564967873E-4 6.681298441815835E-4 0.0027871653554072365 -0.001561071730071434 3.6777653809275666E-4 -0.0018965386682417034 -7.659440063292772E-4 
0.2866811822303824 1.0942385637046796E-4 0.0015261380998676174 3.945097857463859E-4 6.552835285167401E-4 0.0018974312830636626 0.0025842055885369726 -3.829590772920612E-4 -0.001934315822468093 -7.530039204446949E-4 
0.7357064338914212 2.0051229404834158E-4 0.0011839591400732783 -4.469913711999939E-4 6.884752689349182E-4 0.0027493621173075656 0.0020967929856017154 3.684630299612242E-4 -0.0018733552912238046 -7.641296039499558E-4 
0.15817278015783187 9.854283802896555E-5 0.0011897271104526397 6.76540260020155E-4 8.156714569216793E-4 0.002735204044338707 0.0011220319511756308 -3.886240282122438E-4 -0.0018964282308366795 -7.666618924629568E-4 
0.8244695719755981 2.0781970793778715E-5 0.0011896184408367058 -6.59902523061111E-4 6.671878560774817E-4 0.0027513244530203264 -0.002052021578509162 3.5584537667994904E-4 -0.0018964678359570573 -7.754458194072529E-4 
0.7764780509179323 3.531507918916399E-5 0.0011861523527361374 -6.00759884650159E-4 8.122285482092945E-4 0.0018991827974764708 0.0010884859434246573 4.059991857469462E-4 -0.001896551442156352 -8.069803144386694E-4 
0.5533523224274041 1.4355424000903313E-4 0.001191077643273267 -5.890173070181651E-4 6.679401229998733E-4 0.0018654675852743919 -0.0017162538355727655 -1.0472262812123373E-4 -0.0018920679210213424 -7.670167777110964E-4 
0.2992009441215612 -5.574742575446815E-4 0.001177191637863395 -5.885985460058686E-4 0.0040667201333634325 0.002733026174650483 0.0025570057462720613 2.802471989209796E-4 -0.0018823148678338807 -7.663821180451201E-4 
0.8001294596530826 1.9183266478914953E-4 0.0011863550061124344 6.789139572157914E-4 7.052528854273022E-4 0.0018868135619738804 0.0018656011296625163 -1.3129648160799102E-4 -0.0019044713826557467 -7.610157173011271E-4 
0.44063337294194727 -3.1464384645549215E-4 0.001198847829299657 4.504917698965246E-4 6.868923120950882E-4 0.00351215392883152 0.0017601805929959224 -2.0447562269241718E-4 -0.0017118769864318312 -7.568798765689529E-4 
0.3146887599739428 -5.335497155113575E-4 0.0011799506681186337 6.2805608212642E-4 4.478718440036102E-4 0.0026754162437042416 -0.0013715864194381693 -1.3813758717363888E-4 -0.0018814302206440847 -8.113922740906591E-4 
0.044800657617017015 -5.590577911240386E-4 0.0011862559106955931 -5.290780945662657E-4 4.453614495281555E-4 0.0019333587138988025 0.0018712736410745863 -3.654524412372494E-4 -0.0018970933579875065 -7.928979072115978E-4 
0.21851526027290558 -5.408629898674215E-4 0.0012119422786258062 -5.743823932143271E-4 5.546314256441431E-4 0.0018766115653803706 0.001638574303956094 3.962493753454824E-4 -0.0016990716222372252 -7.623709252205737E-4 
0.463066222897778 -2.8737116576235954E-4 0.001270555599689949 6.75442236995728E-4 6.578247065020619E-4 0.0019119948020653763 -0.0015590752223729111 -1.2027570097032358E-4 -0.001934315822468093 -7.573456805836508E-4 
0.02554519689936041 4.837934490061613E-5 0.00121067505478798 3.839642860202744E-4 6.646660007440399E-4 0.0019116966316140975 0.002480671703699056 -3.8797802006198287E-4 -0.001934315822468093 -7.573456805836508E-4 
0.25051902596854747 7.234404864217052E-5 0.0011986178980555036 6.704232454705582E-4 6.675433379478679E-4 0.001889787103348967 -0.0016986198425808974 4.097136301173208E-4 -0.001895454051589161 -8.063072461771317E-4 
0.025849574062637493 1.9906971733227506E-4 0.0012566229323670707 6.763107301259758E-4 8.197402357682339E-4 0.0027493621173075656 0.0010988210451971757 4.0693843005158E-4 -0.0018733552912238046 -8.187190195543945E-4 
0.051545400055810126 -5.357447254801106E-4 0.0012465197028116708 5.443392874935784E-4 6.420377725083531E-4 0.001977520599653933 -0.0013722583487095594 2.691434322316674E-4 -0.0018970908394229497 -8.21282649662162E-4 
0.44540305968004645 -3.185993803294069E-4 0.001198847829299657 -5.421763669056208E-4 6.868923120950882E-4 0.00351215392883152 0.0022380271530747222 -2.08611883688942E-4 -0.0017158821733171087 -8.188351508911502E-4 
0.21590088472543595 7.078745304709054E-5 0.0012054917049289075 4.868647053201028E-4 7.057822050257681E-4 0.001777680010554903 -0.0017554703911329165 3.552461692807338E-4 -0.0018747280418183274 -7.600558383505341E-4 
0.7760734687638629 2.0051229404834158E-4 0.0012562730140734124 -4.469913711999939E-4 6.884752689349182E-4 0.0027493621173075656 -0.0011675280471791466 4.0145770807151334E-4 -0.0018733552912238046 -8.187190195543945E-4 
0.004122046894098924 1.6084427412486207E-4 0.0011915285213180394 4.897409554219701E-4 6.169863337834498E-4 0.0018867200185065736 -0.0017113075753819285 -3.463594784609054E-4 -0.0018978738832733247 -7.901730273340246E-4 
0.4062373064736862 -4.213497434659513E-4 0.0012101494407077322 4.5357992660666516E-4 6.697170624081881E-4 0.0018514560777754788 -0.0012480064653121207 4.043113724614168E-4 -0.002861893629452443 -7.575037796588441E-4 
0.04518460271162872 2.388534119747833E-5 0.0012539356164789671 -5.444374013108289E-4 6.128191579456539E-4 0.001928446590167044 -0.0010971992803196291 3.1874941681843416E-4 -0.001699517833406713 -8.202531416506213E-4 
0.0969077200030845 1.9942759590681485E-4 0.001177174503529874 -5.491159022024375E-4 6.881788848340606E-4 0.0027679256379190328 -0.0015591686431300222 -3.233265219099026E-4 -0.0018855799788488018 -7.574319210220776E-4 
0.1546208013347442 -5.599830704954662E-4 0.0011711063675795886 6.077142787980091E-4 6.081265504589183E-4 0.0018964332794206386 -0.001173090499216632 -1.0607576332608102E-4 -0.0018913136576739595 -7.661092613434119E-4 
0.1466032139034235 -2.860545101125443E-4 0.001195631289073909 6.021809534766903E-4 6.184524594459705E-4 0.002757758618219918 -0.001573142386864779 -3.667265182164025E-4 -0.0018821396691087989 -7.585678470434133E-4 
0.13795756288505323 -5.035933942880962E-4 0.0011915285213180394 4.897409554219701E-4 6.941111023944679E-4 0.0018865633251764968 0.0017240268246744425 2.4578526585741333E-4 -0.0018953566825620342 -7.565913120200288E-4 
0.14736452630845712 -2.860876287162389E-4 0.0011916483498624136 4.897409554219701E-4 6.169863337834498E-4 0.0018867200185065736 -0.0015713694069195048 -3.470585006782039E-4 -0.0018978738832733247 -7.570574660508507E-4 
