1.1872189658653905E-17 -2.884556809459598E-4 6.984724655449095E-4 -3.174559426096696E-4 6.894272084570595E-5 -0.0013691137229099165 3.9433030782366416E-4 5.707065866607301E-5 -7.954774713038498E-4 5.118831869205507E-4 
0.9999199115119461 -2.8619444282776754E-4 6.92163230883866E-4 -5.037945252403652E-4 1.5623930558851187E-4 -0.001360611311265644 2.156454038098348E-4 9.949548451962707E-5 -8.167044168591456E-4 6.031870408830842E-4 
0.6835008834460529 -2.9438349750046785E-4 6.432974241341765E-4 -5.012140661481173E-4 1.587400674416865E-4 -0.001362483497871215 4.0799571343823224E-4 1.9304828797933526E-5 -8.197727432251849E-4 4.2614173626800696E-4 
0.7083725346869303 -5.167827386392604E-4 6.907942624991151E-4 -4.421944873299539E-4 9.675764826789142E-4 -0.001520562304860855 3.957018187717552E-4 1.4275349954849217E-4 -8.283762964405843E-4 4.107236174149865E-4 
0.34715443736939355 -3.9038588258722795E-4 6.986630993426031E-4 -5.781181251007122E-4 1.2268282880036595E-4 -0.001369818448849596 3.9423415067896223E-4 4.548120218945749E-5 -0.0012142416183582075 4.0675308019470855E-4 
0.24100586582435019 -3.593678297070924E-4 6.658923938124272E-4 -5.132903094519708E-4 0.0011252514117745852 -0.0013785656387093413 2.21598433029959E-4 1.434802680737305E-4 -8.08319148684974E-4 6.388334374848422E-4 
0.576488361725332 -2.8276021771280054E-4 6.442795436805054E-4 -4.910005695075418E-4 0.001236938991075745 -0.0014913174776891138 1.954135101174604E-4 9.134845300109725E-5 -0.0013089470609683519 6.242057495445712E-4 
0.23018842588967553 -3.6933994257203707E-4 8.264771850313573E-4 -5.812015067772955E-4 1.1148502351600168E-4 -0.0013578549653307686 4.024232868839913E-4 2.0524328284584316E-5 -0.0011138960741465108 5.174350604533627E-4 
0.8455007190873897 -3.548935698381489E-4 6.653387958195946E-4 -4.01255245029167E-4 1.4592851801640557E-4 -0.0013895374289607508 3.9999990735846793E-4 3.0084929038324344E-5 -8.274645360970423E-4 5.193266404290864E-4 
0.8266354746700747 1.0620619409397445E-4 6.896408997365762E-4 -4.044139253425689E-4 0.0010902444540443676 -0.0013578873406878942 3.93314892677652E-4 4.0714771674790775E-5 -0.0010111213053132122 5.059764116839884E-4 
0.05232841576224345 -3.561854221479156E-4 6.92163230883866E-4 -5.037945252403652E-4 1.5798538078274258E-4 -0.0015236171426915197 3.062284867385372E-4 9.720935162496551E-5 -8.206200048114154E-4 6.031870408830842E-4 
0.010669087379942491 -5.495214182196246E-4 7.002177328900354E-4 -4.25564907441311E-4 9.691142295322132E-4 -0.0013678888745713978 3.966193318155191E-4 6.94757771443551E-5 -0.0011856177995492852 6.218511476720874E-4 
0.33574370996335134 -3.6909410806501124E-4 7.02373929230719E-4 -5.036699894455066E-4 1.4095301168147944E-4 -0.0012943422141728947 3.894886042830209E-4 2.4940483536954883E-5 -0.00101179203400891 5.048760134902469E-4 
0.1370179843725543 -3.553824473455198E-4 6.639610788404746E-4 -4.070848996834654E-4 9.857489373090598E-4 -0.001394050333115707 3.6477266150744157E-4 3.0084929038324344E-5 -8.38669312059826E-4 3.9838571158264054E-4 
0.9844533984385535 -3.6895878744912946E-4 6.921579816446207E-4 -5.037945252403652E-4 9.900393002902413E-4 -0.001360769171017135 2.0744105140353694E-4 9.954732888193388E-5 -8.333791602952218E-4 6.104230446738491E-4 
0.14931710722316346 -3.55354362756747E-4 6.854849799586509E-4 -4.287448901320151E-4 8.256974605549946E-4 -0.0013939406290237575 3.6202692936620405E-4 2.785525893748644E-5 -0.001127238186710373 3.982949529383835E-4 
0.454438543265268 7.006472634126933E-4 5.9365803570094E-4 -5.042459651710882E-4 1.7447312444486313E-4 -0.0013847437456240967 2.9224146690053505E-4 9.97323143018707E-5 -0.0010124775978423103 4.196643526281846E-4 
0.6674523948694585 -2.8619444282776754E-4 6.717894585149962E-4 -5.037945252403652E-4 1.6218956083266452E-4 -0.0012942040438405184 4.010868016009394E-4 5.256358497985555E-5 -8.206200048114154E-4 6.020445015628313E-4 
0.9656641300092886 -3.0505465981044464E-4 6.368208044097439E-4 -4.211166236136497E-4 1.855402460380675E-4 -0.0015434219984406339 4.3406667691665206E-4 -1.4244667176973935E-4 -8.180939354275717E-4 4.1417659849424867E-4 
0.29900605020762544 -2.895873252494294E-4 5.814246840209603E-4 -5.060675502462251E-4 -1.7028659542425609E-4 -0.001355982815943413 2.9917298342294784E-4 9.504354579209422E-5 -0.0011894056520301527 5.77174618216604E-4 
0.41938588413906797 -3.5594593877767087E-4 6.356104152095486E-4 -4.3152658838119484E-4 9.511241937532757E-4 -0.0013640896537360635 4.02304269382331E-4 6.70204000459916E-5 -8.360072092955346E-4 3.526714868522995E-4 
0.6539293235412683 -4.6329748608024045E-4 5.949910893490564E-4 -3.1593865800705865E-4 6.660838064935664E-5 -0.0013165795552646463 2.105006335335874E-4 5.225939101626036E-5 -0.001024588441162564 4.219418227740226E-4 
0.01603645447932857 -3.7559819524125496E-4 6.656714433201753E-4 -4.95564060990979E-4 4.021538930576153E-4 -0.0015206066205309975 3.8954571747146905E-4 1.905132862576333E-5 -0.00101331955391442 4.1603245194957416E-4 
0.12077303703533765 -3.5342274060766584E-4 6.853009121765237E-4 -4.0016703014275254E-4 9.755290950796676E-5 -0.001389152094469798 3.1928468800833474E-4 -1.178604471016113E-4 -9.321164231193211E-4 4.093552949520943E-4 
0.8006173998333976 -3.550749543047142E-4 6.436700225484823E-4 -3.8124587481148703E-4 9.91908670207776E-4 -0.0013895374289607508 4.0230801927647173E-4 3.0388069494291006E-5 -8.413668993373327E-4 3.4702716652009076E-4 
0.40749343129364385 -2.952561720008806E-4 6.587306513399582E-4 -2.678837571938405E-4 9.872656662061564E-4 -0.0015136980576818614 3.17540774938275E-4 9.398978275658901E-5 -0.0010328355014341275 4.1861356217182854E-4 
0.2004783975721671 -4.611751551990199E-4 5.938692755263892E-4 -3.379963935074191E-4 1.7595860723983343E-4 -0.0014040372800195303 2.922025972688161E-4 8.106767861859921E-5 -8.181135847651761E-4 4.17000692559981E-4 
0.1109064332541192 -2.8688052734788204E-4 6.986642377908731E-4 -3.8908055820841974E-4 0.00101493330513665 -0.001384875324355383 4.0191232856175667E-4 3.699117258726037E-5 -8.353281852488042E-4 6.294787565355077E-4 
0.7213303341511461 -2.867256222361426E-4 6.486164487678093E-4 -5.778531312866519E-4 9.739069013750196E-4 -0.001515797262591825 3.9967665408100953E-4 -1.1378060405558177E-4 -0.001211530560043673 4.073822742261775E-4 
0.5317367543018332 6.856230090692911E-4 5.9365803570094E-4 -5.042459651710882E-4 1.7447312444486313E-4 -0.001377758594111942 2.9224146690053505E-4 -1.1655983011747402E-4 -0.0010037122735547294 4.1890792639812823E-4 
0.8601571331133695 -4.107497940648518E-4 6.996425226643028E-4 -4.918082987750407E-4 0.0010615080924321002 -0.0013734202142814777 4.283456914289535E-4 2.703673987198682E-5 -0.0011729195088673742 4.1412152836507076E-4 
0.49471099561397286 -3.4206043554970117E-4 6.759379108001427E-4 -3.4367747697312053E-4 9.792668516141394E-4 -0.0015353368830605476 3.9408198663193697E-4 2.9070495439536723E-4 -0.0014466072590510232 4.253121482714256E-4 
0.36428995879804044 -3.543771640323908E-4 6.355147422260344E-4 -5.781181251007122E-4 1.2318400201809232E-4 -0.001369818448849596 3.905741961835578E-4 1.389689840571495E-4 -0.001213906965974781 4.0507705694730765E-4 
0.7350598359710447 -5.103708915607475E-4 6.718250632677979E-4 -4.421944873299539E-4 9.675764826789142E-4 -0.001520562304860855 4.285434600712699E-4 1.4275349954849217E-4 -8.283762964405843E-4 4.107236174149865E-4 
0.2155974546824513 -2.8388970337858065E-4 6.668890503169596E-4 -4.069340585607165E-4 9.947285305090094E-4 -0.00140512813311155 4.000038822769989E-4 5.528678022649447E-4 -0.0010069556328003656 6.361360607612218E-4 
0.8728158377672014 8.017247044402762E-4 6.435707281642565E-4 -3.8129769126407555E-4 0.0010753818383615668 -0.0013598918922040997 4.233476231218802E-4 2.2870596819756813E-5 -0.001184501005893065 3.502594588408367E-4 
0.25636129363155186 -2.973962927797436E-4 5.964045931193158E-4 -6.272540980962291E-4 8.412111237850173E-4 -0.0013583558646719043 4.862545526561158E-4 -1.1328790697591772E-4 -0.0011747403095846885 5.766679313457175E-4 
0.8128192519384679 -3.0347374190069465E-4 6.982798071469396E-4 -5.71812551825935E-4 1.3913884520530182E-4 -0.00135366499857439 3.211756490198161E-4 -1.2935877371024812E-4 -9.321164231193211E-4 4.1789373591165395E-4 
0.3036205119073711 -2.9094011543486073E-4 6.650416312836037E-4 -1.812030592539441E-4 1.0720148136617348E-4 -0.0015248347079188057 2.9837358371027597E-4 2.864175502539674E-4 -0.0011877111267940734 5.076882470667224E-4 
0.48302626349821787 -3.539214821768682E-4 6.6512242198256E-4 -3.4494524071174886E-4 -1.8853840387116462E-4 -0.0013627949382864183 3.991220680870546E-4 -1.047490229846726E-4 -8.18572327431182E-4 5.569186280818528E-4 
0.5074412267339162 -3.8930026586487046E-4 6.983596791908838E-4 -5.019248742230455E-4 0.0012025039405752537 -0.0015244198339124718 1.8217174181770282E-4 2.826662978141078E-4 -0.00105758971816166 5.054237431903195E-4 
0.5551868631365561 -3.687007415210208E-4 6.892951913368994E-4 -5.037945252403652E-4 4.004137318455353E-4 -0.0015171557169228267 2.0224521711692412E-4 9.959380768292669E-5 -0.0011794605023825824 6.291140985500455E-4 
0.5173463634793191 7.640017795755621E-4 6.37614515354569E-4 -4.927412829842824E-4 9.829647091341494E-4 -0.0013655180235585226 2.028857902778903E-4 9.387814423815386E-5 -8.460930920182249E-4 4.1887156288379407E-4 
0.2803073061435689 -3.7073293726813433E-4 6.988698600765696E-4 -3.9890946483814803E-4 9.807047348030355E-4 -0.001360946826539709 4.0381513117713764E-4 2.8670724311446848E-5 -8.413668993373327E-4 5.607969726477685E-4 
0.12865744159398307 -3.0188459152778285E-4 6.986630993426031E-4 -3.997899123938014E-4 1.2045719361857448E-4 -0.0013616290241256193 2.1703472000247172E-4 8.258007192470728E-6 -0.0012966676755851384 4.0530949034518017E-4 
0.4366014454697993 -3.0706096927756365E-4 5.992135061999555E-4 -3.1277794427661895E-4 9.11710275450515E-5 -0.0013599793656767236 4.1420544267885604E-4 5.279846468889017E-5 -0.0010091360294319023 5.035341576951214E-4 
0.05809186998125132 -3.5697492705531866E-4 6.918663164921257E-4 -4.909687735100946E-4 1.1178698544275507E-4 -0.001535593933234326 2.170747834728576E-4 -1.1699530221992807E-4 -8.272518427978358E-4 5.048764255071366E-4 
2.799744568587892E-4 1.587602734010828E-4 6.650563030861136E-4 -4.107558707381239E-4 0.0011243651598994635 -0.0016287695268315321 4.001209433104317E-4 -1.2283499347013021E-4 -0.001174764181021009 6.014454251600934E-4 
0.042461484070753494 -3.7438377286688306E-4 6.858354155419063E-4 -4.031588881272753E-4 3.697978112367716E-4 -0.0015352720910454328 3.9919086661905235E-4 8.129884770684329E-5 -8.18398747621768E-4 4.1335554602374327E-4 
0.6402389522706424 -2.8479181052733064E-4 6.920959648441856E-4 -3.441393125397141E-4 9.785684076910963E-4 -0.0013908857156130791 4.2878632573240444E-4 5.819681535884651E-4 -8.254568117033914E-4 5.752590360888192E-4 
0.08903607752674667 -3.898061794965851E-4 6.917058474865689E-4 -1.812030592539441E-4 1.1523881372814675E-4 -0.0015234700428046217 3.9723732851595E-4 2.864175502539674E-4 -0.001024827981522692 5.050174671090901E-4 
0.26354834373809066 -3.2580714417982564E-4 8.64965394402369E-4 -6.266796026640653E-4 9.734910705982019E-4 -0.0015385131686956122 2.939735072287436E-4 -1.2189149182508739E-4 -8.22370009881048E-4 5.57435406646954E-4 
0.6319992523445568 -3.6059872537605084E-4 7.020308307054835E-4 -2.6356308720364694E-4 -1.3343622162201432E-4 -0.001544611619966661 3.854412201396962E-4 8.019779493500142E-5 -8.244922072204796E-4 5.572682469710288E-4 
0.9336141646329581 -2.3560367171821962E-4 6.902514978520552E-4 -4.298387770785222E-4 9.91125817879133E-4 -0.001391814530817739 3.1422018592497803E-4 6.00393374440573E-5 -0.001136107969172913 5.853146674728926E-4 
0.08401022804063857 -3.5679228370898126E-4 6.894183930480422E-4 -5.180930408098706E-4 0.0010207754479447553 -0.0015434336081380747 4.3171764569322277E-4 9.69670885797957E-5 -8.027367726896738E-4 5.059156108816883E-4 
0.5554782859293221 -3.685696038187615E-4 6.892951913368994E-4 -5.037945252403652E-4 9.781669906900067E-4 -0.00136052345819447 2.0290238998106535E-4 9.959380768292669E-5 -0.0011794605023825824 6.227086832680414E-4 
0.1575810886359228 -3.5537674055014326E-4 6.626264195738695E-4 -4.069950636489239E-4 7.970675741507047E-5 -0.0013895374289607508 3.999172845483619E-4 3.0084929038324344E-5 -8.413668993373327E-4 5.193267671499353E-4 
0.0012892192297980017 -2.8177150570986314E-4 5.907074995674589E-4 -4.272278494286358E-4 1.2057813770863566E-4 -0.0015111242037114947 2.1818798066917141E-4 6.148244304904696E-4 -8.453809457993567E-4 5.783085985744494E-4 
0.9199265211023193 -2.895024392739876E-4 7.000335520733551E-4 -2.8871163381587883E-4 9.91125817879133E-4 -0.0015054325460951998 3.849711497242418E-4 3.36025563851927E-4 -0.0021309507657833017 4.162981694122961E-4 
0.27922901288856183 -3.7073293726813433E-4 6.989575572085357E-4 -5.006160692281886E-4 9.99725979649543E-4 -0.001348523934197998 4.0381513117713764E-4 2.8670724311446848E-5 -8.411893553206848E-4 5.607969726477685E-4 
0.3201863627526162 -3.67403936228635E-4 6.927241737925286E-4 -5.730514236909199E-4 5.014061521428149E-5 -0.0013594753911510841 3.970453599109694E-4 5.200261449120244E-5 -0.0011820899300112285 4.099071321922735E-4 
0.034420713725731744 -3.557931348160143E-4 6.656714433201753E-4 -3.01749689651638E-4 9.728237137849471E-4 -0.001537777486765971 3.9663674504128487E-4 6.171714866838569E-5 -0.001182635629060864 4.144552304629717E-4 
0.02748020822734465 -3.38785303317473E-4 6.863560102029133E-4 -4.919933655975181E-4 9.896953726299558E-4 -0.0014018225741662283 4.0173619453850876E-4 4.9957045631622216E-5 -0.0012141604209342832 4.1306247396601743E-4 
0.1038208016442124 -3.5396265020807237E-4 6.654385124544641E-4 -1.812030592539441E-4 1.1592975513892271E-4 -0.0015248347079188057 3.97251685079516E-4 2.864175502539674E-4 -8.318188204930753E-4 5.050174671090901E-4 
0.5866409200422371 -4.8531826733802806E-4 6.444610312340235E-4 -3.8298809734045185E-4 1.0973142410895494E-4 -0.00135472761721998 4.233476231218802E-4 1.991200099355209E-5 -0.0011792860916476613 5.358887497691444E-4 
0.7661267717108945 -3.2580714417982564E-4 8.64965394402369E-4 -6.266796026640653E-4 9.734910705982019E-4 -0.0015385131686956122 2.939735072287436E-4 -1.2189149182508739E-4 -8.22370009881048E-4 5.57435406646954E-4 
0.3811326154247325 -3.070610935522725E-4 6.929212797949708E-4 -3.074825546832923E-4 9.125398874589653E-5 -0.0013596532790809007 4.0191522743358236E-4 5.1891611746043757E-5 -0.0010095130930472638 5.04153716185384E-4 
0.43234661306722233 -3.0623512975513207E-4 5.957412029877642E-4 -5.162509977838994E-4 1.5918257607878305E-4 -0.001355213704756433 4.1420544267885604E-4 3.3259016399714785E-5 -8.290334651809533E-4 5.162785306650898E-4 
0.471012136965092 7.212703263481871E-4 6.98921106838145E-4 -5.046961816412528E-4 1.7447312444486313E-4 -0.0013847437456240967 2.9132570073988516E-4 9.97323143018707E-5 -8.770383582801663E-4 4.196643526281846E-4 
0.21052371926687707 -3.0355563013121435E-4 6.655745220270666E-4 -5.110245678445222E-4 1.980739942049135E-4 -0.0015521603565313597 2.1822701966350486E-4 -1.4441330420640413E-4 -8.195885646081471E-4 6.38117796240051E-4 
0.7502628818582296 -3.2580714417982564E-4 6.829775412482821E-4 -6.257245043968175E-4 9.734910705982019E-4 -0.001400721316495859 2.939735072287436E-4 -1.2189149182508739E-4 -8.191010384107955E-4 4.16153773201225E-4 
0.9111858276010748 1.4800724414962713E-4 6.967771827464185E-4 -2.0916176558427994E-4 9.802981991145017E-4 -0.0013901578737581786 3.929161721100932E-4 -4.6608018433455085E-5 -8.331757418186857E-4 6.275196136966964E-4 
0.007422582703605851 -2.879181355382722E-4 6.656052846563982E-4 -2.837470791119826E-4 0.0012565765416440453 -0.0014922450999225617 4.1365836408455755E-4 3.1879201805037286E-4 -0.0013007885360387357 4.172344227060139E-4 
0.06505307260722745 -3.6670085713223034E-4 6.918663390499392E-4 -1.8144486607242765E-4 8.367698007595766E-4 -0.0015215452059884134 4.316317092793661E-4 4.452219991283603E-5 -0.0011740462635428653 5.046534757516604E-4 
0.07680654808721957 -3.793582142617343E-4 8.328714153565884E-4 -4.918677441196622E-4 0.0012060851935756791 -0.0015353771576624546 3.161296094816254E-4 -1.1641501533310843E-4 -0.001106378959156697 4.1877628144079086E-4 
0.8991980842011895 -2.868064873869969E-4 6.764024308808507E-4 -4.59085226829283E-4 9.631903075998351E-4 -0.0015382296810347135 3.317457229779954E-4 -1.3588934123034876E-4 -0.0011922206858818627 6.321796028550614E-4 
0.7848706267199196 -3.0347374190069465E-4 6.986629376493576E-4 -5.71812551825935E-4 1.3913884520530182E-4 -0.0013552533683229128 3.2070722885751084E-4 3.6076245498492776E-5 -9.317736859553556E-4 4.1789373591165395E-4 
0.8864688324351746 -4.91373874236087E-4 6.775234631357925E-4 -4.59085226829283E-4 9.631903075998351E-4 -0.0015382296810347135 3.317457229779954E-4 -1.3588934123034876E-4 -0.0011862649486828864 4.1641489192203844E-4 
0.3211311933851547 -3.674542514674865E-4 7.017912258013572E-4 -5.785520324529746E-4 1.132355385968487E-4 -0.0013683575572421742 3.970453599109694E-4 4.1578091860568333E-5 -0.0011820899300112285 4.093380759599668E-4 
0.021337454191203614 -2.879181355382722E-4 6.653178209736568E-4 -2.837470791119826E-4 1.587968554354304E-4 -0.0015121049194867851 4.1375981803563726E-4 3.1879201805037286E-4 -8.276846570045056E-4 4.172344227060139E-4 
0.17979410193500645 -2.8388970337858065E-4 7.009889952885652E-4 -5.165211403561118E-4 0.0010357034712926174 -0.00140512813311155 4.009530278518486E-4 5.528678022649447E-4 -0.0010069556328003656 6.404428729881781E-4 
0.39530747360693913 -2.895873252494294E-4 5.912497269074112E-4 -5.060675502462251E-4 -1.3790692283108719E-4 -0.0013552691829544121 2.9917298342294784E-4 3.4378345020942746E-5 -0.0011894056520301527 5.77174618216604E-4 
0.1907538733802951 -3.540053517511553E-4 6.656714433201753E-4 -3.175362211322386E-4 0.0011942479980731364 -0.0014087295413975688 3.9489836619752356E-4 5.225939101626036E-5 -0.0011963009770006453 4.144552304629717E-4 
0.036911828591430995 1.0620619409397445E-4 6.896408997365762E-4 -4.1105373536916875E-4 0.0010902444540443676 0.0024368363418018927 3.9326582195190396E-4 4.0714771674790775E-5 -0.001013725015748728 5.059764116839884E-4 
0.16898189523483015 1.0620619409397445E-4 6.896408997365762E-4 -4.277701410558854E-4 0.0010843468023080114 -0.0013578873406878942 3.9275513077140375E-4 4.0714771674790775E-5 -0.001013725015748728 5.059764116839884E-4 
0.005857475749544594 -3.0331868370490753E-4 6.982713118396194E-4 -5.71812551825935E-4 1.3640115874027876E-4 -0.001365842062955407 3.2067870769392817E-4 -1.2168708795826327E-4 -9.321164231193211E-4 4.1789373591165395E-4 
0.3924436232241151 -3.9038588258722795E-4 6.969585473034296E-4 -4.1990986936969813E-4 1.2268282880036595E-4 -0.001369818448849596 3.9397778724738555E-4 4.548120218945749E-5 -0.0012142416183582075 4.0675308019470855E-4 
0.6042569457322524 -2.8130733434705E-4 6.988106270364374E-4 -4.340502067547141E-4 0.0011202433887729144 -0.001363895012629734 4.009074991423116E-4 3.28224371305926E-4 -8.762382029443226E-4 4.2068372004712423E-4 
0.01962287524609785 -5.046582190251935E-4 8.311153797308049E-4 -4.301240769458104E-4 9.883758257867117E-4 -0.0014126682084137187 3.9848316740090123E-4 5.006734927978384E-5 -0.0018897138896986987 3.4790275080186955E-4 
0.7703666088272172 -5.549353131423422E-4 6.756641789279609E-4 -4.3231968942914704E-4 1.2053345468003058E-4 -0.0013644554752939445 3.956550665785891E-4 -1.3276486499551245E-4 -0.0011662968055113903 6.156749214801842E-4 
0.002354380303385125 1.5613810615858106E-4 6.650563030861136E-4 -4.107558707381239E-4 0.0011243651598994635 -0.0016287695268315321 4.001209433104317E-4 -1.2283499347013021E-4 -9.418663718628145E-4 6.014454251600934E-4 
0.6188524037777896 -3.695829594741679E-4 6.996660754232228E-4 -3.980027461190979E-4 0.0010615080924321002 -0.0013734202142814777 4.017245728828821E-4 2.9878145949721202E-5 -0.0011729195088673742 4.1129011326363304E-4 
0.025705436647795343 -3.548935698381489E-4 6.860380635327271E-4 -4.01255245029167E-4 1.4592851801640557E-4 -0.0013895374289607508 3.9999990735846793E-4 2.8809594415102204E-5 -8.274645360970423E-4 5.231944183020094E-4 
0.5300097852007553 -3.553824473455198E-4 6.639610788404746E-4 -4.021605202246101E-4 9.554738603468377E-4 -0.0013947400706511908 3.6477266150744157E-4 3.0084929038324344E-5 -8.3812988772982E-4 3.9838571158264054E-4 
0.16440506116264209 -3.789138476698356E-4 6.900057709911656E-4 -1.8203239370370237E-4 1.0695797761170548E-4 -0.0015202953523228541 3.9688044284905697E-4 -9.588841510397608E-5 -0.0010275655800250152 5.170936238229325E-4 
0.9420823509067731 -3.3814188395576414E-4 6.863560102029133E-4 -4.919933655975181E-4 9.963323047977792E-4 -0.0014018225741662283 4.3533700013974726E-4 4.9957045631622216E-5 -0.0012187801742845363 4.1306247396601743E-4 
0.5961897048783146 -2.8767256597192476E-4 6.486164487678093E-4 -6.424661341446659E-4 0.0011953311856632088 -0.0015150817824637493 3.1928622604508565E-4 -1.2035030054655115E-4 -0.001512647995180425 4.201767273781889E-4 
0.9536393888120125 -3.0329369467080504E-4 6.378299791633963E-4 -4.220738910702653E-4 1.855402460380675E-4 -0.0015434537674589488 4.3406667691665206E-4 8.205639551348693E-5 -8.195885646081471E-4 4.1419548264698744E-4 
0.7465134025363258 -2.86937373733013E-4 5.930702561106343E-4 -4.996461241794953E-4 9.933937470046695E-4 -0.0013615560449905615 2.983941151482975E-4 2.977559449394846E-5 -8.413668993373327E-4 5.76848102106999E-4 
0.06822457592708635 -3.763399140804074E-4 6.424814518661831E-4 -4.919221518727606E-4 1.4198411874783435E-4 -0.001535560738157313 2.1089926460392394E-4 -1.1624214677508184E-4 -0.0011386368105746154 5.550439881616122E-4 
