0.999328935505247 0.0016942974161167415 -4.1111917243598214E-5 -0.0015981841307029644 -8.286835825159207E-4 -3.737593241540427E-4 -8.750937724615757E-4 -5.27293356906138E-4 -5.524027391796348E-4 -0.0013778917561387222 
3.013435128577737E-17 -6.036396597555733E-4 4.5808996535594915E-5 -0.001159612648994232 -9.492640741214796E-4 -3.6686296182992476E-4 -0.0010642623018429402 -5.404126926312204E-4 -4.272692976207479E-4 -0.0012772719804585177 
0.929387002242476 0.0016316132143640314 -1.526153310172409E-4 -0.001654285405444939 -0.0017688019502875097 -3.8839999967688277E-4 -7.186925392781771E-4 -7.443730210697386E-4 -2.7738665048573756E-4 -0.0014209923898897377 
0.405830070948411 0.001694208452180928 -3.143167940485997E-4 -0.0015576325231751113 -9.537249531092597E-4 -3.67287839845155E-4 -7.695227597618958E-4 -5.291478210915926E-4 -4.0619537326249127E-4 -0.00162038101202591 
0.09684604599870145 0.0016619511007418145 -6.409143514999616E-5 -0.001571672771769465 -8.233197177224099E-4 -3.686870711615785E-4 -7.736414852453845E-4 -5.144176236529485E-4 -3.216127278627838E-4 -0.0011005397282924149 
0.6617344731359521 0.0016099973871674896 -3.5359940450640755E-5 -0.0015981841307029644 -0.0019219609160818494 -3.425305011745519E-4 -9.413215669186717E-4 -6.520994855396918E-4 -5.573875051090543E-4 -0.0013834154411389722 
0.9544945924116457 -6.072947433091485E-4 -6.721374390403307E-5 -0.001175684737885166 -8.637617107245306E-4 -3.879241447001579E-4 -7.643661465945655E-4 -5.340526952366672E-4 -1.7570175407500776E-4 -0.0013181242377797487 
0.042499797101795134 0.0015750371770042154 -7.029516797109038E-5 -0.0015539022103703182 -0.0019237508806739544 -5.413633675133253E-4 -0.0010694333569734663 -5.40029889085083E-4 -1.4758590125244688E-4 -0.0010980746763570894 
0.6389505158091382 0.0015637752863574333 4.561093361739358E-4 -0.001590963661655701 -8.757570118909204E-4 -3.8483191223962507E-4 -0.0012920554549845273 -5.103144050198472E-4 -4.043801066815391E-4 -0.0013942038560646713 
0.4292388989466594 0.0016827713242809305 2.2623592003155167E-5 -0.0015981841307029644 -8.577686859453859E-4 -3.739609743605587E-4 -8.750937724615757E-4 -5.714642252339535E-4 0.0012622783282428365 -0.001378544221385354 
0.4536569216284173 0.0017431281478112793 -2.779572050596543E-5 -0.0011039553548021844 -8.720169449679434E-4 -3.6854438647203775E-4 -0.001083436146958773 -5.146207498824551E-4 -3.27211629476598E-4 -0.0010981276804572825 
0.86650174956177 0.001563524993931064 4.676598998307E-4 -0.001556187163048639 -8.133659501632405E-4 -2.516623466201121E-4 -9.370946244285463E-4 -4.6345568528907005E-4 -4.065135316485137E-4 -0.001099935250692383 
0.3085249224278098 0.0017967494578361588 4.354161117068032E-5 -0.0011636516178151729 -8.652784555831755E-4 -3.479002100980456E-4 -9.325239900090691E-4 -5.287533772331247E-4 -3.7737605220020115E-4 -0.001242489506505456 
0.03237811054089201 0.0016814382673896386 -8.2336321863842E-5 -0.0015911418409909103 -7.898884656466142E-4 -2.7118804748926616E-4 -0.0012950594728471099 -1.9105749034337561E-4 0.0014188966017807327 -0.0015545939275314422 
0.32447530979290296 0.0017028322103766252 2.4243871039768554E-4 -0.001087097659717004 -9.112830335595585E-4 -3.69645098135741E-4 -0.0010768925832972181 -4.074632210226076E-4 0.0013289180177906818 -0.0013035981126057982 
0.7457597634246058 0.001742404788684562 -2.0883267993300844E-4 -0.001606627900472095 -8.713044815982523E-4 -2.850241869424639E-4 -0.001082198554629236 -2.941003060115538E-4 -4.273870497336113E-4 -0.0015096330827136966 
0.9783391411976005 -4.8125679119527277E-4 -3.963294863872313E-5 -0.0015755844310000803 -8.637617107245306E-4 -3.879241447001579E-4 -7.643661465945655E-4 -9.024779203512228E-4 -3.4045592683148616E-4 -0.0010731928832373922 
0.054348384621122015 0.0016925516201781554 1.3444551167645968E-4 -0.0015980454385838012 -8.276394012606554E-4 -3.8613447153035285E-4 -7.105595080549906E-4 -2.465686221414907E-4 -2.497586713051045E-4 -0.0014046051601517724 
0.7026382354470738 -6.460058026846017E-4 -2.2541155860511075E-4 -0.0011984808820277475 -8.98400598308551E-4 -3.4921430233319915E-4 -8.071382625938582E-4 -4.98602734523829E-4 0.0013245699088518506 -0.0016353246125669274 
0.6825106198819165 0.0017431281478112793 -2.80058692813683E-5 -0.0011039553548021844 -8.720169449679434E-4 -3.688033330817675E-4 -0.001083649718536907 -5.146207498824551E-4 -3.27211629476598E-4 -0.0010981276804572825 
0.19457188415213972 0.0016619492154733887 -5.4919916505256853E-5 -0.0011811358395499327 -7.88399628478656E-4 -3.845183910124978E-4 -7.889549072389641E-4 -2.38474804956081E-4 -3.6917910603381234E-4 -0.001318319648970105 
0.06266512791833101 -4.8125679119527277E-4 -3.963294863872313E-5 -0.0015755844310000803 -8.637297811237508E-4 -3.879241447001579E-4 -7.47231496337499E-4 -9.024779203512228E-4 -4.163724927935265E-4 -0.0010623088527657487 
0.4371275055149231 0.0016827713242809305 2.2623592003155167E-5 -0.0015885089489971092 -8.503641710454934E-4 -3.739609743605587E-4 -8.784187044478832E-4 -5.714642252339535E-4 0.0012622783282428365 -0.001378544221385354 
0.6266004636523979 0.0016497263737063437 -5.081884908209195E-5 -0.0015457145950946224 -7.648175732447993E-4 -3.843031314814311E-4 -7.686287049056096E-4 -2.380251799961933E-4 0.0012514232511759461 -0.001130148464846353 
0.3767499175404645 0.0016491721650898788 -5.081884908209195E-5 -0.0015496839050999343 -7.636980487518947E-4 -3.843031314814311E-4 -7.686287049056096E-4 -2.380251799961933E-4 -3.020849821113885E-4 -0.0011092219183967663 
0.7296969972355802 -7.223171548474942E-4 -6.656564986677615E-5 -0.0015749041052087504 -8.562239587074688E-4 -3.8540350585996E-4 -7.054328055075436E-4 -4.8717950288184475E-4 -2.564419777276002E-4 -0.0014040204281387232 
0.01565167206231538 0.0017967494578361588 4.2377657347738705E-5 -0.0011636516178151729 -8.748805657644837E-4 -3.479002100980456E-4 -9.325239900090691E-4 -5.285708740225278E-4 -3.7739300786604826E-4 -0.0012440294847860054 
0.2561142640319747 0.001684012438234721 -5.564339564543782E-5 -0.0011087237032222194 -9.007978484271664E-4 -3.553639955188699E-4 -7.666035433876566E-4 -3.262988212123951E-4 -7.201217158600863E-4 -0.0010409400234901959 
0.021430768056886984 0.0017581651064349825 1.5955200511931906E-4 -0.001176885819356513 -9.102127351415672E-4 -3.6685476219765054E-4 -0.0010665555732059986 -5.399102630047479E-4 -4.272692976207479E-4 -0.0013092279871426435 
0.8518974403919457 0.0016842364163931393 1.3697991524865471E-4 -0.001556385105531942 -6.432418895901109E-4 -3.8182415747116833E-4 -9.370946244285463E-4 -4.787322865528467E-4 -4.065135316485137E-4 -0.001112614978151141 
0.3349411500866873 -7.564245083261806E-4 1.5254092936304594E-4 -0.0011308288746511063 -9.397721074552544E-4 -3.8955113708518394E-4 -0.0010755817010105189 -4.785822384159239E-4 -1.7357347699543696E-4 -0.0013772151697680293 
0.34661131368536424 0.0017936393099506549 -2.046028364486152E-4 -0.0011248543761544483 -9.478670308677285E-4 -5.552274326709704E-4 -9.069382335154508E-4 -5.496866908065214E-4 -1.324452379810636E-4 -0.00109130801417825 
0.048244144489350466 -6.897981769934613E-4 2.4476652548268606E-4 -0.0021310895766325135 -7.689406113899388E-4 -5.508228771739595E-4 -0.0011194605048734064 -8.150116198625276E-4 0.001436031582916195 -0.001317710610553401 
0.14235822295771566 0.001727886995237043 4.444163676650438E-4 -0.0015930772995708259 -0.0017682774816059688 -4.348929449241219E-4 -9.032726826303497E-4 -6.544898832566643E-4 -1.5853387450387194E-4 -0.00108452578198304 
0.8936340552227066 0.0017996978370197333 -2.1087080618871915E-4 -0.002057881625333776 -0.0019081679111230562 -2.9304158004433663E-4 -8.333783179667356E-4 -6.129818278624939E-4 -1.514684152059543E-4 -0.0010783485046533066 
0.11991890934039273 -4.8125679119527277E-4 -3.963294863872313E-5 -0.0015755844310000803 -8.638869795781535E-4 -3.817629246817547E-4 -7.074121833362114E-4 -9.024779203512228E-4 -3.4045592683148616E-4 -0.0010731928832373922 
0.7924252286174727 0.001631932415591174 -1.9455088016737094E-4 -0.0020080658098142815 -0.0017731266716948099 -3.7014574671300843E-4 -7.662886250878161E-4 -3.18297268172844E-4 -7.249190486904732E-4 -0.0010867960582920339 
0.8873528081894878 0.0017996437885964029 -2.1087080618871915E-4 -0.002057881625333776 -8.624983823397406E-4 -2.9304158004433663E-4 -8.333783179667356E-4 -6.154390447028426E-4 -1.514684152059543E-4 -0.0010821588733160377 
0.5680974899521214 -6.141927489548241E-4 1.501559577612344E-4 -0.0011901581508789194 -9.476412069856073E-4 -3.553178649362283E-4 -7.905399647131487E-4 -3.2052971394316474E-4 -3.691230714023384E-4 -0.0010805571886525218 
0.828256999424277 0.002140491546346242 2.0562340592912304E-4 -0.0011305096660519552 -7.973133382318286E-4 -3.7971716735397357E-4 -7.06042577036435E-4 -4.979875566107801E-4 -4.2013389958243106E-4 -0.0013560279501678547 
0.20953876707787117 0.0016619492154733887 -2.2544645818665796E-4 -0.0011811358395499327 -6.417903658643796E-4 -3.7014195090707166E-4 -7.852525799549008E-4 -2.977949376230118E-4 -4.041763535553608E-4 -0.0010792308471505203 
0.07814726210491857 0.001662772102202156 -5.3738141494612616E-5 -0.0011039758570731166 -7.460275300752643E-4 -3.594956545740813E-4 -7.174715382746207E-4 -4.78853284663955E-4 0.0013455532844024592 -0.001279689577212056 
0.16411846967125607 0.001662014388114534 -2.2535074160526963E-4 -0.0015564508556729852 -7.88399628478656E-4 -3.686870711615785E-4 -7.870843357692627E-4 -2.9903799740928E-4 -3.6917910603381234E-4 -0.001318319648970105 
0.4676360625483358 0.001743056342187535 -3.151155178969688E-5 -0.0011071471391764368 -9.0351364198807E-4 -3.8762252034738303E-4 -7.10941790913998E-4 -5.413436841817988E-4 -1.7463932081765085E-4 -0.0019455090683750274 
0.8130652587295464 -7.614179575697224E-4 -2.972511104904732E-4 -0.001132026071237168 -8.742952361309008E-4 -3.874009259609503E-4 -9.37664946230376E-4 -5.152506005368633E-4 -3.777778654578664E-4 -0.0013212111755751084 
0.837988146806977 -4.73418647994314E-4 1.3944641155067108E-4 -0.0011528346005664843 -7.323894814406356E-4 -3.655063793147725E-4 -7.477239094747772E-4 -9.133591498569636E-4 -4.1630680627463356E-4 -0.00104426900354031 
0.17067983322538777 0.0016942974161167415 -2.0219332734183886E-4 -0.001592144940428659 -8.562935185327584E-4 -3.646667443906987E-4 -0.0011140091478104854 -5.650908945773129E-4 -4.467614573622664E-4 -0.0013372842583651832 
0.3583213206642829 0.0016936284412030008 -1.9353503050544544E-4 -0.0015931327300718746 -9.537249531092597E-4 -3.67287839845155E-4 -7.695227597618958E-4 -5.291478210915926E-4 -4.0619537326249127E-4 -0.0010831306750793451 
0.23982151763634893 0.0017459782683034394 -3.620247186889964E-5 -0.0011349383224224807 -8.573616769734963E-4 -3.8761693724958824E-4 -0.0011357170815033146 -5.413289326419243E-4 -4.4186537150878115E-4 -0.001971940123282693 
0.6745803946785827 0.0016761455024401955 -5.3884332620248904E-5 -0.0016503324730522406 -0.0017678212256476123 -5.661829309602955E-4 -8.445565560535878E-4 -4.8595396389100403E-4 -4.143496304701117E-4 -0.0012367110021614797 
0.9663967836621237 -6.082754758363236E-4 -4.4838977411080396E-5 -0.0011950795389990803 -8.637617107245306E-4 -3.879241447001579E-4 -7.643661465945655E-4 -0.0023356774173074013 -3.619068532971722E-4 -0.0013181242377797487 
0.10909520377456206 0.0016785760145699954 -2.8044247355316494E-4 -0.0015903026282898481 -8.761966931541279E-4 -5.629125145550747E-4 -8.363995053049206E-4 -4.0656534390566806E-4 -3.1156850484416205E-4 -0.0012440956194352257 
0.489716822118647 0.0017427839186858177 1.59390172807643E-4 -0.0011292095307131877 -7.963581391257256E-4 -3.6702292005010977E-4 -7.129983996223643E-4 -4.867137361379566E-4 -4.197533641744065E-4 -0.001309503716468648 
0.5184580383720611 -8.295334305571632E-4 -1.874353603779526E-4 -0.0011879330769855553 -9.11825079191421E-4 -3.6949607447050417E-4 -9.310240301896775E-4 -7.654487342598596E-4 0.0012691309831186891 -0.001124394785277624 
0.8046614347313545 -4.875156686792852E-4 -1.9455088016737094E-4 -0.0020080658098142815 -0.0018191742836664497 -3.7014574671300843E-4 -0.0010858371904995188 -3.18297268172844E-4 -7.249190486904732E-4 -0.0010867960582920339 
0.5300186374009754 0.0016720319307560985 -1.874353603779526E-4 -0.0011879330769855553 -9.11825079191421E-4 -3.6949607447050417E-4 -9.310240301896775E-4 -4.065553007882563E-4 -4.7422823195821646E-4 -0.0012344107859226625 
0.2255532931016015 -7.228165225316185E-4 -6.712770103201587E-5 -0.001556000750880282 -8.126971899994903E-4 -5.838578522259835E-4 -8.358688047061273E-4 -4.869679352032508E-4 -1.2204504754428783E-4 -0.0012412259706941038 
0.26555771545334433 -7.194834623677327E-4 -2.5274027791109606E-5 -0.0015381828430712122 -8.650254561389976E-4 -5.838578522259835E-4 -8.061825309553089E-4 -5.406822860455865E-4 -4.261451642207158E-4 -0.0012412259706941038 
0.3666919867277695 -6.962121663126938E-4 1.3437637992925547E-4 -0.0015538444631498706 -0.0019060097787422037 -3.6711857189861136E-4 -0.0010604840220143769 -5.389747142619701E-4 -1.4768924276102531E-4 -0.0010961142128417321 
0.29690793218110195 0.0017571894119448193 -3.0338752698064352E-5 -0.0011617564247895934 -8.371831296792894E-4 -3.75591921835252E-4 -9.367995763628703E-4 -5.410562703189287E-4 0.0013889476857353203 -0.0013181177574241915 
0.9138620232241859 0.0017164042741399047 1.5203034763069622E-4 -0.0020571067808004234 -8.139864748178806E-4 -3.6686296182992476E-4 -8.377205631714114E-4 -6.206040192998107E-4 -4.272692976207479E-4 -0.0013092279871426435 
0.5567031345346127 0.0016950110880658666 -4.040628439963303E-5 -0.0015912721854263432 -7.362887899946326E-4 -5.634956331204236E-4 -8.745809337471529E-4 -5.496227460085372E-4 -4.80843631189357E-4 -0.0010926950560212866 
0.2904070502507274 -7.194834623677327E-4 -2.521617860224617E-5 -0.0015381828430712122 -8.650254561389976E-4 -5.838578522259835E-4 -8.358688047061273E-4 -5.406822860455865E-4 -4.186651309548163E-4 -0.0012412259706941038 
0.18161394459841665 0.0016942974161167415 -3.568805251053008E-5 -0.001570919037162456 -8.390111273187602E-4 -3.75116376623146E-4 -0.0011140091478104854 -5.650908945773129E-4 0.001421969205618504 -0.0013370473840471722 
0.5817438001092824 0.0016950110880658666 -4.0292998560549264E-5 -0.0015912721854263432 -8.623869197030282E-4 -5.634956331204236E-4 -8.74483149421583E-4 -0.0023160033798271906 -4.817427121132748E-4 -0.0010976735304267665 
0.762012920457031 0.0016610876642122094 -6.37608522302343E-5 -0.0011900515032855202 -8.153113227984013E-4 -3.690102323550143E-4 -7.749595115713195E-4 -5.135021528162838E-4 -3.046653132957874E-4 -0.0013127854873820233 
0.0027199549633488557 -7.243541982539988E-4 1.4452568454862444E-4 -0.001592549803004579 -8.732006743785765E-4 -3.879981035520957E-4 -7.684308165802205E-4 -0.002280530134014364 -3.649591635322043E-4 -0.001108107603952132 
5.903804702562772E-4 -6.347810532817973E-4 -6.944488746683743E-5 -0.001652671522282352 -0.0017685057201569563 -2.5268686538743447E-4 -9.32893632830157E-4 -5.542042844375275E-4 -3.102057985320565E-4 -0.0010578520609430648 
0.20844267342608164 0.0016319704227951205 -2.2552125164428737E-4 -0.0020080658098142815 -0.0017731266716948099 -3.701456843833654E-4 -7.662886250878161E-4 -3.18297268172844E-4 -3.9476456565215785E-4 -0.0010867960582920339 
0.6121850665433841 -8.37894559043382E-4 -2.0548781164702264E-4 -0.0016492345932423117 -0.0017879846410115189 -5.804272814766805E-4 -9.08960421155959E-4 -7.445772298698426E-4 0.0012647254318311684 -0.0011202590963797583 
0.00531757194803352 0.0017994341021103136 -5.133622577715295E-5 -0.0015849099416184343 -8.136231323223194E-4 -3.951857681208422E-4 -0.0010741020402582511 -7.412541314720144E-4 -3.0034608349371444E-4 -0.0016230850842110925 
0.1290523613833755 0.0017497231295068223 -1.9353503050544544E-4 -0.0015931828068813084 -9.537249531092597E-4 -3.600161726348038E-4 -7.695227597618958E-4 -5.291478210915926E-4 -4.0756802881224445E-4 -0.0011166413107471626 
0.1863116013615319 0.0016827864285117546 2.0201160049861935E-4 -0.002158603550358706 -7.900979161166429E-4 -3.656245826521305E-4 -8.345969477125055E-4 -4.939225614888782E-4 -4.2064689981937385E-4 -0.001279012447840594 
0.5935715818788285 -7.138539942357514E-4 2.345221812513951E-5 -0.0015533316064240078 -7.115105470955277E-4 -5.635376994316267E-4 -0.001156091931452637 -4.648054905076388E-4 -6.140752232825968E-4 -0.0014325076891003043 
0.3899781597115363 -5.402885497162648E-4 -5.1089785588089275E-5 -0.0015945651993892825 -8.590995735141547E-4 -3.8786327618094856E-4 -7.226533457725199E-4 -5.475458668387078E-4 -2.2500990883282085E-4 -0.0012485319687593796 
0.6065401746404406 -7.454116708898706E-4 1.2847854336058392E-4 -0.0015900193657669213 -7.768875506300041E-4 -3.910728708806338E-4 -0.0010630700014103989 -2.3623883288546193E-4 -1.776347517143333E-4 -0.0014026568556879805 
0.15353611558898417 0.001742404788684562 -2.0883267993300844E-4 -0.001606627900472095 -8.69600624195067E-4 -3.6332864272085977E-4 -0.001085183075359266 -2.941003060115538E-4 -4.273870497336113E-4 -0.0015096330827136966 
0.7176418990898991 -6.973536221350539E-4 -2.2143677722726252E-4 -0.0015607468771186618 -8.562239587074688E-4 -3.8540350585996E-4 -7.100033163893404E-4 -4.7495942786354326E-4 -2.580061667521818E-4 -0.0016131987660237897 
0.49681001652439405 0.0017710564836763568 3.2987585433588625E-5 -0.0011862630017482473 -8.631527240150483E-4 -3.879241447001579E-4 -9.291801537650678E-4 -9.024779203512228E-4 -3.4045592683148616E-4 -0.0013143379400491753 
0.08674936182306095 0.0016619511007418145 -6.97497947159557E-5 -0.001571672771769465 -8.233197177224099E-4 -3.882447788776459E-4 -7.736414852453845E-4 -4.996952485018212E-4 -1.4561485366326613E-4 -0.0010815270707034779 
0.025291011710143307 0.001795946107898843 -3.878897254270935E-5 -0.0015912721854263432 -8.748001885410025E-4 -5.634956331204236E-4 -8.745809337471529E-4 -5.496227460085372E-4 -4.80843631189357E-4 -0.0012405746201169091 
0.15093506466061254 -5.039621559252559E-4 1.615375293603083E-4 -0.0015922872452942016 -8.697935644898732E-4 -3.8129373389646627E-4 -7.079835121767985E-4 -8.985579844007678E-4 -3.997387133061103E-4 -0.001359852937132177 
0.027650483023593568 -6.298070777394917E-4 -2.492748274032935E-5 -0.001596507654795288 -8.658141267423993E-4 -3.6014022498192253E-4 -0.0010743982851166897 -4.891971768198488E-4 -4.075880175035979E-4 -0.0011164649752323928 
0.011330196922689717 -6.13208716340592E-4 1.3522539302239514E-4 -0.0010858370051045913 -9.489546341406306E-4 -3.59508476903825E-4 -7.177493893604597E-4 -5.40029889085083E-4 0.0013447156002882883 -0.0012733455627713826 
0.5395324879487104 0.0016735563203696012 -1.874353603779526E-4 -0.0015524821444874164 -9.154752834359668E-4 -3.6949607447050417E-4 -9.310240301896775E-4 -4.065553007882563E-4 -4.7422823195821646E-4 -0.0011004908735043975 
0.2781586635646337 -7.687857450464399E-4 -2.779572050596543E-5 -0.001118757990996703 -8.720169449679434E-4 -3.668726030745182E-4 -0.0010835544093975747 -5.146207498824551E-4 -3.43870473372576E-4 -0.0010902212987350393 
0.2776042256802166 -7.454954204951382E-4 1.3732192594864614E-4 -0.0016392403703322826 -9.47643401820488E-4 -3.6685415275500256E-4 -0.0010543668910963572 -5.124766469574552E-4 -2.493887778196662E-4 -0.0013772313553075603 
0.2388182122713466 0.0017430366126678734 -3.2155589218034274E-5 -0.0011071471391764368 -9.0351364198807E-4 -3.8761693724958824E-4 -7.10941790913998E-4 -5.413289326419243E-4 -1.5830207227434791E-4 -0.0019398436208807675 
0.2261735722470651 -6.331401379033775E-4 -6.683900517009904E-5 -0.0011793111022770177 -8.127386648906594E-4 -3.69283707220276E-4 -0.0010743982851166897 -4.881932283042445E-4 -1.1350633741830037E-4 -0.0015075949502870026 
0.008046315556520718 -7.598110978056004E-4 -2.058546759802171E-4 -0.001593348468936787 -9.461659289489694E-4 -3.818175407546115E-4 -9.372975829855395E-4 -5.290609587228468E-4 -4.0631899529276343E-4 -0.001081109553711474 
0.4754953576534864 -4.8125679119527277E-4 -2.8783857442119E-4 -0.0015755844310000803 -8.631527240150483E-4 -3.879241447001579E-4 -7.643661465945655E-4 -9.024779203512228E-4 -3.4045592683148616E-4 -0.001076104253148394 
0.7123025942582106 0.0016982925450385949 -2.2143677722726252E-4 -0.0015749041052087504 -8.562239587074688E-4 -3.8540350585996E-4 -7.100033163893404E-4 -4.7495942786354326E-4 -2.564419777276002E-4 -0.0014040204281387232 
0.7660463952297023 0.001800001033557628 1.36309479498758E-4 -0.0011862425912069442 -6.589889815775336E-4 -3.82145381030433E-4 -9.373356988768582E-4 -5.403296241303022E-4 -6.132804247800772E-4 -0.001309503716468648 
0.08650472125902758 0.0016619511007418145 -6.409143514999616E-5 -0.001571672771769465 -8.233197177224099E-4 -3.686870711615785E-4 -7.736414852453845E-4 -4.996952485018212E-4 -1.4561485366326613E-4 -0.001318319648970105 
0.11347945177015023 0.001631932415591174 -1.9455088016737094E-4 -0.0020080658098142815 -0.0017731266716948099 -3.707775497655915E-4 -7.662886250878161E-4 -3.18297268172844E-4 -7.249190486904732E-4 -0.0010867960582920339 
0.9141267436115512 -6.455233151080481E-4 1.363775471592186E-4 -0.0015608529870816557 -9.475627311207209E-4 -3.6688808586549614E-4 -7.573335841525071E-4 -5.40029889085083E-4 -4.317438626088642E-4 -0.0016130311377083708 
0.589838692743538 0.0016949818850811303 2.4142041885821114E-4 -0.001600391053259093 -9.112830335595585E-4 -5.733228196542565E-4 -0.0010735145596761208 -4.074632210226076E-4 0.0013289180177906818 -0.0013035981126057982 
0.06906926225540927 0.0016679404745972922 -6.409143514999616E-5 -0.001571672771769465 -8.233197177224099E-4 -3.878513197189295E-4 -7.736414852453845E-4 -4.996952485018212E-4 -1.454245474070297E-4 -0.001318319648970105 
0.012563979497885625 0.0015704682671677345 1.5955200511931906E-4 -0.001176885819356513 -9.102127351415672E-4 -3.8513702962845325E-4 -0.0010665555732059986 -5.399102630047479E-4 -4.272692976207479E-4 -0.0013091781282040845 
0.5059622145079228 -4.8125679119527277E-4 1.604242198715253E-4 -0.0015714554023573079 -8.631527240150483E-4 -3.8800795081003975E-4 -7.643661465945655E-4 -8.991666944342383E-4 -3.3591951974914656E-4 -0.0010731182772520604 
