2.5719424891739152E-17 -5.365586122545742E-4 6.996264643133227E-4 3.8535288314372633E-4 4.432921156434916E-5 1.6507416873116966E-4 -7.238635201082342E-4 8.049163870046095E-4 8.106655568394254E-5 -8.42324671003214E-5 
0.9989842124210476 -5.858626180712046E-4 6.825011243510406E-4 4.6336288017957786E-4 7.328314845663296E-5 3.604095191698935E-4 -7.278344218309673E-4 7.029335279316309E-4 1.9529962861330707E-4 -8.23626716929269E-5 
0.5768412283842262 -4.1431065434047355E-4 6.93136755611677E-4 3.9042714600051695E-4 -2.5192338157997913E-4 3.524904649125468E-4 -8.645220548825932E-4 7.70547817612864E-4 8.40644509487382E-5 -8.741406310043861E-5 
0.8687031502185881 -4.643308418010141E-4 6.042288985410206E-4 4.091130039564536E-4 4.8552126746362746E-5 3.6027336569560876E-4 -7.253790285068023E-4 6.194227185247922E-4 4.1289752608286914E-5 -8.413928291832982E-5 
0.10160126798662661 -4.07021757443094E-4 6.029263493324727E-4 4.0348248482455684E-4 7.293939907974806E-5 3.654334681938594E-4 -7.613608881223476E-4 5.734098913530794E-4 8.270606955731817E-5 -6.389718817702006E-5 
0.5530444252688865 -5.461013164333159E-4 7.72393330020396E-4 3.8565829027279635E-4 7.524840248456234E-5 3.5110044725665155E-4 -8.583721258161284E-4 6.773603140896737E-4 8.419595244605024E-5 -8.21871778155033E-5 
0.9608403481000152 -4.7224595037025264E-4 6.790684539410213E-4 4.6270709545664625E-4 7.85800650426034E-5 2.669040183373061E-4 -7.332620262469918E-4 5.555071391682709E-4 4.054471542933357E-5 -8.758529639439001E-5 
0.6441678965778991 -5.2944742647336E-4 6.9101967253618E-4 3.8687261855334897E-4 -2.6434452930774966E-4 2.863207126698549E-4 -8.566088872742283E-4 8.266312791078024E-4 2.2246724342200457E-4 -6.091990244584343E-5 
0.09275280811478614 -5.139985090876838E-4 8.096405835740805E-4 4.032913105979603E-4 6.088849122069786E-5 2.955043276472436E-4 -7.281405072169395E-4 7.598058948015007E-4 3.772275235213632E-5 -8.891106352337223E-5 
0.626308065333443 -4.757998451029662E-4 6.939645822503263E-4 4.03291336731916E-4 5.950905370497325E-5 2.959272883509432E-4 -8.663565287157177E-4 6.574161426906299E-4 2.443207450725601E-5 -8.686768008022641E-5 
0.9377192615986588 -4.7193967713527444E-4 7.721371085207767E-4 4.0912023785226475E-4 5.507650281966908E-5 3.6036977431023933E-4 -8.694124025691378E-4 7.67679098739097E-4 4.076240141642837E-5 -8.492521090333465E-5 
0.182018630485343 -4.6970770920919797E-4 7.126079900458925E-4 3.872462374374914E-4 5.977484247069424E-5 2.608097250713279E-4 -7.722617274466999E-4 7.964168836583441E-4 3.0300510173533215E-5 -6.054689026371319E-5 
0.08141253981118979 -4.757371822110543E-4 6.934444500846038E-4 4.032913101586923E-4 5.950905370497325E-5 2.955540955616418E-4 -8.638122974987901E-4 6.573401689899394E-4 3.0495458581656737E-5 -8.766997973604837E-5 
0.044306425525465376 -5.139439081912538E-4 7.04076272764077E-4 6.442598115300337E-4 4.4415721950680784E-5 2.9834437602617653E-4 -7.305162369782914E-4 7.54765378436199E-4 3.258388010858018E-5 -6.13792712838515E-5 
0.39372269433045626 -4.7218368218071593E-4 6.964150038493048E-4 4.0870651004446684E-4 7.878864599666699E-5 2.8687160578992507E-4 -8.66478999003393E-4 7.040506406570187E-4 4.057254186462471E-5 -8.625331569921791E-5 
0.7455174452733612 -4.149394373043583E-4 7.756766707594392E-4 3.8838584962632875E-4 8.634294374900938E-5 3.619636682261954E-4 -8.757482257084247E-4 5.595196562126566E-4 2.9151222981875236E-5 -7.57218730633005E-5 
0.16677300945532217 -4.757998451029662E-4 8.096405835740805E-4 4.031843613774833E-4 5.666938786004613E-5 2.960165790814831E-4 -8.594152198836948E-4 6.624187473405768E-4 5.442751898187951E-5 -8.478643982718384E-5 
0.762855631688052 -4.08612949367043E-4 7.756766707594392E-4 4.092377426034648E-4 6.898076856129778E-5 3.603692683681811E-4 -8.697644431465404E-4 6.776110699592665E-4 2.9634380593145678E-5 -7.196256279897324E-5 
0.06524720447605414 -5.142103295099466E-4 7.036891489260415E-4 6.443619437643345E-4 -1.8768742053076098E-4 2.8921917519279523E-4 -7.30414087256305E-4 8.128492858142943E-4 2.200771687798829E-4 -6.140289645322992E-5 
0.20855747922600568 -4.724134692398664E-4 6.936225978037188E-4 4.604628225720733E-4 1.1561411143887307E-4 2.9587398456485287E-4 -8.594152198836948E-4 7.274141612832579E-4 5.66743235791595E-5 -5.3809707800978485E-5 
0.3108938946552948 5.88035745156381E-4 6.759178349043982E-4 3.8999514451848493E-4 8.513464805937079E-5 3.7733656024103654E-4 -7.236611703229466E-4 6.164345500960524E-4 7.24781546620498E-5 -2.4928822092948945E-4 
0.03717867933278714 -4.0877406549725604E-4 7.722299476699403E-4 4.0344725007620175E-4 1.1724976456687378E-4 3.5402457081886384E-4 -7.151455928197253E-4 7.554621104002598E-4 3.761999075180225E-5 -8.895294627631392E-5 
0.48833309854688023 -4.692112856984837E-4 7.75175517457326E-4 4.898031917570374E-4 7.155520714934701E-5 2.896834888065757E-4 -8.644591410308424E-4 6.775118988419299E-4 2.93796952616722E-5 -8.462487446855564E-5 
0.8371371971745712 -5.97825197627212E-4 7.709740298408765E-4 3.982559150512453E-4 -1.6870178838201044E-4 2.902542413822883E-4 -7.62043068869463E-4 4.846286758784467E-4 3.2816288785320665E-4 -7.586670286323214E-5 
0.052950650274782074 -4.180991081496855E-4 7.746847281350407E-4 3.859459192002942E-4 -2.6727692553331047E-4 4.024616319574638E-4 -7.655876144142041E-4 -0.0018688672783818382 2.7562195982753943E-5 1.4748442559912165E-4 
0.25646854507738276 -6.083015924177351E-4 6.059284961649097E-4 4.3560574735251536E-4 1.1252635509087966E-4 2.9595849756153356E-4 -7.585480964163314E-4 7.30299397616039E-4 4.808836041117225E-5 -6.432120194212006E-5 
0.13976453143746728 -4.8085105126942265E-4 6.134566329905831E-4 4.0517247463983474E-4 -3.47914773569382E-4 3.593472052501162E-4 -7.213371446352343E-4 6.562308169692187E-4 4.7226526733323596E-5 -2.637538459364122E-4 
0.6008662654586461 -4.6947276641335197E-4 7.762290739061228E-4 3.927556747977651E-4 5.5848261340438884E-5 3.138683149401921E-4 -8.649819025016161E-4 6.830026832458494E-4 8.693901194828198E-5 -8.440802321928086E-5 
0.2663840193548816 -5.35149013257777E-4 6.009549159058774E-4 4.0911332829152305E-4 6.714414695321066E-5 3.6842708104109696E-4 -8.620767495420617E-4 5.74976038154504E-4 3.8028513832056814E-5 -8.185681442082253E-5 
0.3397461854296794 -4.8051688019714526E-4 7.762290739061228E-4 6.222748689698915E-4 5.5848261340438884E-5 3.1899189888137853E-4 -7.181785926946027E-4 7.565235626048485E-4 2.1846826795062136E-4 -8.453579443761493E-5 
0.24559496922920865 -5.041615528356355E-4 6.720031954706524E-4 4.6839556411038696E-4 7.820879551964755E-5 3.520849159003762E-4 -8.648293721496097E-4 -0.002159374763460024 8.444787011621903E-5 -8.441381998322086E-5 
0.41678492752409363 -5.351199145800837E-4 6.906003184157919E-4 3.982369787278163E-4 -1.6327542320436584E-4 2.8921917519279523E-4 -8.491983399371417E-4 6.573890148260196E-4 3.996806188222502E-5 -8.695370509966457E-5 
3.886352524666431E-4 -5.372666128577322E-4 6.995510994557682E-4 3.8535288314372633E-4 6.144417052392612E-5 1.6507416873116966E-4 -7.319018460097643E-4 8.049163870046095E-4 8.106655568394254E-5 -8.42324671003214E-5 
0.4072279886878939 -4.695212940804168E-4 7.106674031666966E-4 3.869481041946699E-4 -1.8664350352189853E-4 4.035702914755137E-4 -7.657262718609386E-4 8.185455166948228E-4 6.607721703094063E-5 -8.551767440155892E-5 
0.6680286698241669 9.255404812660477E-4 6.94388773857217E-4 6.401532605180521E-4 -4.76390401721946E-5 2.680788822096925E-4 -8.58368489696964E-4 7.403838726329297E-4 2.1044695462030057E-4 -2.478007644978255E-4 
0.43088583184460744 -5.344440920660779E-4 7.051901267280127E-4 8.146496122164329E-4 -2.3200896835835354E-4 3.549029756348846E-4 -8.53397611376504E-4 6.524123527876666E-4 2.1562161475341168E-4 -6.120805105378125E-5 
0.38023924843147794 -5.479661941052422E-4 7.020050441410343E-4 6.570000512533141E-4 -2.718223290653919E-4 2.876647308617067E-4 -7.254549931436897E-4 6.566009176572584E-4 2.2799390230411116E-4 -8.422785713115893E-5 
0.8938049929686106 -5.84038044651664E-4 6.936327672678592E-4 4.633231583566441E-4 9.531380690837E-5 2.949895569338415E-4 -7.249878968261624E-4 5.689455168651154E-4 2.511747051650959E-4 -5.374766202605852E-5 
0.11533178556260162 -4.763211201485825E-4 7.022109160798915E-4 4.604628225720733E-4 -2.50989242160961E-4 2.959272883509432E-4 -8.594152198836948E-4 7.274141612832579E-4 5.66743235791595E-5 -8.858022058269021E-5 
0.02410420087875803 -4.930313143977234E-4 7.035068218364359E-4 8.453734203891039E-4 5.861927669542725E-5 3.8007195597903503E-4 -7.613499348181432E-4 6.704763255968499E-4 8.281893984361704E-5 -8.879115287133333E-5 
0.057920967094394746 -5.561047849908504E-4 6.029263493324727E-4 4.036649364707412E-4 6.714414695321066E-5 3.654334681938594E-4 -7.604737815312409E-4 5.734098913530794E-4 3.5473905746708935E-5 -6.389718817702006E-5 
0.0015906250886565942 -5.365586122545742E-4 6.995694654278774E-4 3.8535288314372633E-4 4.432921156434916E-5 1.6507416873116966E-4 -7.238635201082342E-4 8.135490168881412E-4 8.106655568394254E-5 -8.683370354286505E-5 
0.2188022822163856 -4.7396136851570505E-4 6.795054631580587E-4 3.838271710576205E-4 7.855638449813498E-5 2.608097250713279E-4 -8.663316203888895E-4 5.555071391682709E-4 3.0300510173533215E-5 -8.76893649592716E-5 
0.19685701519082166 -4.761487446894944E-4 6.720308352096802E-4 8.071947192505413E-4 8.833588565410659E-5 3.723183392955263E-4 -8.64387771506725E-4 5.918988073896539E-4 8.444787011621903E-5 -1.0219601386941314E-4 
0.7325003431501717 -4.08612949367043E-4 7.756766707594392E-4 4.088865963088867E-4 4.463286826698938E-5 1.8276948552446297E-4 -8.697644431465404E-4 6.809612972098777E-4 8.057709926267403E-5 -7.113854915177395E-5 
0.7865115573797887 -5.484891105923112E-4 6.932980230301589E-4 4.622927907876594E-4 -2.2774581713484732E-4 2.949895569338415E-4 -7.006346936193982E-4 7.26631237225976E-4 1.9490549926399635E-4 -5.774220481430873E-5 
0.5937651305103228 -4.726964095671208E-4 7.120014841842091E-4 3.8819832187172494E-4 -2.640656947770957E-4 3.097235051626097E-4 -7.19192687684701E-4 5.603540299548181E-4 8.360393183597253E-5 1.822870118357997E-4 
0.27846252754386724 8.174802368752102E-4 6.960112578149202E-4 4.088938030809676E-4 7.529395040754875E-5 3.0156318680717436E-4 -8.639821786073722E-4 7.029335279316309E-4 2.507443100121898E-4 -8.246674025780848E-5 
0.47326999134120096 -4.07021757443094E-4 6.836892947526045E-4 4.0348248482455684E-4 7.293939907974806E-5 3.4426235511057866E-4 -7.564339326313147E-4 5.734098913530794E-4 8.270606955731817E-5 -6.389718817702006E-5 
0.7022950387505272 -5.368465571260041E-4 7.679429302059642E-4 4.8628312404070984E-4 -2.384844062593684E-4 2.690448759717612E-4 -8.532719123356123E-4 7.391716154146034E-4 3.34411273567657E-5 -8.889414644319822E-5 
0.3709902079643411 -4.6799286648388516E-4 6.917071539969471E-4 3.870417676437147E-4 -2.3037322932728643E-4 3.537143289880303E-4 -7.639004304198842E-4 6.513309389532733E-4 6.607721703094063E-5 -6.205464977190544E-5 
0.5184170909452579 9.206991037650717E-4 6.94388773857217E-4 6.399807942286782E-4 -5.026866332655932E-5 2.9169943203479295E-4 -8.583832024059547E-4 7.403838726329297E-4 2.1044695462030057E-4 -7.471677844180187E-5 
0.5282382751686026 -5.338754429753916E-4 7.028990832080455E-4 3.9808138380389416E-4 -1.6152983905050637E-4 3.052813068100085E-4 -9.877702934688655E-4 6.572649578832191E-4 3.687064386317235E-5 -8.728965246509832E-5 
0.7214468251041801 -4.531856651558413E-4 6.955742485978827E-4 7.81331903936131E-4 6.0537451521259556E-5 3.5503625094514014E-4 -7.280783036049247E-4 7.389613042264483E-4 3.119135411657602E-5 -8.761114752338432E-5 
0.2272009710982289 -4.722465462316832E-4 6.795054631580587E-4 3.838271710576205E-4 7.855638449813498E-5 2.614325317165477E-4 -8.663316203888895E-4 5.555071391682709E-4 3.0300510173533215E-5 -8.76893649592716E-5 
0.005847041772477107 -5.365586122545742E-4 6.996264643133227E-4 4.0315155557975666E-4 5.593051660573439E-5 1.642717284015891E-4 -7.238635201082342E-4 9.761100731673366E-4 5.420781448202076E-5 -8.427522975840196E-5 
0.9291347466676696 -4.7120797356940794E-4 0.0033652128844005535 8.007839469358138E-4 8.825609214594627E-5 3.6316322868802414E-4 -7.19192687684701E-4 5.567709652704866E-4 8.366718101930382E-5 1.6543319302434934E-4 
0.1272567132149637 -5.209438932598834E-4 7.031107093855053E-4 3.9808138380389416E-4 -1.6210146637451754E-4 3.041985897273143E-4 -8.665256001362986E-4 6.523121698402885E-4 3.0941413440067054E-5 -7.9520949777136E-5 
0.44009756123555965 -4.815839604654915E-4 7.065690533933559E-4 3.856732868988669E-4 -2.3200896835835354E-4 3.549029756348846E-4 -8.53397611376504E-4 7.387150968730567E-4 2.1566273488259893E-4 -6.120805105378125E-5 
0.36012781391520765 -4.712212930556646E-4 7.839532982470801E-4 4.6681183345108015E-4 9.143303584763014E-5 2.887708347252356E-4 -7.25176932256809E-4 7.300450396286072E-4 2.521058922141485E-4 -5.490798406440452E-5 
0.6850072004531804 -5.375626934483064E-4 7.029911426505492E-4 6.375318514919915E-4 -1.7002385670765048E-4 3.0370057984154447E-4 -9.836845743256945E-4 6.566009176572584E-4 2.144970531963832E-4 -8.679391398676653E-5 
0.30220911620983176 8.505674728435262E-4 6.932376797548894E-4 4.088938030809676E-4 7.529395040754875E-5 3.0156318680717436E-4 -8.679212459902023E-4 7.029335279316309E-4 2.507443100121898E-4 -8.225287524184634E-5 
0.19057746730551145 8.269791929444747E-4 6.949708941719519E-4 4.3560574735251536E-4 7.448592409458102E-5 2.9802954089412187E-4 -7.59652568116449E-4 7.299331485667201E-4 2.0950947997950067E-4 -6.432120194212006E-5 
0.03161327781484502 -5.365586122545742E-4 6.987585007930402E-4 3.8574875477269415E-4 4.432921156434916E-5 1.7516076752725459E-4 -7.238635201082342E-4 7.591518632790881E-4 8.080415552612531E-5 -8.42324671003214E-5 
0.8004379605930037 -4.635551048945998E-4 7.062508697087431E-4 3.858302084880251E-4 9.136246945269931E-5 1.673928048610691E-4 -8.60199427911685E-4 7.576950010050096E-4 4.129779080489345E-5 -6.769962645473191E-5 
0.9750443731679367 -5.354686128020308E-4 7.76693176951574E-4 4.6167836642487176E-4 4.408407909768719E-5 2.910201755482313E-4 -7.23959520721403E-4 7.047422093403802E-4 8.091414652003455E-5 -8.463648498507286E-5 
0.012941637465490013 -5.365586122545742E-4 6.976576004319158E-4 4.0308244544054635E-4 4.432921156434916E-5 1.627789001953621E-4 -7.238635201082342E-4 8.049163870046095E-4 8.628799634519309E-5 -8.516857804321152E-5 
0.02891849776332369 -4.933348462045535E-4 6.924524912725174E-4 6.476204089338226E-4 5.22066277631959E-5 2.9896488610583875E-4 -8.645733358289512E-4 6.555500087081346E-4 2.0516758404787305E-4 -8.483545861526439E-5 
0.45698644125044596 5.588481301022697E-4 6.844420869027483E-4 3.813983921159889E-4 7.808598537125866E-5 3.4431061891354483E-4 -8.585511426414224E-4 8.127831946543538E-4 3.2773656735457526E-5 -8.720594588847023E-5 
0.9814597633339216 -4.758465951850943E-4 6.790684539410213E-4 4.6301422150185856E-4 5.994658459414084E-5 2.669040183373061E-4 -7.332620262469918E-4 5.555071391682709E-4 2.43521671515381E-5 -8.686399272713124E-5 
0.16089688233889238 -4.077246095060963E-4 7.751705004565811E-4 7.939850386938865E-4 -2.549692392704286E-4 2.896834888065757E-4 -8.662143576645152E-4 9.76207731279781E-4 2.143370953651039E-4 -8.541548275304859E-5 
0.507434164392714 -4.7243649260769803E-4 7.745856327916849E-4 4.6244445171638945E-4 7.695663098427179E-5 2.956555946215884E-4 -8.642975607035571E-4 6.855602224553278E-4 3.1610500887211E-5 -8.708885010124561E-5 
0.4495855136793888 9.096036454888218E-4 6.945069200380955E-4 6.401532605180521E-4 -2.391365868351386E-4 3.4645994008507535E-4 -8.58368489696964E-4 7.4028557298322E-4 2.5076683825321524E-4 -2.478007644978255E-4 
0.0194820657669052 -4.782824378077371E-4 6.96241538856085E-4 3.89970998517788E-4 6.740383722779804E-5 2.9450314767415214E-4 -9.892873810966485E-4 6.601743324676475E-4 6.948115159854082E-5 -8.309136612873678E-5 
0.3262210484294193 -4.4498684311123564E-4 6.820300241385742E-4 3.869255371491453E-4 -1.8721967520918118E-4 4.035702914755137E-4 -7.658174807884964E-4 8.185455166948228E-4 6.607721703094063E-5 -5.8359309553316257E-5 
0.6338060754215258 -5.601165580277995E-4 7.049694369070154E-4 7.568082623254014E-4 9.523149005686753E-5 3.5208503923568813E-4 -8.60199427911685E-4 5.640383756700817E-4 2.5150907805319967E-4 -5.4262469544067076E-5 
0.8233018748478967 5.636882978654922E-4 7.027795832088623E-4 3.8988642333423766E-4 7.379711640911539E-5 3.0370057984154447E-4 -9.836845743256945E-4 6.560493172033768E-4 2.1353883345418584E-4 -8.679391398676653E-5 
0.466727557319614 5.588481301022697E-4 6.844401787754082E-4 3.813983921159889E-4 7.871113494110427E-5 3.443134300844054E-4 -8.64144183659903E-4 8.127831946543538E-4 3.2773656735457526E-5 -8.798956786771089E-5 
0.8065284558193166 -5.139439081912538E-4 7.040790361545965E-4 6.442598115300337E-4 4.4436560261710776E-5 2.9834437602617653E-4 -7.279531470605095E-4 7.54765378436199E-4 3.261296963026984E-5 -6.128741653484538E-5 
0.2942865956649393 -5.484891105923112E-4 6.932980230301589E-4 4.618264687707745E-4 1.0347007833906406E-4 2.949895569338415E-4 -7.006346936193982E-4 7.032208066975582E-4 1.9490549926399635E-4 -5.806876658376027E-5 
0.0031443560989805885 -4.6909930007362356E-4 7.778618592369957E-4 3.939207641085075E-4 7.165323051242858E-5 3.1875392662122486E-4 -7.272879606626155E-4 6.761592883920083E-4 8.030215647755344E-5 -8.462699770695979E-5 
0.9056595873922624 -4.7224641959981394E-4 7.036258145146413E-4 3.844337207258116E-4 5.507650281966908E-5 3.6036977431023933E-4 -8.663432064906719E-4 7.67679098739097E-4 4.110350867723868E-5 -8.492521090333465E-5 
0.8521968132118971 -5.89893589853516E-4 7.701483631128941E-4 3.982559150512453E-4 -1.5507397280824312E-4 2.909857589363884E-4 -7.244315037423989E-4 4.846286758784467E-4 8.957171883605799E-5 -7.586670286323214E-5 
0.11774710329291815 -5.142103295099466E-4 7.037698117118807E-4 6.40064863391234E-4 -1.6865494399251747E-4 3.036734213115881E-4 -7.30414087256305E-4 6.540255423954673E-4 2.200771687798829E-4 -8.652636175243633E-5 
0.8187470914083208 -5.472801251130868E-4 7.029911426505492E-4 4.061581880095359E-4 -1.7002385670765048E-4 3.0370057984154447E-4 -9.836845743256945E-4 6.566009176572584E-4 2.144970531963832E-4 -8.679391398676653E-5 
0.0737590935421649 -4.757371822110543E-4 6.934444500846038E-4 4.6068000670217727E-4 1.150438761758824E-4 2.955540955616418E-4 -8.638122974987901E-4 7.276223145166287E-4 3.0495458581656737E-5 -8.752359239699952E-5 
0.1459497716840069 -4.08612949367043E-4 7.760909208129611E-4 4.0337046895056307E-4 6.898076856129778E-5 3.603692683681811E-4 -8.697644431465404E-4 6.742748450366365E-4 5.4030272829527304E-5 -7.17839662834159E-5 
0.008882588848075107 -4.8716890764798803E-4 6.837980197924604E-4 6.416944675809701E-4 1.0023405447273111E-4 3.443106658131244E-4 -8.58368489696964E-4 7.591757008828943E-4 2.1993551169210954E-4 -8.722626772060104E-5 
0.3494084522757259 8.174802368752102E-4 6.960112578149202E-4 4.088938030809676E-4 8.944123126412233E-5 4.009595300798194E-4 -7.6336262339792E-4 7.029335279316309E-4 2.3575718174859782E-5 -8.246674025780848E-5 
0.32640756429069695 7.735143980933149E-4 6.808960818010086E-4 3.8574954106053525E-4 -2.6879096246028257E-4 1.7512671052861558E-4 -7.061833823373965E-4 7.591263828516957E-4 3.31230200759631E-5 -5.857935286256715E-5 
0.6824857876517779 -5.372067583644464E-4 6.945037765980046E-4 6.408358226266739E-4 -2.6983805306465955E-4 4.933229445714674E-4 -8.638141537894486E-4 8.167376477327254E-4 6.306678700244377E-5 -2.5387470130938005E-4 
0.5426606287389013 -4.981063510705275E-4 6.955971703750614E-4 8.223359793109555E-4 -2.2859360339323308E-4 1.6686584764069319E-4 -7.324197190285988E-4 7.264524255626092E-4 8.421460348013678E-5 -6.194379178966328E-5 
0.5386465033087277 -4.981063510705275E-4 6.955971703750614E-4 8.223359793109555E-4 -3.1651533686010097E-4 1.6750158314604856E-4 -7.324197190285988E-4 7.363577119695508E-4 8.421460348013678E-5 -6.194379178966328E-5 
0.00961368004033921 -4.7583745843973144E-4 6.96241538856085E-4 3.8998726628629597E-4 6.740383722779804E-5 2.9450314767415214E-4 -8.618302699260384E-4 7.682144592340199E-4 3.361501689035071E-5 -8.758064848734431E-5 
0.6697060476719576 7.925554820663642E-4 6.850312741510427E-4 6.370238660563266E-4 -2.546302478853073E-4 2.682849326037429E-4 -8.613329975868129E-4 6.227695519037769E-4 2.1124889149765807E-4 -2.4623616462437104E-4 
0.8518627841917664 -4.646447586526343E-4 7.108796562691178E-4 7.793321241027268E-4 -1.8300439485592504E-4 2.910201755482313E-4 -7.239712515131596E-4 4.933810378446473E-4 8.083036600025226E-5 -7.581496081609767E-5 
0.995048617861853 -5.262589202372405E-4 6.936327672678592E-4 4.63193838953044E-4 9.531380690837E-5 2.9499414180281095E-4 -7.250671722802221E-4 5.689455168651154E-4 2.511747051650959E-4 -5.4490441274472503E-5 
0.12601564074334554 -5.209438932598834E-4 7.031107093855053E-4 3.9808138380389416E-4 -1.6210146637451754E-4 3.041985897273143E-4 -8.537377554854192E-4 6.529721325835614E-4 3.29862098675467E-4 -7.910564424870558E-5 
0.004218034453774014 -5.351507340043502E-4 7.679559796636815E-4 4.6644707879240347E-4 5.955419309399418E-5 3.015285120689795E-4 -8.526692350032626E-4 7.271176871505514E-4 3.5759970270640465E-5 -7.900091784719501E-5 
0.1534860622528445 -5.368465571260041E-4 7.697356013413334E-4 4.921899713521878E-4 5.689222706797926E-5 2.690448759717612E-4 -8.594043322397753E-4 7.391716154146034E-4 3.40383144411344E-5 -8.889414644319822E-5 
