0.9985424690569918 -4.800572595040918E-4 -6.105970451129826E-4 2.796961186042301E-4 6.495410547834405E-4 0.0011460235062244236 3.39147496463631E-4 1.701295200889675E-4 0.001333915749058556 -0.0014683724279444415 
0.0 -3.1236449274811264E-4 -6.070662848805088E-4 2.8019187199390997E-4 9.044480052623113E-4 0.0012229181884144684 1.259719309542172E-4 1.7079941470333137E-4 0.0013149379059059605 -0.0014739217366351487 
0.009655085944994313 0.0015868711412587947 -6.088484613533167E-4 5.473319759450495E-4 -0.002040565836540242 -0.0010458433785089163 3.54184363981377E-5 1.4049070360998061E-4 0.0013353885725410776 -0.00206712175304763 
0.4206361670338447 -4.092167819555832E-4 -6.07063533406459E-4 2.776283849413934E-4 -0.0020564351596961384 0.0012230354612669213 6.854627586354294E-5 1.0037547993242024E-4 0.0013113588236757729 -0.001938268837038712 
0.019884506713983143 -4.953858092069791E-4 -6.208372100248904E-4 5.45899722919434E-4 7.087927259804451E-4 0.0014665209513219544 1.0623041106948221E-4 1.4933594147547414E-4 0.0013383355493992483 -0.002062479600899752 
0.309977135538721 0.0016592355024508628 -6.079288189268101E-4 5.0594913153475E-4 6.563413296934778E-4 -0.0011110399010375524 6.896619262656925E-5 1.5205041045902079E-4 0.0013093793323967558 -0.0019330017121337482 
0.08758158177490358 0.0015838748175700783 -6.0872431008856E-4 2.2101798284255002E-4 9.295578697259868E-4 0.0014683461193404634 1.0828694608039617E-4 1.6047059311520074E-4 0.00142324400855389 -0.001360651672461156 
0.4429228766171481 0.0015592228581317704 -6.074353617660313E-4 5.400890641661764E-4 9.210594211206011E-4 0.0012766337055812203 1.0708651401120884E-4 1.9388092352904548E-4 0.0013155012349719496 -0.0013494078211255841 
0.12766332781420467 0.0016076019531792258 -6.077465569543549E-4 2.665235887083404E-4 9.206380560227403E-4 0.0014461360752496216 1.0832499683733935E-4 5.050076880606479E-4 0.0014392453692850479 -0.001374886109894766 
0.5770917654710939 0.001582557334048809 -6.087094519311047E-4 5.323154331267255E-4 -0.0021411367776494336 0.0012416580048535794 1.1650622558544403E-4 5.025582100813715E-4 0.0013370831912760536 -0.0019306892172458016 
0.8657521242946108 0.0015832007480268855 -6.088756918386055E-4 5.338298957688231E-4 9.290076508351554E-4 0.0014721570309073533 3.281545280453367E-4 1.5607372981899054E-4 0.0014225068521272791 -0.0019492406780952593 
0.14207130123743572 -3.7892342363611987E-4 -6.079949100629113E-4 5.466668787503883E-4 -0.0010582346571110814 -0.0010182699352461431 1.0075409808882511E-4 1.5409851111962877E-4 0.001328962162725666 -0.0020294240347083167 
0.9459235745083295 0.0015847420769358582 -6.077271434046336E-4 5.061746102117456E-4 8.702190449613432E-4 0.0011720554515254368 6.69324330123372E-5 1.5324073726211785E-4 0.0013092723278832932 -0.002013056827511896 
0.10213847557255121 0.0015996731487152968 -6.080231192974829E-4 5.114834422757581E-4 -0.0021774460234361436 0.0014200303847218903 1.1693311163861173E-4 1.1249555638677677E-4 0.0013117939499156816 -0.0019478871923773252 
0.2910561242192725 0.0016041404069927344 -6.087306380775031E-4 5.138189442709211E-4 9.425051634810951E-4 -0.001114722251693884 2.9472115346413806E-4 1.8825619996628846E-4 0.001310170413105537 -0.0019329004602614188 
0.7366830374874884 -4.7154971528243054E-4 -6.080882713761783E-4 5.484563953480059E-4 5.610738016046547E-4 -9.904654737240162E-4 6.499762532494401E-5 1.376742333554452E-4 0.0013352550211450716 -0.0020180260613275867 
0.35692015334567484 0.0016623552180457615 -6.110590218401856E-4 5.396355639483689E-4 -6.845357742101737E-4 -0.0011929361441496151 3.068741375982253E-4 1.5835295447095312E-4 0.0013158273308415138 -0.001356158467613302 
0.8847395618172085 -3.059150022522658E-4 -6.075208483706799E-4 5.45849844894795E-4 8.408988581993486E-4 0.001433599830142811 4.574029849434046E-5 5.018186637802682E-4 0.0014249433909239747 -0.002060722046070283 
0.40158047623052484 -4.084996107098448E-4 -6.2167653262287E-4 5.401213871333959E-4 0.0010056831614025205 0.0011532644091022382 8.640504554853593E-5 1.4153329541019116E-4 0.001323643691736659 -0.0020367584584500237 
0.589363138230831 0.0015909740115881109 -6.080298262630936E-4 2.961541217916511E-4 -8.814479112859801E-4 0.0012199812785486598 3.3601902440264463E-4 1.5127423020357228E-4 0.0013332373694883045 -0.001948641126140316 
0.5575093768596436 -5.853065097652565E-4 -6.087197634224356E-4 5.321450724237575E-4 -0.0021407133957620527 0.0012333133468326767 3.0301997889100826E-4 5.332763553204179E-4 0.001429397679751738 -0.0019306811411665158 
0.10757404766308432 0.0015833514636553548 -6.077548755435468E-4 5.060526169010991E-4 9.220233083463873E-4 0.0014705077390586448 3.3183139239239325E-4 5.10804174152294E-4 0.0013382723527559865 -0.0019444745154252167 
0.7920168177784453 0.0016342628586406632 -6.101090823895024E-4 5.449739213734073E-4 9.464082175102996E-4 -0.0011276345577451575 5.179164375264501E-5 1.7014390025256874E-4 0.0013380166795472566 -0.001455742447850059 
0.20862278499630998 0.0015817615320341347 -6.079936126728898E-4 2.693500744951589E-4 -0.0022081819314328766 -0.0010182791140870477 3.2718188086485335E-4 4.913883139710888E-4 0.0013397134106687056 -0.0014606349482720578 
0.006380902159659224 -6.283137709555505E-4 -6.086683681082696E-4 2.1813877151290317E-4 -0.002143668807258811 -0.0011925496189063942 5.98045257418151E-5 5.348534699548232E-4 0.0014358558298492262 -0.0019365640404016365 
0.6611910808652798 0.0015833514636553548 -6.10154315453783E-4 5.496091732550303E-4 -0.0010302043309741156 -0.0010376555639265675 3.3183139239239325E-4 1.5231947609100583E-4 0.0013381860687053688 -0.001954105438720676 
0.07245613454449332 0.0016755403744692242 -6.107824561178604E-4 5.341395520805714E-4 -6.686828954317116E-4 0.0010713419975537726 2.724218358597736E-5 1.4629387196046765E-4 0.0013057988592888275 -0.001398516392327248 
0.9854462890708715 0.0015808091990103556 -6.114329198635388E-4 5.5403452141151E-4 9.295578697259868E-4 -0.0013322551211054552 2.732550556278738E-5 1.5089028506197396E-4 0.001310270273691829 -0.0013956032215679437 
0.03466685839027314 0.0016055407200795064 -6.079447018739492E-4 5.46170642514549E-4 9.136960689089782E-4 0.0014181035036085836 3.479027604783101E-4 1.7549897351428682E-4 0.0014392453692850479 -0.0013993373970856012 
0.19768177641342405 0.0015968194166508965 -6.087233078389286E-4 5.058369071080242E-4 9.295578697259868E-4 0.001438796798463067 1.1798701891692107E-4 1.4526713680042285E-4 0.0014241062949520654 -0.0019492406780952593 
0.07885513314030171 0.0015996509468827933 -6.080231192974829E-4 5.138315732287205E-4 6.488785297937949E-4 0.001426082176779923 1.179211097330867E-4 1.5969259556132597E-4 0.0014393012279036435 -0.0019502613726187974 
0.2289546833570288 0.0014725196469953408 -6.205430158958445E-4 5.462728069111108E-4 -0.002294003119208567 0.001433425845110225 6.394711457273092E-5 1.414405366930555E-4 0.0013102138755092712 -0.0020371962827266487 
0.21732370944042095 0.0015817615320341347 -6.201973985980365E-4 2.6926743723100564E-4 -6.641153931553756E-4 -0.00101874272809467 3.2718188086485335E-4 4.918082481879302E-4 0.001319821782361547 -0.0014606349482720578 
0.04074856674987265 -4.3195568609257265E-4 -6.075166519515644E-4 5.47747337027151E-4 7.60547595632162E-4 -0.0012460226902451985 1.0909567603054064E-4 1.5155933451675135E-4 0.0013144341359306343 -0.0014277018404406836 
0.9199785067183479 -7.117706695138926E-4 -6.069713290281101E-4 2.985794093287293E-4 9.172928822711766E-4 -0.0010559704588949095 1.1382119166598019E-4 1.5324830961181156E-4 0.0013175501288168997 -0.0019479426844692994 
0.9708260821371647 0.0015596524011563088 -6.080297205511731E-4 2.787839632102221E-4 9.219760934966857E-4 -0.0010376555639265675 3.3183139239239325E-4 1.5231947609100583E-4 0.0013101219154628644 -0.0019444745154252167 
0.7503920391030484 0.0016636502995010741 -6.075538670188163E-4 5.240374092606916E-4 9.425051634810951E-4 -0.0010874441565221083 3.175761458005654E-4 1.4206463982884275E-4 0.001310176123766113 -0.0014316438826940366 
0.0032784139145562163 -6.704431303295712E-4 -6.070662848805088E-4 2.807171901053389E-4 9.044480052623113E-4 0.0012743331590771166 1.1318117653312491E-4 1.708392714062155E-4 0.0013154752408520865 0.0019013450781672314 
0.8499210888537058 -5.091197530760889E-4 -6.114775278016917E-4 5.458185628508242E-4 9.295578697259868E-4 0.0014408079630752577 2.732550556278738E-5 1.2590079780860967E-4 0.001310270273691829 -0.0020431125468517216 
0.0644791236017005 0.00159218551463638 -6.073238450711972E-4 5.356487285641648E-4 8.143958567928257E-4 0.0012766337055812203 1.0705451456755775E-4 1.5213424171750076E-4 0.001431955457851445 -0.0020902758705493656 
0.4671666733492478 -5.853065097652565E-4 -6.110631140439138E-4 2.1593124952199358E-4 -0.0021407133957620527 -0.0012003377413576976 2.986817684809995E-4 1.473694195806383E-4 0.0014295221244875202 -0.001930669873857285 
0.26869480338011675 0.0016329195601806393 -6.076869996922255E-4 5.05890209605825E-4 6.125748643312249E-4 0.0014830391323899723 1.04383638515129E-4 1.6992571120308435E-4 0.0013092294367144787 -0.0014322114465485098 
0.9069254352749094 0.0015859782209145007 -6.103519076305129E-4 5.34343170741583E-4 -0.0021361953480803623 -0.001010309545000213 3.247967410833241E-4 1.5624663748640003E-4 0.001430762291565491 -0.0019334619053360605 
0.053102783999993575 0.0015868353655549368 -6.205712590896885E-4 5.465349816304351E-4 -0.002040363932766033 0.0012451573696443724 1.0880161570634385E-4 1.508790297470381E-4 0.0013102138755092712 -0.0013956032215679437 
0.37054998411781315 -3.9788663771381434E-4 -6.102029989848409E-4 5.45362579337712E-4 -0.0023503129822760684 0.001154709631741454 7.813453704085549E-5 1.525175988711518E-4 0.0013377190915642597 -0.002086301688683406 
0.1582007479417695 -5.030022615533829E-4 -6.106477699926563E-4 2.8731042945829004E-4 9.137249468858303E-4 0.001140730702950425 1.563170582194766E-4 1.508790297470381E-4 0.0013328667939002507 -0.0013980329595900702 
0.47876245169593223 0.0016395593856632683 -6.087233141410471E-4 5.616700181867332E-4 9.024235203279397E-4 0.0014331874290963715 5.2172678785632406E-5 1.5004490235134314E-4 0.0014373483220784958 -0.0019364806268210983 
0.811550682113858 0.0014720097011299469 -6.083045831716964E-4 5.138146474572252E-4 -0.0021350625375910447 0.001234684640704657 1.5229111670580386E-4 5.298737350734354E-4 0.0013362233587022913 -0.0014009827428463643 
0.3364456986686202 -5.242295975261171E-4 -6.110631140439138E-4 5.182641084250905E-4 -0.002145733259578717 -0.0011968749354248798 2.986817684809995E-4 5.084250646475221E-4 0.0014290955244641772 -0.0019330933965686964 
0.7623073568302469 -3.3497220012255005E-4 -6.207602381719962E-4 5.544733384624564E-4 6.473702902020277E-4 0.0014343216317136789 2.638679559900176E-4 4.8168779232088865E-4 0.0013135887255678945 -0.0020645569953190827 
0.2395810433412479 0.001583476562725813 -6.103421560990131E-4 2.875951896053965E-4 -0.0021283761628598523 0.0015605527836539254 2.1959888229554426E-5 5.455207556322562E-4 0.0013141977040496142 -0.0020402112088202464 
0.030587986103487674 0.001669188120639429 -6.08135268588215E-4 2.681265349418555E-4 -0.0010615459416826304 0.0014440234379423992 3.006397519122394E-4 1.883448625172609E-4 0.0014392467900175786 -0.0019467442574712572 
0.5025934618066938 0.0015968194166508965 -6.087233078389286E-4 2.453118859007538E-4 9.295578697259868E-4 0.0014214539156271197 6.927176461448129E-5 1.4631539782088298E-4 0.0014232614344928955 -0.001949341148733097 
0.3951870125700429 -4.100945381039382E-4 -6.080966435387839E-4 5.229482033130132E-4 -0.0022697448043899533 0.0012227357875098112 3.02103125394615E-4 1.1889191290269851E-4 0.001428554616452148 -0.0019260547034077233 
0.002126178731355677 0.0015827992815493743 -6.084259314040543E-4 5.450064098798218E-4 -0.0021371286007648028 -0.0010022371232616112 5.096115242471933E-5 1.5296239155491987E-4 0.0014439139734879194 -0.002009181256869363 
0.24417117650825237 0.001583184482704428 -6.077546926888976E-4 5.060526169010991E-4 9.102921794890084E-4 -0.0010376555639265675 3.3183139239239325E-4 1.5231947609100583E-4 0.001336659382484968 -0.0019444745154252167 
0.6043150783524794 0.0016053834853094519 -6.117163767843102E-4 2.1398795389957013E-4 -0.0021344761320998638 -0.001169796692744006 -4.6720120383238954E-4 5.01118825913736E-4 0.0013348432554129708 -0.0019468856402619383 
0.5169267398146269 0.0015986804977357436 -6.085792131988434E-4 5.437321935476192E-4 -0.002177810250657939 -0.0010534648646878574 1.16975970918281E-4 1.7014390025256874E-4 0.0014458658723311068 -0.0013512556305968926 
0.7190467546397122 -4.729744538244882E-4 -6.087233078389286E-4 5.134682704699709E-4 9.541453294321697E-4 0.0015062395232683466 1.643949812316E-5 1.1861518437008642E-4 0.0013083897197256823 -0.0019319333758149222 
0.8954662320567903 -4.729744538244882E-4 -6.087233078389286E-4 5.134682704699709E-4 9.541453294321697E-4 0.0015062395232683466 7.249711531111591E-5 1.1945155100913227E-4 0.0013083897197256823 -0.0019364221995029013 
0.1682497117582885 -1.9112067200415092E-4 -6.115968847202999E-4 5.455485517545122E-4 8.714381829321836E-4 0.0012896357362167288 2.0129738312530955E-5 5.08763869270562E-4 0.0013279092928015661 -0.0021774118571879077 
0.6415981836560289 -3.3497220012255005E-4 -6.207602381719962E-4 5.544733384624564E-4 6.473702902020277E-4 -0.0010507634385442954 2.638679559900176E-4 5.012989193315392E-4 0.0013135887255678945 -0.0020648202348234734 
0.698518412347932 -5.853065097652565E-4 -6.087197634224356E-4 5.321450724237575E-4 -0.0021350625375910447 0.0012333133468326767 1.5229111670580386E-4 5.254736472624321E-4 0.0014332403173188668 -0.001948016762651751 
0.6883572401473778 0.0015683948832125058 -6.081023243889251E-4 5.484454126542885E-4 8.184288524699499E-4 -0.001224495546025095 3.2953468231863034E-4 5.188328303202315E-4 0.0013346398844212685 -0.002026927731597039 
0.5347427184293305 0.0016822668096802384 -6.077244904014386E-4 5.295214166850254E-4 5.962001416450347E-4 -9.586557021881405E-4 1.028968690527126E-4 1.9390918279895195E-4 0.0014309872402928129 -0.0020908917954810522 
0.522035133663544 0.0016342628586406632 -6.085878677332312E-4 5.448313674916837E-4 -0.0020244254695034524 -0.0011015767490021933 1.0482613088810144E-4 1.7014390025256874E-4 0.001439285134187277 -0.0013512556305968926 
0.38289695213323577 -4.697222281554566E-4 -6.101410288575288E-4 5.45849844894795E-4 9.205478396505664E-4 -0.0011093054939841367 4.7074192836115217E-5 5.12289501489551E-4 0.001432728175402025 -0.0019374596250537602 
0.7777581402387279 0.0015683948832125058 -6.077145056802243E-4 5.506479677202368E-4 8.184288524699499E-4 -0.001224495546025095 3.265427965822646E-4 5.188328303202315E-4 0.0013346095957170174 -0.002026927731597039 
0.7080743246121525 -3.8678811110859693E-4 -6.109672609260244E-4 5.239954311087339E-4 -0.0020409007941586546 -8.343605101992714E-4 3.5772217076661126E-5 4.777517564010659E-4 0.0012965534850237152 -0.002073614306939818 
0.48723788355982117 -4.800572595040918E-4 -6.080588904012094E-4 2.7733598132723017E-4 -0.002100386071958477 0.0012230614036881297 3.39147496463631E-4 1.705634759972639E-4 0.001333901790424415 -0.0014513206831368094 
0.8399831412703409 -4.7109694543338333E-4 -6.077156231794265E-4 5.45849844894795E-4 8.42554551158571E-4 0.001433599830142811 4.670322817758585E-5 5.156960843459393E-4 0.00142609668532127 -0.0020459744149752767 
0.6522919404531019 0.001605888350742709 -6.101102926150785E-4 5.441538165352366E-4 -0.0010402783355801274 0.0014384558409940421 1.5411315205018868E-4 1.8828435471628902E-4 0.001437556716199333 -0.0014512258172975777 
0.8281197586272369 0.0015817835882156784 -6.108437914583327E-4 5.323154331267255E-4 -9.360496265145492E-4 0.0012313122989731722 1.1650622558544403E-4 1.529557642460557E-4 0.0013197265445238557 -0.0019306892172458016 
0.6173632821629994 -6.627900016851041E-4 -6.129094902599865E-4 5.45799919141338E-4 6.625180199060522E-4 0.0011633804764653866 2.610645367189615E-4 1.5292541214323178E-4 0.0013319328473732634 -0.0014074415911349168 
0.8059568677691662 -4.6249324770540807E-4 -6.104866359726377E-4 5.017899727752129E-4 -0.0026042313552530633 0.001140250958853633 1.144624951830187E-4 4.2014644396793987E-4 0.0013338986816914687 -0.0014685994122598058 
0.25812448054816994 0.001669188120639429 -6.119568425152455E-4 5.459061934003852E-4 -0.0011439915465543949 0.001226421564820094 2.827862959116935E-4 1.2315166533627642E-4 0.0013203178699688859 -0.0013937420698373895 
8.48657836081285E-4 0.0015827487187829868 -9.591807215347282E-4 5.064131668011674E-4 -0.0010262288114411332 0.0012225324875041038 5.277409888240708E-5 5.415010550030644E-4 0.0013378868479919865 -0.001954551959671934 
0.2546917777041645 0.001669188120639429 -6.081428215194868E-4 2.632980400065652E-4 -0.0010615459416826304 0.001226421564820094 2.827862959116935E-4 1.2315166533627642E-4 0.0013203178699688859 -0.0019467442574712572 
0.17774125087733636 -4.3694846194480385E-4 -6.086759550047813E-4 5.231085606579028E-4 7.956854889833759E-4 0.001438796798463067 6.499115994161537E-5 1.6047059311520074E-4 0.0013145447378546643 -0.0019383578762699135 
0.11826204175303379 0.0015844288556736419 -6.077271434046336E-4 5.061628913433761E-4 8.702342911610513E-4 0.0011255356333373452 3.936281881880885E-5 1.5774692236894257E-4 0.0013092723278832932 -0.002013056827511896 
0.5500677671349974 0.0016367699450209807 -6.079942458118765E-4 2.667099891686826E-4 -0.00213578423965599 -9.763311580232118E-4 4.173335605477135E-5 1.1287918249489455E-4 0.001429137582914669 -0.0014855783522205153 
0.3426989575824891 0.0015996731487152968 -6.080235952871399E-4 5.454425622545788E-4 5.989797898327736E-4 -0.0010765317280200823 1.0833066729928025E-4 1.1249555638677677E-4 0.0014392373721884167 -0.0013481290877556359 
0.678074481312053 -3.2045615497397527E-4 -6.105146860620543E-4 5.415065728651583E-4 -0.002100386071958477 0.0012230614036881297 3.39147496463631E-4 1.705703163767133E-4 0.001333915749058556 -0.0013466961037866447 
0.025595551745458897 -4.179598388989339E-4 -6.075408213689729E-4 4.973264068732367E-4 5.974035305386703E-4 -0.0011377916400191147 7.01211638691996E-5 5.194312612005353E-4 0.001317526215108375 -0.002021194977522691 
0.323911450492199 0.0015796295988338988 -6.076365855135691E-4 5.078859649735286E-4 -0.002209852274785224 -0.0010235986457518686 3.2713386219736115E-4 5.023147766520855E-4 0.0013415600505474888 -0.0019330017121337482 
0.4966184965081196 0.0015959918272494724 -6.087233078389286E-4 2.453118859007538E-4 9.295578697259868E-4 0.0014282426390029362 4.2384537733590545E-5 1.5436252363209375E-4 0.0014290951978944647 -0.001949341148733097 
0.6085528151986962 -4.08818319671376E-4 -6.088662084298381E-4 5.231085606579028E-4 7.956854889833759E-4 -0.001195675222895987 6.499115994161537E-5 1.6047059311520074E-4 0.0013145447378546643 -0.0019383318788737964 
0.378164423358795 -6.281928603600248E-4 -6.102029989848409E-4 2.213739483121828E-4 -0.0023503129822760684 0.001154709631741454 7.813453704085549E-5 1.525175988711518E-4 0.0013377190915642597 -0.002086301688683406 
0.5403092208228968 0.0016370465626412878 -6.075263098649407E-4 5.010193142182737E-4 6.650240239368403E-4 0.0014814524516804657 7.01211638691996E-5 5.194312612005353E-4 0.0013173170072952839 -0.0020211496110349295 
0.3245201083627103 0.0015817615320341347 -6.201973985980365E-4 2.6926743723100564E-4 -0.002184420466183618 -0.00101874272809467 3.2713385140561264E-4 5.023631480890608E-4 0.0013419196987826715 -0.0014606349482720578 
0.6332329647761283 0.0015868353655549368 -6.205712590896885E-4 5.464954595854025E-4 -0.002040363932766033 0.0012451573696443724 1.0880161570634385E-4 1.508790297470381E-4 0.0013102138755092712 -0.0013956032215679437 
0.9331019040633858 0.0015890134066599915 -6.109313902828641E-4 2.1494638696563286E-4 -0.0021370544824162903 0.0010714013384956326 7.259065643952473E-5 1.474590261395255E-4 0.0013057661913952684 -0.0019364742544933876 
0.7727296946475823 0.0015683948832125058 -6.077145056802243E-4 5.267984279533093E-4 8.184288524699499E-4 0.0017561593233500709 5.9873614266963576E-5 5.363232393586485E-4 0.0013211087322857298 -0.0014524838204015807 
0.11840313985392101 0.0016076019531792258 -6.077465569543549E-4 2.644731318239871E-4 8.711740291680647E-4 0.0014461360752496216 1.0832499683733935E-4 5.050076880606479E-4 0.0014392453692850479 -0.001374886109894766 
0.6263535148746862 -2.9014431046417866E-4 -6.120439235717666E-4 5.484721479863079E-4 7.057466780111563E-4 0.001429722826712936 2.5952825710922597E-4 1.6258323342469933E-4 0.0014339382037575643 -0.0014014688174367848 
0.27740078169488264 0.0016773457220801268 -6.079464121555367E-4 5.465210467715842E-4 6.426404736867264E-4 0.0014657418958841113 1.5559813613157716E-4 1.4629387196046765E-4 0.0014290930245237814 -0.001398516392327248 
0.15134686332894476 0.0015848098749318737 -6.077271434046336E-4 5.061746102117456E-4 -0.002273283407177912 -0.0010956692561328346 3.145358305907278E-4 1.5324073726211785E-4 0.001340679872412859 -0.0014367588752903964 
0.18888760456201378 0.0015973812529354228 -6.087233078389286E-4 5.057927121235293E-4 0.0010454843872961112 0.0014436068631480485 1.0694516497303908E-4 1.4486832838811912E-4 0.0013102138755092712 -0.0019492406780952593 
0.456569492730989 0.001591054735543489 -6.205794659249257E-4 5.496159479712468E-4 6.580576606747975E-4 0.001439649493150875 5.101741106280141E-4 1.5161470225155644E-4 0.001436879856928805 -0.0019333422169571766 
0.45463242517282665 0.0015185526865947594 -6.076365855135691E-4 2.0555310607043174E-4 -0.0022048324109685594 -0.001027061451684686 3.2713386219736115E-4 1.4125913158520172E-4 0.001341986650570832 -0.001930578189422337 
