4.944289944289986E-17 7.245981288692855E-4 -0.003114729217325963 8.068712059334161E-5 -4.953704025355401E-4 0.0014772310105598536 4.899874053204578E-5 -4.0833984982850235E-4 4.427574045234987E-4 -0.0014526665872618885 
0.9994318374462045 7.168304578963071E-4 -0.0031290627532099056 7.911554371635736E-5 -4.951868017486188E-4 0.0014770400014881056 5.72305638748112E-5 -4.4815487909910767E-4 6.045774866135826E-4 9.210288875297762E-4 
0.8442141155014484 7.546046860060075E-4 -0.0031200965228938486 3.866388471897629E-5 -4.955260186733456E-4 0.0014759862624293613 2.223287466771519E-4 -4.08221727866424E-4 4.5269358345414735E-4 6.077018951186513E-4 
0.2731774400983112 7.213338874443309E-4 -0.003109041487995122 8.172624843082823E-5 -6.19171712303758E-4 0.0014540578787541258 1.47751619647847E-4 -4.405772659696712E-4 5.376236591663798E-4 -0.0014881489410395645 
0.8717241898215159 1.5021143722995453E-4 -0.0031177093061784287 7.599380450637581E-5 -5.26900602959244E-4 0.001475930904191949 1.1057395669502306E-4 -3.342559475539078E-4 4.951293151840363E-4 -0.0014235017913861688 
0.1794643179746044 7.193163349891974E-4 -0.003118548428200217 5.697293563628142E-5 -4.7210484021119564E-4 0.0014768264694558502 7.714234807907114E-5 -4.375625179328028E-4 5.946219943152875E-4 7.560892142975915E-4 
0.6528253408456344 7.546046860060075E-4 -0.0031200965228938486 3.6839731885400156E-5 -4.954072558117897E-4 0.0014755644220419135 2.223287466771519E-4 -4.402830608500452E-4 4.52236948358328E-4 6.077018951186513E-4 
0.08813809477996895 7.168748095664204E-4 -0.0032191473857128743 5.124154434640616E-5 -4.674659457187002E-4 0.001507604369149175 5.774909032903885E-6 -2.757968819501632E-4 5.287392803948096E-4 -0.0014934406128999278 
0.5138388380385415 7.192289880288394E-4 -0.0031172921541293363 7.622641221477662E-5 -5.701264495598305E-4 0.0014774081796475596 1.3493444133089237E-4 -4.7729207485665623E-4 5.956130092984839E-4 6.566549686206813E-4 
0.5605275469718166 7.377917833349989E-4 -0.003118548428200217 5.697293563628142E-5 -4.7210484021119564E-4 0.0014768264694558502 1.8927769507972128E-4 -4.375625179328028E-4 4.3107298116039984E-4 8.358498296685309E-4 
0.6317907096065636 9.262353848031501E-4 -0.0031319915018687265 4.404914007727186E-5 -4.955883727656451E-4 0.0015079372585747792 1.7566151957208904E-4 -2.796624774053709E-4 4.5241605219767665E-4 7.728867028833616E-4 
0.8058019354335372 6.920078567488318E-4 -0.003110694086448473 1.3568880155827377E-4 -4.88705398691873E-4 0.0014697689966670416 1.8911240017792006E-4 -4.508278633087826E-4 6.038673246434032E-4 5.861640477488336E-4 
0.5431507146310605 2.583094916255303E-4 -0.0031312679547249897 1.3903598265683887E-4 -4.948818043660133E-4 0.0014771021924500673 4.903423532697314E-5 -3.3689526018490523E-4 5.621514197257309E-4 -0.0014730672634269018 
0.4019388442610473 9.545540798682271E-4 -0.003205831740975899 7.658913727702367E-5 -6.05320514143372E-4 0.001477100118542936 7.589443239673117E-5 -3.1860647626903455E-4 4.8819313859126254E-4 7.504201967200882E-4 
0.5313330069375412 7.213561666732147E-4 -0.0032506754912141438 8.34606777518079E-5 -5.630753086575488E-4 0.0014691568330517176 7.455586786130671E-5 -3.975960815873288E-4 5.627313579937499E-4 -0.0014428562971878045 
0.4887249483112889 2.7714804509836944E-4 -0.0031207179487700415 7.926423393506975E-5 -4.958394202897192E-4 0.0014832275909054042 5.273876190596582E-5 -3.4198873418827007E-4 5.27886303667599E-4 6.56064341236105E-4 
0.9203928207149618 9.720772958013856E-4 -0.0031785452233411577 1.3868354991156503E-4 -5.241255729453041E-4 0.0014819068545886983 3.221879805316569E-5 -5.007254159813269E-4 4.4265595811876523E-4 8.790387439442411E-4 
0.784902750416595 7.351253794763553E-4 -0.0032509828448728626 7.391831836396263E-5 -5.295807933981161E-4 0.001532086861118817 1.3216804262816047E-4 -4.506941919722218E-4 5.294601678589742E-4 6.482010537552448E-4 
0.9745486198829297 9.720772958013856E-4 -0.0031785452233411577 1.5039915354683693E-4 -4.857385506912923E-4 0.0014819068545886983 3.221879805316569E-5 -5.007254159813269E-4 5.307735425275844E-4 8.790387439442411E-4 
0.6064992603575285 2.7117553831048903E-4 -0.003209048590843748 7.176089833362689E-5 -6.112636882304531E-4 0.0014831453656646968 4.3912772136809E-5 -3.947578002512837E-4 4.3532058559655334E-4 8.208083954724782E-4 
0.03722404108572991 7.045869570300982E-4 -0.0031112295764022797 4.3621478759866144E-5 -4.970478803181795E-4 0.001466682532110101 5.040748774235843E-5 -2.771713363780306E-4 6.004904256488606E-4 -0.0014673673538636808 
0.24135818109751495 6.872688561432998E-4 -0.0031178882418653564 7.998725868870752E-5 -4.971912381712813E-4 0.0014629625677684672 -7.496249996762137E-4 -4.6978046853015856E-4 4.3072073232463284E-4 -0.0014633382417544019 
0.47028437694675945 7.320455612371493E-4 -0.0031116108700662017 1.4804280944233437E-4 -5.250098744918276E-4 0.0014823794137851399 7.620851675941995E-5 -4.4265280618867493E-4 4.2156152448074305E-4 7.447861184862434E-4 
0.6818562486093686 7.281791611903716E-4 -0.003104879586879918 7.027990299196818E-5 -6.131903372949348E-4 0.0014638542097835478 7.427506736427471E-5 -4.32636914543445E-4 4.914778225277859E-4 8.134790802585524E-4 
0.22987347743373948 9.737417988500663E-4 -0.003179291468439992 1.5039915354683693E-4 -4.8491796836021354E-4 0.0014822954580007556 3.221879805316569E-5 -5.007254159813269E-4 5.307735425275844E-4 8.790387439442411E-4 
0.06075620019453745 7.201244731649885E-4 -0.003128724857146084 8.442183277032115E-5 -4.956940251903483E-4 0.0015277161346755397 1.7800082397447385E-5 -3.625423575210387E-4 5.676332854835068E-4 -0.0013929224706821686 
0.16456605555178005 1.7774058097417238E-4 -0.003119430957020497 7.911554371635736E-5 -5.250795679087145E-4 0.001475937928634806 1.1125778578038842E-4 -4.516397463675275E-4 4.928310169112734E-4 9.206476893671824E-4 
0.4980643836972824 7.617026540531063E-4 -0.00311816509371236 1.3992408255727556E-4 -4.884220281092801E-4 0.001471554962048021 1.8654348061062498E-4 -3.986144807708877E-4 6.041618951070889E-4 5.405302576413132E-4 
0.2195343575882718 7.266799411342277E-4 -0.0031124063414907804 4.176394106439167E-5 -4.960720312079907E-4 0.0014768912493158606 1.778132718224006E-4 -4.392976845936407E-4 4.431548988393566E-4 -0.0014579663375000422 
0.2823429551157807 9.663287748523388E-4 -0.0031088311392283613 5.68429946384436E-5 -5.244847411217731E-4 0.0014767353719342912 7.714234807907114E-5 -4.375625179328028E-4 5.946219943152875E-4 7.560892142975915E-4 
0.3535157077046162 2.444257811116574E-4 -0.0031052374481537076 3.6780155747352586E-5 -5.027281498655027E-4 0.0014864443254489132 1.2715170231218008E-4 -4.07408920913591E-4 4.3762150913912416E-4 -0.0014233792250260824 
0.11296600064092852 7.292062377949259E-4 -0.003109826294087211 1.5068610279090123E-4 -4.609420235425728E-4 0.0014825393172643207 5.273876190596582E-5 -3.3877301826825773E-4 6.094081559031122E-4 -0.0015102608042891332 
0.2526088590467191 6.865543691166511E-4 -0.003109041487995122 8.521068669262749E-5 -6.19171712303758E-4 0.001453668201696974 1.4808988767353484E-4 -4.405772659696712E-4 5.376236591663798E-4 -0.001463024723310459 
0.10091467974961102 7.559089668344843E-4 -0.0032085318587141668 8.280582739910509E-5 -5.969017582178968E-4 0.0014714076369388498 3.256316657910615E-5 -3.99846299812953E-4 6.116086574146108E-4 8.886119548243468E-4 
0.9349557935461746 2.9166187897263987E-4 -0.00312064177851405 1.3835835528675343E-4 -5.311281274925739E-4 0.0014830454063841018 5.8026022706230874E-5 -2.911593034252935E-4 4.359156526539966E-4 -0.0014366498082822347 
0.6202683080725949 6.971114289827387E-4 -0.003175600533820632 1.3876133449096628E-4 -5.24161813957733E-4 0.0017352422865981143 4.6891030743427154E-5 -3.9428931009730084E-4 4.369420498129604E-4 -0.0013936413142000372 
0.3865919542052362 7.248545400243441E-4 -0.003110825498622775 5.007879630093702E-5 -6.194991608055561E-4 0.001473684210412797 1.5416541300571892E-4 -3.928691453475139E-4 5.295468251150605E-4 -0.0014244141637515645 
0.575616380941737 6.96741466225575E-4 -0.003209048590843748 1.4934261543452556E-4 -6.11620264390877E-4 0.001470905630467298 3.0330555682837454E-5 -3.9594464884665714E-4 5.284113583230764E-4 8.739087750136866E-4 
0.046845124542225045 7.354613180150794E-4 -0.0031383651784651517 8.768387332412379E-5 -4.6076424929866267E-4 0.0014591394360073389 6.381414416195409E-6 -3.9843534828331163E-4 6.33434211724438E-4 -0.0015096972708039933 
0.9610494400432756 1.2371457045550009E-4 -0.003109041487995122 8.379992056498659E-5 -6.160527013339156E-4 0.0014537105718546448 1.498810089070746E-4 -4.482960448267317E-4 6.043923389705339E-4 -0.0014881489410395645 
0.46371062001531604 7.319242899905589E-4 -0.003200028984141219 1.473082526308427E-4 -4.959888245817706E-4 0.0014751504753799077 7.845538759945739E-5 -3.9147906414710096E-4 5.292613460960668E-4 -0.0013849108840045224 
0.3649685360998384 7.282290241514455E-4 -0.003206260799863615 8.451789687959379E-5 -5.651966068551724E-4 0.001482459902721922 7.63579782137229E-5 -4.3412250856615E-4 4.882680671815136E-4 8.141822962358268E-4 
0.717895935529971 6.856646006717951E-4 -0.003175600533820632 1.5052968602084844E-4 -5.771220184057036E-4 0.001484777148621694 3.111974550395585E-5 -5.026175186069149E-4 4.4125266952854604E-4 9.041983828389742E-4 
0.9481031670295649 7.213561666732147E-4 -0.0032506754912141438 1.4644314908022585E-4 -5.617923776033024E-4 0.0014691568330517176 7.455586786130671E-5 -3.975960815873288E-4 5.599326951985833E-4 -0.0014658220008729424 
0.02948066027910659 9.608086866923039E-4 -0.003110005862909377 1.430655596761714E-4 -6.077234418091621E-4 0.00150207677685864 5.902872092295377E-6 -3.203589865388234E-4 5.678299883360418E-4 7.407486576521687E-4 
0.06920300111606198 7.207728288736499E-4 -0.003119189799127913 7.622641221477662E-5 -5.701264495598305E-4 0.0014862317738979429 1.327839544751756E-4 -3.944179117436031E-4 4.392378815024185E-4 -0.0014854463718797888 
0.4473236117979029 7.397456946312507E-4 -0.0031110903053594295 8.479016624221331E-5 -4.6931137032188316E-4 0.0015228168670704742 1.9131106333204672E-4 -3.625423575210387E-4 4.454085173779206E-4 8.724336568097208E-4 
0.001103855715852864 2.4302342121757529E-4 -0.003108441968989426 8.30166157482516E-5 -4.5301087647347214E-4 0.0014762040372553924 1.4128054625100138E-4 -3.9905717780238964E-4 5.926926048159287E-4 6.820579051592208E-4 
0.08026836648611335 7.211892886702996E-4 -0.0031079521879084737 7.622641221477662E-5 -4.961971586861461E-4 0.0014699131732145447 4.861766527517244E-5 -4.0832940150251654E-4 5.951266339133924E-4 -0.0014972017307322868 
0.7599310186166979 7.268522693840215E-4 -0.0032509828448728626 7.391831836396263E-5 -5.280141051604607E-4 0.0014776437350198473 1.3216804262816047E-4 -4.5079530138490096E-4 5.264211123663972E-4 -0.0014678539562459872 
0.42020100001603367 7.210172025368773E-4 -0.0031089987473348095 8.47094096030194E-5 -4.69555694153668E-4 0.0014761864348604695 4.8909123667442E-5 -3.3614287913491433E-4 4.488707502041213E-4 -0.0014889581901920237 
0.3253592796870853 6.870288104983824E-4 -0.003118548428200217 6.0928862522164466E-5 -5.589777316619152E-4 0.0014768264694558502 5.832344561178432E-5 -4.393217916655893E-4 5.946219943152875E-4 7.560892142975915E-4 
0.01959921786478483 7.032172524445991E-4 -0.0031126720330402306 8.068712059334161E-5 -4.954064103616456E-4 0.001477040012737093 1.8261160829908266E-4 -4.393293140120431E-4 4.489934065275404E-4 7.649443385669778E-4 
0.7005867441382554 7.229110962598294E-4 -0.0031189364993584115 8.487844460458056E-5 -5.716757607983032E-4 0.001477083579371934 4.776188744908815E-5 -3.9350299315325674E-4 6.369444582657672E-4 -0.0014660791124170454 
0.43594118938773807 9.536812007229241E-4 -0.0031749955073331346 7.862553074986206E-5 -6.211237891744906E-4 0.0014540936210225863 4.616328345764095E-5 -4.393277247716988E-4 6.084409560522139E-4 9.220870788773062E-4 
3.3379283667728243E-4 2.2006497636660314E-4 -0.0031055242495434863 8.068712059334161E-5 -5.250022769790535E-4 0.0014774008740339067 4.805897236573591E-5 -3.345612246737171E-4 4.427574045234987E-4 -0.0014539302698592638 
0.20391807720720398 7.205745698231107E-4 -0.003119456502885779 8.482578945183976E-5 -5.722618957409669E-4 0.001477400250034697 4.776188744908815E-5 -3.954556334657762E-4 6.046737785520844E-4 -0.0014660791124170454 
0.0047341881771303385 7.210172025368773E-4 -0.0031090079773555446 8.172916487163958E-5 -4.953704025355401E-4 0.0014538635344955495 4.8445371739895215E-5 -3.345612246737171E-4 4.427574045234987E-4 -0.0014889581901920237 
0.3059466546364492 9.607113301254869E-4 -0.003118961380633998 7.79336641335263E-5 -4.95047281560716E-4 0.0015026152275165313 1.2723398621853431E-5 -4.5120916504988017E-4 5.684784063989131E-4 4.511081270786517E-4 
0.903344957776664 6.970093537083526E-4 -0.0031754984923310276 1.840597014621584E-4 -5.010796559667412E-4 0.0014833598294641725 2.1506873046857694E-4 -3.9684427186039025E-4 4.4379436168136727E-4 -3.490637431763168E-4 
0.7497625976472045 7.207614765164786E-4 -0.003110620329328711 7.622641221477662E-5 -4.892646885049648E-4 0.0014699131732145447 1.3472679363212123E-4 -4.0832940150251654E-4 5.951266339133924E-4 6.566549686206813E-4 
0.04195431609757133 7.207614765164786E-4 -0.0031171423578440203 7.622641221477662E-5 -5.701264495598305E-4 0.001505027190869024 1.327839544751756E-4 -3.944179117436031E-4 4.392378815024185E-4 -0.0014854463718797888 
0.20949892483958327 7.295186193496886E-4 -0.0031129421487463517 4.556864770531062E-5 -4.609420235425728E-4 0.001482237637279559 5.050038534619009E-5 -3.3737278228381044E-4 4.351098816059302E-4 -0.0014639254157545302 
0.0030812860518806273 2.2337210563135642E-4 -0.003244373593567067 4.396780798331238E-5 -4.6490211555906785E-4 0.0015074957289189941 -3.0473962376210262E-5 -4.40535895453174E-4 4.5193398452227773E-4 -0.001480184486067238 
0.015342604040621155 7.032172524445991E-4 -0.003210637272297373 8.068712059334161E-5 -4.927267920838989E-4 0.001477040012737093 1.8522978551549867E-4 -4.392803258883725E-4 4.489934065275404E-4 -0.001676978277196773 
0.008698545803631885 7.500949803714957E-4 -0.003105623898791635 1.4479146723250577E-4 -5.250023459551832E-4 0.0015025603071047243 4.699888578480898E-5 -4.4972183385284884E-4 4.2156152448074305E-4 7.447861184862434E-4 
0.6665574023803131 7.549673666576548E-4 -0.0031200965228938486 1.3964551533507895E-4 -4.954072558117897E-4 0.0014769125189952484 2.223287466771519E-4 -4.402830608500452E-4 4.52236948358328E-4 5.260554124798848E-4 
0.7382859248488494 9.379085277064802E-4 -0.0031173412871713536 3.7776419480711274E-5 -5.701264495598305E-4 0.00147740726280702 1.3472679363212123E-4 -4.515045494212547E-4 4.4471994653092444E-4 6.566549686206813E-4 
0.8324785134131452 7.045869570300982E-4 -0.0031182277522549626 1.5516617786584218E-4 -5.59257464597983E-4 0.0015231230110504589 5.9174482342705815E-5 -4.0810309396221663E-4 4.4174065488674096E-4 -0.0014578726467821574 
0.07421573511466212 2.264640169298197E-4 -0.003244373593567067 4.396780798331238E-5 -5.024334748998058E-4 0.0015074936190900908 -3.114742737476014E-5 -4.40535895453174E-4 4.4256198670649814E-4 -0.0014113836101332683 
0.5921478420376263 7.559089668344843E-4 -0.003116282110702194 5.779118303891195E-5 -4.565897191604728E-4 0.0014714076369388498 3.256316657910615E-5 -4.0006940949814727E-4 4.392631133840518E-4 8.886119548243468E-4 
0.3371077432607791 6.873078577114281E-4 -0.0031148550269074382 1.5516617786584218E-4 -5.597308025862849E-4 0.0015231920434317712 5.8542754830696344E-5 -4.3925329724579527E-4 4.4174065488674096E-4 -0.0014527092321065841 
0.3421185392189041 7.13340068414233E-4 -0.003205831740975899 7.158604615501921E-5 -6.05320514143372E-4 0.001486763486815818 7.589443239673117E-5 -3.1860647626903455E-4 4.8819313859126254E-4 7.504201967200882E-4 
0.12013859618539652 7.169759437937567E-4 -0.0031223623818372494 7.968587994851316E-5 -4.66476387301338E-4 0.001486328622284902 3.4978919859484186E-5 -4.003224688872076E-4 4.452108938419971E-4 6.452878523883533E-4 
0.02286885973730398 7.131903133168176E-4 -0.0031171774023089575 7.961021574097836E-5 -5.791138220741696E-4 0.0014770317012486628 1.9530134546886412E-4 -4.781289330160762E-4 4.466594366917774E-4 6.580769009426389E-4 
0.10386416194319825 7.435385844617691E-4 -0.003118419781775323 8.308080105845326E-5 -4.717806521799676E-4 0.0014771640790667631 5.37755026578076E-5 -3.163427676532797E-4 5.380655335231722E-4 -0.001467728443131364 
0.13884359166624619 9.399706844477596E-4 -0.0032462006724493326 1.5023696399790832E-4 -4.959246910839097E-4 0.0014686162580796274 1.7795782877737417E-4 -2.810627133898182E-4 4.520588156343025E-4 -0.0014672595506996621 
0.9920368730207154 9.864872157808644E-4 -0.003109041487995122 8.379992056498659E-5 -6.167592202235728E-4 0.001476238533105838 1.4951197362369963E-4 -4.3730094107492453E-4 6.043923389705339E-4 -0.0014881489410395645 
0.8187155694581881 6.970204802449135E-4 -0.0031214826759176297 1.3630960638118117E-4 -4.957160695975721E-4 0.0015080373408361382 3.029221595127684E-5 -3.351304315567741E-4 5.286553039242578E-4 6.308421216154692E-4 
0.7050013351266984 7.229110962598294E-4 -0.003119434268880886 7.920035578841414E-5 -5.716757607983032E-4 0.001477083579371934 4.776188744908815E-5 -4.521075158915645E-4 6.371177841395268E-4 9.870078717478612E-4 
0.19209606627435824 6.971263756311131E-4 -0.003119055552071061 1.3926183900097425E-4 -4.96462829144036E-4 0.0017352422865981143 4.761645955428848E-5 -4.451427296824405E-4 6.038002071427134E-4 -0.0014648091178400904 
0.897896295223528 6.970093537083526E-4 -0.003129568870547834 1.4102923081393923E-4 -4.944081264906453E-4 0.0014833598294641725 5.958592977561077E-5 -3.388886318280126E-4 4.4379436168136727E-4 -4.2120493783022385E-4 
0.02688666479251886 7.210172025368773E-4 -0.0031099989729277138 8.47094096030194E-5 -4.6666199805147507E-4 0.0015043061309800555 4.792750594106361E-5 -3.1989472286306767E-4 4.464294954393186E-4 -0.0014889581901920237 
0.7741609726573188 6.973109392668715E-4 -0.003175600533820632 1.382715289555884E-4 -5.727256797321245E-4 0.0017350521399574598 4.6891030743427154E-5 -4.466953391153943E-4 4.3744255414023534E-4 7.597993048749161E-4 
0.054327758134242676 2.2146003050969951E-4 -0.003122502763867289 7.439106873976479E-5 -4.954178442145469E-4 0.001485686900417216 3.3488649000820386E-5 -4.001778423369044E-4 4.452061732557517E-4 -0.0015354032367800184 
0.1926740067343911 7.537279101011943E-4 -0.003116729667249577 1.3843482743238132E-4 -4.579699669308812E-4 0.0014768005430125328 1.7610059890042616E-4 -2.911593034252935E-4 4.3570682587659157E-4 -0.0014366498082822347 
0.37546540741122847 7.3454792922268E-4 -0.003113260090931955 8.483407287564208E-5 -5.224706363554148E-4 0.0014835621140335974 4.726526145233411E-5 -4.6299750397698876E-4 4.4327566155413637E-4 -0.0014600981911371707 
0.146702443044328 7.238230843277613E-4 -0.003117209699726234 7.968587994851316E-5 -4.719359034440496E-4 0.001538711261616775 3.587347446569113E-5 -3.5088047760097177E-4 6.127560357707122E-4 -0.0014543018916132132 
0.12552806452719695 9.632732387957544E-4 -0.0031069956064749982 1.5061170736859248E-4 -6.217735770177326E-4 0.0014818965095407647 5.8172370001460376E-5 -4.530772719015378E-4 4.376181053272071E-4 -0.001477774547459642 
0.009192821242342886 7.498555487755803E-4 -0.0031759513696526876 1.3876133449096628E-4 -5.24161813957733E-4 0.0017352422865981143 1.8142191779729755E-5 -4.466953391153943E-4 4.4264940787835336E-4 7.494447241058272E-4 
0.6728633185370717 7.207614765164786E-4 -0.003118937372264278 8.567278294301774E-5 -5.764503114054697E-4 0.00147740726280702 4.776188744908815E-5 -3.954556334657762E-4 4.3624358030009346E-4 -0.0014660791124170454 
0.14925765804117938 7.37286751805598E-4 -0.0031171512974459475 7.95938587239231E-5 -5.767334843227799E-4 0.0014773345648921988 5.919414224476176E-5 -4.781289330160762E-4 4.466594366917774E-4 7.068052660633279E-4 
0.29547144373648915 9.495237109972331E-4 -0.0031713901516047132 8.263795182411081E-5 -5.634585234685417E-4 0.0014760638162607483 -9.094961746212536E-4 -4.926774994331343E-4 6.080228199663792E-4 -0.0014879121584816777 
0.16013371967466974 7.265945678729408E-4 -0.0031124063414907804 4.176394106439167E-5 -4.94808466227028E-4 0.0014770838658552377 3.1693996662751945E-5 -4.392976845936407E-4 4.431548988393566E-4 -0.001458029526584061 
0.8856151987210139 2.3836779770204685E-4 -0.0031029117039936536 3.685073585781599E-5 -4.8757379715998287E-4 0.001515464058514623 5.5621830463395454E-6 -4.365424459108798E-4 4.4358266646768864E-4 6.240751264914258E-4 
0.013302820923680347 6.971263756311131E-4 -0.003175600533820632 1.3926183900097425E-4 -4.96462829144036E-4 0.0017352422865981143 5.042276442606867E-5 -4.472090952687952E-4 4.310954938838207E-4 -0.001509689247698245 
0.31672155650666034 7.320455612371493E-4 -0.0031116108700662017 1.4804280944233437E-4 -5.250098744918276E-4 0.0015025603071047243 1.7511367622541067E-5 -4.4972183385284884E-4 4.2156152448074305E-4 7.447861184862434E-4 
0.2522649345572541 6.870698343831532E-4 -0.003248573976982974 8.517400610077116E-5 -4.953704025355401E-4 0.0014770847561266774 1.819942191760652E-4 -4.6838253249903444E-4 4.440167583129591E-4 -0.0014632331738173507 
0.41459820232629263 7.196214170362189E-4 -0.0032037684666196453 8.479016624221331E-5 -4.6931137032188316E-4 0.0014778646483634703 6.745099946651011E-5 -3.623953645778706E-4 5.980041188222758E-4 -0.0013929224706821686 
0.8827130066490564 2.949171284322183E-4 -0.0031029117039936536 3.685073585781599E-5 -5.3527942443397E-4 0.0015151714954280136 6.203843287698173E-5 -4.365424459108798E-4 4.4358266646768864E-4 -0.0014177954664411378 
