0.9987017114160907 -1.8719404154801455E-4 -9.146236431098418E-4 -3.515377904304594E-4 0.0028460586612109604 -7.663743960580664E-4 2.342750911915969E-4 -7.727978817558868E-5 -0.002169484534083008 -6.015229352115803E-4 
2.1136937267158576E-17 -6.020566216003989E-4 -8.560126767266137E-4 -3.500520203474055E-4 0.002921080664369439 -0.0011253229020281048 2.674710526861573E-4 -3.19660523285259E-4 -0.00206299478615517 -6.044509389596711E-4 
0.04335406604051811 -5.294196847093935E-4 -9.067732071597418E-4 -2.3546986096300844E-4 0.002976323122804277 -7.661402223224771E-4 6.074492709858999E-4 -5.550790452154266E-4 -0.002169305733769344 -9.481042554783188E-4 
0.3642737242318139 -2.1768105320709412E-4 -9.027224038101519E-4 -3.7291923647504277E-4 0.002870221647216701 -7.661104997631078E-4 5.997425431471075E-4 -4.267179864726637E-4 -0.002175984243166047 -6.648333391085652E-4 
0.18104621563851755 -2.3929137251400755E-4 -9.049288096048793E-4 -3.5066288131222633E-4 0.002932571458365748 -0.0012937520712491722 2.1543873689409282E-4 -4.5288959186683413E-4 -0.002169014965460322 -8.533909616608752E-4 
0.44908645012870874 -5.409338945613605E-4 -9.103852955693892E-4 -6.652149661421115E-4 0.0028458015137812305 -0.0010500452231677927 2.3387852320216987E-4 -3.351099795267732E-4 -0.002175647090496353 -4.6509597078370766E-4 
0.6066923726821806 -2.1887392263943294E-4 -9.633501075431055E-4 -6.974728029469066E-4 0.002864410582272261 -0.0014123278949367056 2.59262616773385E-4 -3.4084863670913945E-4 -0.00217526765310723 -7.308040170307655E-4 
0.016977084325286218 -5.950085965301798E-4 -9.648904476800761E-4 -3.096258205355469E-4 0.002872132047849672 -7.557828657498978E-4 2.842284667342798E-4 -3.1280859134343985E-4 -0.002169611808103001 -7.304870731259229E-4 
0.7109165564694567 -4.4119879213252213E-4 -9.41958771138572E-4 -6.485388938311541E-4 0.0028635378412500204 -0.001212745169631297 2.3807403668138036E-4 -4.587858255273875E-4 -0.0021688476682390385 -8.249387013700969E-4 
0.6899098083895961 -5.81844970288147E-4 -9.147629198774803E-4 -3.56212641333081E-4 0.0028628391558421034 -0.0011402283618480828 2.795925588113949E-4 -4.2599780763624543E-4 -0.0021759809867436804 -6.272306704635567E-4 
0.7622039401835763 -6.129156846352069E-4 -8.560126767266137E-4 -3.500520203474055E-4 0.002919650907752932 -0.001123100039352944 2.674710526861573E-4 -5.171441020420913E-5 -0.0021697409700301186 -5.28711616226271E-4 
0.21714089688207722 -4.4943620219948556E-4 -9.146605958849565E-4 -3.487928288814249E-4 0.0028844346552878864 -7.687074961726714E-4 2.5702652416808154E-4 -3.1446652387537473E-4 -0.0021756370513712404 -7.505902942236297E-4 
0.3228613178127055 -9.38274242520357E-5 -9.181509493811174E-4 0.0018950346457221826 0.0028644337357716715 -7.61071513904466E-4 5.947794317648645E-4 -3.728604422692671E-4 -0.0021690049245280747 -0.002568545524959952 
0.7807804708497276 -8.981338202625049E-4 -9.363411183979988E-4 -3.7591215278565777E-4 0.0029722961389304753 -7.465506191318037E-4 5.713915545914403E-4 -4.5171763316853705E-4 -0.00217512598996786 -5.859641387930633E-4 
0.39658135645791165 -4.4340162408303325E-4 -9.053281665484755E-4 -5.751290662525249E-4 0.0029230428315844136 -0.0010395308545717622 2.2165241389298984E-4 -4.5288959186683413E-4 -0.0020634666875547093 -8.553778586266968E-4 
0.03370360304713812 -9.432598161803111E-4 -9.14481588157525E-4 0.0018705710388758681 0.002869150400781286 -0.0010674346159017857 6.406076479852948E-4 -6.099047054127367E-5 -0.002168794542714509 -8.305931803581008E-4 
0.7514825941729706 -4.4891494857062056E-4 -9.13323486328693E-4 0.004239594347114098 0.002865655918036441 -7.470055444682331E-4 2.6241061850035063E-4 -3.0864270564309195E-4 -0.0021755362011723254 -5.316483883648094E-4 
0.4207521774912587 -1.9296342676773336E-4 -9.41958771138572E-4 -6.97382671385932E-4 0.002922032926671733 -0.001020909421357172 5.994952300309176E-4 -2.657151237943567E-4 -0.002175196472945855 -8.26651483165789E-4 
0.5701150437668285 -6.136581678104617E-4 -9.078773288388256E-4 -3.513157417393795E-4 0.002883900776764542 -0.0012054441061641467 2.2882772242540712E-4 -3.370641233644385E-4 0.002011240695998325 -4.8732035839694067E-4 
0.6624950860634979 -2.2869219501446553E-4 -9.088158910216282E-4 -3.1589216615040107E-4 0.00287049538454343 -7.102104283771256E-4 2.3773681589596182E-4 -5.145350954465615E-6 -0.002175995332348953 -8.441685417949637E-4 
0.6334066645637406 -2.2123058042968147E-4 -9.067474081112393E-4 -3.851195775486219E-4 0.002868563420844087 -0.0012899923807535465 2.6163252671767146E-4 -3.3983983767681673E-4 -0.0021755069928065017 -8.545450247540764E-4 
0.34053067654763747 -1.6139428667319043E-4 -9.06745690263707E-4 -3.8101812210568093E-4 0.002868350620514917 -0.0012899923807535465 2.6091216674810564E-4 -3.387372269987839E-4 -0.0021755071485473347 -8.545450247540764E-4 
0.552617412083357 -4.5318038440397504E-4 -9.410883938997116E-4 -3.8490712323237524E-4 0.002883210395323928 -7.548190844130872E-4 5.997425431471075E-4 -4.504631857022868E-4 -0.0021756277421503796 -5.850403044044942E-4 
0.08893924461265737 -4.3271007018710244E-4 -9.194894038935181E-4 0.002017829259470553 0.002877280602591065 -0.001209224142483897 2.5963583663826483E-4 -3.945376944532995E-4 -0.0022848006410367484 -6.96394487981655E-4 
0.6769631052958904 -5.751697602253348E-4 -9.378440150561977E-4 -3.4319210169304475E-4 0.0029877563213341115 -0.0012016775356757166 5.991834617024932E-4 -8.08107703486812E-5 -0.002169025906506251 -5.941876161337141E-4 
0.05321817271141366 -1.6034165639651235E-4 -9.064877470760451E-4 -3.990400945170767E-4 0.002885665920501263 -7.661299773622303E-4 2.6212050071556603E-4 -3.3658831569611695E-4 -0.002172825209668634 -8.763443832868769E-4 
0.16325835266707822 -4.405855295796914E-4 -9.417867903730821E-4 -7.534399745445261E-4 0.002922019589439354 -0.0010368911693590455 2.5596758120240295E-4 -2.650635027413881E-4 -0.0021691479797091404 -8.383239500253803E-4 
0.06766034030049783 -9.170336031491379E-4 -9.37703452293911E-4 -3.442619918280849E-4 0.002864430596275768 -0.0011983727097724876 5.997895878458593E-4 -3.770072703295704E-4 -0.0021692559716981097 -8.518269751646194E-4 
0.4647348084121157 -2.3872849947918225E-4 -9.133186026214265E-4 -3.562679108542301E-4 0.0029237374838048773 -7.887731889978214E-4 2.264749010159734E-4 -3.777118900801362E-4 -0.002168471991133509 -4.4950432821461747E-4 
0.2330622387036424 -4.479123917542796E-4 -9.088700841154041E-4 -6.400425038752507E-4 0.0028703003587064436 -0.0011283592846448704 2.3446048475171745E-4 -8.003833170893087E-5 -0.002169493427873879 -7.283015929093869E-4 
0.19708923147993884 -1.929605464044601E-4 -9.144774539208663E-4 -6.973021120860441E-4 0.002883670913610945 -0.0010209363547138515 2.3884131796932635E-4 -2.594952025115863E-4 -0.0021690287143027267 -8.181581411923468E-4 
0.01200128879590806 -2.1686213700391436E-4 -9.639300961260943E-4 -7.752498512799601E-4 0.002845772528036386 -0.0010368911693590455 2.5596758120240295E-4 -2.650635027413881E-4 -0.0021731619985120684 -7.30063055957289E-4 
0.8142299696953043 -2.2765156045041822E-4 -9.078871955421475E-4 -5.940114271655557E-4 0.0028617819683597573 -0.0011947888676756952 2.6148539419009766E-4 -4.0620432414136074E-4 -0.0021692038786612984 -0.002581917466886759 
0.16814659912631252 -5.924011640147164E-4 -9.427471419270638E-4 -3.096258205355469E-4 0.0028719529144787875 -7.545314005184531E-4 2.836441195164247E-4 -3.125108234828305E-4 -0.0021694891658068467 -8.387479671940143E-4 
0.4867019337868793 -2.1685150426080805E-4 -9.131133891698216E-4 -3.4448244686061287E-4 0.0028861153493518867 -0.0012156549391166918 2.2645782706734745E-4 -3.570152676807651E-4 -0.002168386840492633 5.264144722724695E-4 
0.001072503793299798 -4.4341194589880546E-4 -9.065485083219437E-4 -7.490326319541468E-4 0.002922019589439354 -7.539585596941986E-4 2.266840773955266E-4 -2.669568056902523E-4 -0.0020640611009618967 -8.268212844316013E-4 
0.583261081960163 -4.488118048497462E-4 -9.422340829286169E-4 -3.358666931496811E-4 0.0029217922517268684 -0.0010400632679747215 2.872934747926796E-4 -4.2449799354232694E-4 -0.002168752683538594 0.003037706663041514 
0.339805375720325 -1.61691782303691E-4 -9.071647495011946E-4 -6.97382671385932E-4 0.002842852402074141 -0.0010334211395461306 2.3188354472612163E-4 -4.1544868024484956E-4 -0.0021751852817686467 -8.26651483165789E-4 
0.47347059011893866 -2.1684240146844792E-4 -9.133186026214265E-4 -6.630818364441329E-4 0.0029237374838048773 -7.887731889978214E-4 2.265410257491808E-4 -3.777118900801362E-4 -0.002168471991133509 -4.4950432821461747E-4 
0.09325151901215278 -4.342505517629153E-4 -9.150165914866715E-4 -6.667151691598244E-4 0.0028793634525005217 -0.0012048868441707687 2.0121198860639043E-4 -3.3606711114073795E-4 0.0010787323126676645 -7.509072765188218E-4 
0.43572664514130344 -6.125814026278586E-4 -9.355475033566017E-4 -3.5325130796553194E-4 0.0034286311742979655 -0.001055101516509583 3.8703451891240726E-4 -5.957649041480757E-5 -0.002170206973406484 0.002620653172934564 
0.14989854298132954 -2.279892367543709E-4 -9.144071579878408E-4 -6.545746148260685E-4 0.0028620891905226293 -0.0010411263416727813 2.454864941280546E-4 0.0018069020577802086 -0.002175491771881712 -8.275705431871288E-4 
0.0026104845319346315 -4.3220965666138203E-4 -9.194894038935181E-4 0.0020810065471778454 0.002877280602591065 -0.001209224142483897 2.5298211247538004E-4 -3.9208380896135905E-4 -0.00228254166650703 -6.96394487981655E-4 
0.02987593914091624 -1.3857287591776584E-4 -9.067732071597418E-4 -2.3546986096300844E-4 0.002976323122804277 -7.661402223224771E-4 6.074492709858999E-4 -5.553216760259456E-4 -0.0021686922922508167 -9.481042554783188E-4 
0.1129275493513715 -1.8719404154801455E-4 -9.145056850148479E-4 -3.515377904304594E-4 0.00286768645069903 -7.663743960580664E-4 2.361126541372284E-4 -7.727978817558868E-5 -0.0021690121408299394 -5.946754071573451E-4 
0.20756409745438098 -4.4944084474462083E-4 -9.139664395968005E-4 -3.7291923647504277E-4 0.0029823037481016045 -7.512561749783918E-4 5.997425431471075E-4 -2.6323028086299864E-4 -0.0021756370513712404 -7.505902942236297E-4 
0.2883782391096857 -1.8481320282523532E-4 -9.658996136641024E-4 -4.418372212852587E-4 0.0029701230202948655 -0.0014030548426203185 6.308863090630995E-4 -5.309384720585957E-4 -0.0021687888711086553 0.0031006095900668967 
0.9908306369389026 -2.1502428066730655E-4 -9.37637803473747E-4 -3.431428736350312E-4 0.0028572913003162576 -0.0010329225500803002 2.2706635072374865E-4 -8.821763439227021E-5 -0.00217531414946712 -5.943757092814432E-4 
0.7325176848062265 -5.816253778659114E-4 -8.562372397673294E-4 -6.607363656894206E-4 0.0028829162353779325 -0.001123100039352944 2.6774579747781204E-4 -3.15529367054892E-4 -0.002169022145981837 -6.709182185453701E-4 
0.07774225502981355 -5.801866219496166E-4 -9.06214646058494E-4 -3.0542424343591465E-4 0.0028829162353779325 -0.0010546081063868057 2.6895002886045716E-4 -2.623746101283706E-4 -0.002175762216571222 -7.215608858560515E-4 
0.9139479275891197 -2.2542618852981048E-4 -9.08727151493021E-4 0.002232302676235096 0.0028697457587434027 -7.1523197484048E-4 2.375814175596141E-4 -3.4158891510981126E-4 -0.00216889075161519 0.0027723342867020584 
0.2713230897683848 -2.3883264060113276E-4 -9.146970594529684E-4 -3.631207447922453E-4 0.0029259592279801323 -0.001052889210356116 2.0249529172972986E-4 -7.756541714415348E-5 -0.0021686580213931238 0.002872997793818729 
0.7247633616794062 -1.8719404154801455E-4 -9.146236431098418E-4 -6.506287407502367E-4 0.0028611800376662985 -0.0012008992969516374 2.342817233529337E-4 -7.727978817558868E-5 -0.0021690667651859193 -6.702773952940145E-4 
0.25686576479918044 -1.884041456261634E-4 -9.415595756448943E-4 -6.629201105642936E-4 0.0028448164334917672 -7.693890418402125E-4 5.684503658231453E-4 -8.480508032275038E-5 -0.0021761389567421883 -9.446074505295174E-4 
0.12497168765290323 -2.1877926221837993E-4 -9.430603813717231E-4 -3.0265500170708053E-4 0.0028571743805346846 -0.0012074941269036186 2.518721315638566E-4 -9.104516469487278E-5 -0.0021686172039903644 -6.722960630223423E-4 
1.263239518658199E-4 -2.178898625327795E-4 -9.417532629644366E-4 -6.952309712344068E-4 0.0028605631850862757 -0.0011162804670788247 2.674717235323483E-4 -2.612406897781843E-4 -0.002175918443523642 -7.609716112388343E-4 
0.8284505378109744 -1.9776898653575665E-4 -9.14481588157525E-4 -3.583101950899024E-4 0.0029669151834257456 -0.0010783913302148584 2.1207845003255832E-4 -4.016148630919822E-4 -0.002168794542714509 0.002854340935396642 
0.009433393976841953 -9.282808506835461E-4 -8.506889125656962E-4 -6.569711510406292E-4 0.0028609712595635416 -7.002422206461976E-4 2.261905375724687E-4 -2.6568857416145897E-4 -0.0021684782347891627 -8.208533634678712E-4 
0.900159364034111 -6.139572289263688E-4 -9.126529445478945E-4 -3.408074931166949E-4 0.0028781377719050375 -0.0012084223550241895 5.914873759080586E-4 -2.9773059527323203E-5 -0.0021688485137593277 0.002832847115490104 
0.060314909802147154 -2.189501601306076E-4 -9.37637803473747E-4 -7.39886058699504E-4 0.0028572913003162576 -0.0010370708378919693 2.2697930208258817E-4 -8.780400468477481E-5 -0.00217531414946712 -5.943757092814432E-4 
0.6481164786634199 -5.420436153930618E-4 -9.032966236925763E-4 -3.253342280184791E-4 0.0028683116941546987 -0.0012252871782383037 5.971321314806103E-4 -2.596523613590269E-4 -0.0021759832274309073 -7.227615685122806E-4 
0.2743554970276043 -5.408826582351935E-4 -9.457462773485419E-4 -3.254085616436228E-4 0.0028844676162950206 -7.364852018825283E-4 5.970417171522267E-4 -2.593823705261035E-4 -0.0021742624013843036 -6.623762668240438E-4 
0.0242426440947327 -5.801755434259208E-4 -8.522801323494584E-4 0.0019904228046680223 0.0028653623449124304 -0.001203079534799658 2.3020438441695892E-4 -3.1959565548279553E-4 -0.002168718061676236 -6.04584365939774E-4 
0.8901831143409643 -5.605107223259135E-4 -9.088450143549466E-4 -7.214080688289268E-4 0.002924606737947968 -0.0012651440015731502 2.2343477491545486E-4 -3.397036343706626E-4 -0.0021695014726979636 -9.542136086223064E-4 
0.5935389800181726 -4.457466670290225E-4 -9.140303228742397E-4 -3.8118162993298703E-4 0.002883210395323928 -7.461348726783611E-4 5.997425431471075E-4 -2.6373739734411513E-4 -0.002175979438965887 -7.505902942236297E-4 
0.7944809698304377 -5.72336701765703E-4 -9.104409154086262E-4 -6.99799566071365E-4 0.0029241934126313807 -0.0010502260841268776 5.925562298648941E-4 -3.389861675033854E-4 -0.002175671111167381 -8.378017665961237E-4 
0.5361070304626695 -1.966557315780397E-4 -9.068680295213225E-4 -4.2520741324215787E-4 0.002976323122804277 -0.001114251994484851 6.064548509913005E-4 -5.550790452154266E-4 -0.002169312937856519 -9.481042554783188E-4 
0.393521624690074 -2.2960346046958032E-4 -9.144071579878408E-4 -5.660587463930706E-4 0.0028958236117778806 -0.0010411263416727813 5.970335963827142E-4 0.001869321860619735 -0.002175491771881712 -5.846678804479781E-4 
0.10306828875503407 -4.431323755678639E-4 -9.41958771138572E-4 -7.51565028576079E-4 0.002922019589439354 -0.0010392868789989812 5.753991157564357E-4 0.00199047584045459 -0.0021691287547181814 -8.268075618561839E-4 
0.4982077055132592 -4.4289998435399476E-4 -9.13372863270959E-4 -6.592848580932356E-4 0.0028461957008488817 -7.376471186789564E-4 2.6879367421412667E-4 -3.1723599883323397E-4 -0.0021696439347203447 0.0027990946514885287 
0.005293183536431011 -1.9776898653575665E-4 -9.071795067668953E-4 0.0018705710388758681 0.002869150400781286 -0.0010689564114128754 6.406076479852948E-4 -3.865394190654089E-4 -0.002168794542714509 0.002811085260585879 
0.07515865221845788 -5.801866219496166E-4 -9.06214646058494E-4 -3.009555327367398E-4 0.0028836656025976234 -0.0010546081063868057 2.683758265425932E-4 -2.623746101283706E-4 -0.002175762216571222 -7.279316605609804E-4 
0.9359125517746405 -9.160447306094474E-4 -9.435854537929288E-4 -3.7591300428702057E-4 0.002869763233195377 -0.0012638722145125862 2.406847948751031E-4 -5.9675410211259086E-5 -0.0021750698132495046 -8.487135338838454E-4 
0.9239490748547553 -6.073638706649254E-4 -9.134532830909032E-4 0.0020696115882495644 0.0028441111639784565 -0.0012153637883373523 2.6404489004745984E-4 -3.163412225395074E-4 -0.0021695002668128327 0.0028584833113633463 
0.11988524027241446 -2.1782098110588837E-4 -9.131971325585582E-4 -3.0265500170708053E-4 0.0028571743805346846 -0.0010683998086179916 6.282694637250118E-4 -9.839971700410444E-5 -0.0021686172039903644 -7.230782017362647E-4 
0.10553849496700694 -2.3084583865692467E-4 -9.061804164449668E-4 -3.049663511040762E-4 0.0028829157671148736 -0.0010517335409683977 2.603466140731828E-4 -3.382709372067879E-4 -0.002175760199636477 -6.096689757667533E-4 
0.5437173836400063 -9.195111560435426E-4 -9.360470214058184E-4 -3.9502194327590976E-4 0.002971408365549745 -0.0012636621001076709 2.4171434869944852E-4 -3.874158853550702E-5 -0.0021751413896001445 -8.180452478810099E-4 
0.8001545105899742 -2.1686213700391436E-4 -9.361058838437573E-4 -3.767008374937755E-4 0.0029690284343130216 -0.0012501669364511734 2.4194020164749116E-4 -3.473386536588605E-5 -0.0021731619985120684 -8.173988106619323E-4 
0.9637883070464508 -5.800415585242414E-4 -8.522801323494584E-4 0.0019904228046680223 0.0028835831009988507 -0.0010546772784062934 2.2975896695893297E-4 -4.5498825638945646E-4 -0.0021687526760211344 -6.04584365939774E-4 
0.13485398534407694 -2.188821460883586E-4 -9.144071579878408E-4 -3.2102943583513547E-4 0.0028490678961026164 -0.001043444130431588 5.970335963827142E-4 0.001869321860619735 -0.002175491771881712 -5.848745805523988E-4 
0.8805027584091444 -5.605107223259135E-4 -9.088450143549466E-4 -4.3621547596707413E-4 0.002924606737947968 -0.0012651440015731502 2.2343477491545486E-4 -3.397036343706626E-4 -0.002169488807972441 0.0031100390883361303 
0.3772649943155659 -5.270332019638923E-4 -9.41958494374207E-4 -6.982841494179061E-4 0.0028623623275346607 -0.0010184615625422756 5.860579489850352E-4 -4.522417462106797E-4 -0.002175618065675033 -5.830078889172098E-4 
0.2975980805532682 -2.255875708443439E-4 -9.086742452598752E-4 -7.172050840344927E-4 0.002877138862949305 -7.264922321519888E-4 2.5892054084837454E-4 -3.414902654816182E-4 -0.0021753302518883137 -7.221331428010706E-4 
0.9501797329579148 -2.1502428066730655E-4 -9.146084961196162E-4 0.001835957744890618 0.0028572913003162576 -0.0010329225500803002 1.5339869001870776E-4 -8.821763439227021E-5 -0.0021764343876530365 -5.604297242664143E-4 
0.3797793618196413 -4.3087055177287606E-4 -9.053281665484755E-4 -5.838852581247263E-4 0.002873321532312148 -0.0010395308545717622 2.2160040504103567E-4 -4.5457675816956033E-4 -0.0020634666875547093 -8.553778586266968E-4 
0.9758596516189918 -5.673163928844808E-4 -9.424912482295044E-4 -5.605886828768388E-4 0.002846840987850333 -0.0011187068118143394 2.842284667342798E-4 -5.0815965121778754E-5 -0.002169655841045196 -7.476257567399057E-4 
0.3071707045885135 -2.255875708443439E-4 -9.086742452598752E-4 -7.520766344241602E-4 0.002877138862949305 -7.264914891244057E-4 2.559613674393501E-4 -3.414902654816182E-4 -0.0021752961237585366 -8.372309691538971E-4 
0.5080065641631569 -2.1603548275050003E-4 -9.192890158477912E-4 0.002017829259470553 0.0028487362215479316 -7.661299773622303E-4 2.5963583663826483E-4 -3.945376944532995E-4 -0.002173050876612848 0.003176473169388425 
0.13771876831241098 -2.1511900768923518E-4 -9.144071579878408E-4 -3.1002600389995125E-4 0.0028490678961026164 -0.0010411263416727813 5.970335963827142E-4 0.001869321860619735 -0.002175491771881712 -5.846678804479781E-4 
0.874185487695285 -5.605107223259135E-4 -8.545587121711774E-4 -4.3881505453087423E-4 0.002924606737947968 -0.0012651440015731502 2.2343477491545486E-4 -3.397036343706626E-4 -0.002169757422205606 0.0031100390883361303 
0.006608124901498286 -2.1672131950844267E-4 -9.190728033502692E-4 -8.058089448173677E-4 0.0028644337357716715 -7.61071513904466E-4 5.947794317648645E-4 -3.693918300440868E-4 -0.0021690049245280747 -7.150270431717924E-4 
0.2518037793918616 -5.816253778659114E-4 -9.042169672974995E-4 -3.500520203474055E-4 0.0028829162353779325 -0.0011233336545686012 2.604308781050845E-4 -3.15529367054892E-4 -0.002169022145981837 -6.044509389596711E-4 
0.8633726255895946 -9.098348541027196E-4 -8.496250727468625E-4 0.0019296621617707977 0.002863654071691385 -6.890436935966305E-4 2.679330899264092E-4 -3.423680344245028E-4 -0.0021689114460230158 0.002840459307908622 
0.025520701273720497 -4.4319296209515465E-4 -9.41958771138572E-4 -7.51565028576079E-4 0.002922019589439354 -0.0010392868789989812 5.753991157564357E-4 -2.650635027413881E-4 -0.002168719041749802 0.00299641059592983 
0.5253923532351902 -2.0216409042160237E-4 -9.078220177341442E-4 -4.33187073099719E-4 0.00286932518393564 -0.001204994523061027 2.675514038164757E-4 -3.391933241944229E-4 -0.002168565482048833 -8.286491783626406E-4 
0.31214629271063193 -1.9119403350763766E-4 -9.183447458377421E-4 -6.435488174494515E-4 0.0028560729941354574 -0.0011981754644344517 2.3127495847735064E-4 -7.626399109289732E-5 -0.002169028310165509 -8.182220084137214E-4 
0.2905106960501168 -1.9755131194192153E-4 -9.430868436782981E-4 -7.34534886880747E-4 -5.95063492642392E-4 -0.0011137714801198505 2.692128812554734E-4 -4.503178129367724E-4 -0.002169632446645043 -9.067492069364085E-4 
0.14634481347172007 -2.1511935264982053E-4 -9.144071579878408E-4 -2.8514393579450153E-4 0.0028490678961026164 -0.0010564027356307019 4.067286796270376E-4 0.0018699547154746323 -0.002169004905003089 -8.173864700416598E-4 
0.8364181749901205 -2.3306305632059358E-4 -9.078281356738518E-4 -6.605915259284126E-4 0.002851725512044841 -0.0012330603839974057 6.320245733761477E-4 -3.2669589517632434E-4 -0.0021688907166242818 0.0028585761918594544 
0.9327391750261587 -2.0031336532687897E-4 -9.134532830909032E-4 0.002015921016720506 0.002844118758190161 -7.383201096796787E-4 2.6404489004745984E-4 -3.163412225395074E-4 -0.0021696402404852012 0.002797178860393344 
