0.9999186795837434 2.45441583421008E-4 -9.70803863562313E-4 -3.196414253238882E-4 -0.0017332769590394244 -7.423048829113691E-4 6.185702242941342E-5 8.854037625567267E-4 0.0013464835100747714 -7.017417477355612E-4 
0.0 4.7704147524426244E-4 -0.0010396110316197953 -4.236327789740167E-4 -0.0017319755588068291 -5.702052011087054E-4 1.208355342365476E-4 9.346437850134461E-4 0.0012063729911744533 -6.97696328650197E-4 
0.12088215555661322 2.370188092409647E-4 -0.0010348381327972811 -7.018521124382799E-4 -0.001832088324579497 -5.739825154415477E-4 -1.9366813893987081E-4 8.890562432379295E-4 0.0013685459796743558 -8.006710865314251E-4 
0.5725252743989951 2.3832354385983556E-4 -9.71965713812527E-4 -3.196414253238882E-4 -0.0017380060725947237 -7.423048829113691E-4 6.119847979203251E-5 8.856610890332101E-4 0.0012166376215085586 -7.685347301431733E-4 
0.058818016619435254 2.499299332781573E-4 -0.0010344572494434118 -6.93384438827317E-4 -0.0017433066496321055 -6.336481833880491E-4 8.783534235691092E-5 8.944863118119326E-4 0.0012209402370592973 -7.202130864871068E-4 
0.9442107458817561 2.5646971528405627E-4 -0.0010258425461648541 -6.892706520483347E-4 -0.0017447106886550668 -5.813320946074573E-4 1.1040569136996492E-4 9.617463199724524E-4 0.0013438060905213664 -6.943612620747327E-4 
0.0011369544594422853 2.45407744735009E-4 -9.694676717976197E-4 -6.935947828945365E-4 -0.0017122138140750972 -6.468172579015836E-4 1.745145487913308E-4 9.300134781812565E-4 0.0013489272602636292 -7.019556187359129E-4 
0.15657559498275225 2.3780445165826595E-4 -0.0010960183280780474 -6.837901306044297E-4 -0.001698996421813592 -5.698125997654118E-4 -3.1194826228454276E-4 8.931189773708668E-4 0.0012160589149306032 -7.66373685779603E-4 
0.6153150394159969 2.8450073950682863E-4 -9.699994980076198E-4 -6.947695815521527E-4 -0.0017257067908826305 -5.683931207382107E-4 5.190902461977853E-5 8.903440607979871E-4 0.001365314037756974 -6.589076480153649E-4 
0.8740118351011703 2.611322733579364E-4 -0.001036747300190003 -3.472149217581027E-4 -0.0017333584969176196 -7.431774251359615E-4 1.6173839803417764E-4 8.784635011002395E-4 0.0013431394677675928 -6.945289486780909E-4 
0.2867137788991623 4.784503691219453E-4 -0.0010254609847975393 -5.999808093090098E-4 -0.0017319649812519212 -5.645002733529992E-4 1.7264818198807345E-4 9.342976094700302E-4 0.0013632504491433329 -7.041287937880344E-4 
0.3699598896395758 2.4007420222228054E-4 -0.0010271190927894722 -6.938553711635747E-4 -0.0017322968605630563 -6.905109369857178E-4 1.545195155088679E-4 8.907332481588824E-4 0.0012207515814975356 -6.922193875278552E-4 
0.35127176025231865 2.4271614709323112E-4 -9.670671995939667E-4 -7.010765170536781E-4 -0.0016986779226558855 -5.708638158185615E-4 -3.308432455663074E-4 9.561391001289329E-4 0.001217353220740093 -7.66373685779603E-4 
0.9606628713264497 2.456519141014127E-4 -9.70803863562313E-4 -3.0298237419011995E-4 -0.0017332769590394244 -7.351428973992133E-4 -2.2826560752798296E-4 8.852516969069809E-4 0.001348764615029828 -7.017417477355612E-4 
0.26977079229087186 2.672344124030354E-4 -0.00104062608929674 -6.890628572201156E-4 -0.0017314332531871634 -5.640845327183119E-4 7.07937887156936E-5 0.0010034910191183642 0.0013437950046003247 -7.203000061877799E-4 
0.2981376096605538 2.2405862706953854E-4 -0.0010361432336540577 -3.412089420480399E-4 -0.0017222460185523122 -7.088188797414273E-4 -2.2123675310796323E-4 8.834126175514073E-4 0.0013663927306688242 -7.009718540933612E-4 
0.2468810931153313 2.678458847484059E-4 -9.668699797450563E-4 -4.2760239329865153E-4 -0.001726431497164553 -5.643417738646476E-4 -1.2113488619871726E-4 9.310503760882407E-4 0.0013411554369743485 -7.189174544856877E-4 
0.10982288729040901 2.370188092409647E-4 -0.001030338636798926 -7.018521124382799E-4 -0.0018324284891365265 -5.718995436110135E-4 -2.0667013672266338E-4 8.883108884182914E-4 0.0013701346007800404 -8.006710865314251E-4 
0.5966539294680963 2.3865218363363516E-4 -9.7198797062451E-4 -6.837142043604163E-4 -0.001738203518536924 -5.704813069680111E-4 8.030189673485322E-5 8.953603152999519E-4 0.0012157776006964502 -7.667243115923768E-4 
0.6771855276517305 2.4866740195469397E-4 -9.884966456016207E-4 -6.938034473655567E-4 -0.0017100830191461931 -6.346573182214187E-4 -2.345139986270355E-4 8.765824238421733E-4 0.0013448873255168226 -7.211538739551281E-4 
0.06950182710398001 2.4007410229792207E-4 -0.001090103368024003 -7.05085269393209E-4 -0.0016993604835838217 -6.439317094863339E-4 7.339387800104748E-5 8.907332481588824E-4 0.0012217131742106103 -7.260749763611103E-4 
0.3135995354622939 2.1173244719741849E-4 -0.0010257990565932867 -6.517699880934387E-4 -0.0017318470479902575 -7.370349631709115E-4 1.2283743528607985E-4 8.787195195482152E-4 0.001220743171801953 -6.931226728361293E-4 
0.34055063120877527 2.424143443318354E-4 -0.0010960130997579888 -4.509685764281559E-4 -0.0017121612062327726 -5.740073957843826E-4 1.4843507260844984E-4 9.29297162871978E-4 0.001220205597737002 -7.667269659335994E-4 
0.04928666852720065 2.3248827558341147E-4 -9.754578241821555E-4 -6.966669159086446E-4 -0.0017194124555534637 -5.707524042305542E-4 -2.1914358397856075E-4 9.532920461846293E-4 0.0012064890923951905 -6.975575581295441E-4 
0.515387231655235 2.4013732472000622E-4 -0.0010271190927894722 -6.938553711635747E-4 -0.0017322968605630563 -6.905109369857178E-4 -1.3602633665851322E-4 8.907332481588824E-4 0.0013792638483478082 -6.922193875278552E-4 
0.7794945040629646 2.6683335191746464E-4 -9.62336025216172E-4 -6.060542792647068E-4 -0.0017264886219783252 -7.350044905052857E-4 -1.2180636683367928E-4 8.771521491742773E-4 0.0012106555207617093 -6.994670351301199E-4 
0.10058472136128499 2.431863134941317E-4 -9.674176750679853E-4 -7.018052109558278E-4 -0.0017372959951422221 -6.514979286302677E-4 -2.485256751013542E-4 8.882971444593821E-4 0.0012099943137049937 -7.984649533408224E-4 
0.6925355300566227 4.858994330843318E-4 -0.0010265326097906313 -6.959480337456727E-4 -0.0017273245894788467 -6.350939525622491E-4 7.082366865761606E-5 8.859642829174855E-4 0.001222556031179744 -7.259365601482367E-4 
0.01843531012788916 4.799853654752622E-4 -0.0010361117147985098 -6.831931473748061E-4 -0.0018342069762898646 -5.816672476290872E-4 -2.4116561778131905E-4 9.522989806784851E-4 0.0013429159854198604 -7.195762194948468E-4 
0.19923493719316626 2.45441583421008E-4 -9.7021831746861E-4 -7.021827442568874E-4 -0.0017332769590394244 -7.435452183571316E-4 9.083741444497538E-5 8.864442096069416E-4 0.0014311394331816888 -7.237709451198421E-4 
0.6381562234695312 2.3195585275759465E-4 -0.0010372724908125869 -7.007316481959232E-4 -0.0017104267253566375 -9.214069696392416E-4 -1.0233863211973048E-4 9.385739729964284E-4 0.0013696642902015317 -6.99718021811404E-4 
0.023854904448001313 2.358415157252617E-4 -0.0010343838069136525 -6.958533549333665E-4 -0.0017438401513257414 -5.745678759094946E-4 8.783534235691092E-5 8.944863118119326E-4 0.0013439894015567953 -7.202135320497217E-4 
0.7628970371292576 2.453786604296318E-4 -0.0010945183430810135 -6.0791431959169E-4 -0.0017274165803107518 -6.304068120754087E-4 8.650031251953812E-5 8.763208112370071E-4 0.0012295687255897063 -6.963382158620151E-4 
0.9788979943573344 2.3636476454481356E-4 -9.70803863562313E-4 -3.2538124787731413E-4 -0.0017332769590394244 -7.423048829113691E-4 6.303693484776276E-5 9.544159616954724E-4 0.0013487404496685099 -7.017417477355612E-4 
0.18657168742687755 2.6863955410390435E-4 -9.670841502414714E-4 -4.18523699498599E-4 -0.001719398113142919 -6.420601287138519E-4 -1.238075626513928E-4 8.930290461579317E-4 0.0013424626188310162 -6.976421590055786E-4 
0.49776570944497406 2.5502836611836975E-4 -0.0010370289610467107 -6.146168388284901E-4 -0.0017319185644565443 -6.272131517820732E-4 1.269669673496667E-4 8.928863189755626E-4 0.0013474739457288811 -6.974203552594971E-4 
0.4705075629987888 2.4277514488940536E-4 -9.691200665872331E-4 -6.293688258716243E-4 -0.0017343099295819109 -5.683950444883456E-4 -2.2797621168445177E-4 9.464885669026485E-4 0.0012108236522874124 -7.031261173118051E-4 
0.8903210294683226 2.3447676500291695E-4 -0.0010398173085381724 -6.987200285105871E-4 -0.0017329211824168363 -5.635733585830779E-4 8.081878192473767E-5 8.906521088408187E-4 0.0013377875552695912 -6.625991927281656E-4 
0.9032572185674808 2.423520200961071E-4 -9.712864540385102E-4 -6.935947767194487E-4 -0.0017337481960900674 -6.340352818930283E-4 1.7884335728790207E-4 8.870038408805788E-4 0.0013433601436429767 -7.244047431511187E-4 
0.21618089563774484 2.5354799178684765E-4 -0.001033505854138604 -3.872633079942875E-4 -0.0017512472508454942 -6.329106225404402E-4 1.250511215054561E-4 8.953756151709896E-4 0.001230771458125068 -7.199473322954051E-4 
0.38077419172066185 2.848945778110362E-4 -0.0010272804453450672 -6.262103930654351E-4 -0.0017240642745760036 -5.708561397056519E-4 1.40068604107878E-4 8.904356429763852E-4 0.0012161165256975482 -6.910894762275171E-4 
0.7070579877046503 2.4257967306555832E-4 -0.0010322572700033493 -4.509685764281559E-4 -0.0017504327104758005 -5.740073957843826E-4 1.2503700038009015E-4 8.955539873652717E-4 0.001220205597737002 -7.188179488186807E-4 
0.013633339803790445 2.4021171192542754E-4 -0.0010272573989523498 -7.060809240656787E-4 -0.0017325237907359885 -6.916151100350924E-4 1.4631186541117544E-4 9.342232967905783E-4 0.0012091750125021725 -7.075163898887631E-4 
0.5441691949993532 2.4476963537272686E-4 -0.001034894484337629 -3.484497534510199E-4 -0.001732813768885535 -7.343157922244977E-4 -1.7813147164610834E-4 8.944531007151006E-4 0.0013439894015567953 -7.293139569175558E-4 
0.8252341427654895 2.3661506682398612E-4 -9.692774051322165E-4 -6.837901306044297E-4 -0.0017325103788698576 -6.434596589688284E-4 9.557099951150777E-5 8.808667689951655E-4 0.001348521779067188 -6.971977758411027E-4 
0.7191585505182669 2.453786604296318E-4 -0.0010945183430810135 -6.959480337456727E-4 -0.0017274165803107518 -6.300931176160399E-4 6.998096612085533E-5 8.859642829174855E-4 0.001226644130586847 -7.259365601482367E-4 
0.8530721682961324 2.3869710493336924E-4 -9.703282241442679E-4 -6.934707522840393E-4 -0.0017515027217604744 -6.348933465457447E-4 1.2455215133290584E-4 8.935896575783999E-4 0.0012129334488533623 -7.196478586068657E-4 
0.13559601923917441 2.488033688945969E-4 -0.0010327758882719737 -6.962961220170335E-4 -0.0017316113324437946 -5.744873221713244E-4 -2.263821460122203E-4 8.749058285314325E-4 0.0013447914062566472 -7.210615138085135E-4 
0.9204294688632235 2.6417655322111727E-4 -9.886067624813144E-4 -6.939150986414427E-4 -0.0017106054117952641 -7.153832011897431E-4 5.7912815513500924E-5 9.34537996127088E-4 0.001215391979903007 -7.249111756428622E-4 
0.4375921522799682 2.6408034351313746E-4 -0.001026409645413782 -6.919502849453613E-4 -0.001724702778569159 -6.288575973970101E-4 6.508462487570413E-5 9.52129754515271E-4 0.0013467980685325663 -7.210545978601966E-4 
0.8366971314139686 2.6408034351313746E-4 -9.62026363857448E-4 -6.972759264974888E-4 -0.001740320230298783 -5.702200255164858E-4 1.619672342652459E-4 8.848441761649558E-4 0.001344231497485187 -7.06780315923016E-4 
0.17256437945654773 4.816149598101791E-4 -0.0010249408468550056 -7.006081968186701E-4 -0.001731685973537518 -5.693665250031893E-4 5.644931839546001E-5 8.842750337844529E-4 0.0012213199370078413 -7.001084813235504E-4 
0.40458026164799377 2.8238969959397875E-4 -0.0010293609074133899 -6.144116356021774E-4 -0.001721720572367257 -5.63328086043256E-4 1.6618117473343386E-4 9.529397924928323E-4 0.0013632329662079516 -7.249824294895471E-4 
0.0033505612702048326 2.42127531199559E-4 -0.001032753967207439 -6.936795642275971E-4 -0.0017121889131299116 -6.928204295263695E-4 1.558810210904518E-4 8.937398996098294E-4 0.0013402783842556922 -6.933994948791953E-4 
0.4570751270124304 2.552310191066301E-4 -0.0010370289610467107 -6.146168388284901E-4 -0.0017450456846608568 -7.22862408887569E-4 1.2838866859098328E-4 8.928863189755626E-4 0.0013471774034728159 -7.238021968556309E-4 
0.23215375747394243 4.681326446483449E-4 -0.001034361614639257 -4.2933500313965096E-4 -0.0017376961634081123 -5.641394137666753E-4 7.263980960389116E-5 9.344211432598706E-4 0.001382102941633022 -7.072473805124684E-4 
0.04341788221621201 2.8504607728445147E-4 -0.0010268854381381785 -6.950882593811583E-4 -0.0017247179501208214 -5.708805479567331E-4 -2.235046132460086E-4 8.904885706133842E-4 0.0012035258192021545 -6.910785899674282E-4 
0.01040702246067906 2.483285362557114E-4 -9.701159929005059E-4 -6.881153812662374E-4 -0.001699262925818634 -6.434596589688284E-4 1.2459484641850257E-4 9.547967924935767E-4 0.001346810929758333 -7.032679374248809E-4 
0.45068931833986947 2.42127531199559E-4 -0.001032753967207439 -6.936824783346868E-4 -0.001721720572367257 -6.928204295263695E-4 1.558810210904518E-4 8.937398996098294E-4 0.0013402783842556922 -6.933994948791953E-4 
0.0042459887991645184 2.3629886845755998E-4 -9.702243696811465E-4 -4.0088229944762867E-4 -0.0017312000236522193 -6.434596589688284E-4 9.019563223127781E-5 8.928855201584253E-4 0.0013467389405044594 -7.034127816128765E-4 
0.5265375376720172 2.8238969959397875E-4 -0.0010293873309461278 -6.144116356021774E-4 -0.001721720572367257 -5.63328086043256E-4 1.6618117473343386E-4 9.561254258943732E-4 0.0013468582473831962 -7.249824294895471E-4 
0.14615751897621068 2.2724838930707647E-4 -0.0010307666251097023 -4.0939089307908755E-4 -0.0017327020372673186 -7.401917130204382E-4 -2.0974753984762007E-4 9.578833707097787E-4 0.0013749190909214972 -6.972324610348186E-4 
0.6613182864455885 2.4021171192542754E-4 -0.0010272573989523498 -7.060809240656787E-4 -0.0017325237907359885 -6.298856247349543E-4 1.4642748973864861E-4 8.860958822634106E-4 0.0012062193565095137 -7.056691461162108E-4 
0.9911225711596215 2.453546587351695E-4 -0.0010984366752944924 -4.134271888077731E-4 -0.0017406549389754767 -7.423871129127081E-4 -2.4222813651710262E-4 8.954898362983915E-4 0.001375046658129487 -7.247831939211607E-4 
0.4831354514022046 2.701178633907633E-4 -0.001035420614033223 -6.930203633649803E-4 -0.0017125749466442883 -6.338771106310712E-4 1.7992055399813407E-4 9.359415301539849E-4 0.0014375327811911023 -7.240080650219196E-4 
0.6439922988425091 2.33822756868679E-4 -0.0010303705883249895 -6.871167607530734E-4 -0.0017464445540586206 -5.660357783482826E-4 1.2818102971549707E-4 8.85588213895763E-4 0.00136021715731988 -7.18944026468019E-4 
0.09096728813785443 2.3195585275759465E-4 -0.001032871791148322 -3.8250476388044624E-4 -0.0017121923984633493 -7.473074357672015E-4 -9.698010146648395E-5 9.388771390652153E-4 0.0013624261965140532 -6.99718021811404E-4 
0.17303264890444076 2.4991761140543995E-4 -0.0010306282191306277 -7.005558778062992E-4 -0.001731685973537518 -5.693665250031893E-4 -1.9608780303200402E-4 8.842750337844529E-4 0.0012213199370078413 -7.201278001209047E-4 
0.6028874782768182 2.3634616186508328E-4 -9.707979125289621E-4 -3.121838177446276E-4 -0.00170079082972932 -6.434596589688284E-4 2.0165005023787587E-4 9.547881134534578E-4 0.001347535273347214 -6.97387621059787E-4 
0.42928016336027014 2.3785925468842697E-4 -0.0010271190927894722 -6.938553711635747E-4 -0.0017322968605630563 -6.905109369857178E-4 -1.3602633665851322E-4 8.907332481588824E-4 0.0013792638483478082 -6.922193875278552E-4 
0.3246024479745748 4.8006567707157763E-4 -0.0010361360692795574 -4.191823956396464E-4 -0.001722406975644039 -5.648110738361889E-4 -2.2123675310796323E-4 8.827063131782068E-4 0.0013663927306688242 -7.007200269983688E-4 
0.5348377437972617 2.4208408215640266E-4 -0.0010350050718902915 -6.476387898675361E-4 -0.0016984656841251388 -6.313832834193813E-4 -3.347461241883937E-4 9.561339372545818E-4 0.0013469350919819868 -7.033085094714504E-4 
0.03909015283743705 2.3629886845755998E-4 -9.702243696811465E-4 -4.0088229944762867E-4 -0.001733381421306633 -7.439256757714828E-4 1.5471795159900857E-4 8.784879485512955E-4 0.0013467389405044594 -7.034127816128765E-4 
0.6573539542568937 2.474070705976025E-4 -0.0010289612775660202 -6.94180758202453E-4 -0.0017116649382045046 -5.700968734016634E-4 1.6603521549827236E-4 9.550062601978867E-4 0.0013678703968655651 -7.249472084906735E-4 
0.41509316272918595 4.830171143362626E-4 -0.0010396864442188927 -4.186702120738202E-4 -0.001732211913131281 -5.668487847121959E-4 -2.0933698305698325E-4 8.844407436437984E-4 0.0013602520790202532 -7.205430508520651E-4 
0.7490245207707513 2.4558280216774043E-4 -0.0010947171175322802 -6.938540341996111E-4 -0.001828497785024848 -6.882954305271101E-4 1.3909136484887896E-4 9.321347631205289E-4 0.0012244008343800486 -7.248639062989443E-4 
0.7324048964504603 2.6417655322111727E-4 -9.886067624813144E-4 -6.951308365860052E-4 -0.0017106111050243624 -5.611430769683895E-4 5.7925840490005934E-5 9.349873645071016E-4 0.001215391979903007 -7.24914406875851E-4 
0.03528728487394511 5.759279377476217E-4 -0.001032745582223222 -6.95998040181063E-4 -0.0017380041838978275 -6.923961563852605E-4 7.936089121751503E-5 8.850524015782407E-4 0.0013675186580415397 -6.921114201510356E-4 
0.1939609510265457 2.3578428530793624E-4 -9.7021831746861E-4 -6.960039402580906E-4 -0.0017442120538472452 -5.765067549147519E-4 9.083741444497538E-5 8.863413970856256E-4 0.0014311394331816888 -7.237714794283737E-4 
0.007546995919302746 2.33822756868679E-4 -0.0010262693108297975 -6.871167607530734E-4 -0.0017487124462536338 -6.929050432322884E-4 1.2806540538802392E-4 9.337156284229307E-4 0.001363473305755792 -7.221152037915509E-4 
0.9193024375352823 2.2724838930707647E-4 -9.690157017072957E-4 -4.0939089307908755E-4 -0.0017327020372673186 -6.207014514909831E-4 -2.0974753984762007E-4 9.578833707097787E-4 0.0013749190909214972 -6.972324610348186E-4 
0.7952074692055676 2.3456697724669773E-4 -0.0010398173085381724 -6.937697915678376E-4 -0.0017514784350169403 -5.649762006150654E-4 1.2419404723828162E-4 8.953565748778651E-4 0.0013708408013489678 -6.625991927281656E-4 
0.2577092285487388 2.488703536593325E-4 -0.0010342180214228827 -6.962777163214598E-4 -0.0017317049942893765 -7.408346105318469E-4 7.752492560621742E-5 9.98459861537075E-4 0.0013439818914996941 -7.210655481816919E-4 
0.07588738843213833 2.8450073950682863E-4 -0.001091092454880056 -6.947695815521527E-4 -0.0017257067908826305 -5.683931207382107E-4 5.190902461977853E-5 8.903440607979871E-4 0.001365314037756974 -6.583921454979653E-4 
0.5593247841794681 5.683591384502844E-4 -0.0010342457304124756 -7.014858912123978E-4 -0.0017318472835970398 -5.787797860434254E-4 1.671899397145175E-4 8.9255250139214E-4 0.0013444191152832234 -6.971384265006775E-4 
0.849223867920782 2.611322733579364E-4 -0.001036747300190003 -3.472149217581027E-4 -0.001731177099263206 -6.427114083333072E-4 9.721607866644686E-5 8.928610727073692E-4 0.0013431394677675928 -6.945289486780909E-4 
0.07994338413202495 2.3869710493336924E-4 -0.0010320791475466745 -6.934707522840393E-4 -0.0017515027217604744 -7.543836080751999E-4 1.2455215133290584E-4 8.935896575783999E-4 0.0012129334488533623 -7.196478586068657E-4 
0.4890388324691562 2.691211014905474E-4 -0.0010643636478220905 -6.262103930654351E-4 -0.0017222445114737995 -6.338771106310712E-4 1.3816769295673485E-4 8.827019144191304E-4 0.001443367941248248 -7.62502901817932E-4 
0.39413812319891095 4.782228876940485E-4 -0.0010361117147985098 -6.831931473748061E-4 -0.0018342069762898646 -5.69938902411809E-4 -2.4139799802212644E-4 9.521851974889996E-4 0.0013429159854198604 -7.195762194948468E-4 
0.42025458856835773 4.814625180377244E-4 -0.0010255284215643363 -6.837687340582651E-4 -0.0017326891627457463 -6.912258445063189E-4 -1.3134486130482768E-4 8.931030051025802E-4 0.001216096662246694 -6.924032325968122E-4 
0.029197464868787992 2.4949403907907326E-4 -9.702909422999068E-4 -6.950811644748443E-4 -0.0017247179501208214 -5.743957287348441E-4 -2.2345642242207122E-4 9.601341924191599E-4 0.0013658578566530784 -6.594565586688086E-4 
0.2300203776031751 4.607873641706454E-4 -0.001036091254712092 -3.439683484184738E-4 -0.0017431923675903004 -7.427588947753738E-4 1.2653106182065345E-4 9.376815803233035E-4 0.0014429546095917646 -7.202458951749514E-4 
0.8106014982258657 2.2367522509248843E-4 -9.62336025216172E-4 -6.949828832961077E-4 -0.0017256534826229466 -7.42843813752829E-4 -1.2180636683367928E-4 8.822677224735073E-4 0.0012114011159884974 -7.2199042595918E-4 
0.7940340352093567 2.401744769681382E-4 -0.0010306302671609468 -6.935991605753986E-4 -0.0017511702819442033 -6.315836638850585E-4 1.2814076920853975E-4 8.953756151709896E-4 0.0013703826955166036 -7.19647686320121E-4 
0.26004967163680354 2.672344124030354E-4 -0.00104062608929674 -6.892703090454232E-4 -0.0017313085821502436 -5.63568632652173E-4 7.07937887156936E-5 0.0010034910191183642 0.0013437950046003247 -7.203000061877799E-4 
0.08794750476022983 2.4555710281042264E-4 -9.694761676412435E-4 -6.950811644748443E-4 -0.0017239972700807459 -5.743957287348441E-4 1.7497448368973724E-4 9.601341924191599E-4 0.001365682700463013 -6.996844557932203E-4 
0.8110498820234573 2.4970228376820444E-4 -0.0010339689766721287 -6.962867984630494E-4 -0.0017317048603548363 -7.362528418606381E-4 -1.9847239656277642E-4 8.821971699439615E-4 0.0013483856781881952 -7.210615138085135E-4 
0.14251337309155532 2.3780445165826595E-4 -0.001104675599487166 -6.93672796300362E-4 -0.0017100770694556103 -5.728656852719336E-4 -3.1194826228454276E-4 8.931189773708668E-4 0.0013513592099421382 -7.223956831334037E-4 
0.559459938111565 5.683214913308158E-4 -0.0010315929809111045 -6.161831195325555E-4 -0.0017431787427596727 -5.647687837825379E-4 -1.768694986237394E-4 8.944863118119326E-4 0.0013439894015567953 -6.97324337302461E-4 
0.7501256919711885 2.4535833825812517E-4 -0.0010947171175322802 -4.2536269733670464E-4 -0.0018276907617095866 -6.906499648561034E-4 1.2975024806354763E-4 8.957905207866378E-4 0.0012244008343800486 -7.248639062989443E-4 
