0.9978772191500526 2.2043876140189438E-4 -0.0018734083568535578 4.960402537601416E-4 0.001758457611805074 -1.9570631067319244E-4 -3.0064417371984637E-4 0.0014128661500204783 0.0024155168688133745 1.868671237951064E-4 
0.0 -4.997768195497952E-4 -0.001879645875638209 5.352835058702825E-4 0.0017568569822348841 -1.9825840260709074E-4 -2.988281111864885E-4 0.001411985391275461 -0.0020250025153773304 1.846095236754071E-4 
0.15068124437520708 -8.311622150823075E-4 -0.001877224215732616 5.352489447699205E-4 0.001759196260483671 -2.374669902055222E-4 -5.301584452376479E-4 0.0014799148122083 0.0024238269254313097 1.6182590079802592E-4 
0.12928000208627122 2.888078039220496E-4 -0.0018762366758889309 5.342908664058121E-4 0.0017125671940814253 -2.471355026573293E-4 -3.03674247622874E-4 0.0014867418163604902 0.0019832624503699457 1.871542216261019E-4 
0.02385620352854012 2.06105496807002E-4 -0.0018771428073183572 4.964284886416658E-4 0.0017244059502763713 1.3783921883756456E-4 -3.2157327487617924E-4 0.0014781680116274243 -0.001754346272919627 1.6172384890888084E-4 
0.3604889622377532 2.06105496807002E-4 -0.001874552661351161 4.949994161270005E-4 0.0017197518146200904 1.2587248569724644E-4 -3.2731231402863677E-4 0.0014143602982491944 -0.001754346272919627 1.6131838360469337E-4 
0.015971480509962915 2.732404408344991E-4 -0.0018756997994625949 5.352459114892266E-4 0.0017037263711990056 -2.471045477031375E-4 -3.036963680154577E-4 0.0014875768540817506 0.0021905165140285896 1.8725830839840953E-4 
0.29772142540671037 2.0844776058740697E-4 -0.0018732687369283087 5.347720364650394E-4 0.0017166234863739006 -2.194486887532345E-4 -3.217075559218571E-4 0.0014783029798045764 -0.0017580695910971015 1.7595333132967094E-4 
0.21066852919629925 -8.834452961934218E-4 -0.0018777022005853005 5.094392653515403E-4 0.0017259697365250332 1.1629182737049097E-4 2.763695916110886E-4 0.001419478743426654 0.0022118919747292115 1.7025372255125576E-4 
0.4790624327537774 -8.540017975714924E-4 -0.0018749121013518528 4.969758825916417E-4 0.0017242656568191774 -1.8421594867843518E-4 -2.567714619397588E-4 0.0014067500020464657 0.0020307333978293253 1.8063046296585368E-4 
0.3848949152625786 1.6645881669710943E-4 -0.0018743845392345888 5.352484724441107E-4 0.0017592609502086894 -5.8408830988169146E-5 -4.3271204789773496E-4 0.001412890553280739 0.0022069991850461965 1.8748581534184925E-4 
0.6423717262111552 2.0682536171958733E-4 -0.0018906302083837121 5.44512946332884E-4 0.0017754526455894175 0.0028512557260669397 -3.177876114547703E-4 0.001401261360025595 -0.0019790237878137586 1.7590370040616334E-4 
0.452935978387309 -8.992722384967629E-4 -0.0018777535671045005 4.971402379827947E-4 0.0017238355201215168 -1.9352942955556062E-4 2.5523822050180233E-4 0.0014157785673745895 0.0024442312183489876 1.878848429183328E-4 
0.16895848368211863 -9.294644368408347E-4 -0.0018766041051312661 5.372336613337931E-4 0.0017270838067953871 -2.720348633823231E-4 -2.9462527160393955E-4 0.0014132396677950419 0.002292349671906758 1.872694005197625E-4 
0.18577823019359943 -9.546327249580774E-4 -0.001893167270233409 5.34080240956334E-4 0.0017139366739964486 -0.0011749765933953508 -2.539841923444696E-4 0.0014867418163604902 0.0022019587536625455 1.8744022116922316E-4 
0.845944186659984 2.064968650482241E-4 -0.001893395218506687 4.964284886416658E-4 0.0017567408030568518 1.5406360547959614E-4 -3.0038091392759186E-4 0.00146879171079036 0.002215905723363263 1.6195735336088917E-4 
0.8648429614536486 -8.028813240881472E-4 -0.001899170450226684 4.955917614032861E-4 0.001719594073897082 -2.079212151758245E-4 -3.2763018026032753E-4 0.0014142755069470184 0.0024442451328368082 1.878731924535541E-4 
0.10258018727052337 -5.034256066346E-4 -0.001875595128042862 5.112738561340901E-4 0.0017220704256926294 -2.4797517550924017E-4 -3.3787419033530746E-4 0.0014137499600637565 -0.0020089176101004656 1.8782497255836876E-4 
0.49648187232186 -8.570444655314511E-4 -0.0018758549007667409 4.979040929249085E-4 0.0017236270664467187 -9.863257639516393E-5 -3.251373833534057E-4 0.0014687710330895368 0.0020628523158560397 1.7494994703462507E-4 
0.40426720536256155 -8.78453817991723E-4 -0.0018758549007667409 4.96610587959195E-4 0.0017252585169963911 -9.861826894530155E-5 -3.254382939034571E-4 0.001468821666955762 0.0024009696342552843 1.8115111938216445E-4 
0.43684951433638325 -8.78453817991723E-4 -0.0018758549007667409 4.96610587959195E-4 0.0017247716927742973 -9.863257639516393E-5 -3.254382939034571E-4 0.001468821666955762 0.002084290310294775 1.8115111938216445E-4 
0.8322258865182441 -8.524328739068209E-4 -0.0018733191566917633 5.345384700688842E-4 0.0017150121563984896 -1.7759852476920948E-4 -3.082214091309686E-4 0.0014957616924754864 -0.0015120820593426073 1.8818074060917788E-4 
0.4649419778712018 2.4096073428720984E-4 -0.0018934552795031947 5.118081766431718E-4 0.0017245508510376538 -2.549357540700983E-4 -3.1310659532230844E-4 0.001409078837496549 -0.0018671123019548639 1.8875215794094118E-4 
0.03001314013273393 -5.061605177176278E-4 -0.0018797029491161178 5.386297756000311E-4 0.0017555716143187394 -0.001146548475486391 -5.508024347207011E-4 0.0014739641786117436 -0.0020410970545535244 1.621304202003177E-4 
0.093692914881321 2.1239865503528007E-4 -0.0018771396186750633 4.965426580855972E-4 0.001726066036987577 2.0065139878227737E-4 -3.1696503398374453E-4 0.0014861506529369097 0.0021655718181830047 1.7493694184883882E-4 
0.9831563380345698 2.2046242333390584E-4 -0.0018941876773027435 5.372960392078726E-4 0.0017587567391063636 -3.0216126485401677E-4 -3.005987737635522E-4 0.0014155762665379443 0.002443528203495765 1.8687879288417986E-4 
0.8156818669201352 1.3985962047164308E-4 -0.0018909205488630827 5.343831241528958E-4 0.0017247777098606083 4.598745593887149E-4 -3.1163821140399304E-4 0.0014795216434787687 -0.0019374666244648454 1.8160307707682413E-4 
0.5817386831684919 -9.994635815784056E-4 -0.001891729597512882 5.362460356102074E-4 0.0017580632392157698 -2.6420575316704826E-4 -3.2516066866140366E-4 0.0014735479548991083 -0.0017085722320687483 1.8688351403157202E-4 
0.25152255775293286 1.6645881669710943E-4 -0.00187443692508645 5.352484785470574E-4 0.0017587263706568316 -5.8408830988169146E-5 -4.344344933892849E-4 0.001412890553280739 0.0022069991850461965 1.8742962916967515E-4 
0.3121110760885486 -8.519079799468481E-4 -0.0018920298589966155 5.372333011093569E-4 0.001704337445824194 1.1128506166123518E-4 -3.1488318068143386E-4 0.0014925872292273048 0.002031556619290806 1.7381307039742485E-4 
0.760474747598 -8.483418905289233E-4 -0.0018934892790379548 4.983316779530637E-4 0.0017245508510376538 1.0573936021409333E-4 -2.634322595897307E-4 0.0014118847097140258 0.0021764361267195627 1.8737103557041755E-4 
0.7370826624228014 2.1967351657985762E-4 -0.0018729630516566016 5.362798511837997E-4 0.0017587567391063636 -1.9570631067319244E-4 -3.0068702760728056E-4 0.00141319727359487 0.002443528203495765 1.875847731284405E-4 
0.9679062350426813 1.6851996864162015E-4 -0.0018719191593161745 4.983677236874756E-4 0.0018083080913973198 -1.627264157678427E-4 -5.304981856582299E-4 0.0014153909742039782 0.0021976076045252457 1.8721079829551356E-4 
0.5593188392083261 -8.524153736498624E-4 -0.0018766656866524552 4.964172466792639E-4 0.0017052677716499363 -1.736260069706129E-4 -2.619488365347828E-4 0.0014066539996568208 0.002058493557984999 1.8820380625016463E-4 
0.27080596708138954 2.2046242333390584E-4 -0.0018774672395094664 5.372663347356462E-4 0.0017235537137974134 -1.9570631067319244E-4 -2.922731287456093E-4 0.0014128843650380862 0.002443528203495765 1.8688507632681588E-4 
0.4165754757847441 2.469880465440406E-4 -0.0018918413952280692 5.352459114892266E-4 0.0017037263711990056 -2.5424200064429295E-4 -3.036963680154577E-4 0.0014721327173836036 0.0021905165140285896 1.8774693243741857E-4 
0.05820830719436003 -8.598597619555165E-4 -0.001873608070295198 4.9964534861991E-4 0.0017756213976913397 -2.977157857548713E-4 -3.3721762996545676E-4 0.0014753580284862441 -0.0018557385350282416 1.8975960725051464E-4 
0.7208408445162102 -8.836002436206229E-4 -0.0018760803289285713 5.347193856903418E-4 0.0017573551715977247 9.973242982133645E-4 -3.1484599175826656E-4 0.001411125568710477 -0.00199928017506753 1.8718327618344626E-4 
0.35313231323525507 -8.503985952666726E-4 -0.0018934892790379548 4.983316779530637E-4 0.0017245508510376538 1.3197858108626468E-4 -3.0487834875958384E-4 0.0014144553276358492 0.0021708040863946294 1.8737103557041755E-4 
0.22257629414664248 -8.524382777655734E-4 -0.0018772135642383342 5.342845647774802E-4 0.0017245037581366967 1.4692680611515368E-4 -5.410832000904659E-4 0.0014742319955583438 0.002423859750288768 1.879047627728337E-4 
0.2619252497463185 -9.004766161438314E-4 -0.0018797267715175408 5.339909553324715E-4 0.0017228920374084164 -2.4678296396542E-4 2.5315834036207887E-4 0.00147501973054223 0.0022226648890090323 1.7215454817398048E-4 
0.5717040461709342 2.2488554165013054E-4 -0.0018909440148641857 5.44512946332884E-4 0.0017754526455894175 0.00288088486767288 -3.177801388245168E-4 0.0014105169711094406 0.0025023447315626304 1.7618935049920888E-4 
0.5946435094108903 2.756600830498634E-4 -0.0018909525114549275 5.344918777941245E-4 0.001758205687071389 1.1912043944617141E-4 -3.015028082583067E-4 0.0014722245810738842 -0.0022600810805267456 1.8784700481063094E-4 
0.6047649314197625 2.863596050795752E-4 -0.0018909525114549275 5.371002348657886E-4 0.0017585518237371999 -2.652292665363962E-4 -2.8411053589847074E-4 0.0014798266992672943 -0.0021983707194963304 1.769834947859641E-4 
0.7465323936818804 2.298562319936704E-4 -0.0018733509094842988 5.37489185580392E-4 0.0017587567391063636 -1.9570631067319244E-4 -3.421292409180531E-4 0.0014139714848308243 0.0022069896401594553 1.7458611475803544E-4 
0.9058148881834112 2.0371253762496152E-4 -0.0018941876773027435 5.372951987861638E-4 0.0017584980705148397 -3.1982825073792405E-4 -3.1460284617755964E-4 0.0014917154007494371 0.0020291418034178105 1.87332311301319E-4 
0.7124934985096618 2.685947086051655E-4 -0.0018940100932980097 5.373005770988452E-4 0.0017556030086650193 -1.9570631067319244E-4 -2.975161843772064E-4 0.0014139714848308243 0.0020084322461230517 1.8443020944717748E-4 
7.697050835690222E-4 1.9837972643076232E-4 -0.001877465729720935 5.372663347356462E-4 0.001723407559089811 -1.9818894906536633E-4 -2.9235404807597304E-4 0.0014128843650380862 0.002535389858147677 1.8688507632681588E-4 
0.003835018653470329 2.2531773864373688E-4 -0.0018743766395975913 5.342788749479007E-4 0.0018087623966260894 -1.9567934803591696E-4 -3.043188611495397E-4 0.001418096301140194 0.002202865508603869 1.868714374795191E-4 
0.0416561032105659 2.06105496807002E-4 -0.0018771428073183572 4.964284886416658E-4 0.0017244059502763713 1.3783921883756456E-4 -3.2157327487617924E-4 0.0014781680116274243 -0.0017651635526671414 1.7025141603180342E-4 
0.42572197167429204 2.2699968623051905E-4 -0.0018775770822341308 5.352308217082382E-4 0.001758099330285407 -2.3745353874862274E-4 -3.0796147125269576E-4 0.0014805768794682414 0.002196119808419204 1.742537020570621E-4 
0.8771125625867402 2.084482483607313E-4 -0.0018732687369283087 4.950370778806338E-4 0.0017591761018329812 -2.2108016795266113E-4 -3.1173288135290245E-4 0.0014783029798045764 -0.001965536792649221 1.7595333132967094E-4 
0.5248774328934379 -9.505566033341736E-4 -0.0018721128691059168 5.35922886169858E-4 0.0017245508510376538 1.2649421737385578E-4 -3.416711759866621E-4 0.001411842751365752 0.002197216431491236 1.816545591144601E-4 
0.05288165706470277 -8.59716647410297E-4 -0.001893254674719245 5.344184234901894E-4 0.001775471001289654 3.0064747891189606E-4 -3.015516670566271E-4 0.001486455671414706 0.002411857444250939 1.797918770521088E-4 
0.0654804603954352 -8.458929082431388E-4 -0.0018734083568535578 5.373749128328923E-4 0.0017556030086650193 -1.9570631067319244E-4 -3.006679601699687E-4 0.0014139714848308243 0.0024717002256482885 1.797509774619175E-4 
0.5074785278916749 -8.570444655314511E-4 -0.001877793192333081 5.34405485279502E-4 0.0017236270664467187 -9.704057499636726E-5 -3.25798618042256E-4 0.001474394240433654 0.0022077308566240926 1.7494994703462507E-4 
0.6610462192713122 2.845440993304669E-4 -0.0018776997813663204 5.370976012357895E-4 0.0017587396989330493 -2.637351445907434E-4 -2.963540273046793E-4 0.001407296061971263 -0.001862155716046393 1.769088928266657E-4 
0.04697214210140177 2.064968650482241E-4 -0.001893395218506687 4.971429023519435E-4 0.0017244194457953369 1.4106132454369741E-4 -3.237451019227142E-4 0.00146879171079036 -0.001978117376608716 1.8766179296749778E-4 
0.2292521917700413 -8.481577967310824E-4 -0.0018772135642383342 5.342845647774802E-4 0.0017245147663014146 1.4692680611515368E-4 -5.410832000904659E-4 0.0014723235689123742 0.002407664395179064 1.879047627728337E-4 
0.3902730398727884 -8.830757150953208E-4 -0.0018793214568330707 5.352117291148645E-4 0.0017221716977057744 -6.941993319726472E-5 -4.291711634553034E-4 0.0014146715315092534 0.002210149906831236 1.8536771317441175E-4 
0.19616714021062068 -8.595326060704548E-4 -0.0018777535671045005 5.363174258383472E-4 0.0017196743775068695 -1.8313338652065688E-4 -2.6002774119032496E-4 0.0014142821696692034 0.0024283049096557423 1.909627733000248E-4 
0.7876528392227979 -8.518268578281689E-4 -0.001875595128042862 5.345384700688842E-4 0.0017149554926942398 -2.7765325884470505E-4 -3.176116784303767E-4 0.0014957616924754864 0.0022079912679542207 1.872472836604151E-4 
0.6924793540677056 -8.53500145574325E-4 -0.0018734234997727127 5.384776015839818E-4 0.001722527967354809 1.3314917517813697E-4 -3.139572173760725E-4 0.0014026420070176028 -0.0021148520783472132 1.874986431415957E-4 
0.6972748430274561 2.1838002992005407E-4 -0.0018755911127296928 5.377786131699132E-4 0.0017221731855888147 -1.9530816351623557E-4 -3.131807513910513E-4 0.00147257206101553 -0.002062636271304843 1.874986431415957E-4 
0.2827275444842985 2.2531773864373688E-4 -0.0018743766395975913 5.372663347356462E-4 0.0018087623966260894 -1.9567934803591696E-4 -5.165851497902524E-4 0.001412886738022421 0.002189818416354781 1.868714374795191E-4 
0.08560653796275097 1.1237179962254893E-4 -0.0018719191593161745 4.995433011922286E-4 0.0018083080913973198 -1.8772931536004827E-4 -5.128512546185828E-4 0.0014153909742039782 0.0021976076045252457 1.8710097110823204E-4 
0.6772491437331636 2.491945285680968E-4 -0.0018917285319724987 5.352489447699205E-4 0.0017233768757927831 -2.5449925663168096E-4 -3.266071810194102E-4 0.0014731170941626117 0.002534698231204059 1.7194702857240636E-4 
0.3403882131772798 -8.428274147832877E-4 -0.0018777441204805621 4.964172466792639E-4 0.0017020885459950264 -1.535131147920091E-4 3.147967297589278E-4 0.0014066632663788583 0.0020584527979360836 1.8721050777475E-4 
0.5385971956401666 2.1967351657985762E-4 -0.001891508738666811 5.37489185580392E-4 0.0017587567391063636 -2.2846298173316763E-4 -3.0067681346810336E-4 0.0014139714848308243 0.002443528203495765 1.70321433485974E-4 
0.11219767717838841 1.8423576124431898E-4 -0.0018776730557735742 5.352402402745463E-4 0.0017194691951468999 1.2952933885855772E-4 -2.951435129522745E-4 0.0014101576410369898 -0.0019220113843847648 1.6993298873980506E-4 
0.773286515754923 -8.556268438853076E-4 -0.0018934892790379548 5.35922886169858E-4 0.0017245508510376538 -1.793755844948134E-4 -3.0549625832521895E-4 0.001411842751365752 -0.0021047117926324094 1.817337102917852E-4 
0.32610922243418444 -9.007252668724105E-4 -0.0018777792498837376 4.970110922652602E-4 0.0017242306307637333 -4.8447994290450806E-4 -3.051405143192538E-4 0.0014661486995944481 0.002221584918602431 1.727507126558846E-4 
0.5174793024275564 -9.545906168057541E-4 -0.0018718327149294522 4.983458650056694E-4 0.0017235123190768858 1.2288552812089992E-4 -3.418749407664296E-4 0.001479237035959244 0.0021990803571442096 1.7475102069571644E-4 
0.005230149056992928 1.876962082506415E-4 -0.0018919150194514804 5.44270962653862E-4 0.0017147087644685227 -2.5004053130438524E-4 -3.176116784303767E-4 0.0014103958928731244 -0.0019225288918216735 1.762938681095797E-4 
0.0016076444546472002 -7.511106715408801E-4 -0.0018734237110120974 5.345314143432092E-4 0.0017147087644685227 -2.5004053130438524E-4 -3.176116784303767E-4 0.001409021393902643 -0.0019220113843847648 1.7303469575825762E-4 
0.16104738466286592 -5.276665908514997E-4 -0.00187778115904972 4.959957597428549E-4 0.0017104157552183953 -3.5829363751418216E-4 -5.550579299602136E-4 0.0014924803520603807 -0.00207154484094528 1.810084667176647E-4 
0.8936960351995594 -8.524484824426166E-4 -0.0018776312279485928 4.969450668130044E-4 0.0017755096249558924 -1.722999746204485E-4 2.745546796252372E-4 0.001408680401321607 -0.0019753673709960204 1.8834123699983777E-4 
0.8013245490776693 -9.00646793435314E-4 -0.001875095800705566 5.344185661740052E-4 0.0017555913820932708 2.0416079632542275E-4 -3.005302582586435E-4 0.0014864077622460884 0.002221986787770307 1.797949054017341E-4 
0.5447957427551711 -8.458736392490163E-4 -0.0018766656866524552 4.964172466792639E-4 0.0017020885459950264 -1.736260069706129E-4 3.147967297589278E-4 0.0014066632663788583 0.002058493557984999 1.873156604578511E-4 
0.33630043157282963 -8.895486013269586E-4 -0.0018777529204919833 4.961046249558939E-4 0.0017251019495689798 -4.878273886183041E-4 -3.051405143192538E-4 0.0014722880235589855 0.002060772518615894 1.8721154146817673E-4 
0.9179660148889189 2.1958250389176893E-4 -0.0018761141186382846 5.372960392078726E-4 0.001711294900889612 -2.44404965699998E-4 -3.0063619777062357E-4 0.001412523834459892 0.002188820837328887 1.8717003561487207E-4 
0.007324952761044057 2.3267364896584252E-4 -0.0018994192409900886 5.342908664058121E-4 0.0017144976437959067 -2.4797517550924017E-4 -3.037174901675201E-4 0.0014733878168709592 -0.0016365279477958058 1.861129026590631E-4 
0.08175112525516878 1.1215155801082408E-4 -0.0018743997702504371 5.368735293143183E-4 0.001808353367718533 1.1025797654596546E-4 -3.0480422850132354E-4 0.0014122144681445697 -0.0020002612915907287 1.6315286788625322E-4 
0.9415895106997745 2.3157840842948378E-4 -0.0018935981452919924 5.434392740877825E-4 0.0017244622453083146 -1.2469885562813943E-4 -3.036192497965865E-4 0.0014727565324035988 -0.0019753673709960204 1.8628401387175102E-4 
0.03577159583595868 1.9268674856937973E-4 -0.001893395218506687 4.964284886416658E-4 0.0017245861938861718 1.4957988121998815E-4 -3.1879524595563463E-4 0.00146879171079036 0.0020583705623538296 1.6193545336241498E-4 
0.9382936877984344 -9.884864506213313E-4 -0.0018777180428872818 5.092960994303797E-4 0.001808564455225894 -1.7277361060357837E-4 3.078404169366597E-4 0.0014194690456890108 0.0022118919747292115 1.7025372255125576E-4 
0.32059747934280647 -8.285537398796765E-4 -0.0018772233227030979 5.344969128785079E-4 0.0017238173657827993 1.0533098379922459E-4 -3.0508736018198623E-4 0.0014798007084390146 -0.0022146008998189318 1.8784700481063094E-4 
0.24061985682694287 2.297486392122722E-4 -0.0018718327149294522 4.964284886416658E-4 0.0017235123190768858 -2.565654254257413E-4 -3.420797444430793E-4 0.0014770371678583442 0.0021990803571442096 1.7475102069571644E-4 
0.8874413982538585 -8.524484824426166E-4 -0.001893074225974293 4.969137829232678E-4 0.0017242780943894748 -1.722999746204485E-4 -3.054840733194244E-4 0.0014067500020464657 -0.0019753673709960204 1.8824504954114313E-4 
0.23850925072344561 2.261835906696173E-4 -0.0018918123239483873 4.964143015890601E-4 0.0017259820373826116 -2.7371159333254786E-4 -3.0508315243623355E-4 0.0014082730630447357 -0.002004140961162532 1.8737103557041755E-4 
0.6728126206248919 2.6516737496595083E-4 -0.001876868664519808 4.947424029677816E-4 0.0017233768757927831 -2.5449925663168096E-4 -3.2645786859566067E-4 0.0014731170941626117 0.0020725559635753695 1.7194702857240636E-4 
0.2820663263079609 2.2531773864373688E-4 -0.0018743478383001875 5.372663347356462E-4 0.0018087623966260894 -1.9283709292301716E-4 -5.165851497902524E-4 0.001412886738022421 0.0024156856882911405 1.6178561513263513E-4 
0.8053556925165493 2.742204176316602E-4 -0.0018933230582386456 4.964284886416658E-4 0.0017558227613984094 1.5406360547959614E-4 -3.0036385186429725E-4 0.0014684899730649217 0.002215209636557211 1.6195735336088917E-4 
0.6169842454612005 -8.556268438853076E-4 -0.0018934892790379548 4.968770836666509E-4 0.0017245508510376538 -1.793755844948134E-4 -3.0549625832521895E-4 0.001411842751365752 -0.0018671123019548639 1.8742841401540156E-4 
0.114701462454488 -7.511106715408801E-4 -0.0018776502104386323 5.352402402745463E-4 0.0017144229436433808 -2.5004053130438524E-4 -2.9632076529700576E-4 0.0014732555198877597 -0.0019220113843847648 1.7025672523973876E-4 
0.7798821083109206 -8.526340136582587E-4 -0.001877703822955454 5.094392653515403E-4 0.0017259697365250332 1.1629182737049097E-4 2.763695916110886E-4 0.001419478743426654 0.0022118919747292115 1.7025372255125576E-4 
0.07055754927063401 2.685947086051655E-4 -0.0018734083568535578 5.374983492842221E-4 0.0017505209821105528 -1.9570631067319244E-4 -3.0067681346810336E-4 0.0014729408829728047 0.0024728239666010577 1.8443020944717748E-4 
0.012200767240101246 -8.570444655314511E-4 -0.001877740986867119 4.979040929249085E-4 0.0017236270664467187 -9.863257639516393E-5 -3.181852452036036E-4 0.0014687710330895368 0.002205969143818633 1.7494881090071368E-4 
0.9554484279839798 2.2317220079321373E-4 -0.001872408916169121 5.372960392078726E-4 0.0018087990677007405 -3.0216126485401677E-4 -3.005987737635522E-4 0.0014145691950905835 0.002188820837328887 1.8687879288417986E-4 
0.036749755106650794 1.9268674856937973E-4 -0.001893395218506687 4.964284886416658E-4 0.0018153340804414816 1.4957988121998815E-4 -5.107563958039192E-4 0.00146879171079036 0.0020583705623538296 1.6193545336241498E-4 
