0.0 3.522022668385603E-4 7.639667658310318E-4 8.95812015950183E-4 -0.0010454464413451382 -1.6362542784636834E-4 6.050994696950969E-4 1.3995499361120974E-4 9.802996805001957E-4 -9.407031535979944E-4 
0.999832103990558 3.413313004071632E-4 7.749596543876314E-4 0.001024759004627586 -0.0011838711577184169 1.2706446687070144E-4 6.050742545866679E-4 4.111217501201004E-4 8.513065944241764E-4 -4.139303834453128E-4 
0.02892758731558437 3.217553943118974E-4 7.705015398711638E-4 0.0010197155157117615 -0.0010583939241773958 -2.0017974816608563E-4 6.07646104771936E-4 3.9424360939114466E-4 8.458599383097979E-4 -7.491967707519153E-4 
0.9327050699836061 3.413052687064861E-4 6.556985358961999E-4 0.0010233401432352333 -0.0010842243636071057 -1.6695899732418405E-4 5.599613970161827E-4 1.1502007347061641E-4 0.0010226525022088168 -4.410230521506427E-4 
0.6500627036085032 3.594211651938365E-4 7.451683242560264E-4 0.0010208358493472638 -0.001119954256443155 1.8841665850461938E-4 6.114009203416077E-4 4.4888537749887856E-4 9.731779933736086E-4 -6.289473798919791E-4 
0.039768060741785724 3.575322605999959E-4 6.485615056343993E-4 8.801580082884363E-4 -0.001093420326111235 1.1961954523663677E-4 5.671083462739334E-4 4.7928906164571277E-4 9.997951539789075E-4 -9.3265054605163E-4 
0.8012088494164258 3.0423316284155556E-4 8.362100345860695E-4 8.861486947244081E-4 -0.0011247628992782895 -6.732886269197804E-5 5.60282159356546E-4 1.062488617939194E-4 9.769571883708357E-4 -5.327831104228886E-4 
0.056135331783655706 3.6312249323671147E-4 7.639737524710747E-4 0.0010376152299065129 -0.0010782029401566174 -7.329838941483827E-5 6.052086038771657E-4 1.2859012438101725E-4 9.82254417066005E-4 -4.214347280988479E-4 
0.0454244493436345 4.17735162061185E-4 7.629910492362018E-4 0.0010124873510210393 -0.0011874660775828343 3.6317649800920955E-4 6.100426706391176E-4 1.4933151037512256E-4 0.0010214759877758047 -7.616243514827687E-4 
0.9607392660555876 3.77397248714184E-4 7.76851021444259E-4 0.001019988290896867 -0.0011647672360604142 -1.5271081595802976E-4 6.050683003780483E-4 1.3507428262144282E-4 0.0010628144475919542 -8.94283938854597E-4 
0.012244702081463638 5.692583785535443E-4 8.321364721859223E-4 0.001018863477916196 -9.706745541622366E-4 -1.7418761043399571E-4 6.087114865304999E-4 4.121869675950991E-4 0.0010366384187545643 -9.24857817801309E-4 
0.6269146618464633 4.172486040946178E-4 6.612694195712504E-4 0.0010185956006520803 -0.0010709009541119026 -1.4931244272229803E-4 6.063518809054407E-4 1.6240927012419062E-4 0.0010079215311405616 -4.1029572666525095E-4 
0.6637366080707661 3.415654235551224E-4 6.503583095329695E-4 0.0010203235742594038 -0.0011070857625470791 -3.3562651331228035E-5 5.353851269121068E-4 1.4148473821505816E-4 9.942655668261405E-4 -4.3869463660471073E-4 
0.3446412295511098 3.047508597396097E-4 8.359485068518352E-4 8.917268811027392E-4 -0.0010834424363733676 -1.2815872610256774E-4 5.60282159356546E-4 1.7232564625119313E-4 9.769571883708357E-4 -7.614163303900248E-4 
0.8463624259196698 5.949899669821923E-4 8.393000628364744E-4 0.001112835444492434 -0.0010510714884029322 -1.8718709709892009E-4 5.60063479034454E-4 3.91939064841774E-4 8.437175994470897E-4 -4.563143654477711E-4 
0.02345224308108168 5.76851856842774E-4 8.407724626477757E-4 9.99437976428713E-4 -0.0013586994048536715 -1.69243807673821E-4 5.754863590082092E-4 1.185047121587683E-4 0.0012432184932346397 -7.463626483448925E-4 
0.463827286261976 3.3940553782768607E-4 6.496612076351208E-4 8.95212971653845E-4 -0.0010599432066148375 -1.7037447543990751E-4 6.052862829036655E-4 4.907841971742355E-4 8.379513553811312E-4 -7.56588636247573E-4 
0.33098112723582895 4.0059148587154547E-4 8.261317948477841E-4 0.0011334924780672603 -0.001165404050151003 -1.4182930746497929E-4 5.609820107679265E-4 3.4862780994327294E-4 9.864261389450728E-4 -4.3003079129544543E-4 
0.4475360414410038 4.1963414925372575E-4 7.705100095242922E-4 0.0010844523872032019 -0.0011997743599217216 -1.6053519721309544E-4 6.0600699512868E-4 4.8448838756805094E-4 0.0010673373955020539 -4.297787363150603E-4 
0.7779882754133817 3.7178347614209183E-4 6.629517459785506E-4 0.0010211366135331463 -0.001033702510884087 -1.2966903463000048E-4 5.63951374645595E-4 3.98531706550586E-4 0.00100793669538295 -8.22350169637635E-4 
0.9034590413731914 3.2420597461150667E-4 7.76219839530744E-4 0.0011114344789032804 -0.0010495889944920817 -1.6354847264533814E-4 5.592832413317942E-4 4.4098153461894136E-4 0.0010191971137375648 -5.620143748189971E-4 
0.31805327026921704 3.5249986017738607E-4 7.698537479808262E-4 0.0010383886985358877 -0.0010837812987722804 -2.7378553541916524E-4 6.076195953197813E-4 4.445460188191812E-4 9.773071377169925E-4 -7.618049654923107E-4 
0.4112714045359211 3.016105851552294E-4 7.699041604852935E-4 0.0010450138673077892 -9.80349789699346E-4 -1.9924189424386845E-4 6.049216352848899E-4 3.1612314818151526E-4 0.0010686802993274344 -7.584304647250868E-4 
0.0022358373429279266 2.9599780351150786E-4 7.846582508163985E-4 8.846375816472488E-4 -0.001104309069226259 -1.666802412839793E-4 6.050855199343438E-4 1.494084421626428E-4 9.80266808521547E-4 -5.344957395121186E-4 
0.5107444848720829 3.511974269955419E-4 8.26008431757283E-4 0.0010314127633671137 -0.0011131285841546293 -1.745907922718685E-4 6.053120043786105E-4 1.3669878691979808E-4 8.448559677464143E-4 -4.110352224063643E-4 
0.6819903012209603 3.5908524327558157E-4 7.640487068236931E-4 8.932225000672668E-4 -0.0010454464413451382 -3.18983007568519E-5 6.050994696950969E-4 3.6956516389400164E-4 9.807545876623896E-4 -3.2992414820367903E-4 
0.7575919932139148 3.613283960886895E-4 7.701621480795829E-4 0.0011191376472396426 -0.0010599432066148375 -1.650994072949293E-4 6.076195953197813E-4 3.1612314818151526E-4 9.868457848996011E-4 -9.471615711624688E-4 
0.576410685102027 4.5102941542679884E-4 8.318521962366907E-4 0.0010317770407607982 -0.0010834316941538988 -1.2795906926245037E-4 5.600916313944095E-4 1.235177772106983E-4 0.001037600825229373 -7.596572151237237E-4 
0.8711536943816464 3.218564790919646E-4 6.629517459785506E-4 0.0010185956006520803 -0.0011673930431408566 -1.2791504711121487E-4 5.63951374645595E-4 3.9305185089944395E-4 0.0010079215311405616 -8.22350169637635E-4 
0.005718632960965725 3.522022668385603E-4 7.639877062286531E-4 8.95812015950183E-4 -0.0010454695927636785 -1.6362542784636834E-4 6.076171765214009E-4 1.334908409659388E-4 0.0010048736470002217 -9.407031535979944E-4 
0.42306066328521297 3.594211651938365E-4 7.451683242560264E-4 0.0010208358493472638 -0.0011721032921250844 -5.879690175475322E-5 6.11319271118204E-4 3.7154915631737006E-4 9.731779933736086E-4 -6.26837487211261E-4 
0.4357457862018106 3.513839522638206E-4 8.325199942967033E-4 0.0010316113046663492 -9.780937704560193E-4 -1.9811680705959922E-4 6.049331846548178E-4 1.2902838372961842E-4 0.001067147617596146 -4.064790950182181E-4 
0.8152037728879853 3.7086487885826925E-4 7.701621480795829E-4 0.001039435680929458 -0.0010599432066148375 -1.6510140287288703E-4 6.076195953197813E-4 3.1612314818151526E-4 0.001004427150562789 -9.471615711624688E-4 
0.9440229500170138 4.0020949028495023E-4 6.500198476735578E-4 0.0010111116885026593 -0.0011051020656136516 -1.7419002263437968E-4 6.00567486136139E-4 4.485656895272802E-4 0.0010255710890343728 -4.4780361181910843E-4 
0.3965201064285412 3.5254090979937335E-4 7.709824595147431E-4 0.0010285971897792021 -0.0011122405568990835 1.258620890355024E-4 5.569749614182484E-4 3.709668456705439E-4 8.432376581590607E-4 -7.503681367626601E-4 
0.598832642732802 4.0042268851069E-4 8.26575172641241E-4 0.0010314127633671137 -0.0011715299311836189 -1.6347462797281504E-4 6.053120043786105E-4 3.4755008076523864E-4 8.449665268993915E-4 -4.0333807305915914E-4 
0.7413732902567663 3.4814675300353965E-4 8.293990216365533E-4 0.0010180210681857156 -0.0011131285841546293 -1.5425345683910398E-4 6.049247481976966E-4 1.3968340774160606E-4 0.0010671243336863537 -4.110352224063643E-4 
0.701740844774108 3.4699495383691136E-4 7.478772561606622E-4 0.0010233007844722526 -0.0010721943261094837 -1.6752479477531083E-4 5.357360728316845E-4 4.179762732574128E-4 0.0010284093276277245 -7.488657431000452E-4 
0.07639255877493512 3.5651342152770796E-4 6.481567277987907E-4 0.0010286047126570506 -0.0014550141830248764 1.258620890355024E-4 5.617970859908522E-4 3.695350052082058E-4 0.0010296864907153242 -4.6102008472308036E-4 
0.0074553971145896875 3.4693451585929194E-4 7.486466357655585E-4 0.001011123323427021 -0.0010632719584969285 -1.4987258418624777E-4 6.106489864059122E-4 6.166801782209882E-4 0.001021630527582044 -7.01782881778021E-4 
0.8861562061112016 2.9631352065952914E-4 7.634231970510342E-4 0.0010285543816843407 -0.0011096038163591919 -1.7359517718116895E-4 6.102580031172683E-4 1.2539382012796823E-4 0.0010176515358183303 -5.580163395648929E-4 
0.47677540673252966 3.318325546627598E-4 8.26575172641241E-4 0.0010180546580543593 -0.0011709903592953506 -1.1285223838375777E-4 6.063602571761147E-4 3.4755008076523864E-4 0.001027715478995651 -7.214650532678273E-4 
0.06268791238784632 3.522022668385603E-4 8.454385906689947E-4 0.0010113279259305569 -0.0010454464413451382 -1.6707747675657932E-4 6.050994696950969E-4 1.3996276465498854E-4 9.802733772131561E-4 -8.577547143896067E-4 
0.4966363859652756 3.5221257751229067E-4 8.260660686543161E-4 0.0010316121415890043 -0.0011139258671475892 5.990587929825746E-4 6.053120043786105E-4 1.3396350221074718E-4 8.433653824839141E-4 -4.1337853247114E-4 
0.24024705479755804 3.536962204905721E-4 6.561117333580294E-4 0.001018137819841041 -0.0010365659090727753 -1.1958537181150754E-4 5.622587853602774E-4 3.7272361859341585E-4 0.001027841520944789 -7.493006114785372E-4 
0.2724187443642542 4.369951394356783E-4 7.478813685340224E-4 0.0010118455313646894 -0.0010611768746113018 -1.73971325253635E-4 5.600916313944095E-4 1.3470108870776708E-4 9.812390380118238E-4 -4.120645187822631E-4 
0.22207583421346597 3.620402021495603E-4 8.364160764507997E-4 0.0010206911590245665 -0.0010827297419366054 -1.2748181288530912E-4 5.657920132567147E-4 1.734183502261804E-4 0.0010045086097224098 -9.372532679624866E-4 
0.19194961987954387 3.4060150915646406E-4 6.619748835530044E-4 0.0010246412746111964 -0.0011080052466074784 -1.6367733094656923E-4 5.599987172013347E-4 3.5711698596683594E-4 8.447980052391713E-4 -4.3625333919306957E-4 
0.2577452577560261 4.165656204038426E-4 7.705100095242922E-4 0.0010869716137386761 -0.0012045125870329436 -1.7025305628373585E-4 6.061176527868142E-4 4.4844135043074806E-4 9.673838378817985E-4 -7.313369375465534E-4 
0.586036258560903 3.383132002564008E-4 8.792822687571459E-4 0.001031667079574953 -0.0010439338727247897 -1.7490431507345865E-4 5.424213165926903E-4 1.2257474281511744E-4 0.0010214368245856675 -0.0011017379287556965 
0.731071169698554 3.218726722840177E-4 7.812895623828649E-4 0.0010198368599852058 -0.0011072104095598346 -1.737333690918282E-4 5.606385419824999E-4 4.412291111241955E-4 0.001007599800368308 -5.594193137332321E-4 
0.0850857851908301 3.5626164383536455E-4 6.500198476735578E-4 0.0011112153238410447 -0.0011154008329037422 3.701626738566269E-4 5.620182413810943E-4 4.6388623517718485E-4 0.00102909749044865 -4.6167954273240524E-4 
3.0352598770055916E-4 3.4877099161185067E-4 7.478810176933628E-4 0.0010111657160939574 -0.0010784930428592637 -1.4819565260539415E-4 5.582041598802779E-4 6.166801782209882E-4 0.0010370939728256516 0.0014925295486487044 
0.3588733561736277 4.1805770708402815E-4 8.369735178931683E-4 8.801044333015516E-4 -0.0011255178083201818 -6.663195467525113E-5 6.05883667429259E-4 5.257734079851819E-4 9.75632288063362E-4 -5.327831104228886E-4 
0.3776302799484683 3.199478789934305E-4 6.623826634579004E-4 0.001011859665894557 -0.0010575284480546267 -1.6897638370736549E-4 6.061743339033058E-4 4.354132365722795E-4 9.813656188247097E-4 -9.417236249859188E-4 
0.829374058726449 3.4835318587116934E-4 8.454135606238638E-4 0.0010135802962830081 -0.0011133270394178382 1.9066346403166987E-4 5.368304204749243E-4 1.3833807390517414E-4 0.0010677040092847236 0.0016260247573607813 
0.48738358505464685 3.2182263392819925E-4 8.253732387330901E-4 0.0010323975015879502 -0.0011139258671475892 5.990587929825746E-4 6.053120043786105E-4 1.3396350221074718E-4 8.433547386921274E-4 -4.1133406232603725E-4 
0.10807317642884312 3.492357322693814E-4 6.485615056343993E-4 8.907950732769394E-4 -0.001093420326111235 1.222910428438508E-4 5.662771976895033E-4 1.5727691850305812E-4 0.0010600933949380445 -4.298630440336131E-4 
0.3880799596598882 3.252921276670876E-4 7.851547793660221E-4 8.652761025049389E-4 -0.0010711916921342364 -1.6645686339744018E-4 5.602496946185065E-4 6.166801782209882E-4 0.0010116471597677913 -0.0011453245533364965 
0.5233088154530925 3.496598596016653E-4 7.753344387176554E-4 0.0010251837379273902 -0.0011080103865634707 -1.7456984367253558E-4 5.343327463007342E-4 1.3664040907019503E-4 0.0010033927354828715 -4.2047407885121115E-4 
0.001258276903800551 3.702587691974895E-4 7.478810176933628E-4 0.0010111657160939574 -0.0010784930428592637 -1.4819565260539415E-4 5.582345999601665E-4 1.11936793993997E-4 0.0010370939728256516 0.0014739136873231909 
0.14466383570920271 3.522022668385603E-4 7.640487068236931E-4 8.932225000672668E-4 -0.0010454464413451382 -3.18983007568519E-5 6.050994696950969E-4 1.581845640038619E-4 9.807545876623896E-4 -3.363096704667135E-4 
0.2537092727041237 4.195549043400192E-4 7.705100095242922E-4 0.0010869716137386761 -0.0011997743599217216 -1.4160353020859572E-4 6.0600699512868E-4 4.8448838756805094E-4 0.0010673373955020539 -7.318884413052952E-4 
0.15690081536599892 3.614572896379054E-4 6.683695606572185E-4 0.001129243862833987 -0.0010862187737237768 1.825663632962858E-4 5.59518325746898E-4 3.4914983697055925E-4 9.862465642335302E-4 -9.976382580020131E-4 
0.12857189379071926 3.5082500922569625E-4 6.481386092200218E-4 0.001024761626537966 -0.0010479304967060494 -2.9345436076884046E-5 5.652665248223098E-4 1.296523369182426E-4 0.0010597045621388492 -3.463974894512261E-4 
0.21088385520134462 3.537049501510227E-4 7.638123372316422E-4 8.95812015950183E-4 -0.001045066629485971 -2.824944482893143E-4 6.270041932057449E-4 1.5661334818425085E-4 0.0010363966784953534 -7.273158461797104E-4 
0.2854283082309333 3.5349853003492014E-4 8.26380672182845E-4 0.0010314127633671137 -0.0011718261746243143 -1.8614537141894806E-4 6.052449099863843E-4 4.428493205036495E-4 8.444413736532595E-4 -4.1351025249747694E-4 
0.3058848558396921 4.0042268851069E-4 8.260660686543161E-4 0.0010380412782322723 -0.0011131285841546293 -1.6952389085021365E-4 5.756923431943033E-4 1.3396350221074718E-4 0.001212825204239653 -4.138216015923722E-4 
0.10068301740351027 3.599228013626615E-4 7.390232894824529E-4 0.0010291665860638496 -0.0010843697553952212 -2.8964863718113784E-5 5.651365459120121E-4 3.3792684042166163E-4 0.0010180682869943792 -7.127603717060969E-4 
0.5307267282509006 3.203950172193282E-4 6.629517459785506E-4 0.0010185956006520803 -0.0010736267386805543 -1.8557894737376526E-4 6.026530422668008E-4 3.566486779227805E-4 8.436345887055664E-4 -4.029778564055051E-4 
0.6109119472187783 3.522829920342093E-4 6.44284337406757E-4 8.936861922588293E-4 -0.0010598949531697315 -1.6362542784636834E-4 5.556791134383044E-4 1.3491463114713426E-4 9.8167486444561E-4 -5.767756244410035E-4 
0.6918317193993779 3.4410420979618663E-4 8.309329933604737E-4 0.001023462790723714 -0.0010695667499004413 -1.6561009868926982E-4 5.361698483051126E-4 4.178443483087191E-4 0.0012483169438230674 -7.488657431000452E-4 
0.9793755608391749 3.5249986017738607E-4 6.51409089393483E-4 0.0010383886985358877 -0.0010837812987722804 -2.7378553541916524E-4 6.076195953197813E-4 4.485768976129634E-4 9.810468259611681E-4 -7.618049654923107E-4 
0.20587280789148324 3.522022668385603E-4 7.639667658310318E-4 8.95812015950183E-4 -0.0010454464413451382 -7.548579480170655E-5 6.050994696950969E-4 1.4808638565521966E-4 9.811317572116446E-4 -8.259756259772014E-4 
0.5589691801980347 4.0047617202456715E-4 8.268499475123503E-4 0.001031387157285024 -9.767238993174992E-4 -1.9723985149286432E-4 5.603799951289463E-4 3.4755008076523864E-4 8.447885656414963E-4 -4.0333807305915914E-4 
0.2937445817726538 3.995357717486193E-4 8.26380672182845E-4 0.0010314127633671137 -0.0011715320464350109 -1.6566736397468832E-4 6.092110042268491E-4 4.417519505678419E-4 8.444413736532595E-4 -4.1973823402911023E-4 
0.1963351793709375 3.624669967348017E-4 6.619748835530044E-4 0.00102799867439037 -0.0011082151585801521 -1.6367733094656923E-4 5.603744454594038E-4 3.561292682242151E-4 8.448217263774781E-4 -4.0383505925121386E-4 
0.01714615698572339 3.6321740747635966E-4 7.647253977343329E-4 0.001023280245943499 -0.0011083323474269905 -1.7942305714717516E-4 6.053033243974595E-4 4.749341663882674E-4 9.99122039519218E-4 -6.917584743596164E-4 
0.17894879428942698 3.622175097700062E-4 8.36414715010775E-4 0.0010206911590245665 -0.0011248051138834196 -6.665194947471942E-5 5.657920132567147E-4 1.0734156576890669E-4 0.0010045086097224098 -5.232634423251924E-4 
0.12126308602079983 4.172486040946178E-4 6.612694195712504E-4 0.0010185956006520803 -0.0010711695913292547 -1.4931244272229803E-4 5.651950482789441E-4 1.6240927012419062E-4 0.0010079215311405616 -9.351553220892918E-4 
0.8373383820885416 3.538617991343846E-4 6.624306775725977E-4 8.926814942034793E-4 -0.0010339792644873543 -1.2924646487859888E-4 5.657796185871226E-4 3.98531706550586E-4 8.414694637350582E-4 -7.572269625054946E-4 
0.15064990058383826 3.710450233050874E-4 7.753072110916641E-4 0.0010374510119979437 -0.0010803293057136906 -2.715757150856572E-4 6.267558843844605E-4 1.1297759874237588E-4 0.0010111902576626641 -7.257896178541143E-4 
0.2411951078526999 3.6184210387588047E-4 7.438273442935328E-4 0.001028612528281156 -0.0011746569896770773 3.7745400488765066E-4 5.622587853602774E-4 3.690619464181254E-4 0.001027841520944789 -7.58375776506329E-4 
0.9016758474665851 3.243097422515096E-4 7.76219839530744E-4 0.001035860865752396 -0.001106972440034883 -1.734566540490627E-4 5.606385419824999E-4 4.4098153461894136E-4 0.0010191971137375648 -5.594193137332321E-4 
0.17688873559812418 4.1961137196280476E-4 7.643798518529501E-4 8.994460650809867E-4 -0.0011997743599217216 -3.0576404740097164E-5 5.403827095392026E-4 4.8448838756805094E-4 0.0010619009671529202 -7.173508221475414E-4 
0.6182394989090145 4.1713259358411796E-4 7.814051979457906E-4 0.0010828670762702722 -0.0011997743599217216 -1.6362343353012798E-4 6.063158160622396E-4 4.8448838756805094E-4 0.0010641188708788443 -7.217637293159789E-4 
0.9854043696505306 3.0477451482441704E-4 7.837236329348965E-4 0.001022167078720576 -0.0011667831412488906 -1.2815872610256774E-4 5.60282159356546E-4 3.854314145884996E-4 9.769571883708357E-4 -7.367156787487318E-4 
0.7176368478681827 3.5509338934948897E-4 7.802218760157774E-4 0.0010288176336446216 -0.0011072104095598346 -1.6590795436519546E-4 5.606437057826156E-4 4.412291111241955E-4 0.0010295090904348348 -5.592690648218316E-4 
0.16705243320484434 4.1961137196280476E-4 7.814682688017209E-4 0.0010828670762702722 -0.0011997743599217216 -1.6575366575766946E-4 5.403827095392026E-4 4.8448838756805094E-4 0.001060314635317796 -7.173508221475414E-4 
0.016667697737535778 3.6459526825337194E-4 6.550346611522647E-4 0.00102799867439037 -0.0011082151585801521 -1.6367733094656923E-4 5.599987172013347E-4 3.561292682242151E-4 8.448217263774781E-4 -4.367082621722338E-4 
0.2770309670842958 4.0020949028495023E-4 7.68464506260901E-4 0.0010111116885026593 -0.0011051020656136516 -1.7419002263437968E-4 6.00567486136139E-4 4.44534810733498E-4 0.0010218314007901974 -4.4780361181910843E-4 
0.3685309681151733 3.4953543574324655E-4 7.703511629533509E-4 0.001125944811658654 -0.0010599432066148375 -1.5540672610647006E-4 6.060212289016594E-4 1.1383846613097696E-4 9.869456402095684E-4 -4.2704025736055675E-4 
0.5423516841383693 3.7554555553302016E-4 7.63482816801928E-4 0.0010234856660006882 -0.0011701170583793316 -3.3917276374025005E-5 6.046412639470557E-4 1.3897891451088658E-4 9.578840562230001E-4 -4.38117252318325E-4 
0.5454091341158019 3.7554555553302016E-4 7.63482816801928E-4 8.765571625131622E-4 -0.0011701170583793316 -1.9980278154632986E-4 6.045507968373793E-4 1.3892339743434972E-4 9.578840562230001E-4 -5.778559073927161E-4 
0.13632811848247114 4.1963414925372575E-4 7.814051979457906E-4 0.0010828670762702722 -0.0011997743599217216 -1.6356092975579616E-4 6.060227910835062E-4 4.8448838756805094E-4 0.0010637184154740536 -7.217637293159789E-4 
0.8751368047311173 3.199478789934305E-4 6.623826634579004E-4 0.0010275100625812578 -0.001057294712351123 -1.9028170306074657E-4 6.065410249400271E-4 3.931543860901238E-4 0.0010048154426468682 -8.20522865636801E-4 
0.3015952994179165 5.75897100319914E-4 7.643020121654634E-4 8.659198958762222E-4 -0.001358290673932981 -1.6952956605775747E-4 5.746126036379665E-4 6.248181786615687E-4 0.0012464330113239302 -9.915469209724292E-4 
0.22167030273437946 4.158476493303224E-4 7.628280407529428E-4 0.0010128216207668842 -0.0010635524003359757 -2.951004629276301E-4 6.113532587240055E-4 1.5519883570538765E-4 0.0010210102446798818 -6.974239031830953E-4 
0.09560631237991485 4.2204063551163886E-4 6.489060023293136E-4 8.980675505133846E-4 -0.001093420326111235 1.3550259637088471E-4 5.662771976895033E-4 1.5727691850305812E-4 0.0010600933949380445 -4.298630440336131E-4 
0.16514136432286725 3.622175097700062E-4 8.36414715010775E-4 0.0011218622648709045 -0.001127749143965077 -1.892009566296024E-4 5.601717358575093E-4 1.0734156576890669E-4 8.399396560683093E-4 -5.232634423251924E-4 
