0.9997169515807334 -5.389806705838502E-4 -0.001098797085499737 5.564939537946526E-4 -2.891802808871852E-4 1.6613391366739478E-4 0.0021668416424287353 -3.046299302873188E-4 -3.544661332312143E-4 -0.0024004899625028673 
0.0 -4.353025043950644E-4 -0.0011783822851522798 5.33330321114484E-4 -3.413331220590118E-4 1.7730678655714685E-4 0.0021035323709583794 -2.2826104847695634E-4 -3.5831995567246197E-4 -0.0023842293496897883 
0.6479598355801371 -4.35392332171764E-4 -0.0014324913682630847 5.687523924750091E-4 -4.3891648536882214E-4 1.7174612919960232E-4 0.0020559854348597842 -3.8933319066110437E-4 -3.5767093963877915E-4 -0.002383360379524292 
0.5030398321571881 -5.101433541076688E-4 -0.001177644855683556 6.354990573033598E-4 2.5105482210065764E-4 1.7086034238972372E-4 0.0020682217890945673 -6.127707453106363E-5 -3.747944620841767E-4 -0.0023925175788125108 
0.03216222140713243 -4.34021295775615E-4 -0.0011876082897675575 6.146099120112603E-4 -2.8560238802962875E-4 -2.3847777129465473E-4 0.002058241911537411 -2.1703944136241703E-4 -3.5868001648589777E-4 -0.0023995508501790655 
0.13127084531658995 -4.3494354119400934E-4 -0.0011817334473304647 6.449721164624271E-4 -4.890329213961317E-4 -2.862410598353535E-4 0.0022189254057038924 -5.3410705467813715E-5 -3.5753867812906E-4 -0.002405965068745647 
0.3299835337570554 -5.10658852255593E-4 -0.0011774812784471954 5.343816648330278E-4 2.7793168000603963E-4 1.7165894846543612E-4 0.0021312158457700665 -3.1180531913835096E-4 -3.5818754186098885E-4 -0.0024004253428186934 
0.19645045426443675 -5.160455532606129E-4 -0.0010930741327203077 5.471103361419997E-4 -3.625504992687944E-4 3.006262209453041E-4 0.00216728675458594 -2.3004551553292972E-4 -3.570193871739043E-4 -0.002408461056809249 
0.30670483825565176 -5.099497700929111E-4 -0.0010949183748517673 5.684583308204889E-4 -4.5806830239162764E-4 1.7156723108249607E-4 0.00214122552736707 -3.6700871345457926E-4 -6.301487773398169E-4 -0.002396537526613454 
0.6296195541459493 -5.505144540864336E-4 -0.0011311238370722947 6.119090336591913E-4 2.7753940932142673E-4 3.7214857189946744E-4 0.002104387477220411 -2.186330259290493E-4 -3.6632972910067966E-4 -0.0023925151946690474 
0.042947194060359045 -5.10658852255593E-4 -0.0011774812784471954 5.331745754441711E-4 2.387475896977081E-4 1.9038445416065148E-4 0.002118849543648662 -5.900311450863741E-5 -3.576888612825202E-4 -0.0023923545782560283 
0.7496378699930044 -4.327691286590341E-4 -0.0011790763379105722 5.849317978289741E-4 2.64214709265884E-4 1.712407018779852E-4 0.0021786042549264578 -2.2185779008806176E-4 -3.567567709626505E-4 -0.002396893565895776 
0.6705684723958748 -4.2063602284009744E-4 -0.0011876438445933568 8.423771012284023E-4 2.4000948628421134E-4 2.1732086270303115E-4 0.002044815548718387 -1.287622684794354E-4 -3.5733358183420765E-4 -0.0023930157819132213 
0.14313095186940522 -5.509505424038309E-4 -0.001142618302529018 5.347605394014967E-4 2.2603989190539425E-4 2.0471007385292292E-4 0.0020577625120815823 -2.9093745776844686E-4 -3.5805191260615256E-4 -0.0023931022009555554 
0.21021964952446048 -4.3300686789184557E-4 -0.0011298427989935914 5.306845226196293E-4 2.470679090768381E-4 3.727981792692115E-4 0.002092050010835036 -5.0082888155071365E-5 -3.661080573025649E-4 -0.0023954188840115717 
0.4787686089950788 -5.101209453273366E-4 -0.001130410635105595 6.356002872544841E-4 2.82562772254571E-4 1.345834607758088E-4 0.002246696883296103 -2.2708797113848072E-4 -3.5648816218436313E-4 -0.0023955120001938183 
0.25501990349763237 -5.138358202424533E-4 -0.0011775765166568593 5.587753369012611E-4 2.256685881467097E-4 2.3736595647177693E-4 0.0022194438027662144 -3.67461078587015E-4 -3.539792288479852E-4 -0.0023952860423835376 
0.4476424759016483 -6.024983639281592E-4 3.7462463062527536E-4 6.360748694752645E-4 -4.113412565986599E-4 -2.675615977406748E-4 0.002058309372584844 -2.3981892728734515E-4 -3.4440856193983834E-4 -0.002393272586177449 
0.3817359641692173 -4.4081628271178293E-4 -0.0011782045058938296 5.841027333161387E-4 -4.8654512228907894E-4 1.734573336597265E-4 0.0021455156308195587 -6.273383026445125E-5 -3.5586596435351064E-4 -0.002392874645904803 
0.9821768744207782 -5.472101198277468E-4 -0.0010983430059506591 5.564723159857114E-4 -3.6731852101826466E-4 1.9071211645378628E-4 0.0021216056094295315 -3.030699720039964E-4 -6.16198080085106E-4 -0.002409194509811437 
0.8945973105030991 -4.3112027186855345E-4 -0.0011790308471220962 6.378213926969467E-4 2.2247149617071787E-4 1.7300337321393705E-4 0.0020408234583809874 -4.294947662824051E-4 -3.420278947829247E-4 -0.002396839742617786 
0.27105498698046465 -5.102200563468149E-4 -0.0011813305849534164 5.495095558576053E-4 -3.852191636234588E-4 1.7160144940338035E-4 0.0020565391580204644 -3.737609926151008E-4 -6.317075747065943E-4 -0.002396432616400247 
0.8371535126832437 -5.967593604915159E-4 -0.001177908454436347 5.329514830309454E-4 2.4047534742741516E-4 2.2062559519842533E-4 0.0021629557997983133 -2.3591302738271386E-4 -3.6515896154562776E-4 -0.002401579628821217 
0.3702172877418116 -4.3449366631762037E-4 -0.0011813627477333087 5.684583308204889E-4 -4.5806830239162764E-4 1.661581490661231E-4 0.0020555191025292867 -2.1028381609797936E-5 -3.578055909272763E-4 -0.0023954326899062357 
0.35687289238976677 -6.017578600689147E-4 -0.001187041105385982 5.353226593124714E-4 2.0841519562387017E-4 3.971813749013953E-4 0.0020489359660880984 -2.3332637652016347E-4 -3.6767126920172485E-4 -0.002393312397513133 
0.18351501634050182 -4.2937802212595727E-4 -0.0011822843482638553 5.470229334148324E-4 -3.549400828496952E-4 2.9956693482037055E-4 0.0020643298969623817 -2.3004551553292972E-4 -3.570193871739043E-4 -0.0023946745472961774 
0.5569341500026259 -5.108652500629083E-4 -0.0011775844096587906 5.354658582190013E-4 -3.881659960111172E-4 -2.848123691098817E-4 0.0021667202271473383 -2.208548053271801E-4 -3.5818754186098885E-4 -0.0023931323055223375 
0.6990912723565073 -4.373499888282116E-4 -0.0010999062839283772 5.334617402214445E-4 2.655249400408761E-4 1.7760662202013922E-4 0.002066191109202168 -4.2035989627595713E-4 -3.5862676201269927E-4 -0.002383850773754333 
0.5167956497107372 -4.300938585256963E-4 -0.0010961635925764454 5.408652547477184E-4 -3.374153611203386E-4 1.7751030073998614E-4 0.002062870341741232 -4.2035989627595713E-4 -3.6943602719128645E-4 -0.002383850773754333 
0.006072770805811534 -5.30359302377516E-4 -0.0011783794806931914 5.327311876362875E-4 -4.874156161523809E-4 2.3890348587492206E-4 0.002146190234695994 -6.260094610438767E-5 -3.5769322689293594E-4 -0.0023923665107062966 
0.21994029277830823 -5.108652500629083E-4 -0.0011781068587982035 5.354658582190013E-4 -4.6222219324990206E-4 -2.848123691098817E-4 0.0021667202271473383 -2.3321787889781054E-4 -3.5818754186098885E-4 -0.0023931323055223375 
0.8819522530418318 -4.297615265973103E-4 -0.00118177091012716 5.363702210467906E-4 -2.882374489530748E-4 1.7079566663310766E-4 0.0020633356323275214 -4.2539923301547565E-4 -3.489536792904501E-4 -0.002394417923532758 
0.07186796965490422 -5.331350695608572E-4 -0.0010949183748517673 5.684583308204889E-4 -4.5806830239162764E-4 1.661581490661231E-4 0.0021425260838912764 -2.1028381609797936E-5 -3.4749197296291093E-4 -0.002395422943001275 
0.10248392717654514 -5.127960549194594E-4 -0.0014271678568688571 5.952784380244127E-4 1.885381875481036E-4 1.718369295099962E-4 0.0020456045920475147 -3.9326357415923126E-4 -3.9736079548212367E-4 -0.0023932898459290857 
0.05333273478498343 -5.472021172500788E-4 -0.0011858517970890438 6.036370626148879E-4 -3.6731852101826466E-4 1.9071211645378628E-4 0.002121368170832011 -3.908796060950276E-4 -6.16198080085106E-4 -0.002409194509811437 
0.7321857715907346 -4.304346728838288E-4 -0.0011773686580706703 5.849317978289741E-4 2.64214709265884E-4 2.374767005711395E-4 0.0021477161565918597 -2.211232009812388E-4 -3.5648739304968894E-4 -0.0023949319182613718 
0.7117354880499416 -4.251104485837927E-4 -0.0011289962729186438 5.689960806952561E-4 -3.9385008853856857E-4 2.179831538771104E-4 0.00211932967090309 -5.532102488526436E-5 -3.57501093122245E-4 -0.002392403492738261 
0.806131711721484 -4.339253321969192E-4 -0.001186849013309448 8.583556260846213E-4 3.568627639318789E-4 -2.229057122483597E-4 0.002055864327228081 -3.116752929809887E-4 -3.836554786818976E-4 -0.0024000442731876804 
0.0010406496452009528 -5.475862620552398E-4 -0.0011896963061996117 5.650575983806602E-4 -4.0695075139030837E-4 2.3486882543715166E-4 0.001984727930785026 -1.2895799628267845E-4 -6.713847045886243E-4 -0.0023957394223163395 
0.1524770593053091 -5.126852977045392E-4 -0.0010944694185881594 8.272736879221471E-4 -3.748645053998833E-4 1.7391877644777487E-4 0.0022318383326551416 -2.3374295370147427E-4 -3.4741118948434065E-4 -0.0023944297485815713 
0.588914236419326 -4.3433093246972006E-4 -0.0011817334235860622 6.48091508341155E-4 2.5365450587844056E-4 -2.9478213775476115E-4 0.002068330412299556 -3.083298747015841E-4 -3.59997468127777E-4 -0.0024060377495287878 
0.11009039265146853 -5.331350695608572E-4 -0.0010949183748517673 6.381185328907539E-4 2.527099371683487E-4 1.7277956450520844E-4 0.0021443258230788124 -2.1028381609797936E-5 -3.5777045080221206E-4 -0.002395422943001275 
0.9372803914723049 -5.083657904717465E-4 -0.0011044143365605372 5.691787078115576E-4 2.226101526752077E-4 3.643444612635068E-4 0.002128823032964883 -2.2750201468259998E-4 -3.669339843000964E-4 -0.0023953984050372 
0.24647783386896752 -5.372349582374273E-4 -0.0011640509683063184 6.345463298113285E-4 2.3437283454361376E-4 2.1890662727088456E-4 0.0020674298879091533 -4.415569678160577E-4 -3.4464361628028814E-4 -0.00239584521819824 
0.01215118406965257 -4.383274427617568E-4 -0.0011802190207552432 5.703937476347917E-4 -4.874156161523809E-4 2.3890348587492206E-4 0.002146190234695994 -6.260094610438767E-5 -3.5769322689293594E-4 -0.0023923665107062966 
0.7645685582831605 -5.846340737210087E-4 -0.0011814979596844065 5.572117215429438E-4 2.5935957014503825E-4 1.7160158850125504E-4 0.0020570285402951613 -3.735267152378789E-4 -3.5430037806434783E-4 -0.0023951696864038642 
0.3456813471553599 -5.10658852255593E-4 -0.0011774812784471954 5.35156514333121E-4 2.3284762494784174E-4 1.7163929921116874E-4 0.002118849543648662 -2.2826879854211658E-4 -3.5818754186098885E-4 -0.0023931323055223375 
0.7732429895275081 -5.077123536219955E-4 -0.0011870374555074386 5.898833936776996E-4 2.952467421497398E-4 -2.1852047447410442E-4 0.0021296643020259362 -3.748079446941289E-4 -3.438937254450115E-4 -0.002394443289702238 
0.059726367868352906 -5.384580724243272E-4 -0.0011900433002633984 5.650575983806602E-4 -4.0695075139030837E-4 2.3486882543715166E-4 0.001984727930785026 -1.2895799628267845E-4 -6.814413344008685E-4 -0.0023957394223163395 
0.06495087917412197 -5.332791324613339E-4 -0.0011827976402496833 5.331745754441711E-4 2.387475896977081E-4 1.6559701641073767E-4 0.002120169245831756 -5.910831877551132E-5 -3.474753069003918E-4 -0.0023923188986231417 
0.17545836105311574 -4.2925414780617887E-4 -0.0011822843482638553 5.471785787568762E-4 -3.549400828496952E-4 3.0501003586687076E-4 0.0020643298969623817 -2.29761376327205E-4 -3.570193871739043E-4 -0.0023946745472961774 
0.6098073348833897 -5.493942313598524E-4 -0.0010881508830504203 8.431243278798174E-4 -4.119375682992228E-4 1.9301139473726172E-4 0.002054515666396878 -2.1576911378169976E-4 -3.643367826599303E-4 -0.002383958988208714 
0.0947458596753086 -5.883379585347179E-4 -0.0011809960440212065 9.317880923588962E-4 -3.7460810791435374E-4 3.160107452732615E-4 0.002167509300119526 -4.3066203208429903E-4 -3.565717489526512E-4 -0.002395519650131741 
0.27841877576387863 -5.138358202424533E-4 -0.0011775765166568593 5.56751791868716E-4 2.2639691841863034E-4 2.3736595647177693E-4 0.0022194438027662144 -3.67461078587015E-4 -3.539792288479852E-4 -0.0023949938146981156 
0.4596669383168486 -5.122852861040716E-4 -0.0011700746691504097 5.576313866716807E-4 2.0051348217000665E-4 1.8875414053935033E-4 0.002229504616808467 -1.9977668238411997E-4 -3.360694528018897E-4 -0.002406411800801753 
0.07894148098144405 -5.23359236757826E-4 -0.0011298427989935914 5.306845226196293E-4 2.470679090768381E-4 3.727981792692115E-4 0.002091303039918927 -5.273470387307788E-5 -3.6610569034716917E-4 -0.0023925066005337577 
0.16044388658905998 -5.138358202424533E-4 -0.0011815556313663506 5.56751791868716E-4 2.2639147529754277E-4 2.3736595647177693E-4 0.0022194438027662144 -3.67461078587015E-4 -3.539792288479852E-4 -0.0023949938146981156 
0.1672555896711638 -5.507453656784745E-4 -0.0011048145426303278 5.714618767252741E-4 2.2093335230679683E-4 1.6918943069351827E-4 0.002128027670694541 -2.2463707329869963E-4 -3.47902522270612E-4 -0.002395229279870972 
0.9621853117960271 -5.33448789079563E-4 -0.001178258290908739 5.641066757839156E-4 2.555660520703342E-4 3.6682318306116964E-4 0.002062174156468819 -1.2665576604274973E-4 -3.7442150932003845E-4 -0.0023944974883655964 
0.047096751292401706 -4.309082369966706E-4 -0.0011790666851203453 5.350016832357059E-4 2.2247149617071787E-4 2.3963303012629211E-4 0.0020408234583809874 -4.3566150157560614E-4 -6.76711733285891E-4 -0.0023968745585950715 
0.23610803236058886 -5.098099349428455E-4 -0.0011698452656008238 5.841442115905851E-4 -3.963079554668621E-4 2.0430708047955903E-4 0.0021090005558220036 -4.32158699704291E-4 -3.357376423610253E-4 -0.0023927102165638525 
2.285901945479063E-4 -4.3552907219377573E-4 -0.0011782992793103603 5.690515542426072E-4 -4.6598125054939576E-4 2.3807949913793133E-4 0.002147615674119797 -5.601550259501655E-5 -3.5866089218509475E-4 -0.0023956163434370997 
0.22997090249465263 -4.3797414038347567E-4 -0.0010999062839283772 8.512227879444066E-4 1.9652564236419202E-4 1.736373532421133E-4 0.002078966767155762 -4.0906561180623107E-4 -3.6949850016314225E-4 -0.002383850773754333 
0.6854539480408458 -5.23359236757826E-4 -0.0011714457380277241 6.335828347088212E-4 2.470679090768381E-4 3.727981792692115E-4 0.002091303039918927 -5.273470387307788E-5 -3.653414938766349E-4 -0.0023925066005337577 
0.017087089858578403 -5.513107340408527E-4 -0.001092892487259909 5.362667969955227E-4 -5.100099868608687E-4 2.1584570478184767E-4 0.002221750648730105 -2.319373392309344E-4 -3.5661130224830907E-4 -0.0023953990044851526 
0.41402556766577875 -5.017954007260878E-4 -0.0011774812784471954 5.343816648330278E-4 -5.734123093827982E-4 1.7165894846543612E-4 0.0021312158457700665 -2.397903516130629E-4 -3.5818754186098885E-4 -0.0023944703509844525 
0.5732383133665008 -5.068124929807065E-4 -0.001181676208404743 5.479800140372198E-4 -3.761569469390562E-4 1.7164023479201803E-4 6.761919499339963E-4 -2.875053153474237E-4 -3.584602831032445E-4 -0.0023950730230583727 
0.396384111251679 -5.265215724098212E-4 -0.0011626711956864697 5.307957708219847E-4 -4.1825708892388524E-4 1.661581490661231E-4 0.0021414148779276194 -2.0539519829915225E-5 -3.578055909272763E-4 -0.002395422943001275 
0.02378855587318962 -4.245289403566415E-4 4.0414846828137755E-4 6.094010547355624E-4 -2.851337841577315E-4 1.9457124975285587E-4 0.0021173504237594477 -2.4011139311879987E-4 -3.573153674879098E-4 -0.0023932885340083245 
0.018625138865485696 -5.460975839863291E-4 -0.0011659526009443056 5.695414207446133E-4 2.031794619680966E-4 1.6949078354346457E-4 -0.002097449233008363 -4.889256203333707E-4 -3.6819011610105017E-4 -0.0023958904232670906 
0.39965697463222105 -4.344897127940619E-4 -0.0011645107357485217 5.684583308204889E-4 -4.1825708892388524E-4 1.661581490661231E-4 0.0021414148779276194 -2.0539519829915225E-5 -3.578055909272763E-4 -0.002395422943001275 
0.912108623955602 -5.060752401169253E-4 -0.0010975595695638216 5.844603073412443E-4 2.200034577789759E-4 2.017373927231053E-4 0.0021094421042168027 -2.8800059680709317E-5 -3.5791695389404536E-4 -0.002400729897139501 
0.11897695010676049 -5.30359302377516E-4 -0.0011783794806931914 5.327311876362875E-4 -5.075885568857979E-4 2.3715767383183489E-4 0.0021461002999456826 -6.260094610438767E-5 -3.5758076718615567E-4 -0.002394398803067783 
0.6154027473692827 -4.329266063752678E-4 -0.0010967816003499963 6.445416985201654E-4 -4.873784202352092E-4 3.970695076938103E-4 0.002160370199562838 -7.876333608095166E-5 -3.5617122386466635E-4 -0.002392833140254436 
0.7876812969359355 -5.10658852255593E-4 -0.0011774812784471954 5.3318200709152E-4 -4.82947204485798E-4 1.9038445416065148E-4 0.0020561898138323938 -2.2826879854211658E-4 -3.5818754186098885E-4 -0.0023931323055223375 
0.5416681534347192 -5.513107340408527E-4 -0.001092892487259909 6.372871159337873E-4 -5.100099868608687E-4 1.8097643312860477E-4 0.002221750648730105 -2.2086873269288806E-4 -3.583877965217445E-4 -0.0023953933056103625 
0.4179663787214109 -5.121691442057475E-4 -0.0010934725457497178 5.471103361419997E-4 2.47350131936386E-4 1.7142832856537857E-4 0.0021156566342942626 -2.3339993443817432E-4 -3.787549156351124E-4 -0.0023960540356701442 
0.43215715819096623 -4.309082369966706E-4 -0.0011790666851203453 6.378213926969467E-4 2.2247149617071787E-4 1.7298276418284782E-4 0.0020343080144009807 -4.294947662824051E-4 -6.76711733285891E-4 -0.0023968745585950715 
0.002926590857758888 -4.309082369966706E-4 -0.0011790666851203453 6.378213926969467E-4 2.2247149617071787E-4 1.784300161209352E-4 0.0020408234583809874 -5.716770179904987E-5 -6.776865001147595E-4 -0.002395257965588885 
0.8187893697428407 -5.052714863517107E-4 -0.0010967380831098657 5.62140926367998E-4 2.200034577789759E-4 2.3731573655908463E-4 0.0021091422970067625 -6.098864081632613E-5 -3.567536573027334E-4 -0.002400472416921008 
0.8521815226627605 -4.245289403566415E-4 -0.0011784748290075773 6.094010547355624E-4 -2.851337841577315E-4 1.9824073076221612E-4 0.0021179183160733276 -2.185025723352034E-4 -3.5739639296452236E-4 -0.002392515226548931 
0.33709846699089696 -6.017578600689147E-4 -0.001187041105385982 5.689734057728996E-4 -3.498241849343721E-4 3.971813749013953E-4 0.002118528144724933 -5.529377684107454E-5 -3.573375470448447E-4 -0.002393285957842133 
0.7930612840770126 -4.172077334380752E-4 -0.0011877189164439662 9.329896994352147E-4 -3.6420963991516594E-4 1.9491702213261783E-4 0.0020626672442322176 -3.8678430742374747E-4 -3.7903951502615694E-4 -0.0024054806115952143 
0.08890598061884433 -4.275306463030967E-4 -0.0011872950817732608 8.166289223237122E-4 2.7826962501821415E-4 -2.1952793277474851E-4 0.0021365200174606872 -3.165888196030674E-4 -3.843623639968387E-4 -0.002394358520005193 
0.08427750361348504 -4.2855887175546767E-4 -0.0011774812784471954 5.343816648330278E-4 2.7793168000603963E-4 1.7165894846543612E-4 0.002131090763129112 -3.1180531913835096E-4 -3.5818754186098885E-4 -0.0024004253428186934 
0.9933943928725819 -5.334402725123362E-4 -0.0010950468579856356 5.687970330563594E-4 2.970439340510742E-4 3.6682318306116964E-4 0.002062174156468819 -1.2665576604274973E-4 -3.7442150932003845E-4 -0.002395359822471328 
0.5485917223644116 -4.318721263448256E-4 -0.0011775080411004087 6.379495150559564E-4 2.4072024374870144E-4 1.7873749657656098E-4 0.0020559704478747103 -2.2076349478029146E-4 -3.5818754186098885E-4 -0.002393174535936601 
0.9215447019815779 -4.2928727213873444E-4 -0.0011003039525924372 5.691787078115576E-4 2.2460106151783637E-4 2.3754110231047974E-4 0.002167470039407731 -2.2683452998586436E-4 -3.7162480742749485E-4 -0.002400352603690381 
0.026005573038607926 -5.107077061097165E-4 -0.0011870691016886916 5.898833936776996E-4 2.9360722239953865E-4 -2.1852047447410442E-4 0.002131318764646979 -4.753698149133342E-4 -3.438937254450115E-4 -0.002394431125136449 
0.43105448086499176 -4.275306463030967E-4 -0.0011868169064061468 5.700273266402176E-4 2.7826962501821415E-4 1.729561420682883E-4 0.0021365200174606872 -3.1661320658288707E-4 -3.841449635877683E-4 -0.002394358520005193 
0.2995173449754754 -4.344930362966828E-4 -0.0011796828192759913 5.685576243814451E-4 2.0271500795414948E-4 1.7870748124131013E-4 0.0020628618242583235 -2.2750201468259998E-4 -3.651240914787571E-4 -0.002395429408528871 
0.8677968624753786 -4.297214979061468E-4 -0.001097623333986892 9.283298263091844E-4 -5.240304861764797E-4 1.6604284507684212E-4 0.0020558382521104488 -2.9236198407260703E-5 -3.571497023415886E-4 -0.0024027254311759444 
0.46791849834560356 -5.23359236757826E-4 -0.0011305304508520287 5.306845226196293E-4 2.865863259581601E-4 3.703573071386526E-4 0.002091473098909283 -2.2599194707648967E-4 -3.560525160052747E-4 -0.002401579628821217 
0.6788046817264364 -4.3272822470788626E-4 -0.0014324913682630847 5.687523924750091E-4 2.4000315001698858E-4 1.7174612919960232E-4 0.0020581175500634587 -3.8933319066110437E-4 -3.5767093963877915E-4 -0.002405317507999117 
0.002678310110356741 -5.295492994776762E-4 -0.0011783794806931914 5.327311876362875E-4 -4.8738390415475495E-4 2.3890348587492206E-4 0.002146251575997496 -6.260094610438767E-5 -3.3517974124409075E-4 -0.0023923924013130276 
0.848616607317094 -5.967593604915159E-4 -0.001177908454436347 5.306845226196293E-4 2.4047534742741516E-4 3.703573071386526E-4 0.0020913792975167014 -2.3618059690208348E-4 -3.6610569034716917E-4 -0.002401579628821217 
0.5278308306308426 -4.344930362966828E-4 -0.0011796828192759913 5.685576243814451E-4 2.0271500795414948E-4 3.238199755994086E-4 0.0020626054466667144 -4.44731707916447E-4 -3.651240914787571E-4 -0.002395445010059929 
0.530808105596997 -5.89053506502747E-4 -0.0011810750210613885 9.538147778126935E-4 -3.7460810791435374E-4 3.160107452732615E-4 0.0020493502945117615 -4.424726840336271E-4 -3.584357630617336E-4 -0.0023924395052647932 
0.010022669893760106 -4.264223376829477E-4 -0.0011776040384944013 9.244313229156484E-4 2.2349041053456215E-4 2.3678244698807573E-4 0.002147615674119797 -5.997915594252741E-5 -3.581853252999716E-4 -0.002393215407943422 
0.8682688019668154 -4.3521534261318974E-4 -0.001097623333986892 9.283298263091844E-4 -5.168884180754088E-4 1.6604284507684212E-4 0.002055741704446349 -2.9236198407260703E-5 -3.57096094801124E-4 -0.002401166076660524 
