0.9998503899650718 7.10208650479937E-5 -2.8180403472758653E-5 -4.521340913502636E-4 5.452696629655665E-4 1.766690379150187E-4 0.001072526274571736 -7.996054430437416E-5 -0.0019344344402099304 0.0012915836389584372 
2.5625060771319485E-17 4.542456448640691E-5 1.150797245034975E-4 -4.591958792908206E-4 6.30589791606302E-4 1.7971079539661345E-4 0.0011297968767782773 -1.0690660246268931E-4 -0.0019329200961185331 0.0010359956564973116 
3.9100648806933425E-4 -5.055258463805949E-4 -5.050257136517591E-4 -4.328959628339793E-4 4.809610282832529E-4 3.8111415525902693E-4 0.0010661026060472141 -1.2975091905337654E-4 -0.001967532768182783 0.0012775682028630332 
0.32781030660631627 -5.051780100218628E-4 -1.0462447835590471E-4 -4.346127176737231E-4 4.728473700306796E-4 1.2647440647336718E-4 0.0010648414214799783 -1.0595911371963929E-4 -0.0019656005844403872 0.0012899232370602784 
0.9752997571705029 9.78943383373915E-5 1.7112385413225193E-4 -4.5419259585793875E-4 6.304166810960281E-4 3.552041930637187E-4 0.001164132858264256 -2.1644049974632487E-4 -0.001976583382813633 0.001287587431060513 
0.954283608320124 3.847246933380296E-5 -2.2241555526847064E-5 -5.65553546080514E-4 6.077705495357778E-4 2.4477729234805186E-4 0.0010714745310164136 -9.348451725865626E-5 -0.0019376056462646985 0.0011694058630509086 
0.005076780727023764 -4.929267905108329E-4 -5.017300589391338E-4 -4.4143607315812086E-4 6.357127246294811E-4 1.8394912384514338E-4 0.0011635018788161173 -1.0309079234381407E-4 -0.0019782980000349628 0.0012926941356331918 
0.3025303627980217 -5.055562721796158E-4 2.1763449903545835E-4 -5.486180756607854E-4 4.761855196253739E-4 3.5383801254768195E-4 0.0010655331176456318 -9.614377683401091E-5 -0.001962971613236911 0.0013370987214466686 
0.8135599626977755 -4.934285394620564E-4 -3.403121292571844E-4 -5.665599956209132E-4 8.671995243538042E-4 3.19415906634285E-4 0.0011306095195811503 -1.1377631418171395E-4 -0.001967932606497994 0.0013353243129384854 
0.03671273799742235 4.5094569562044086E-5 -3.0410443262703335E-4 -4.665535782475112E-4 8.832791899175457E-4 3.753902610108788E-4 0.0011307744892998868 -1.5670210263215255E-4 -0.0019328574775957532 0.0012814552743572228 
0.17901950171390985 -5.126999492015038E-4 -1.2963530947817997E-4 -4.204987794443726E-4 5.50350832435799E-4 3.6354627075102784E-4 0.0011635018788161173 -1.0594256901183984E-4 -0.0019782980000349628 0.0012904741007842778 
0.7908658406295861 -5.066482654971201E-4 -9.028545148044832E-5 -4.735458469511801E-4 5.504889754522344E-4 3.108742821951919E-4 0.001084156558091775 -9.389066937818143E-5 -0.001964234449549992 0.0012856468972216948 
0.2700261791611832 -5.168941941552533E-4 -2.1284240346288954E-5 -4.287191340666212E-4 6.05244525943983E-4 7.401321368023833E-4 0.0011309434863990607 -1.0625720292628538E-4 -0.0019637473064278107 0.0010224522840744344 
0.4690412376236026 -4.7321631111610916E-4 -5.037825593835207E-4 -4.6547519318757664E-4 6.279404477643985E-4 3.5633858025405524E-4 0.0010769765140398483 -9.306049227599665E-5 -0.0019307690543654814 0.001336691015394833 
0.49473265397915595 -5.328775342275291E-4 -3.4358776922098326E-4 -4.5119902352240446E-4 6.310065442830396E-4 3.5272994597600936E-4 0.0011633181072461043 -2.0758765898398792E-4 -0.0019769912457068013 0.0012877018668994154 
0.08804776961949151 2.1752826250866972E-5 -4.628223596375147E-5 -4.6701519045929665E-4 8.82801090798879E-4 1.741580783901635E-4 0.0011525894630439223 -1.1233575851366784E-4 -0.0018973872807253349 0.0012812317942632952 
0.7484446123609527 4.3238830017321416E-5 1.3696432302534738E-4 -4.3881241012437756E-4 5.423627503984761E-4 1.7285058706122916E-4 0.001167070294617333 -1.5558651816709957E-4 -0.0019547639848310878 0.0013335986823220381 
0.5115204434918809 9.727400419509393E-5 -8.884043078047787E-5 -4.366663197807289E-4 4.7920157719551996E-4 2.6439165714137484E-4 0.0011757609539588293 -2.0750207965190145E-4 -0.0019346947342930932 0.0012776517412923882 
0.6933749725770921 -5.41478274301801E-4 -7.827613615173299E-5 -4.224929319128379E-4 5.037082613468288E-4 3.0213874927914565E-4 0.0011641804094770485 -1.0520327404499465E-4 -0.001978411762308908 0.00122462735269128 
0.3650845581286615 1.5222726081762596E-5 1.7567777511122543E-4 -4.344021202288859E-4 8.818574619711324E-4 1.6831798610789767E-4 0.001112216899757743 -1.06294637935117E-4 -0.00192535189878355 0.0013358815556844652 
0.3384718369017593 -4.982253307796927E-4 2.6857905102851357E-4 -4.311637451260637E-4 6.061214317721428E-4 3.1734946821527967E-4 0.001715966183967292 -5.710964056375868E-5 -0.0019253594917042754 0.0013338474770147749 
0.13553693803259215 -4.6615940688884744E-4 -2.334901699381315E-5 -5.990513652465695E-4 6.4339965925536E-4 3.508488680631901E-4 0.001110263793207082 -9.561716209978259E-5 -0.0019244157982889454 0.0012923308347083334 
0.02081636945385738 -4.927404253897134E-4 9.532127498719858E-5 -4.620583802311404E-4 6.290114151890685E-4 3.2735342780852977E-4 0.0011285245126390327 -1.5610617477536599E-4 -0.0019348480242005425 0.0012741998258129033 
0.48374668963534073 4.862773455369975E-5 -2.2957370828869013E-5 -4.2061009576368564E-4 6.43702766795044E-4 2.5918102990676753E-4 0.0011563474505200517 -1.033760821688529E-4 -0.001976245300969233 0.0012782730008471682 
0.4207163576337606 6.240202037512074E-5 1.3742762296639738E-4 -4.528278871735553E-4 5.777146697344151E-4 3.540782394124253E-4 0.0011685484303031036 -1.549177018048958E-4 -0.001925911012583574 0.0012915836389584372 
0.07088694553812322 4.5793294071020546E-5 -4.6521155254963245E-4 -4.5141940091973946E-4 5.535400055430768E-4 2.933487394726703E-4 0.001065784474509416 -1.0583993105922203E-4 -0.0019327392548101345 0.0013854354167121424 
0.6368836419290236 6.106767011112085E-5 -3.3644486405708687E-4 -4.624429851767059E-4 5.841900907073149E-4 3.3215980409826606E-4 0.0010831878818433518 -1.1478045879742665E-4 -0.0019041557800424458 0.0012918041824231147 
0.057952936436288904 -4.934370016500003E-4 -2.840555273695825E-4 -4.840931429858543E-4 8.788738083087559E-4 3.2759029471331094E-4 0.0011297322729133274 -2.1267866351663107E-4 -0.001931172990422371 0.001287858726608207 
0.39886825260470216 -5.177507032027716E-4 -7.842058413670268E-5 -4.293256739234472E-4 6.052193458684083E-4 1.691336193446846E-4 0.0010738677706564948 -1.2773442134687214E-4 -0.0019041587329094824 0.0013323925601665787 
0.2808637677407935 -5.048192645603212E-4 2.1763449903545835E-4 -5.484440022365115E-4 4.7363405672107517E-4 3.5383801254768195E-4 0.0010655331176456318 -9.622174305550876E-5 -0.001962971613236911 0.0012899232370602784 
0.8924966090805795 -5.126154521416256E-4 -1.295780034636535E-4 -4.389942045323581E-4 6.013652205871047E-4 2.983818015118557E-4 0.001155247710001979 -1.0394335713302411E-4 -0.001919712550859928 0.0010382953420428075 
0.780506197989507 7.059634302571918E-5 9.484385963210183E-5 -4.3732373499978113E-4 5.480148063032755E-4 3.404985371049587E-4 0.0010751316847874169 -8.728478440489255E-5 -0.0019332212325846403 0.0010674160268138225 
0.9126079008681554 6.710994331100641E-5 1.4624486669024428E-4 -4.38020710226061E-4 5.469649571382979E-4 2.448964176450459E-4 0.0010715261091175984 -1.801697388701215E-4 -0.0019054330809801668 0.0011779524327146498 
0.02644816773278086 -4.982253307796927E-4 -7.791474105678557E-5 -4.324881974635681E-4 6.360981244299624E-4 3.1734946821527967E-4 0.0011738262147149088 -2.2073034183685264E-4 -0.0019331439560181037 0.0012881890626574041 
0.5945769799222516 3.425775579105056E-5 -3.70672113545684E-5 -4.630086174104436E-4 5.591029404912254E-4 1.7668325492902463E-4 0.001081934832538393 -1.0375323443659684E-4 -0.0019047930364072343 0.0013325865535763612 
0.5834056978260838 -5.406930370606938E-4 -9.646725156168314E-5 -4.6300953917415694E-4 5.71022025086282E-4 3.5296636316035505E-4 0.0010821682260601236 -1.3542224661477597E-4 -0.0019053848568132683 0.0012156849044859636 
0.09881020891697972 4.694341969176172E-5 -4.777133767114199E-4 -4.643892115587248E-4 5.555968872957404E-4 2.2530865175709265E-4 0.0011512857766285466 -1.1273289353158766E-4 -0.0019183004364128542 0.0013323748505464238 
0.35238599540385457 1.706679274510639E-5 -3.4353032646900606E-4 -4.339387848842709E-4 6.06041553036988E-4 2.9557211647506453E-4 0.0011085681160730157 -1.04196426961916E-4 -0.0019260894838951789 0.0012789229038574696 
0.03091304162195052 -4.896300894208648E-4 -4.768342946510652E-4 -4.412331344773749E-4 6.065363823187531E-4 3.225894659299988E-4 0.0011275748783935518 -1.1516710887376464E-4 -0.0019323838981795745 0.0012805528832260957 
0.7344239053432435 1.5222726081762596E-5 -9.680507603720631E-5 -4.344021202288859E-4 8.818574619711324E-4 1.6831798610789767E-4 0.0010832840687379362 -9.396743770450109E-5 -0.00192535189878355 0.0013358815556844652 
0.41011989288039885 1.7111458228685295E-5 -3.403121292571844E-4 -5.665599956209132E-4 8.671995243538042E-4 3.231489894822112E-4 0.0011306095195811503 -1.1377631418171395E-4 -0.0019256481325597 0.0013353243129384854 
0.8251161856469601 -5.41478274301801E-4 9.724208313874766E-5 -6.800228137752644E-4 6.416699769235064E-4 2.96928822303519E-4 0.0011748651964622124 -1.3156200295362657E-4 -0.0019331252744448084 0.0010638953982518655 
0.06381269748692563 3.981762113738194E-5 -3.0708733912431223E-4 -4.6043149336025415E-4 8.817566190731315E-4 1.741580783901635E-4 0.0011318397752976615 -1.560574124239686E-4 -0.0018995398573110897 0.001052922734763773 
0.6257627257744677 -4.975491010859616E-4 -8.903507985337107E-5 -5.595796084371837E-4 5.725157617526801E-4 3.188164221647004E-4 0.0011845299540237811 -9.604713070164596E-5 -0.0019640225188548247 0.001289218345851222 
0.16199903265300797 -4.871220119866376E-4 -3.530405739273671E-4 -4.240815920523467E-4 5.469649571382979E-4 3.5351548344942003E-4 0.0012772008104335534 -1.0110090863258892E-4 -0.00197919028137848 0.001179188554540922 
0.18502628455810727 -5.43024819690479E-4 1.2106619125665896E-4 -4.3251457362896226E-4 6.33958232315085E-4 3.1934426227080007E-4 0.001080032305845463 -1.0272802806918178E-4 -0.0019313823437732318 0.0012881890626574041 
0.38443825314219626 -4.991529484280892E-4 1.686279245953535E-4 -4.6889062409599745E-4 6.060424453131398E-4 1.741580783901635E-4 0.001151973498528876 -1.1521866339711984E-4 -0.001925323776694525 0.0012799526866955231 
0.6818092967131884 -4.88241888015002E-4 -3.65333828687677E-4 -7.089255252951987E-4 5.511429358609835E-4 3.2577301979210753E-4 0.0010721753418624414 -1.8493540646267196E-4 -0.001924068883589214 0.0013327703097616582 
0.9940409345572452 4.435567549778178E-5 1.249551646616941E-4 -4.404408434666996E-4 5.67723927323391E-4 2.983818015118557E-4 0.0011694740938820638 -1.8225511735278665E-4 -0.001934439091996406 0.001026106971117717 
0.6523307723603282 -5.344798461248233E-4 -1.0699773347426397E-4 -7.089255252951987E-4 5.511429358609835E-4 3.2577301979210753E-4 0.0010833408227496602 -9.389066937818143E-5 -0.0019244069221787984 0.0013327703097616582 
0.8727051700910102 -4.8088677933103355E-4 -9.023008846395362E-5 -4.863366871997977E-4 6.056424019508246E-4 3.228755098120819E-4 0.0011514998769855253 -1.1372935462118408E-4 -0.001932292260479512 0.0012814254266437653 
0.710534129869629 1.747484641502462E-5 1.0431014520438118E-5 -4.3784983373250353E-4 6.453382301900924E-4 3.8110549954654466E-4 0.0011737846842655175 -1.5644366338955784E-4 -0.0019332375479459984 0.0014210625630645712 
0.006512130901346974 8.748314821830356E-5 1.5530323211113579E-4 -4.3393681578182377E-4 6.270177667245841E-4 2.6035488058405145E-4 0.0011536245196664017 -2.0773725212866616E-4 -0.001977881539896495 0.0012782730008471682 
0.04523133511448577 -4.992439006942015E-4 1.581373716714933E-4 -4.6889062409599745E-4 6.059602805934076E-4 1.741580783901635E-4 0.0011509376899006764 -1.1521866339711984E-4 -0.001925323776694525 0.0012799526866955231 
0.5220541746830507 -4.803643332699301E-4 -4.8383718927279593E-4 -4.863366871997977E-4 6.056424019508246E-4 3.225134787111187E-4 0.0011517886206160982 -1.1372935462118408E-4 -0.0019322767156447443 0.0012814254266437653 
0.4347492106987749 -5.165506892596804E-4 2.832173735603087E-4 -4.840804261291535E-4 5.670611809636823E-4 2.5155796555602664E-4 0.001075758591115206 -1.1521866339711984E-4 -0.0019254053304153557 0.001281116036861652 
0.5524564355841601 -4.7697574149324526E-4 -4.703175217751832E-4 -4.6584083218873977E-4 5.499631272795322E-4 3.225134787111187E-4 0.0011300031080260303 -1.1372935462118408E-4 -0.0019322767156447443 0.0013322847926437195 
0.19681527328713389 -4.806850433496338E-4 -9.785361177442276E-5 -5.624426118479863E-4 7.746193837188809E-4 1.8450844874195104E-4 0.0012042746371591345 -1.1248875992643722E-4 -0.001932793430782456 0.0013284725721329025 
0.440409932907064 -5.1694570066138E-4 -4.976311296670264E-4 -4.239767751788547E-4 5.670611809636823E-4 2.5155796555602664E-4 0.0010757677969721537 -1.1478462660470053E-4 -0.0019254053304153557 0.0013947885084862534 
0.927686853603893 1.8517563934474848E-5 1.4624486669024428E-4 -4.378516410705354E-4 5.469649571382979E-4 3.669762962980779E-4 0.0010713999945839794 -1.5688996740766223E-4 -0.0019332780164519798 0.0011755085943983032 
0.8505080875463565 -5.175854157867055E-4 2.1972098887558853E-4 -5.674853450665656E-4 6.40843093304956E-4 3.1281847518453807E-4 0.00108452444325124 -9.424360056968503E-5 -0.0019224263160232359 0.001285713056512373 
0.049946286058614064 -4.970596721039865E-4 1.249551646616941E-4 -4.4065477546831127E-4 6.081641098885158E-4 2.983818015118557E-4 0.0011694740938820638 -1.8209338465139782E-4 -0.0019253771765663117 0.0010332379901553746 
0.6702246857147761 -5.066482654971201E-4 -9.076536440156754E-5 -4.735458469511801E-4 5.511429358609835E-4 3.2577301979210753E-4 0.001083249669022112 -9.389066937818143E-5 -0.0019637008953596546 0.0013327703097616582 
0.5410084574905997 -4.803643332699301E-4 -4.8383718927279593E-4 -4.349558626913199E-4 6.069354478683924E-4 3.1742863394029996E-4 0.0011517886206160982 -1.1372935462118408E-4 -0.0019323776714598047 0.0013308557267889306 
0.29205505435486784 -5.055562721796158E-4 2.1763449903545835E-4 -5.483929868290215E-4 4.761855196253739E-4 1.813879219152267E-4 0.0010655331176456318 -9.231493994944251E-5 -0.001962971613236911 0.0013376570727597682 
0.2424766545649899 -4.4275126115218903E-4 -1.0825809047307846E-4 -4.642356843386332E-4 4.685465419976214E-4 1.2644371384842163E-4 0.0010769379462734056 -1.0619149814131795E-4 -0.0019305216519767024 0.0012895155310084431 
0.23127101336591466 8.587022582239127E-5 -8.987212530826434E-5 -4.6502459733181473E-4 6.285623968908589E-4 3.556573798480505E-4 0.0010770854209029576 -5.577645930491061E-5 -0.001925066197540973 0.0013355632305951444 
0.5327666779553277 -4.982253307796927E-4 1.4770972344270214E-4 -4.316151597187747E-4 7.28060702173441E-4 3.1734946821527967E-4 0.0010710950565713977 -5.714949955186904E-5 -0.0019037647922916542 0.0012904217471648158 
0.16173534562943126 -4.871220119866376E-4 -3.530405739273671E-4 -4.5383848865244693E-4 5.469649571382979E-4 2.4244491713590354E-4 0.0012772008104335534 -1.8081657131649467E-4 -0.0019338537118879515 0.001179188554540922 
0.14809770825921695 3.794237622637542E-5 -4.959785367033073E-4 -4.249648291500383E-4 4.740753295576205E-4 3.5405182361535623E-4 0.0011635018788161173 -1.0283543225271523E-4 -0.001978233027980406 0.0012904741007842778 
0.12027576617036145 -5.419143253593012E-4 1.1894213980606313E-4 -4.588680585242918E-4 6.305863076426956E-4 1.687394401728026E-4 0.0011287309976834815 -1.0679774548856171E-4 -0.0019329188597162733 0.001334252453525685 
0.9005705430304821 -4.975347146561068E-4 -4.6904450343060184E-4 -4.37901077216218E-4 5.682577730179153E-4 2.496736405212032E-4 0.0010707114333828238 -1.0543732983337627E-4 -0.0019265844944633234 0.0012904741007842778 
0.6090338602406417 -4.4417100614856884E-4 -8.903507985337107E-5 -5.571289692270947E-4 6.28229863908711E-4 3.161412179907574E-4 0.0018223429314504123 -1.178127672733993E-4 -0.0019167011308971159 0.0014313641694223616 
0.561314778559672 -4.7697574149324526E-4 -4.703175217751832E-4 -4.6584083218873977E-4 6.302412758019051E-4 3.225134787111187E-4 0.0011300031080260303 -1.1372935462118408E-4 -0.0019322767156447443 0.0010377373482336378 
0.014619996207152442 4.548443249084685E-5 9.517075320632182E-5 -4.4149009162704455E-4 6.304518230296491E-4 1.7969489763893526E-4 0.001126873545461322 -1.5610617477536599E-4 -0.0019328172838628571 0.0010582578338797308 
0.07922872011730714 3.981762113738194E-5 -4.628223596375147E-5 -4.6701519045929665E-4 8.82801090798879E-4 1.741580783901635E-4 0.0011525894630439223 -1.1299961789857509E-4 -0.001925323776694525 0.001281116036861652 
0.9374288187446368 7.089032781990252E-5 -6.978548464093301E-5 -5.727491087439917E-4 6.453382301900924E-4 3.00158432170179E-4 0.0011201356519580622 -1.622738315268696E-4 -0.001930754110469678 0.0014226616669849163 
0.7238503103515884 3.046921343340632E-5 -2.835500882329692E-4 -4.2481692568530234E-4 4.738175841201532E-4 3.5480834791637883E-4 0.0010751316847874169 -9.484562424836168E-5 -0.0019332759003883062 0.001395872471726514 
0.016667078937417423 3.981762113738194E-5 -2.2606575859802962E-4 -4.6950944804829774E-4 8.903894570010309E-4 1.741580783901635E-4 0.001726795929023935 -1.1521866339711984E-4 -0.0019342836503773752 0.001281116036861652 
0.14783402123564027 3.794237622637542E-5 -4.959785367033073E-4 -4.5472172575013853E-4 4.740753295576205E-4 2.4298125730183974E-4 0.0011635018788161173 -1.8255109493662096E-4 -0.0019328964584898781 0.0012904741007842778 
0.6132087998156946 -4.470426673765675E-4 1.1453721363539019E-4 -4.553053759853492E-4 6.304581266768736E-4 3.529194879121226E-4 0.0011297968767782773 -1.5610617477536599E-4 -0.001932928584419733 0.0010359956564973116 
0.22031962877492536 -5.217444547647895E-4 -9.111127372088628E-5 -5.709618781827908E-4 5.508378515692246E-4 1.2522887423615327E-4 0.001080738598357232 -1.0591000860626627E-4 -0.0019316803150055495 0.0010221309928230887 
0.8643789635338099 -5.217845614820407E-4 -8.850762759432004E-5 -4.404408434666996E-4 5.67723927323391E-4 2.983818015118557E-4 0.0010742538472285567 -1.8225511735278665E-4 -0.0019316236252853072 0.001026106971117717 
0.1034828547453801 -4.7071612968710837E-4 1.309514588174879E-4 -4.3929975658317565E-4 7.3819777773068E-4 3.0181046132472605E-4 0.0011544548939591817 -9.379360711590636E-5 -0.0019215881672446733 0.0012970752571078428 
0.256108979001394 4.026314219007133E-5 1.8289568679808596E-4 -4.553994623104311E-4 5.482778941936567E-4 3.728968846244343E-4 0.0011111012505238744 -2.058542896062021E-4 -0.0019306307785749253 0.0013334709570672113 
0.4540657924760927 -5.346642916471422E-4 -1.0709495768692189E-4 -5.709618781827908E-4 5.507815691698847E-4 1.2522887423615327E-4 0.0010763292914295016 -1.0591000860626627E-4 -0.0019242739492180778 0.0010221671076378828 
0.10955166995874191 -5.420882051348572E-4 -1.0709495768692189E-4 -4.597259455016754E-4 5.507815691698847E-4 1.2522887423615327E-4 0.0010763292914295016 -1.0591000860626627E-4 -0.0019273628570775608 0.0010221671076378828 
0.2559319703585087 4.026944568722282E-5 1.8289568679808596E-4 -4.5567832999572974E-4 5.482778941936567E-4 1.7166470200371905E-4 0.0011118275238525086 -1.1120616156762533E-4 -0.0019306307785749253 0.0013331317195716403 
0.8381883546484341 -4.7697574149324526E-4 -4.7071932758322425E-4 -4.624261979883345E-4 5.852230216588669E-4 2.5885576616720374E-4 0.0010550886367471203 -1.1478435846440594E-4 -0.0019036660318128892 0.001039062063818296 
0.7640274610289418 4.820616649723452E-5 9.566441448703113E-5 -4.3705849559486716E-4 6.350579854636298E-4 3.38184420128391E-4 0.0011692504677212657 -1.6300706431262476E-4 -0.0019332212325846403 0.0010674160268138225 
0.38598683992678956 -4.915720789934752E-4 -1.093215246112081E-4 -4.339387848842709E-4 6.06041553036988E-4 2.9402648704799186E-4 0.0011094128933639997 -1.0548617901663059E-4 -0.0019260894838951789 0.0012899734976669678 
0.11423692038914722 -5.419143253593012E-4 1.1894213980606313E-4 -4.588680585242918E-4 4.8447734573945283E-4 1.687394401728026E-4 0.0010743704918938955 -1.0679774548856171E-4 -0.0019272589386224647 0.001334252453525685 
0.21057054353673677 -4.982408085946449E-4 -9.495547283248454E-6 -7.45416957596286E-4 6.110974025805247E-4 3.649163337617312E-4 0.0011092535562034081 -9.35270611549927E-5 -0.0019190657649752663 0.001291722772025617 
0.455825311714485 1.597803378073693E-5 -4.5675259115391504E-4 -5.709618781827908E-4 6.361434613635666E-4 1.2522887423615327E-4 0.0010763292914295016 -1.0330313366226666E-4 -0.0019242739492180778 0.0010221671076378828 
0.01041961958999717 7.993075654669208E-5 -5.017300589391338E-4 -4.4143607315812086E-4 6.359761726157233E-4 2.532941172938232E-4 0.0011635018788161173 -2.1082553289855112E-4 -0.0019782980000349628 0.0012787360555071396 
0.763915788027357 6.115205946539853E-5 -3.3644486405708687E-4 -4.624429851767059E-4 5.487447023670582E-4 3.3215980409826606E-4 0.0010746643760984236 -1.1478045879742665E-4 -0.0019327511084797962 0.0012964501955017892 
0.0840846314464627 3.981762113738194E-5 -4.628223596375147E-5 -4.6701519045929665E-4 -0.0035134407087824343 1.6488644610635332E-4 0.0011525894630439223 -1.1299961789857509E-4 -0.001925323776694525 0.001281520928281139 
0.20099168507045562 4.863068851950904E-5 1.2774742394936104E-4 -4.5186885194534957E-4 6.323128421259208E-4 1.7435492093845103E-4 0.0011671058848165352 -1.5568282421210637E-4 -0.0019312824949816849 0.0012915836389584372 
0.010741518571513564 4.737702605661325E-5 9.672204153418897E-5 -4.3797259417285817E-4 6.060756814167518E-4 1.7989133744832992E-4 0.001126873545461322 -1.5464975577362535E-4 -0.0019328172838628571 0.0010582578338797308 
0.3589544406294048 4.542456448640691E-5 9.832756823051381E-5 -4.5311352271094055E-4 6.304402756201746E-4 1.7286377884899614E-4 0.0011294729973188801 -1.0693652971633724E-4 -0.0019344618746687256 0.0010359956564973116 
