3.519619751480983E-19 3.363020243247512E-5 0.0020121784732118233 -7.224980529907126E-4 0.0010254144084863685 -6.871106534962971E-4 -3.0986544761853966E-4 -1.848528007827944E-6 0.0026126620346439275 6.434357063011677E-4 
0.9968039381524908 8.438243503968272E-5 0.0019938736787353645 -9.489924891333872E-4 9.887138785840258E-4 -7.883524117849174E-4 -3.697144684988317E-4 -8.895998724489658E-5 -0.0017698560388185415 7.152250404129729E-4 
0.5148940738031822 6.111117379553414E-4 0.0020005282064312164 -6.926452784505765E-4 0.0010438218660059396 0.0021673364056504357 -1.685639968887681E-4 1.0623385064726498E-6 0.002616923164079216 7.107221587283384E-4 
0.7757881007477418 5.31960274631711E-4 0.002019809592888565 -5.66132208206515E-4 9.858350135609959E-4 -7.19434565481296E-4 -1.4295265652438245E-4 -9.98984502807386E-5 0.0027919074390348395 8.464130059909856E-4 
0.20158807041887322 5.864628938324992E-4 0.0020022258333954666 -5.935080543185746E-4 9.853051355985488E-4 -7.834520458251869E-4 -1.5713466354703792E-4 -1.0034733137562053E-4 0.0027946219805976094 7.349758587275869E-4 
0.19102798666075776 5.97549791156387E-4 0.002433619171408317 -7.261202373199131E-4 0.0010434159756108985 0.002198282221741691 -2.583782675353154E-4 -7.198188062216713E-5 0.002767102279227367 7.334917033495012E-4 
0.48955033106884854 -1.8044466451431048E-5 0.0020118999705973895 -8.447935426774366E-4 9.85252125922126E-4 -7.761858812533237E-4 -1.1396970321253855E-4 -1.4222102530737817E-5 0.0027893102542889134 7.059748732079942E-4 
0.17251280564934124 5.152174998437521E-4 0.002015957733521396 -9.490449538505544E-4 0.0010274827442332414 -6.406238855622369E-4 -1.8721675148129213E-4 -7.994292564944213E-5 0.0027905257686922803 6.04554370443742E-4 
0.6625204618963301 5.028562845720164E-4 0.0020262472156568163 -9.956563775932329E-4 0.0010452717213875892 -6.774574417037224E-4 -1.6934710027089486E-4 -7.49013520764366E-5 0.002789070653764896 5.781577153024538E-4 
0.12703296913860834 -1.321900622257318E-4 0.0020177525773074035 -6.669504083005443E-4 0.0010233727779302303 -8.186590841377034E-4 -1.460214098526809E-4 -9.698083542727508E-5 0.0027892109859842477 6.428019120980846E-4 
0.6115619505344208 1.8043497524922116E-6 0.002386768168024565 -5.41930321729413E-4 9.851725529725266E-4 -0.0011702483555775796 -2.8819184310476507E-4 -2.9403144694973243E-6 0.0026067690944097483 7.571589766118595E-4 
0.8948234293638249 -4.374483269221506E-5 0.002000865014926586 -9.358819775861799E-4 9.895513478682344E-4 -7.272065124764911E-4 -1.1210669564257637E-4 -8.271800281500252E-5 0.0027885621654032736 7.172097566462529E-4 
0.8033228949492084 -1.1156790370800206E-5 0.0020207953139943294 -6.724746499611018E-4 0.001027236010259749 -4.2213718843965554E-4 -1.7683775849081394E-4 -8.56171175507218E-5 0.0026080438895085337 5.527849025205134E-4 
0.6306628234420021 7.501921815977633E-5 0.001993504830753454 -5.808946012148181E-4 0.0010251863715929723 -7.580928547544994E-4 -1.39820225681215E-4 -9.136693512508057E-5 0.0027894472185781304 5.573031336003458E-4 
0.01803532723216237 5.32454380588443E-4 0.001986205571239664 -8.414858110559139E-4 9.861442340917635E-4 -0.0010269830501349365 -1.416720395439715E-4 -7.158848307236554E-5 0.002814899906317561 7.40034999499308E-4 
0.2812330885466682 8.588912397043208E-5 0.0020009939368900707 -8.599454283769452E-4 0.0010440319283811699 -7.881344500570576E-4 -1.2036382231952394E-4 -7.313440980301019E-5 0.0027890745106480563 5.795432599927063E-4 
0.1499758396236571 1.0203694872174522E-4 0.0020232859668187636 -5.584245678986782E-4 0.0010069194781061775 -8.127442065900793E-4 -1.6855222601262906E-4 -9.08597880021985E-5 0.0027921800499428654 7.09154205751736E-4 
0.3417112558854901 2.3104201669405064E-4 0.002006590950792676 -6.860375472642946E-4 0.0010445300238133947 0.00227122232892334 -1.2026944263467975E-4 -1.5570639359502016E-7 0.0026198587610361916 5.900424318130721E-4 
0.0011454361097305577 5.519638693739706E-4 0.0020064582918138587 -6.783294135316146E-4 9.938231369455905E-4 0.002179762715756507 -1.8018142719121962E-4 -9.062159669548616E-5 0.002812499396058939 8.879103960027022E-4 
0.2205364959311103 5.952621578009447E-4 0.0020145068573824533 -6.694851642664322E-4 0.001005164107102582 -7.078726770999828E-4 -1.833754600736691E-4 5.159812528229157E-6 0.002852866396365919 8.658868486523097E-4 
0.825506122780621 5.240905245489761E-4 0.002015876858338649 -6.818669984474403E-4 0.0010492100822780052 -5.701885540794122E-4 -1.6656489339397044E-4 -9.090123687089612E-5 0.0027874674691815296 6.475402081604397E-4 
0.3250596737152028 8.281414915605849E-5 0.0020067413546095234 -6.889514526272497E-4 0.001008169695047978 -7.742844222713464E-4 -1.843661356517033E-4 -2.0778715743652318E-6 0.0026167977376768408 9.308055481097688E-4 
0.8583074007451099 5.305919833040257E-4 0.0019782225867425434 -7.084996717646421E-4 0.001021954619018071 -7.436724225747147E-4 -1.1642255909325992E-4 -8.146915263695334E-5 0.002788555999866991 7.152756814335052E-4 
0.7260260624336551 7.933609939804435E-5 0.001993504830753454 -8.507899182788599E-4 0.0010251863715929723 -7.6516023690746E-4 -1.39820225681215E-4 -9.136693512508057E-5 0.0027894475921601395 5.573031336003458E-4 
0.6935490605194701 7.421471783811937E-5 0.001990695080853537 -9.492003157595942E-4 9.87450154145486E-4 -7.648402160582491E-4 -1.566769840934255E-4 -9.138380142191451E-5 0.002815528790863825 8.670354102531698E-4 
0.2643883969583379 5.350632978381169E-4 0.0020247852784096984 -8.413654588763185E-4 0.0010498640651346472 -9.308119629154899E-4 0.0020938389856121663 -8.353483831128301E-5 0.002853958320901336 5.98657889652548E-4 
0.9540209347578398 2.3303272715944888E-4 0.0020098274924669718 -8.532309620952229E-4 0.0010269888107060632 -7.771049402195549E-4 -1.1128113787319262E-4 -1.7888161509469063E-5 0.0027889258342735615 6.029535883319179E-4 
0.4515747124804218 5.329285902843654E-4 0.0020169144391571853 -7.11256063407815E-4 9.772326334450134E-4 -6.898573636359962E-4 -1.363403735034326E-4 -1.021741422539135E-4 0.00274957574077408 8.496249031464707E-4 
0.24376536874240123 5.403898939815292E-4 0.0020255702324099094 -8.647294635706243E-4 0.001026869646960411 -6.790490146339318E-4 -1.4196046250100722E-4 -5.001354283273882E-5 0.0027892876940431004 5.943839436225637E-4 
0.7931909950858205 8.237281931274954E-5 0.0020156552260947153 -5.873971809089856E-4 9.864477060638182E-4 0.0020969198426188307 -1.8668335015005304E-4 -8.881314685464656E-5 0.002775673962482493 5.644562656375959E-4 
0.4163013075526899 -7.968031741171664E-6 0.002023504699708474 -7.260739414600385E-4 0.001077208209832566 -7.782187115658207E-4 -2.568231020882753E-4 -8.71740730402983E-5 0.002794993895768259 7.579712380676257E-4 
0.3833859123946559 2.2630718392026484E-4 0.0020064435704221194 -5.420318526140675E-4 0.001008169695047978 0.002188354198960722 -1.448721726815855E-4 -3.3071178043816915E-6 0.002612580765020592 6.490341051981994E-4 
0.750281158872987 5.374452132953737E-4 0.002014571292260512 -7.171876531105702E-4 0.0010232238743344822 -5.910905911807946E-4 -1.8318913206986958E-4 -1.0029868328473613E-4 0.002807860301366752 5.863292871698529E-4 
0.46509757115541456 -9.636333256069773E-5 0.002015887992650638 -8.390619631302488E-4 0.0010275657506571979 -8.733684836273856E-4 -1.6450329034453076E-4 1.5129611425110222E-6 0.002787774768686871 7.107298320641372E-4 
0.04737194746374332 5.328351611432722E-4 0.002001334919579999 -7.142623089407509E-4 0.0010061034234079272 -0.0010266236729306703 -1.5717460501391803E-4 -8.70432122833575E-5 0.002617096902752821 8.692678233398012E-4 
0.42854902421824087 5.190776081751766E-4 0.001991411732229639 -5.621362515906287E-4 9.874164847705977E-4 -6.708426260439351E-4 -1.7103623218134485E-4 2.0833863270998274E-6 0.0028517599089067707 7.341747129055672E-4 
0.5989979518853057 5.381588016143829E-4 0.001989787036061117 -6.916322262245233E-4 0.001048588411524897 -7.004181573788638E-4 -1.569771099402564E-4 -9.10512272592091E-5 0.002791167953555831 7.34988673427758E-4 
0.3523240049453372 2.1208752311603786E-4 0.002010507030207958 -5.652406686892963E-4 9.858167940260067E-4 0.002194723827076713 -1.8210364610677466E-4 -4.883152215758482E-5 0.0025739848626747342 7.391869008020523E-4 
0.4041527016090816 3.283866188499836E-5 0.0020118999705973895 -8.532309620952229E-4 0.0010270033600236763 -6.899284116778685E-4 -1.1128113787319262E-4 -1.758354761130258E-5 0.0027929742163133983 6.133872499766602E-4 
0.43941304827764904 3.363020243247512E-5 0.0020146582756037316 -7.224980529907126E-4 0.0010276609211785491 -6.860191611828597E-4 -3.0543720900148965E-4 -9.81123512690821E-7 0.0025937060104660103 6.434357063011677E-4 
0.0033761582704005255 5.519638693739706E-4 0.0020064582918138587 -8.439818884574493E-4 9.938944913540939E-4 -7.830175890857716E-4 -1.8825991518976162E-4 -7.942373195897524E-5 0.0028147365887633722 5.728163862668569E-4 
0.024652536817176662 5.369126303404693E-4 0.0020145149139059503 -6.890920340078747E-4 0.001045895003034384 -8.288105584539278E-4 -1.6776772967463677E-4 -9.081507105659169E-5 0.0028147365887633722 8.512319466238069E-4 
0.03165178549430786 5.328130757609394E-4 0.0020015539554312785 -7.296292448412963E-4 0.0010061464738152202 -0.0010266236729306703 -1.5422944018688665E-4 -8.70432122833575E-5 0.0026228566964347434 7.306108035823001E-4 
0.23048041983034467 5.519894523914501E-4 0.0020255702324099094 -8.632312725970104E-4 0.001026869646960411 0.0019750230088244327 -1.3382051203000495E-4 -4.171503184424955E-6 0.002789318363163869 5.943839436225637E-4 
0.05720336770874557 5.732992782437674E-4 0.002019878987085956 -8.483772247027274E-4 0.0010069060718318015 -4.8590464921027354E-4 -2.8938957725470777E-4 7.2678267980478964E-6 0.0027874117844018196 5.887864986853833E-4 
0.9245350093417757 5.305919833040257E-4 0.0019782225867425434 -8.449023344824112E-4 9.939237482814237E-4 -7.436724225747147E-4 -1.1630280657789861E-4 -8.309353394566412E-5 0.002788555999866991 5.562293002320059E-4 
0.09965182714605464 -6.911908086875996E-5 0.0020159544642213583 -8.387399382355057E-4 9.853194454686426E-4 -8.132230803935284E-4 0.0017410172034853166 -8.308302691640636E-5 0.0027877869109425323 5.778650151414858E-4 
0.8440359386215911 2.3303272715944888E-4 0.0019939606018244834 -7.257131298145326E-4 0.0010707897701584326 -7.596382721374976E-4 -2.9382547897126684E-4 -1.7694918084246444E-5 0.0025936578086241746 8.495944113482688E-4 
0.7373413441300263 -1.224088477101032E-4 0.0020167266646560723 -6.959595674093505E-4 9.972902558409787E-4 -8.410680384460158E-4 -1.9208179990733826E-4 -9.040309529181183E-5 0.0027531468351456125 5.706008135669945E-4 
0.1048191851735728 2.1208752311603786E-4 0.0020109645098652824 -5.590950482632235E-4 9.984870582410977E-4 -7.037279074031343E-4 -1.8224819965659625E-4 -4.883152215758482E-5 0.002847682632907245 7.392472046836493E-4 
0.3709628123467951 2.1208752311603786E-4 0.002010507030207958 -5.652406686892963E-4 9.858167940260067E-4 0.0021156835542806987 -1.8210364610677466E-4 -4.883152215758482E-5 0.002847682632907245 7.391869008020523E-4 
0.2999876751448953 -1.298571283190434E-4 0.002017787804903404 -5.376365770937053E-4 0.00100738977371434 -8.186590841377034E-4 -1.460214098526809E-4 -9.928956346622027E-5 0.0027892109859842477 6.428019120980846E-4 
0.007750145054908453 5.194705682817762E-4 0.0020157832334107054 -6.818669984474403E-4 0.0010481990532286787 -5.726480835216476E-4 -1.6656489339397044E-4 -9.094812015242826E-5 0.0027874674691815296 6.446024429423139E-4 
0.03806582493864606 -1.256430342107189E-4 0.0020168814242542393 -6.888534320018651E-4 9.773580805750826E-4 -8.416345697918699E-4 -2.1282263802442376E-4 -1.020454629459693E-4 0.002751720765763751 5.750427751517372E-4 
0.11435716530069966 5.584211307579914E-4 0.0020159789722905687 -6.740951650086414E-4 0.0010240434949111623 -7.078726770999828E-4 -4.1153730828017256E-4 1.8564997111560316E-6 0.0027331676571764217 5.893509507585672E-4 
0.9841461432223271 -9.786726066595157E-5 0.0019939011682372516 -6.937567790349118E-4 9.882701094963023E-4 -7.632847934586231E-4 -1.4072369387591824E-4 -8.905884456144635E-5 0.0027840473444311147 7.152194488498039E-4 
0.07906683149660199 3.394104147095062E-5 0.0020066586348010383 -9.500058241167847E-4 0.001026878382047308 0.0021884227573047586 -1.8721675148129213E-4 -8.015428324827852E-5 0.0026249251946822948 7.328077433674105E-4 
0.36393649228365516 5.416000201837716E-4 0.0020064435704221194 -6.867429329258853E-4 0.001008169695047978 0.0021709458313838668 -1.448721726815855E-4 -3.3071178043816915E-6 0.0026168522254884 6.476403222598549E-4 
0.09107587426488528 -4.374483269221506E-5 0.002000865014926586 -7.265208540674375E-4 0.001043882034437875 -5.249650909106896E-4 0.001737053999835788 -8.271800281500252E-5 0.00278890482592083 7.172097566462529E-4 
0.08736430634169706 -1.086177637998892E-5 0.0020200412348966223 -0.0010097529726948759 9.959995826095494E-4 0.0021932920928446906 -1.8566481858929947E-4 -7.05448349140812E-5 0.002788160727254977 7.130722749151655E-4 
0.06783336870267898 -3.28119557747413E-5 0.001989280037159022 -7.092175226671492E-4 0.0010237931300690927 -8.238057514494402E-4 -1.3875616535689525E-4 1.7658184565759766E-6 0.0027340282020419018 5.88635524443539E-4 
0.0623339826646061 3.768174825645625E-5 0.0020121784732118233 -5.627576255233905E-4 0.0010285884223856822 -6.871106534962971E-4 -3.0986544761853966E-4 -1.7991776260244596E-6 0.0026125945394798035 6.447283775669454E-4 
0.969047948837337 2.0982447203121224E-6 0.0020015581209124494 -7.285737041856545E-4 0.0010069060718318015 0.0019963702779971565 -2.8963080046326027E-4 7.482290267624692E-6 0.002787427470882635 7.301134071291633E-4 
0.012231412765096317 -9.216622627121896E-5 0.0020159137017843718 -8.390619631302488E-4 0.001043282518818735 -8.208710453583117E-4 -1.6356122048740858E-4 1.512604566954693E-6 0.002787774768686871 8.468495896307172E-4 
0.7088606908511756 5.028562845720164E-4 0.0020262472156568163 -9.956563775932329E-4 0.0010469909272190952 -6.774574417037224E-4 -1.685164303585226E-4 -9.167123022266229E-5 0.002789061668944442 5.781577153024538E-4 
0.6441347887080335 5.410989600870243E-4 0.0020308483206180465 -7.106452793747848E-4 0.0010057640841691063 -0.001294670871356305 -1.6926568253541036E-4 -8.708384251507812E-5 0.002788860384541393 5.869899274545179E-4 
0.050456851672764313 8.112926290790683E-5 0.002014226584825256 -7.182551688969886E-4 8.906803564242768E-4 -7.595982079743929E-4 -1.6771841261844933E-4 -9.099744875619043E-5 0.002786492989581212 8.512317129016554E-4 
0.13963739971576516 -1.995990616026686E-5 0.002020100503964887 -0.001021558528097283 9.884270962128815E-4 -7.827010750614315E-4 -1.805045523622714E-4 -6.879290800211228E-5 0.002594542148175119 5.570080641597807E-4 
0.5529969488108142 5.407265843877971E-4 0.001998742702295573 -8.45415842224984E-4 0.001023825774495544 0.0022832295871490146 -1.8001546087438044E-4 -8.184008733932216E-5 0.0028172237643881272 7.137684706927506E-4 
0.13625255659306462 -2.2653086216687423E-5 0.0020201977201456983 -6.950163524111639E-4 9.884270962128815E-4 -7.827010750614315E-4 -1.805045523622714E-4 -6.879290800211228E-5 0.0026176404317887828 5.373367596119126E-4 
0.2525722704786355 5.161188110997571E-4 0.0020125871114297744 -8.392173421140285E-4 0.00104950242591351 0.0023005989287925885 -1.1142679319977909E-4 -8.209192660010514E-5 0.0027886106400357943 5.589695512569127E-4 
0.8762476936061705 5.397153612762491E-4 0.002422095915636884 -7.190439383840011E-4 0.0010232238743344822 0.002037624931694702 -2.572330879925652E-4 -1.0039129705457767E-4 0.002766744829617799 7.34906998332943E-4 
0.5822010916841468 5.565606301371605E-4 0.001986205571239664 -8.414858110559139E-4 9.853194454686426E-4 -8.076473551248131E-4 -1.416720395439715E-4 -7.117269487993871E-5 0.002787774768686871 7.4044562865522E-4 
0.07401463377524228 -1.1529498488517707E-4 0.001988599322516701 -9.797419546451643E-4 0.001005688884746733 -8.274340032161896E-4 -1.3143030875330074E-4 -1.749302987366038E-5 0.0027880053774970493 5.875152455196215E-4 
0.31022397084007786 5.49788422558828E-4 0.0020180453475255023 -7.283941601844598E-4 0.001073053370647518 -8.922071340985317E-4 -2.9073932628194876E-4 6.661729561498021E-6 0.002601691944426041 7.579434796793948E-4 
0.834802246344855 5.189470320769023E-4 0.0019939011682372516 -0.0010864373347710208 9.855597438065882E-4 -7.598899684784237E-4 -6.105362259653126E-5 -8.325402901120425E-8 0.00285382443328265 8.511944532168436E-4 
0.9130525871914674 5.305919833040257E-4 0.0019782225867425434 -8.485142462524567E-4 9.939237482814237E-4 -7.273680860551079E-4 -1.162083319246049E-4 -8.009396049444431E-5 0.0027885621699128026 5.575222297313772E-4 
0.5360389561200523 5.326025081927143E-4 0.0020159310792899694 -7.139354298985301E-4 0.0010313091640978378 -5.088185060205436E-4 -3.620857566834396E-4 -8.621652343775614E-5 0.0027885260431680663 7.382319782268256E-4 
0.02766407806350396 5.523297136300724E-4 0.00200618242181262 -6.81419288520129E-4 9.938231369455905E-4 0.002179762715756507 -1.3920422067659888E-4 -9.062159669548616E-5 0.002615624300417281 8.871027876032317E-4 
0.5684063603876965 5.392274305956634E-4 0.0020098274924669718 -8.532309620952229E-4 0.0010243895948747242 -7.771049402195549E-4 -1.1012270078178013E-4 -1.6620718613505433E-5 0.0027889258342735615 6.043366382001756E-4 
0.3160746432370564 6.091236357804448E-4 0.002456004870920298 -6.898554870886823E-4 0.0010723083420853747 -7.757912150756932E-4 -2.9655443460544146E-4 1.1605902591586285E-5 0.0027888436496338164 7.358065976026237E-4 
0.16216603675270147 5.216549391339533E-4 0.002017818216795904 -7.203298105659207E-4 0.0010060873557346897 0.002080023184778298 -1.4300148750528378E-4 -9.446364443938064E-5 0.0027475085425444083 5.593348233091092E-4 
0.5659430982932987 5.342377406379976E-4 0.00199986135418579 -5.883787976919893E-4 9.857066288691471E-4 0.0021912614931683455 -1.7691666816159948E-4 -9.994859620918654E-5 0.00261686343329052 5.571304469467802E-4 
0.5864013414203589 5.559691410440998E-4 0.001988767357930615 -6.779460712774053E-4 0.0010686503253622406 -9.787570077991305E-4 -1.311772403138037E-4 -7.153528796687937E-5 0.002788334636710182 7.378279291191827E-4 
0.5291647787684537 -1.8249035000054764E-4 0.0020011702911655843 -6.774796492979949E-4 0.0010681888063367392 -5.088185060205436E-4 -3.5909656102862383E-4 -8.621652343775614E-5 0.0027848730114435447 7.378287015733608E-4 
0.8790477083433411 5.374452132953737E-4 0.0020146607120904115 -7.194738656974601E-4 0.0010232238743344822 -8.7519325642933E-4 -1.8318913206986958E-4 -1.0039129705457767E-4 0.0028107706285438695 5.863292871698529E-4 
0.6776655284355854 -1.0805120248785888E-4 0.0020159137017843718 -8.437727527671566E-4 9.775030317402847E-4 -7.234097439497789E-4 -1.878510269389591E-4 -7.957920516438089E-5 0.002786534386154675 5.727557063038964E-4 
0.008109800298294487 9.962582889473884E-5 0.0019833375118240644 -6.779834383887789E-4 0.0010085862219795577 -0.00100199032003251 -1.7835131302893013E-4 1.255558990491159E-6 0.002852866396365919 6.477421596686387E-4 
0.5465982137953361 8.112926290790683E-5 0.002014512522857261 -6.888519610236958E-4 8.906803564242768E-4 -7.595982079743929E-4 -1.6778115982169924E-4 -9.081195922408304E-5 0.002786492989581212 8.512317129016554E-4 
0.16357180725144466 -8.40688562503384E-6 0.002017818216795904 -7.205094369179809E-4 0.0010060873557346897 0.0022498148247908412 -1.4300148750528378E-4 -9.446364443938064E-5 0.0027452835599817084 5.593348233091092E-4 
0.6770105536558827 6.111117379553414E-4 0.0020005282064312164 -6.926452784505765E-4 0.0010438218660059396 -8.927673918417282E-4 -1.7380876592261807E-4 -1.6157738239382245E-5 0.0026147032022865585 7.121192741449064E-4 
0.002496065326462016 3.395779427054368E-5 0.002015802133176252 -7.263994001615021E-4 9.853478624195506E-4 0.0021225351987307203 -3.6904184725286804E-4 -8.91620403865978E-5 0.002785695373757911 8.501610741852058E-4 
0.7061750893257176 5.42818780567624E-4 0.0020137497717653725 -6.783443448529429E-4 0.001045895003034384 -8.288105584539278E-4 -1.6758488604776237E-4 -9.136137552148334E-5 0.0028147365887633722 6.437510946412036E-4 
0.9751927018080326 -1.8249035000054764E-4 0.0020014600226397616 -6.937624110211945E-4 0.0010690610052222556 -5.118461435997442E-4 -3.598244084388814E-4 -8.621652343775614E-5 0.002784021749437239 7.381092333180519E-4 
0.11384511366793543 5.202885055951318E-4 0.0020064582918138587 -7.187003542333817E-4 9.938231369455905E-4 0.0020759619515170985 -1.8018142719121962E-4 -9.062159669548616E-5 0.002746983916367931 5.641791247010337E-4 
0.037265025950865505 8.588912397043208E-5 0.0020009939368900707 -7.147404754889084E-4 0.0010440319283811699 -7.881344500570576E-4 -1.2036382231952394E-4 -7.565097186489102E-5 0.002783768894383358 5.792101580765857E-4 
0.9391752634927877 5.385255310084839E-4 0.0020143007554190655 -7.241075571861536E-4 0.0010460437346296694 -8.261032034883708E-4 -4.033641910025105E-4 -8.589988028825846E-5 0.0027884659973207576 5.633448398587943E-4 
0.47947251823466774 5.204258525853032E-4 0.002411517826416514 -5.959411080622608E-4 9.85940848939639E-4 0.0022483588510724 -1.417601436877934E-4 1.0587463455865472E-6 0.002592978667442808 7.10589832987022E-4 
0.2590361214229453 -1.298571283190434E-4 0.0023699038499171037 -5.376365770937053E-4 0.00100738977371434 -8.20200731905917E-4 -1.460214098526809E-4 -9.928956346622027E-5 0.0027892179153233567 6.428019120980846E-4 
0.47633823871780817 5.204258525853032E-4 0.002411517826416514 -5.968090651473532E-4 0.0010438941008263111 -7.611744941038278E-4 -1.417601436877934E-4 1.378178869827497E-6 0.0027662188160320726 7.120998470760255E-4 
