0.9995279671174004 6.854368759683503E-4 -4.350476932669796E-4 -3.042864823945613E-4 -0.0033066438479911276 6.583181724055696E-4 -7.996305730638869E-4 7.896417437483832E-4 2.1518288549615195E-4 6.899576501525873E-4 
1.0152650671848273E-17 5.44295215413225E-4 -1.8407973606733902E-4 -2.737844130088932E-4 -0.0033120393261875042 4.8247993705356285E-4 -8.375176514860091E-4 2.6486198253939264E-4 4.9759214014987334E-5 7.036799143835134E-4 
0.6763116855863218 5.183499763232042E-4 -4.8736732320687397E-4 -1.397809625666981E-4 2.999489430577395E-4 5.166010468894022E-4 3.248053640285273E-4 7.649917070208014E-4 -3.3246977698163317E-4 8.135545602058199E-4 
0.7085381894705484 5.315334359794849E-4 -2.7303944457070304E-4 -3.4973820283831786E-4 -0.0032894220834529747 6.770081287030651E-4 3.378003795996571E-4 2.452572799515767E-4 6.807169211814371E-5 6.902578167757804E-4 
0.6239003610615736 5.034278623131991E-4 -1.8535514497743859E-4 -3.0404342221462875E-4 -0.0033330505595409077 7.882949904361691E-4 3.497825611417728E-4 2.5358924299633234E-4 6.231514376870322E-4 8.186570769456628E-4 
0.33231182269079945 6.468927093021843E-4 -4.811518809420375E-4 -2.458823558951497E-4 5.381760087596835E-4 6.034503964256017E-4 -8.122854207315178E-4 8.979314248758443E-4 -3.2985267218525033E-4 8.158703687448489E-4 
0.22070408393201807 5.203420237131396E-4 -1.5338461231123083E-4 -2.3956149829504098E-4 -0.0033328540109149245 -2.4495322151748124E-4 4.2125377261058967E-4 2.447912908559122E-4 6.590323190122202E-5 6.782259366154267E-4 
0.004967265644530705 7.025030529181696E-4 -1.8326025261182396E-4 -1.3343871305155768E-4 -0.0032992842568297077 5.438504950445126E-4 -9.54709447091635E-4 2.5945616112722867E-4 -3.213180267035423E-4 8.620712593421972E-4 
0.9241656425201492 5.238075951021804E-4 -1.819402136401415E-4 -2.5995465807137643E-4 -0.0033144880379952697 5.337416692181113E-4 4.198243095355699E-4 2.596328435657612E-4 4.6535430898318335E-4 7.001101444482779E-4 
0.20388225454433556 5.542004545278249E-4 -1.9707557750768228E-4 -1.6137685743612435E-4 -0.003394922175577917 6.004739734770486E-4 -8.545848475030945E-4 3.961832117539398E-4 9.831724482706436E-5 6.23105365043375E-4 
0.2731086267236672 5.434234620632286E-4 -2.8125402343699143E-4 -2.643915335205126E-4 -0.0033079775748837835 -6.872406685530577E-4 -7.941682766208017E-4 4.426712792433069E-4 -3.3824613648681095E-4 6.912227588254649E-4 
0.8406079389352774 5.431218301957355E-4 -1.9383007672771357E-4 -3.440601109095175E-4 -0.0033115199975048523 -1.802885590429267E-4 4.011642411959526E-4 2.5520896750212414E-4 -7.83848398131388E-5 6.925870875757109E-4 
0.07517765160999461 6.891847045739374E-4 -1.767575881648862E-4 -2.612157868253807E-4 -0.0033937043566688203 -1.1273284513342238E-4 1.7466935481521065E-4 2.838277046711822E-4 5.982916717597254E-5 6.307340660119534E-4 
0.3518309418324475 6.468927093021843E-4 -4.811518809420375E-4 -2.458823558951497E-4 7.218010424520592E-4 6.034503964256017E-4 -8.122854207315178E-4 2.7855582682653784E-4 -3.2976788933455496E-4 8.1531467487658E-4 
0.0012925921716820284 5.739337338050126E-4 -5.473277650617416E-4 -3.5395162316488295E-4 -0.003314928327987461 7.608463855151706E-4 2.0268535383778159E-4 2.1982474090770214E-4 2.245910221454543E-4 7.207375141986458E-4 
0.860594258269291 5.431218301957355E-4 -1.9377846348173905E-4 -3.429937201224132E-4 -0.0033150237697483426 -1.802885590429267E-4 3.1653585125603154E-4 2.5520896750212414E-4 -7.83848398131388E-5 6.927872022270145E-4 
0.6444651757470419 6.39450432466002E-4 -1.8641158276926849E-4 -3.4595367897791976E-4 -0.003299282314932032 6.481088287153796E-4 2.5738972607157077E-4 4.359810220145617E-4 4.9601697927884954E-5 7.217647679850344E-4 
0.30046065680524814 5.709879549800087E-4 -1.9431908995329094E-4 -2.6823982892504235E-4 -0.003349684144576703 -2.30375379518051E-4 3.383751809010979E-4 3.929711484422078E-4 9.008323509539847E-5 8.452686317875335E-4 
0.47321788812598914 5.548456364660223E-4 -4.3657568332237863E-4 -1.4912230982647875E-4 -0.003316259814210776 -1.8709634291949823E-4 4.398919746131065E-4 2.3198882719636607E-4 -1.085851991803188E-4 6.964466859321834E-4 
0.8736686088411078 5.441930566737357E-4 -2.7250933115285784E-4 -3.567999533734881E-4 -0.003312759488303594 6.771983461268845E-4 2.7109576659997827E-4 7.350361174116051E-4 -3.9807631346793876E-4 6.89716845248615E-4 
0.007083893095735094 5.782937216750938E-4 -3.8924276773247E-4 -1.4931812579184437E-4 -0.0033077307554951712 -1.3540207141534387E-4 -7.969153484911793E-4 3.801427828916376E-4 -1.085851991803188E-4 6.950913254718357E-4 
0.9027331308890847 5.305149914637758E-4 -3.057059858945727E-4 -1.355779243406705E-4 -0.0032921303864159846 6.18879606307751E-4 3.34717584235966E-4 2.697629946998762E-4 -7.585697471665774E-5 7.291539079605793E-4 
0.44165917168779445 5.441930566737357E-4 -1.8376443997390355E-4 -1.3557515132438404E-4 -0.00331245997635249 6.497027625355937E-4 2.673349091510325E-4 7.365202918504796E-4 -4.201023307541296E-4 6.434631755116011E-4 
0.9644566312109306 5.049140838978788E-4 -1.8638122443328798E-4 -1.3557515132438404E-4 -0.003354844475086883 4.949914812516859E-4 3.952262729246081E-4 7.365202918504796E-4 -4.201023307541296E-4 7.031607183228609E-4 
0.4072036243830577 5.131323256391751E-4 -1.657579010126151E-4 -3.4549212694027256E-4 -0.003382990454852975 5.733285517313858E-4 -8.268742301119081E-4 2.8580659489336693E-4 -2.4197049190560229E-4 6.987361693137794E-4 
0.029486128100029818 5.334679574050595E-4 -2.0685259901845568E-4 -1.3343871305155768E-4 -0.0032992842568297077 -2.379160241324351E-4 -8.986822305008114E-4 2.569694018978858E-4 -3.1835538340767874E-4 8.639927096123315E-4 
0.8925579133861882 5.431218301957355E-4 -1.9377846348173905E-4 -3.429937201224132E-4 -0.0033150237697483426 -1.802885590429267E-4 3.1875503774759183E-4 2.2594966286103698E-4 2.3204304027652327E-4 6.927872022270145E-4 
0.11533289012681897 5.439376124270161E-4 -1.9401452365459687E-4 -3.0042728499441975E-4 -0.003314480995496301 5.485796648248305E-4 4.206022898989233E-4 2.5956175658082257E-4 6.74687014943357E-5 6.461717891052001E-4 
0.14738434235390457 5.431443419591104E-4 -1.9383007672771357E-4 -3.4691447590281816E-4 -0.0033124819436243106 6.566394184918747E-4 4.011642411959526E-4 2.604508088911875E-4 -8.581331001019423E-5 6.925870875757109E-4 
0.06359439117957673 5.44295215413225E-4 -1.8407973606733902E-4 -2.71553461424244E-4 -0.0033120393261875042 4.8247993705356285E-4 -8.375176514860091E-4 2.6486198253939264E-4 1.735249017645662E-4 7.036799143835134E-4 
0.31457828930553156 5.237249078943589E-4 -2.184634179283176E-4 -3.4605197227349457E-4 -0.0033159743451116807 5.455704242083778E-4 -8.460482962556518E-4 2.5620730622026924E-4 -4.827257647724387E-5 6.2897217516521E-4 
0.48589762880452514 5.550267445454197E-4 -2.9658744439403325E-4 -3.545098021864948E-4 -0.00331618511764469 6.392434848754246E-4 -7.286604600462281E-4 3.836213428818838E-4 -2.981686103476206E-4 6.203964588133793E-4 
0.4211741418139471 5.441930566737357E-4 -1.8583345147723862E-4 -1.3557515132438404E-4 -0.0033124364001545985 7.519228381293621E-4 3.952262729246081E-4 7.365202918504796E-4 -4.201023307541296E-4 7.031607183228609E-4 
0.826304645867542 5.431218301957355E-4 -1.9383007672771357E-4 -3.440601109095175E-4 -0.0033115199975048523 -1.8849981708448429E-4 4.011642411959526E-4 3.86969809808896E-4 -7.84692291381315E-5 6.958324995059939E-4 
0.8132402516234094 6.509082858130842E-4 -2.0933598324549045E-4 -2.73595058772594E-4 -0.003077724373208787 5.359488370032714E-4 3.1288556213201216E-4 4.3217193884196204E-4 -7.788742662729451E-5 6.837286250878228E-4 
0.6659455052763589 5.238053132842684E-4 -1.819402136401415E-4 -2.5995465807137643E-4 -0.0033144880379952697 5.337416692181113E-4 4.198243095355699E-4 4.330804538554008E-4 -9.681878582356478E-5 7.001101444482779E-4 
0.13922385068788523 5.825592662226805E-4 -4.2033792356340675E-4 -2.7114678119646667E-4 -0.0033311862206114196 5.177629791036191E-4 -8.249556396617752E-4 2.4271067029503555E-4 -2.5111711978006957E-4 8.025858519112631E-4 
0.606422251650687 5.33509250942829E-4 -2.8125402343699143E-4 -3.4312667822972696E-4 -0.0033087703192863976 -2.3401573487468434E-4 2.6098073819476753E-4 4.559604099568206E-4 -3.430955919371888E-4 8.142099307881757E-4 
0.9780088266906923 5.062186840913609E-4 -1.7215085239531385E-4 -3.575142735821791E-4 -0.003377036049215363 5.757942851278556E-4 -9.851629620367354E-4 2.613999738282136E-4 -2.6135836273065703E-4 6.831666918945975E-4 
0.3959796777193393 6.97992060007501E-4 -4.699113208155648E-4 -3.4516186879375913E-4 -0.003296748325979467 6.781572274267735E-4 -8.467765226068902E-4 2.771863770883925E-4 -3.245250636586673E-4 7.16047531130495E-4 
0.7658260282553455 5.782042416597334E-4 -2.928246711110489E-4 -1.3327508132110255E-4 -0.0032895229896028238 -2.4138506206661839E-4 2.694803676258102E-4 7.324175600998504E-4 5.527981070716791E-5 6.952428934322034E-4 
0.10356440568181902 5.172620222552347E-4 -2.111881290053841E-4 -2.717547793312444E-4 -0.00329960026329998 -2.4726124525782233E-4 3.2524412192623444E-4 2.68047501917799E-4 -7.28047930784154E-5 7.291539079605793E-4 
0.01240058857316019 5.04750633475406E-4 -5.531625443728248E-4 -3.4752942539522904E-4 -0.0033081882105804187 7.595536361918979E-4 2.776312294226847E-4 2.6360825536678715E-4 -2.7132638496578083E-4 7.030888902482025E-4 
0.32330008344824096 5.528372046727429E-4 -1.7482365087586373E-4 -3.459805196390734E-4 -0.003316070386480521 7.799923704623344E-4 -8.458748086107945E-4 4.6007475667296765E-4 -2.9143389899441956E-4 6.98050728845083E-4 
0.049382438507597215 5.527523997733273E-4 -5.576260474039351E-4 -2.9221802152883255E-4 -0.0033115083318606717 5.362960423286188E-4 -7.482019350799646E-4 2.580308112782126E-4 4.222369940743503E-4 7.24471582597719E-4 
0.023223534467569418 5.180003806455914E-4 -5.364322372026838E-4 -3.423648881595589E-4 -0.003332462062376549 6.099226978663594E-4 -7.913895967389884E-4 4.375227144246335E-4 -1.282935421259464E-4 7.233878708449218E-4 
0.5396178769971796 5.726579415043916E-4 -2.7192146428866014E-4 -3.485144771073357E-4 -0.0033104891255624157 5.315941509658928E-4 -8.299844163304192E-4 2.5629323101076493E-4 -2.6105785811017176E-4 6.8113957981333E-4 
0.5910997856626701 5.187582404395757E-4 -3.521817104875064E-4 -2.66064888953877E-4 -0.0033086646893223195 -8.029581202110026E-4 2.2353564281867876E-4 4.426712792433069E-4 -3.430955919371888E-4 8.150169714431163E-4 
0.095899526186984 8.127819789450438E-4 -2.111881290053841E-4 -2.716301723047964E-4 -0.003299945300964599 -2.4726124525782233E-4 3.194317264230187E-4 2.68047501917799E-4 -7.28047930784154E-5 7.291539079605793E-4 
0.3854401608598914 5.313409667054465E-4 -3.901753442887747E-4 -1.5754753537330243E-4 -0.0033563154943472588 6.530895895523304E-4 -9.172893473747097E-4 3.870016001397782E-4 1.5086482907484145E-4 8.989946450662869E-4 
0.15808730310349475 5.184969687889323E-4 -1.3534619981790943E-4 -2.7019610598223454E-4 -0.003394427023355255 6.48500566240352E-4 2.70631478754125E-4 3.942613309587446E-4 -8.62219887017205E-5 7.308221944800489E-4 
0.4308857353438089 5.413167209252484E-4 -2.748336136953439E-4 -3.468673520191631E-4 -0.003296552583719709 5.359066405144094E-4 -8.70333102709636E-4 2.72441293925742E-4 -6.016825491864441E-4 7.266052774838871E-4 
0.24952802559098342 5.184387630088607E-4 -1.8614169532503105E-4 -2.7445535034817143E-4 5.466874015732292E-5 -5.898064596432166E-4 -8.122650916829372E-4 3.9072184652472094E-4 -2.896945000757366E-4 8.193509168756491E-4 
0.08235239448715215 6.891847045739374E-4 -1.7953479824136037E-4 -1.2537399710238926E-4 -0.003430156469655823 6.143730457529694E-4 -8.105710628686646E-4 2.838277046711822E-4 5.629866461282686E-5 6.307340660119534E-4 
0.12933546800097895 5.215651546760038E-4 -2.175264651729795E-4 -2.716301723047964E-4 -0.0033346889032759724 5.457986859311059E-4 2.668558130595441E-4 2.562560744657655E-4 -1.0339506052846873E-4 6.303682142164193E-4 
0.4948549144707025 5.380747065291102E-4 -4.815836267240678E-4 -3.5631033367480055E-4 3.0136758751348413E-4 5.34596312480561E-4 -7.315585710204299E-4 3.4395414289211204E-4 -3.447218945132021E-4 6.925870875757109E-4 
0.6543272064299411 5.034278623131991E-4 -1.8535514497743859E-4 -3.0071241555285863E-4 -0.00333233912212808 7.882949904361691E-4 3.497825611417728E-4 4.5321083654089835E-4 6.231514376870322E-4 8.190966749594806E-4 
0.19538966528697949 6.631011835078635E-4 -2.7345239736454213E-4 -2.702244868839422E-4 -0.003311435495811969 7.822541183462891E-4 2.554539479272374E-4 8.757236470280726E-4 1.5357335345551684E-4 6.701008384598249E-4 
0.528918066870856 5.778244343047639E-4 -2.7413940187842454E-4 -1.337647382589009E-4 -0.003312981578023976 6.463338855726392E-4 3.125834920667068E-4 4.3774659774562034E-4 6.001230783737535E-5 7.176108157008397E-4 
0.2388197493655579 5.441930566737357E-4 -3.090234598108388E-4 -3.5155386507828803E-4 7.910057244164478E-5 6.16000092547414E-4 2.7109576659997827E-4 3.9442800449198106E-4 -4.201023307541296E-4 6.89716845248615E-4 
0.016246248701209415 5.401689845798869E-4 -2.0685259901845568E-4 -1.3343871305155768E-4 -0.0032992842568297077 -2.379160241324351E-4 -7.918839905589616E-4 2.5805480576385014E-4 -3.375619590528832E-4 6.94904492110278E-4 
0.9381766859058674 5.425766480358429E-4 -1.9135318778395495E-4 -3.429937201224132E-4 -0.003314718940839355 5.942554732339958E-4 3.1875503774759183E-4 2.291554929752454E-4 2.3204304027652327E-4 6.258151652407418E-4 
0.7344537593885011 5.128424291791126E-4 -1.657579010126151E-4 -3.4549212694027256E-4 -0.003382990454852975 5.742128938847269E-4 -8.268742301119081E-4 2.8580659489336693E-4 -2.4197049190560229E-4 6.987361693137794E-4 
5.814793406619806E-4 5.726661616295998E-4 -5.437881114193698E-4 -3.4572839042670676E-4 -0.0032833681558962105 5.29309817351838E-4 -8.669405266739453E-4 2.5629323101076493E-4 -2.6105785811017176E-4 7.226109973866409E-4 
0.02045611521342741 5.180003806455914E-4 -2.7852251068588986E-4 -3.423648881595589E-4 -0.003332462062376549 5.200581956505384E-4 3.492915534354343E-4 2.67873103626483E-4 3.391168604573806E-5 7.233878708449218E-4 
0.7516381487738832 5.380747065291102E-4 -4.815836267240678E-4 -3.5631033367480055E-4 3.0136758751348413E-4 -1.6941613146897812E-4 -8.648645987349453E-4 4.165948071645812E-4 -3.447218945132021E-4 6.925870875757109E-4 
0.5774421641345261 5.772061979343002E-4 -5.516701805337331E-4 -1.4831837723049466E-4 -0.003394922175577917 6.09093681936704E-4 -8.545848475030945E-4 4.341753688965925E-4 -1.1985920533944742E-4 7.678298179606835E-4 
0.7794705087018268 5.180271578485789E-4 -3.08275108515628E-4 -3.4542090765294546E-4 -0.003353687989238133 5.283311373259424E-4 3.477009521530098E-4 2.6784245978987714E-4 2.8441103243170158E-5 6.49066628638732E-4 
0.28778472493999463 5.315334359794849E-4 -1.9795747469172485E-4 -3.498502592478528E-4 -0.0032894220834529747 6.770081287030651E-4 3.378003795996571E-4 2.452572799515767E-4 -1.0769824004525491E-4 6.929899821029624E-4 
0.18777557080729979 5.826731716831093E-4 -4.2033792356340675E-4 -2.7114678119646667E-4 -0.0033310933288844737 5.528369203148915E-4 -8.249556396617752E-4 2.4001734841754647E-4 -2.5111711978006957E-4 8.025858519112631E-4 
0.9906317769121881 6.446917762009325E-4 -4.811518809420375E-4 -2.458823558951497E-4 -0.0030506818119058177 6.025403734657266E-4 -8.136299386123096E-4 9.105869399682642E-4 1.7637379181015546E-4 8.158703687448489E-4 
0.16908121573331888 5.776156081039799E-4 -1.8251788565928976E-4 -1.459239501646018E-4 -0.0033120318866298208 -2.6034355276864825E-4 3.9597378643742087E-4 4.376653836923254E-4 4.6175587851299054E-4 -7.890173186891006E-4 
0.8002723497579414 5.18506264533442E-4 -3.081839844298892E-4 -3.4542090765294546E-4 -0.003353687989238133 -7.845097826149189E-4 3.566878545034212E-4 2.776881591357916E-4 1.6525995405179195E-4 6.49066628638732E-4 
0.3756111811159038 5.100789170196385E-4 -1.547782712529106E-4 -2.469324604980285E-4 -0.0033175951003137933 5.281020425256071E-4 2.454009152633357E-4 2.4405151067888222E-4 0.0010216649343523145 6.506242421882329E-4 
0.03453610162686627 5.774961882928762E-4 -3.853216845135705E-4 -1.4929406548697826E-4 -0.003306294810970212 -1.3540207141534387E-4 -7.969153484911793E-4 3.801427828916376E-4 6.045753138882481E-4 6.966120522575516E-4 
0.45752744531314693 5.553308379426385E-4 -3.868174920346859E-4 -1.4912230982647875E-4 -0.00331608689770444 6.371804578841507E-4 -7.957818777909679E-4 3.83348613005846E-4 3.525090782531983E-5 6.278911293986517E-4 
0.45731198564081416 5.553308379426385E-4 -3.868174920346859E-4 -3.0915751359100995E-4 -0.0033066559195887944 6.395369852398204E-4 -7.958304643140841E-4 7.926470832483396E-4 -1.085851991803188E-4 6.295643106195931E-4 
0.5620550277575848 5.438789392187195E-4 -1.860681599464807E-4 -5.016328580969064E-4 -0.0033133992090159515 -1.5606352103384176E-4 2.659996932301778E-4 2.5558169472553335E-4 -3.982733069568932E-4 6.853698986508147E-4 
0.9478634338516929 5.561090026266977E-4 -3.8886176093821153E-4 -1.6144971217880023E-4 -0.003294208123222235 5.727946571898246E-4 -7.551075977099684E-4 3.439841020772775E-4 -1.1975019330411814E-4 6.227500170892681E-4 
0.5190683420765422 5.775769773480897E-4 -2.717291598480999E-4 -1.3845109076067197E-4 -0.003310454566580072 -1.6923714274932655E-4 2.700073996048736E-4 2.566666467159254E-4 -2.57033408216794E-4 6.927643756759324E-4 
0.5514078991851753 6.723191689966636E-4 -8.168197029142631E-5 -2.6534164003141355E-4 -0.003303214695768608 7.453536383651783E-4 3.992002147260656E-4 4.317842754491698E-4 0.0011303086309041549 7.039672647161738E-4 
0.3636369509598196 5.782861863868742E-4 -1.9412095776378028E-4 -1.4434068074407612E-4 -0.0033060582232187453 6.391419608615786E-4 -7.969153484911793E-4 2.7550295115283434E-4 -1.085851991803188E-4 8.892178110553148E-4 
0.17692857611224494 5.152281547135436E-4 -2.7542237007503664E-4 -3.735233687103145E-4 -0.003402608745553811 6.810571254163489E-4 2.707312362062818E-4 2.975985113772017E-4 -2.6990313750886757E-4 6.495927433639123E-4 
0.04340295353925011 5.118076571640993E-4 -5.576260474039351E-4 -2.9221802152883255E-4 -0.0033097383692248963 5.370950297773767E-4 -7.480180111539948E-4 2.847642405022481E-4 4.222369940743503E-4 7.24471582597719E-4 
0.5965012784431388 5.128424291791126E-4 -3.522327242717365E-4 -3.49221965352367E-4 5.867334738733387E-4 5.99759926980276E-4 -8.268742301119081E-4 2.6959193254164255E-4 -2.4136714771905634E-4 8.217685300691424E-4 
0.26056036731088916 8.033211712361631E-4 -2.111881290053841E-4 -2.716301723047964E-4 -0.003300087874248264 -2.4726124525782233E-4 3.3777591474126105E-4 2.674304667768868E-4 -7.28047930784154E-5 7.291539079605793E-4 
0.7208031642828788 5.315334359794849E-4 -2.7303944457070304E-4 -3.494215485600788E-4 -0.0033889333358800735 5.373557238592399E-4 2.4234605281115822E-4 2.4527327838431837E-4 6.807169211814371E-5 6.900333209822677E-4 
0.03699538120934792 5.180003806455914E-4 -2.7852251068588986E-4 -3.423648881595589E-4 -0.003332462062376549 5.220196986279663E-4 3.492915534354343E-4 2.67873103626483E-4 -1.0992442095990056E-4 7.236160299318331E-4 
0.16355611341123044 5.184969687889323E-4 -1.4955395760031474E-4 -2.7019610598223454E-4 -0.003394427023355255 6.497217824494501E-4 2.616064027188707E-4 2.681008878930524E-4 -7.226229237906242E-5 7.308221944800489E-4 
0.57224943551712 5.238054607944394E-4 -2.2039688171405776E-4 -2.700455142682443E-4 -0.003315974494338747 5.331691097044969E-4 3.829896508097101E-4 4.2999737129792475E-4 -5.0218881210521565E-5 6.814128165487937E-4 
0.7854103951100861 5.180973031826934E-4 -1.9740795638275823E-4 -3.4609137496347463E-4 -0.003311292412273452 -2.586275122792784E-4 3.477009521530098E-4 4.4809250126698455E-4 2.7493175311440186E-5 6.49066628638732E-4 
3.811962428230953E-5 5.184969687889323E-4 -1.5126776713186895E-4 -2.7019610598223454E-4 -0.003394427023355255 6.549797612783939E-4 -8.368841933881252E-4 2.6814624897322624E-4 -7.970939243113493E-5 7.017409318556694E-4 
0.28856603446888374 5.175673605070497E-4 -1.939467941586588E-4 -3.4303701525847496E-4 -0.003348879719338661 -2.24728869550641E-4 4.0114445570934383E-4 2.681797984212014E-4 -1.0179827095596612E-4 6.262272157364546E-4 
0.060397142808443605 5.592659323249082E-4 -2.0342931429667764E-4 -2.715804453755567E-4 -0.003312958167508058 -2.4087073613585E-4 1.912197442403523E-4 2.7375576130205827E-4 1.7348460594366716E-4 -8.828297403329602E-4 
0.1812717768753972 5.147217441791191E-4 -2.8575487853206094E-4 -3.735233687103145E-4 -0.003402608745553811 6.810571254163489E-4 2.532173708326236E-4 2.975985113772017E-4 -2.6844065193628496E-4 6.495927433639123E-4 
0.7955261074759704 5.18506264533442E-4 -5.514701849545003E-4 -3.430506553253271E-4 -0.00338562191417793 -7.845097826149189E-4 3.7471507597797453E-4 2.776881591357916E-4 -2.7853153245826774E-4 6.476812006356948E-4 
0.13014821572249496 5.561090026266977E-4 -3.8886176093821153E-4 -1.5933581622168535E-4 -0.003294208123222235 5.727946571898246E-4 -7.551075977099684E-4 3.439841020772775E-4 -1.0321734767787702E-4 6.227500170892681E-4 
0.23064231797494067 6.806351647882187E-4 -2.0944595220081846E-4 -3.739684296932192E-4 -0.0033061791035800528 -2.3106044819869403E-4 -0.0010452886610636581 2.6061185938127415E-4 6.590323190122202E-5 6.921060066379506E-4 
0.041656612291045836 7.025030529181696E-4 -1.8326025261182396E-4 -1.3010770638978753E-4 -0.00329857281941688 5.438504950445126E-4 -9.54709447091635E-4 4.5907775467179463E-4 -3.213180267035423E-4 8.62510857356015E-4 
0.36917472609311885 5.539319124570871E-4 -2.9658744439403325E-4 -3.4835808942161914E-4 -0.0033160846334990457 5.409430666967112E-4 2.116633834143639E-4 2.4327925529521924E-4 -3.0206148188007096E-4 6.203964588133793E-4 
