0.0 7.920122478837307E-4 1.681830229502931E-4 -0.0010508640271474664 7.647167959988775E-4 9.08742016672083E-4 -6.074060442302722E-4 -4.410295680471017E-4 0.001340256484686968 -5.59159680643176E-4 
0.9955475551962325 7.917579744656075E-4 1.7100025033773105E-4 -0.0012321547872731753 8.614599591841073E-4 8.79818995273747E-4 -2.2006188581420098E-5 -4.893218031085564E-4 8.822029566176868E-4 -1.497899770268571E-4 
0.9736681825349396 9.359177888759874E-4 1.3062472277784729E-4 -0.0012211185481791284 9.045865220658156E-4 8.79570015602599E-4 -4.757929200434602E-4 -4.356421376995036E-4 8.144895996734528E-4 -6.842255235901369E-4 
0.8483657126259663 8.016029559057295E-4 1.567369482333527E-4 -0.001234020702930831 9.00255429919575E-4 8.104267959087764E-4 -4.8130788651952813E-4 -4.430222133818162E-4 -5.097994300906302E-4 -7.062601084529164E-4 
0.5706252283592221 9.766400535696238E-4 1.707388147867797E-4 -7.711828680067083E-4 7.589012103633905E-4 8.570372008119185E-4 -6.186876077822786E-4 -4.4135126032794956E-4 6.723619556772776E-4 -1.1173803315652739E-4 
0.16548387021453714 8.085379310198454E-4 1.6678555787726936E-4 -0.0010597560097833788 7.755534247224479E-4 8.949742995433263E-4 -1.3278377807029318E-4 -4.400320380571952E-4 5.697138821184602E-4 -5.406026691375651E-4 
0.5356832821548483 9.273179653652037E-4 1.1476720854421452E-4 -0.0011036288239285215 8.435408470334893E-4 8.120741582472962E-4 1.5058887834221754E-5 -3.861036947444704E-4 8.886592547258749E-4 -5.499822109381968E-4 
0.6719264218851764 7.68835886163002E-4 6.319311601796599E-4 -0.0011472507492150867 0.0010713179295611655 0.0010820801962314213 -5.967367152833256E-5 -4.0385354139927396E-4 9.035705997472107E-4 2.997541219362437E-4 
0.5558775361057361 7.901555417665815E-4 3.230439119073634E-4 -0.0011401999894829196 7.606095272806679E-4 8.658645147706338E-4 -1.2801945176356018E-4 -0.001349245662972962 8.813445799411932E-4 -1.6399786504879674E-4 
0.8771499227454782 9.812329889831097E-4 1.3042061150385874E-4 -9.279074401545687E-4 0.0012132159483398243 8.450277016832876E-4 -0.0017585769109433177 -0.001295001113590364 8.799853157959892E-4 3.583062392554989E-4 
0.3973037836218321 0.0010934414028919597 1.2887422234004428E-4 -0.0012211185481791284 9.012702147279263E-4 0.0011759494227613716 -4.914377413465342E-4 -4.356617574479843E-4 8.170608967355725E-4 -3.648068203354363E-5 
0.5960389190606142 7.846656064612805E-4 6.239282138010405E-4 -0.0012394318497039407 8.646543086178613E-4 8.121063425947339E-4 8.758902575202786E-4 -5.115165181512531E-4 8.844390199704339E-4 -5.977376574259956E-4 
0.6216945580165115 9.190158090606824E-4 7.577555698516844E-4 -0.0011312243069369764 7.565145241172492E-4 0.00103987825273425 -0.002163961198355449 -5.017961396771641E-4 0.0013200652794671836 3.5063360294974047E-4 
0.46703760999498883 0.0010581649821469067 1.582499885129767E-4 -0.0010591673149490486 9.095668928184553E-4 8.979987603160834E-4 7.786785129094896E-4 -4.400320380571952E-4 7.89776813995257E-4 -6.206984693945499E-4 
0.06017449830928512 7.920129688109256E-4 1.6755707919713784E-4 -0.0010508640271474664 8.797425568411535E-4 9.08742016672083E-4 -6.074060442302722E-4 -4.4093195219187346E-4 0.001340256484686968 -5.841752268400313E-4 
0.6857811096313765 9.273000854867841E-4 1.555925573579032E-4 -0.0011070530753101474 8.996953695967495E-4 0.0010386835630542663 6.718123955801418E-4 -5.549539790633963E-4 8.73296316153935E-4 -5.499739337892203E-4 
0.776589425947225 0.001018645097827471 1.5833958420034708E-4 -0.0010708512246846858 7.54614204791236E-4 8.570372008119185E-4 8.876246605314412E-4 -4.477746382506484E-4 6.729649879689097E-4 -1.5305315687599337E-4 
0.4232738878935582 0.001015621573246485 1.3335703530693746E-4 -0.0012659355258211311 9.040611750989905E-4 7.584817440092771E-4 -2.02978561977636E-4 -5.45419197162617E-4 7.596904423272663E-4 -1.4247661533931994E-4 
0.6484505617775445 9.341192364787773E-4 1.304629708931742E-4 -0.0012293658014156605 8.750744119287364E-4 8.459666170890354E-4 -1.3723382517708324E-4 -4.39685651111944E-4 9.27190242786285E-4 -5.650357333649538E-4 
0.41046422493241885 9.453954446200332E-4 1.5924636188731155E-4 -0.0011475777236226255 8.428358393687372E-4 8.985361962467945E-4 -3.795589189958032E-4 -5.466754162699515E-4 8.858922924002562E-4 -1.2124783581493473E-4 
0.5198290183017203 9.273179653652037E-4 1.1476720854421452E-4 -0.0011036288239285215 8.41783881688403E-4 7.619726663934122E-4 -2.1170288038953734E-4 -3.861036947444704E-4 8.886592547258749E-4 -5.499822109381968E-4 
0.0662311756187669 9.376367170261162E-4 1.2843262357744008E-4 -0.00125393511609065 9.048831136845616E-4 7.487950459230996E-4 9.941399009288474E-4 -4.189290333950097E-4 8.607564919744346E-4 -5.818547127317343E-4 
0.14841335559768462 9.369375308277145E-4 1.581067841031836E-4 -0.0010076975486886096 8.346187720969307E-4 0.001028696565397216 8.228080644942834E-4 -3.9240610308658526E-4 8.838176720849084E-4 -5.295137886245642E-4 
0.9478343332256696 9.367335445996992E-4 1.2843262357744008E-4 -0.00125393511609065 9.048831136845616E-4 7.487950459230996E-4 9.941399009288474E-4 -4.189816369410033E-4 8.790632598783041E-4 -5.300962541859584E-4 
0.8145810229169953 9.864318707422499E-4 6.263406216731831E-4 -9.309659846943345E-4 0.0010589901972103033 8.788732687576195E-4 -1.7119830651459475E-4 -0.0013406065680391943 8.854446625294611E-4 -5.99271226635676E-4 
0.12053063799219538 8.02501432641463E-4 1.2976070094619413E-4 -0.0012341485331519447 8.382743558021926E-4 0.0011741168742327882 -1.4086436437892112E-4 -4.6720639642607053E-4 8.732497130539403E-4 3.4213023770366654E-4 
0.28134476651381435 9.370533733702065E-4 1.5164524415612135E-4 -0.0012277546421616775 7.77134956585857E-4 0.0011451219876988709 -0.0021705238250275317 -5.01934394526921E-4 8.850021370681801E-4 -5.663556827050505E-4 
0.020571194422236427 9.190241711395482E-4 1.3098875831947036E-4 -0.0010873104499323745 7.5485719101678E-4 9.040040709216026E-4 -7.682672376986667E-4 -4.606248524060486E-4 5.694138716712727E-4 3.4108592930750647E-4 
5.93060256878275E-4 7.920122478837307E-4 1.843241784785067E-4 -0.0011610636112637425 7.69296684915072E-4 9.060965509254061E-4 -2.1195110053659415E-4 -5.52372349809109E-4 9.358717302217973E-4 -5.772629264708781E-4 
0.18112716335362983 9.812329889831097E-4 1.3042061150385874E-4 -0.0010596486480972075 0.0012163075357270528 8.453541458403282E-4 -0.0017585769109433177 -4.1092237991868324E-4 8.799853157959892E-4 3.583062392554989E-4 
0.7643642290941699 7.969759494115333E-4 1.2796427394973594E-4 -0.00110692178470904 0.0015605484166854042 8.804975638254173E-4 8.278406865736383E-4 -4.593633244977834E-4 7.766747662583905E-4 3.050637469739573E-4 
0.07564225994112247 0.001096323417186383 3.1683914014066054E-4 -0.0010239569532714903 7.797239706584811E-4 8.77935609945416E-4 -7.054345703969021E-4 -4.6390452583228446E-4 6.99431450448614E-4 -1.5125570736343696E-4 
0.24674254792471073 8.031006986208216E-4 3.125806003407775E-4 -0.0011839442687179684 0.0010713179295611655 0.0010972028357365154 -1.0335219287927381E-4 -0.0013499954013853116 8.851006829198791E-4 -3.2897265663279747E-4 
0.26825792669419013 9.375465341406528E-4 1.5154156488591925E-4 -0.0012294079370988279 7.564945426070552E-4 8.969214484713323E-4 -1.7937988221101707E-4 -5.648016722220122E-4 8.845251836205186E-4 -5.630062188791089E-4 
0.3205360220437399 0.001010279300590049 7.124132161138428E-4 -0.0010250890608649546 7.646748419184122E-4 7.598297273023736E-4 -2.935629126405929E-4 -5.539484448030692E-4 9.208575033210001E-4 -5.721466291416086E-4 
0.927857116684728 9.364427311797392E-4 3.2544302073851867E-4 -0.0010249284499782758 8.956413318901172E-4 7.593599924973027E-4 -7.162306852004916E-4 -4.17280672354664E-4 7.759821371888871E-4 -6.152878688471549E-4 
0.6025834367961551 7.846656064612805E-4 1.7203334318124588E-4 -0.0012394318497039407 8.646543086178613E-4 0.0011659050229465258 8.758902575202786E-4 -5.115165181512531E-4 8.647053803761139E-4 -5.951095671813872E-4 
0.7505801606892333 7.766132898969521E-4 1.3205378778980028E-4 -0.0011521629386741878 7.33287319681353E-4 8.658645147706338E-4 -1.4307143767073926E-4 -3.0230377343730164E-4 8.807394182698028E-4 -1.5114562990824212E-4 
0.3814277494178598 7.523771754263268E-4 1.57955910617185E-4 -0.0011475846107203364 8.613719074898529E-4 7.556567753084665E-4 -5.006006348186114E-4 -5.466754162699515E-4 8.854189745708445E-4 -1.2128042763496644E-4 
0.03579404836577893 9.865705373354873E-4 1.3713969123753676E-4 -0.0010869067233822969 8.861857882415838E-4 9.093782524523262E-4 -6.189484830070888E-4 -4.4693580447817833E-4 5.551946043751041E-4 -6.028625717895313E-4 
0.21015570471258854 7.866841787069944E-4 6.481251404909811E-4 -0.0011653816423863215 7.56528993207377E-4 8.117291590972561E-4 -3.5491769687428875E-4 -4.8498012060708436E-4 8.692522356189387E-4 -5.706946817899656E-4 
0.016934142611600422 9.81435870912338E-4 1.4830175236036234E-4 -9.296893441413966E-4 7.581176542724809E-4 8.885749064563604E-4 -0.0017101741458341363 -0.001288932401443083 8.601172612095627E-4 3.703433032214137E-4 
0.02633126920720081 7.705201813159627E-4 3.230439119073634E-4 -0.0011412240303260936 7.353472388297595E-4 8.658645147706338E-4 -1.2557431605019978E-4 -0.001349245662972962 8.813445799411932E-4 -1.6399786504879674E-4 
0.09873894689048707 7.951677921853824E-4 1.3125553113126868E-4 -0.0012329085548186335 0.0011935916481916873 8.101352565893962E-4 -1.4086436437892112E-4 -4.6463821120098944E-4 8.732497130539403E-4 3.4213023770366654E-4 
0.9085438134463697 0.0010202476179249048 1.5961934152990348E-4 -0.001309853370322535 9.05146242210772E-4 7.555739962370867E-4 0.0010225495293971184 -4.34830596196218E-4 8.239352155191716E-4 -5.812123584572357E-4 
0.8301217337677642 9.811931336340804E-4 1.6126068634403416E-4 -0.0012318094177066572 8.428285992766784E-4 0.0010363033444370222 -2.1584193999026822E-4 -3.1781724744216547E-4 8.647484854833264E-4 -5.54517392915945E-4 
0.1955837065059983 8.0731878047306E-4 1.716932819896731E-4 -0.0011513580424208022 7.032982029419395E-4 8.775530492668239E-4 -3.6460659156058574E-4 -0.001183640607613813 -8.372579640157864E-4 -1.1557290423939179E-4 
0.49889052160851965 8.072822744574254E-4 1.912747601242695E-4 -0.0011510415964242847 0.001058837575846468 8.94138889519923E-4 4.5409008758499545E-4 -4.403077891645332E-4 7.885736284479236E-4 -8.697555755541968E-5 
0.0059180884411561 9.231095221065636E-4 1.3118488955497965E-4 -0.0011070975491930717 8.82117274263914E-4 7.601122529996034E-4 -0.0022418195858826748 -4.5708276021595576E-4 8.572490653680478E-4 -1.522461818672084E-4 
0.6333166056624002 0.0010183866551944738 2.643434276884683E-4 -9.930701039140312E-4 8.612094144474532E-4 0.001043598842966365 9.187707219152105E-4 -4.481587745559404E-4 6.846386225779866E-4 -1.536471627358757E-4 
0.230909945688172 7.866841787069944E-4 1.581965048591972E-4 -0.0011676968563615732 7.56528993207377E-4 8.800428238632754E-4 8.228080644942834E-4 -4.8498012060708436E-4 7.772220589675608E-4 -5.706946817899656E-4 
0.13623809039062856 9.469020353300137E-4 1.6193339214630952E-4 -0.0011468389036256993 8.61613662381429E-4 7.607207799165863E-4 -4.628611902590048E-4 -4.53768118670585E-4 8.769970031850438E-4 -1.5145259811850823E-4 
0.05053560774643918 9.209225895148434E-4 7.109650028083508E-4 -0.0012854599257661522 8.363628979005449E-4 8.107105253530249E-4 -2.275315801564667E-4 -0.0012170241697526851 7.762465945287989E-4 -6.227037612843116E-4 
0.08033317626038516 0.0010874473609883942 1.585164804369799E-4 -0.0011637890957696515 7.804788494869673E-4 9.127581014395178E-4 7.806546892247307E-4 -4.5375765862715645E-4 8.680483791163572E-4 2.852447677974802E-4 
0.2598145340850886 0.00108981509883071 6.979794202464934E-4 -0.001163004486612401 8.363628979005449E-4 8.680018633822883E-4 -2.0967564725222403E-4 -0.0012013891639702245 8.835028543924887E-4 -5.226190535485556E-4 
0.10932731284572433 9.452133526846239E-4 1.307662499320363E-4 -0.0011480889955930156 0.001195467626485243 8.961989171475639E-4 -7.016829340823368E-4 -4.620199919571585E-4 7.792082813266111E-4 3.4213023770366654E-4 
0.0027567376077753947 0.0010915849198334486 6.984529793599631E-4 -0.0011412701968711823 8.442624570469768E-4 8.076464733114723E-4 -2.0737487948385263E-4 -4.0211466423058754E-4 8.95928749669066E-4 -5.604529671008383E-4 
0.0881738285899194 9.335636767947425E-4 1.2562839379536478E-4 -7.792995118844555E-4 8.024502760972211E-4 8.022594215007907E-4 -5.944624950972514E-4 -4.458374452181341E-4 9.353389105918692E-4 -5.834897417186224E-4 
0.17566986966956832 9.375379796526157E-4 1.5862375651460786E-4 -7.761991437734124E-4 7.557371525760728E-4 8.954553684103031E-4 -1.7961124198723435E-4 -4.8043622626775393E-4 8.83987766132978E-4 -1.1258423382866248E-4 
0.3499928056176648 8.086491638784044E-4 1.3752348729980036E-4 -0.001221728399625904 9.099282553954799E-4 8.958749404219525E-4 -4.870761778640847E-4 -4.360443718504774E-4 8.760568244981251E-4 -8.350088484347919E-5 
0.702225435597081 7.421631534984261E-4 6.332495822514701E-4 -0.0011472507492150867 7.614499631833662E-4 7.434150675353679E-4 -3.059536531468802E-4 -5.386588308034062E-4 9.183657506438527E-4 2.997541219362437E-4 
0.3602382644301817 9.374066957794258E-4 1.5698929247691352E-4 -0.0010993084106440208 7.656486996821711E-4 7.480723576851562E-4 8.490957538674294E-4 -0.0014082311771490832 7.82776995636446E-4 -5.833028028633551E-4 
0.19744180391182342 9.363214661609236E-4 1.58623790437591E-4 -7.784188466372898E-4 8.021916000246254E-4 8.948435134714659E-4 3.669545588273705E-5 -4.8039884278241253E-4 0.0013655037050095934 -1.1247444220288944E-4 
0.328197856222462 9.33570005231353E-4 1.2281593533451955E-4 -7.784673186842302E-4 8.021916000246254E-4 8.948435412637633E-4 3.775255739806065E-5 -4.73491659747841E-4 9.46305022535883E-4 -1.0665720118222005E-4 
0.721497822311225 7.966055981728242E-4 1.5819387637467148E-4 -0.0011468778707124248 0.001176068305164749 8.756850504830516E-4 -1.2723743780733616E-4 -4.84361608168721E-4 8.10087166926126E-4 -5.713212555596346E-4 
0.7955285955594822 7.954242655641504E-4 1.260422029231114E-4 -0.0011037350728984939 0.0015605484166854042 8.966643478393148E-4 -3.498850747949339E-4 -4.560011478142538E-4 8.681203777436429E-4 3.3690432940085095E-4 
0.2908604173363748 7.741395580730626E-4 1.4008045352125137E-4 -0.0011014993250256964 0.0010713179295611655 8.103644495337163E-4 -1.3443320256616511E-4 -4.0380839461411414E-4 9.030390027974297E-4 -6.128636377853001E-4 
0.9184343789200256 7.922038136884784E-4 1.316272958804374E-4 -0.0012305837929374153 0.001201943158234266 8.948415963702963E-4 -0.0017365029880839348 -0.001293269254809948 8.733556569845386E-4 3.940838131311987E-4 
0.9431949648383234 0.0010232154499221057 1.358071292764183E-4 -9.912579720869799E-4 8.612094144474532E-4 0.001043598842966365 -3.313961471219091E-4 -4.481587745559404E-4 6.846386225779866E-4 -1.536471627358757E-4 
0.0020493577918630768 9.164785813511402E-4 1.31077892994858E-4 -0.0012370085241756573 9.002022586224164E-4 8.941411520702283E-4 7.538277371006981E-4 -4.502507953464589E-4 9.095147084499175E-4 3.764716984373823E-4 
0.4370291613982757 9.451437349791003E-4 1.308128466015037E-4 -0.0010239569532714903 9.040170997305461E-4 7.59506072583985E-4 -1.8835230242268631E-4 -4.637094019877755E-4 6.912087637723704E-4 -1.5125570736343696E-4 
0.7948632167124956 0.0010149372412775956 1.260422029231114E-4 -0.0011037350728984939 0.0015605484166854042 8.968249457706601E-4 -2.1560718581786504E-4 -4.560011478142538E-4 6.98132455952196E-4 3.3690432940085095E-4 
0.007126632919984499 7.741395580730626E-4 3.125806003407775E-4 -7.7860531449618E-4 0.0010713179295611655 0.0010972028357365154 -1.0335219287927381E-4 -4.022891210132426E-4 8.851006829198791E-4 -1.1999617268972922E-4 
0.3670278460510851 9.461643941771189E-4 1.6481697601096804E-4 -9.220269973648663E-4 8.466463530596891E-4 8.982513592554447E-4 9.281856575361209E-4 -5.349727728956259E-4 8.776131526608735E-4 -1.1236645163612386E-4 
0.04318112167183524 0.0010915849198334486 6.984529793599631E-4 -0.0011717384291854158 9.053046243309238E-4 8.163147208881565E-4 8.714179146612623E-4 -4.0211466423058754E-4 8.897656167548459E-4 -5.597449298093459E-4 
0.4516041262422756 7.693850757595092E-4 1.2887422234004428E-4 -0.0012211185481791284 8.934403074238788E-4 8.983276598373841E-4 8.288130225314516E-4 -4.346789529168847E-4 8.144969152344237E-4 -3.648068203354363E-5 
0.012634938501400364 7.732275458987935E-4 1.7077526501972396E-4 -7.705728634458699E-4 7.589602446129803E-4 8.656805482925295E-4 -6.65247392296476E-4 -3.967731067336247E-4 8.717195201730506E-4 -1.1179849864609692E-4 
0.1460978930079953 7.799383904493146E-4 1.581544239797846E-4 -0.0011676905923977833 7.520098583328452E-4 8.153437055709653E-4 8.228080644942834E-4 -0.0014006784507827952 8.670752666936171E-4 -5.352561429395752E-4 
0.48583790273173433 7.693850757595092E-4 1.6073310410925746E-4 -0.0012211185481791284 8.938472974562562E-4 8.807522838845054E-4 8.288130225314516E-4 -4.215876030722744E-4 8.15075441660572E-4 -3.648068203354363E-5 
0.4803485919255112 9.363214661609236E-4 1.58623790437591E-4 -7.691328919493154E-4 8.021597515976624E-4 8.150707088376389E-4 5.5903686678049976E-5 -4.8039884278241253E-4 0.0013688851259587261 -1.6248712227642776E-4 
0.30770879978480836 8.026003425688593E-4 1.7086512878934534E-4 -0.001229548506484955 8.421404883186272E-4 0.0011776943871886112 7.883196259398073E-4 -4.2384042259344985E-4 8.722964988937916E-4 -5.63898230051232E-4 
0.09232410596737856 9.341102358942597E-4 1.3125553113126868E-4 -0.0012329085548186335 0.001195467626485243 8.093403846430323E-4 -7.016829340823368E-4 -4.6463821120098944E-4 7.792082813266111E-4 3.4213023770366654E-4 
0.7017701993231995 9.342354899220282E-4 1.304629708931742E-4 -0.0012322980292159464 8.922945904902695E-4 8.449052757038096E-4 -1.3723382517708324E-4 -5.131488590001413E-4 8.682821139711144E-4 -6.257342239292239E-4 
0.10783941878488812 0.0010202476179249048 1.597526917655558E-4 -0.001309853370322535 8.983309197432257E-4 7.555739962370867E-4 -0.0018432597322597742 -4.3404049288215074E-4 8.239352155191716E-4 -5.812123584572357E-4 
0.3757218091278612 9.370533733702065E-4 1.5164524415612135E-4 -0.0012331084839037787 7.798309079834717E-4 0.0011451219876988709 9.314363368761907E-4 -5.321894731400404E-4 8.820299842658042E-4 -5.663556827050505E-4 
0.3368930836950691 9.342923278296691E-4 1.5973564308654394E-4 -0.0012323972828482434 8.428358393687372E-4 8.116776637422629E-4 -3.795589189958032E-4 -5.492936355137824E-4 8.858922924002562E-4 -1.2124783581493473E-4 
0.25133236694949523 8.021886864465527E-4 1.7077526501972396E-4 -0.0011759118176676584 7.589602446129803E-4 8.656805482925295E-4 -6.65247392296476E-4 -0.0013444793871056936 8.717195201730506E-4 -3.2077498258916516E-4 
0.892361291063382 7.839606402863001E-4 1.2886521522838205E-4 -0.0012211185481791284 9.045865220658156E-4 8.79570015602599E-4 -4.757929200434602E-4 -4.046645604370974E-4 8.144895996734528E-4 2.704984431766774E-4 
0.29531773843231945 7.743138588116072E-4 1.699390939556299E-4 -0.0011067975411432796 0.0010755697156920483 8.092677403164512E-4 -1.2919500592596471E-4 -4.932681502149807E-4 9.030390027974297E-4 -1.4965770726802375E-4 
0.22075850458686036 9.464541511790519E-4 1.2986666895747036E-4 -0.0012123433764636917 9.02761646189958E-4 8.122167110662438E-4 6.447782951891375E-4 -4.662367438565515E-4 5.948968050582872E-4 -1.3306069191746837E-4 
2.9145798519807087E-5 7.920403084141394E-4 1.3125553113126868E-4 -0.0010571602772355552 0.0011926262903241016 8.101352565893962E-4 -0.0016741861956639846 -4.641977115256656E-4 8.350802482104084E-4 3.4213023770366654E-4 
0.040724415075771195 8.048649713331313E-4 1.716932819896731E-4 -0.0011518834120620915 7.032982029419395E-4 0.0011687935008459819 -3.673037133890615E-4 -0.001183640607613813 -8.372579640157864E-4 -1.1557290423939179E-4 
0.8248742776334723 9.811931336340804E-4 1.6126068634403416E-4 -0.0012318094177066572 8.940932994368233E-4 0.0010397201977462233 -3.637984521342284E-4 -0.0013684795310232962 8.649776615116001E-4 -1.2087089277394635E-4 
0.6423128013786051 9.341192364787773E-4 1.307024092964631E-4 -0.001097129363673805 8.750744119287364E-4 8.443774321532029E-4 -1.3723382517708324E-4 -4.39685651111944E-4 7.819884735350978E-4 -5.650357333649538E-4 
0.009836405457025132 7.705201813159627E-4 3.230439119073634E-4 -0.0011412240303260936 7.345291606632036E-4 8.658645147706338E-4 -1.2567952747633124E-4 -0.001349245662972962 8.813445799411932E-4 -1.6399786504879674E-4 
0.34408264528858296 9.22534153192033E-4 1.3068577543794274E-4 -0.0011147347545399555 7.793737443511238E-4 0.0011451219876988709 -0.0021655722905474365 -5.034508271426961E-4 8.760583694633171E-4 -5.663556827050505E-4 
0.04945659511987932 0.0010944925926776976 1.6126068634403416E-4 -0.0012347212479406151 8.900112480894826E-4 0.0011404164198381898 -3.638805821211758E-4 -0.0013684795310232962 8.619096368246914E-4 -1.507299410467059E-4 
0.7358902014421795 7.985289609356032E-4 1.3011626446261996E-4 -0.0012322980292159464 8.922945904902695E-4 8.449052757038096E-4 -5.485274727389525E-5 -4.5531652400701165E-4 8.686411431197461E-4 -6.209766541180777E-4 
0.7390850814082268 7.985289609356032E-4 1.3011626446261996E-4 -0.0012322980292159464 8.922945904902695E-4 0.0010328089345157272 -5.0951732356502814E-5 -4.5531652400701165E-4 8.686809788047817E-4 -6.209766541180777E-4 
0.1269254765626998 9.364025243156192E-4 1.6131187129710258E-4 -0.0010079186616436973 8.352953287903393E-4 8.425146782308057E-4 -2.1460719628480995E-4 -4.208723892288217E-4 8.839479304479422E-4 -1.1159891163816185E-4 
